Product: Historical Climate - TerraClimate(http://www.climatologylab.org/terraclimate.html) 
Location (Lat/Lon of 4-km Grid Cell Center): 18.6875 North,78.1042 East 
Data Source: NW Climate Toolbox(https://climatetoolbox.org/tool/point-data-download)
Download Date: 07/24/2020
Variable List: 
ppt: ppt (Precipitation)
tmax: tmax (Maximum Temperature)
tmin: tmin (Minimum Temperature)
aet: aet (Actual Evapotranspiration)
PDSI: pdsi (Palmer Drought Severity Index (PDSI))
********************************************************
Year,Month,ppt(mm),tmax(degC),tmin(degC),aet(mm),PDSI(unitless)
1958,1,0,30.9,15.9,18,-0.1
1958,2,5,32.7,18.1,14,0
1958,3,6,37,20.8,12,-0.2
1958,4,39,39.5,25.3,41,0.9
1958,5,14,41.9,28.4,16,0.7
1958,6,75,38.2,27.7,74,-1.5
1958,7,571,29.5,22.7,140,2.1
1958,8,403,30.1,23.3,126,3.3
1958,9,102,29.7,22.5,118,2
1958,10,44,31,20.8,90,1.6
1958,11,15,30.7,17.1,59,1.4
1958,12,0,29.2,14.5,35,1.2
1959,1,1,30.1,16.7,18,0.6
1959,2,0,33,18.5,10,-1.4
1959,3,0,37.2,21.1,7,-1.7
1959,4,15,39.3,24.9,19,-1.4
1959,5,11,42.1,28.5,14,-1.6
1959,6,225,36,25.3,181,1.3
1959,7,442,29.7,22.1,138,2.4
1959,8,370,29.3,22.7,126,3.3
1959,9,273,29.8,22.3,128,3.4
1959,10,58,30.7,21.4,97,3.2
1959,11,8,29.9,16.3,60,3
1959,12,0,29.7,14.2,41,2.8
1960,1,0,30.2,15.6,24,2.3
1960,2,0,33.9,16.5,12,1.9
1960,3,48,35.1,20.6,53,2.9
1960,4,4,39.3,24.1,9,2.3
1960,5,26,41.5,27.5,28,2.3
1960,6,189,35.6,25.1,182,2.7
1960,7,230,30.4,23.2,128,1.7
1960,8,93,30.1,23.1,109,-1.9
1960,9,249,30.5,22.7,114,-2
1960,10,46,31,20.3,91,-1.8
1960,11,17,29.9,15.5,60,-1.3
1960,12,4,30.2,15.1,44,-0.9
1961,1,0,31,16,26,-0.9
1961,2,1,31.6,16.4,13,-0.9
1961,3,7,37.6,21.9,15,-1
1961,4,19,39.9,25,23,-0.7
1961,5,34,41.1,27.2,36,0.6
1961,6,131,35.6,24.4,127,-0.1
1961,7,424,29.4,22.5,123,1.4
1961,8,227,30.1,22.9,132,1.1
1961,9,159,29.5,21.8,124,-0.5
1961,10,141,30,19.8,111,1.9
1961,11,3,29.5,15.8,58,2.1
1961,12,0,28.8,13.1,50,2.5
1962,1,0,29.6,12.9,43,3
1962,2,14,33.1,16.1,31,3.3
1962,3,10,36,20.1,20,3
1962,4,56,38.2,23.9,60,4.3
1962,5,24,41.3,26.7,28,4.2
1962,6,82,36.2,25.6,81,2.6
1962,7,303,30.1,22.7,141,2
1962,8,318,30.1,22.9,125,2.3
1962,9,418,30,21.7,121,3.8
1962,10,45,31.8,19,96,3.4
1962,11,33,29.8,15.5,61,3.7
1962,12,43,28.2,14.5,61,4.9
1963,1,0,29.5,13.8,44,5.3
1963,2,2,33.1,16.1,20,4.9
1963,3,13,36.3,20.1,22,4.5
1963,4,29,37.7,22.8,34,4.6
1963,5,18,41.4,27,22,4.1
1963,6,225,35.7,24.2,200,4.8
1963,7,252,30.7,22.8,141,3.8
1963,8,478,29.7,22.3,127,5.2
1963,9,155,30.7,22.1,132,4
1963,10,96,31.2,20.6,114,4.5
1963,11,0,30.3,16.9,61,4.2
1963,12,0,29.7,14.1,46,4
1964,1,1,30.5,15.2,27,3.4
1964,2,0,33.8,17.1,13,2.8
1964,3,6,37.8,21.2,14,2.2
1964,4,5,40.1,25.3,10,1.6
1964,5,3,41.8,27.9,7,0.8
1964,6,106,36.5,24.9,104,-2.1
1964,7,294,30.7,22.4,130,-2.1
1964,8,219,29.6,22,130,-2.3
1964,9,362,30,21.8,112,-0.7
1964,10,24,31.3,20.6,84,-1.1
1964,11,5,29.3,15,60,-1.3
1964,12,0,29.3,12.6,35,-1.6
1965,1,3,30.4,15.4,19,-1.8
1965,2,0,32.7,17,9,-1.9
1965,3,1,36.1,20.1,7,-2.2
1965,4,8,38.5,23.5,12,-2.2
1965,5,6,42.1,27.6,9,-2.5
1965,6,167,36.7,25.2,161,-2.2
1965,7,596,30,22.7,145,2.2
1965,8,175,30.7,23,129,1.4
1965,9,288,30.5,22.1,134,1.8
1965,10,2,32.9,20.1,88,0.6
1965,11,0,31.5,15.7,52,-1.8
1965,12,2,30.2,14.7,24,-2.5
1966,1,24,30.4,15.2,34,-2
1966,2,8,34,17.7,15,-1.9
1966,3,7,36.9,20.5,11,-2
1966,4,12,39.5,24.7,15,-2
1966,5,7,41.4,27.3,9,-2.4
1966,6,58,36.9,26.2,58,-3.6
1966,7,337,31.6,24.1,134,-3.2
1966,8,198,30.6,23.3,126,-3.3
1966,9,348,30.8,21.8,129,-1.9
1966,10,25,32.6,20.3,96,-2.2
1966,11,19,30.7,17.8,70,-2.1
1966,12,39,28.9,14,62,-1.4
1967,1,2,30.5,15,18,-1.5
1967,2,1,34,16.9,11,-1.6
1967,3,50,35.1,20.7,54,1.4
1967,4,4,39.3,24,8,0.9
1967,5,3,42.2,27.7,7,-0.5
1967,6,162,36.6,25.7,156,0.2
1967,7,454,30.2,23.2,126,1.5
1967,8,193,29.7,22.9,132,0.9
1967,9,157,30,22.2,123,-0.6
1967,10,8,31.7,19.9,80,-1.6
1967,11,3,30.8,15.4,50,-1.9
1967,12,19,29.1,16.8,44,-1.4
1968,1,16,28.8,14.7,34,-0.9
1968,2,12,32,17.5,22,0.3
1968,3,34,35.7,19.4,39,1.6
1968,4,12,38.3,23,16,1.4
1968,5,5,41.3,27,8,0.8
1968,6,115,36.9,25.6,112,-0.6
1968,7,264,30.7,22.9,136,-1.4
1968,8,43,29.7,23,80,-2.8
1968,9,310,31,22.2,110,-2.2
1968,10,23,31.7,18.5,85,-2.4
1968,11,21,30.3,15,57,-1.9
1968,12,1,29.8,14.1,38,-1.7
1969,1,4,30.7,16.1,26,-1.5
1969,2,0,33.9,19.3,12,-1.5
1969,3,1,38.2,22.9,9,-1.7
1969,4,12,40.6,25.4,17,-1.6
1969,5,24,41.4,27.6,26,-1.2
1969,6,117,37.2,25.9,114,-1.4
1969,7,347,30.4,22.5,143,-1.2
1969,8,147,30.4,22.6,121,-1.9
1969,9,341,29.2,22.1,116,-0.6
1969,10,18,31.2,20.7,84,-1.1
1969,11,44,30.8,17.5,68,1.2
1969,12,3,28.5,13.4,39,1.3
1970,1,5,30.6,15.4,32,1.5
1970,2,0,33.4,18.9,13,1.2
1970,3,2,36.7,21.5,10,0.8
1970,4,12,39.3,25.5,17,0.7
1970,5,27,41.9,28.3,30,1
1970,6,247,34.2,23.6,160,2.8
1970,7,202,30.5,23.1,134,2
1970,8,482,29.6,22.6,119,3.8
1970,9,265,29.9,22.3,117,3.8
1970,10,13,31.2,20.2,83,2.8
1970,11,0,29.7,13.9,47,2
1970,12,0,29.1,10.8,28,1.6
1971,1,3,29.9,15.3,21,1.3
1971,2,2,32.6,18,12,1.1
1971,3,6,35.5,20.2,12,0.8
1971,4,8,39.5,25.6,12,-1.3
1971,5,34,40.4,26.9,35,-0.6
1971,6,138,34.5,23.9,134,-0.7
1971,7,86,31.1,23.8,84,-2.5
1971,8,204,30.2,23.1,120,-3
1971,9,142,30.9,23,125,-3.6
1971,10,81,30.4,19.9,92,-3
1971,11,0,28.1,14.8,30,-3.6
1971,12,0,28.1,12.9,14,-4
1972,1,0,30.4,13.4,8,-3.9
1972,2,1,31.3,17.5,6,-3.8
1972,3,0,37.4,21.5,4,-3.9
1972,4,18,39.4,24.5,20,-3.3
1972,5,11,42.1,27.7,13,-3.3
1972,6,152,38,27,146,-2.9
1972,7,143,31.1,23.6,136,-4
1972,8,124,30.7,23.4,119,-4.8
1972,9,78,31.5,22.4,76,-5.8
1972,10,17,31.7,21.2,17,-7.3
1972,11,38,29.9,16.6,37,-7.2
1972,12,1,32.1,16.9,2,-7.9
1973,1,0,32.1,17.5,1,-8
1973,2,0,34.6,20,1,-7.8
1973,3,0,38.1,22.8,1,-7.7
1973,4,10,41.2,27,10,-7.2
1973,5,2,42.7,29.8,2,-7.2
1973,6,114,36.6,26.1,109,-7.2
1973,7,265,30.1,22.5,142,-7.1
1973,8,463,30,22.5,122,-4.8
1973,9,108,29.6,22.9,119,-5.3
1973,10,197,30.4,19.9,118,-1.8
1973,11,5,28.5,15.2,66,-1.2
1973,12,0,29,13.9,60,3.7
1974,1,0,30.1,13.9,32,3.4
1974,2,0,33.1,17.5,15,2.9
1974,3,0,37.6,21.5,9,2.1
1974,4,20,39.8,25.5,24,2.1
1974,5,27,40.8,26.9,30,2.1
1974,6,145,35.9,25.2,141,1.7
1974,7,155,31.1,24.1,143,-1.5
1974,8,198,30.2,22.7,124,-2.2
1974,9,175,31.6,22.8,130,-2.6
1974,10,125,30.1,21.3,119,-1.2
1974,11,4,29.4,14,51,-1.2
1974,12,0,28.2,13,26,-1.1
1975,1,17,29.2,13.6,29,-0.7
1975,2,17,32.6,17.3,24,1.4
1975,3,48,36.3,20.8,51,2.4
1975,4,5,39.9,25.4,9,1.8
1975,5,18,42.1,28.3,20,1.6
1975,6,108,35.3,24.8,105,0.8
1975,7,349,30.1,22.7,139,0.8
1975,8,231,29.9,23,133,-0.1
1975,9,483,29.7,21.7,121,2.4
1975,10,110,30.4,21.8,110,3.4
1975,11,7,28.1,14.4,67,3.5
1975,12,0,28.6,11.1,45,3.7
1976,1,0,29.2,13.7,39,3.9
1976,2,0,32.7,17,16,3.5
1976,3,1,37.6,20.4,10,2.8
1976,4,22,38.7,24.6,27,2.8
1976,5,11,41.3,27.7,15,2.3
1976,6,76,35.6,25.1,75,0.9
1976,7,479,30.2,22.6,130,2.1
1976,8,281,30,22.6,125,2.3
1976,9,119,30.1,22,109,1.3
1976,10,5,32.5,20.7,72,-1.5
1976,11,18,30.9,18.8,62,-1.3
1976,12,0,29.8,15.5,35,-1.4
1977,1,0,29.5,15.3,17,-1.5
1977,2,1,32.9,18.4,11,-1.6
1977,3,12,37.8,22.4,17,-1.5
1977,4,12,38.4,25.5,16,-1.4
1977,5,33,40.3,27.3,34,-0.9
1977,6,105,36.5,25.6,103,-1.5
1977,7,289,30.6,23.4,132,-1.6
1977,8,234,29.7,23,123,-1.8
1977,9,101,30.1,22.6,120,-2.6
1977,10,39,32,20.2,97,-2.7
1977,11,55,30.1,19.5,74,-1.6
1977,12,1,28.6,14.2,37,-1.4
1978,1,16,29.3,15.3,35,-0.8
1978,2,22,31.4,18,32,1.7
1978,3,5,35.2,21,12,1.3
1978,4,19,38.8,25.2,23,1.4
1978,5,19,42.3,28.8,22,1.3
1978,6,261,35.5,25,178,3
1978,7,415,29.7,22.5,133,4
1978,8,311,29,22.7,123,4.3
1978,9,128,30.2,23,126,2.9
1978,10,41,31.7,21,93,2.5
1978,11,28,30.7,18.9,66,2.7
1978,12,0,28.6,15.2,36,2.6
1979,1,7,30.1,17.6,32,2.6
1979,2,27,31.8,17.7,38,3.3
1979,3,1,36.1,20.4,9,2.6
1979,4,8,39.4,25.3,12,2.1
1979,5,53,40.9,26.7,54,3.1
1979,6,140,37.2,26.9,136,2.6
1979,7,197,31.2,24.5,155,1.3
1979,8,166,30.1,23.5,151,-2.2
1979,9,293,31.2,23,125,-2
1979,10,14,31.4,22.6,96,-2.6
1979,11,36,30,19.9,69,-2.1
1979,12,2,29.2,16,37,-2.2
1980,1,1,29.9,17.8,16,-2.3
1980,2,0,33.3,19.5,9,-2.3
1980,3,10,36.4,22.7,15,-2.2
1980,4,15,39.9,26.7,18,-1.9
1980,5,7,43,29,10,-2.1
1980,6,240,35.6,23.9,178,1.5
1980,7,217,30,23.5,143,0.8
1980,8,311,29.5,22.8,130,1
1980,9,160,30.8,23,134,-0.6
1980,10,6,31.8,22,94,-1.7
1980,11,1,30.6,18.1,54,-2.4
1980,12,17,29.3,14.8,37,-2.5
1981,1,13,28.7,15.5,23,-2.3
1981,2,0,33.3,18.5,7,-2.4
1981,3,42,35.9,20.8,44,-1.2
1981,4,4,39.4,25.5,8,-1.5
1981,5,17,41.4,28.1,19,-1.4
1981,6,190,36.4,26.3,183,-0.8
1981,7,291,30.2,23.4,152,-1.1
1981,8,291,29.6,23,139,-1
1981,9,387,30.7,22.6,112,1.8
1981,10,33,31.2,21.2,91,1.3
1981,11,5,29.1,16,61,0.9
1981,12,4,28.8,14.8,39,-0.3
1982,1,3,29.8,18,18,-0.9
1982,2,0,32,19.5,9,-1.1
1982,3,3,36.1,21.2,9,-1.3
1982,4,24,38.2,25.2,27,-0.8
1982,5,23,40.6,27.1,25,0.2
1982,6,115,36.5,26.4,112,-0.5
1982,7,443,31.1,24.1,152,0.3
1982,8,145,30.1,23.5,145,-0.7
1982,9,258,30.7,22.9,128,0.3
1982,10,76,31.8,21.2,108,0.8
1982,11,25,29,18.7,70,1.4
1982,12,0,29.8,15.9,49,1.6
1983,1,0,29.9,15.7,27,1.3
1983,2,1,31.9,19,14,1.1
1983,3,4,35.9,22.8,12,0.7
1983,4,4,39.1,25,9,-0.4
1983,5,17,41.6,28.5,20,-0.7
1983,6,139,37.5,27.4,135,-0.9
1983,7,352,31.6,24,139,-0.7
1983,8,576,30,23.7,126,3.1
1983,9,389,29.9,22.7,109,4.4
1983,10,166,29.9,21,121,6.2
1983,11,6,28.8,14.6,75,6.1
1983,12,15,28.4,14.2,56,6.4
1984,1,1,30.2,16.9,41,6.3
1984,2,6,31.5,17.8,22,5.9
1984,3,2,36.8,21.2,11,5
1984,4,7,39.1,25.3,13,4.3
1984,5,1,42.4,29.5,5,3.3
1984,6,113,36,25.4,110,2.3
1984,7,333,30.2,23.2,140,2
1984,8,141,29.7,23,139,0.8
1984,9,176,30.2,22.7,136,-2.7
1984,10,57,30.8,21.6,100,-2.2
1984,11,1,29.3,15,66,-2.1
1984,12,0,30.8,14.5,39,-2.2
1985,1,10,31.3,16.9,26,-2
1985,2,0,32.9,17.9,10,-2.1
1985,3,18,38,22.4,24,-1.7
1985,4,12,39.6,25.6,16,-1.6
1985,5,4,42,28.8,7,-2
1985,6,191,35.3,25,183,-1.2
1985,7,333,30.4,23.1,143,-1.1
1985,8,138,30.2,22.9,135,-2
1985,9,63,31.2,23.1,105,-3.1
1985,10,66,30.3,19.6,97,-2.9
1985,11,1,30.3,15.2,48,-3.5
1985,12,6,30.4,14.9,24,-3.8
1986,1,12,29.7,15.5,21,-3.6
1986,2,16,32.2,18.6,22,-2.9
1986,3,0,37.1,21.8,5,-3.1
1986,4,24,39.6,25.3,26,-2.4
1986,5,5,41.9,28.4,8,-2.7
1986,6,202,36.3,24.9,192,-1.7
1986,7,291,30.7,23.1,145,-1.8
1986,8,319,30.2,22.6,134,-1.2
1986,9,91,31.9,23.5,117,-2.2
1986,10,7,33,21.3,85,-3.1
1986,11,20,31.3,17.3,54,-3.5
1986,12,18,30.8,14.8,37,-3.5
1987,1,12,30.4,16.3,22,-3.3
1987,2,2,32.3,17.5,9,-3.3
1987,3,32,36.1,20.9,35,-2.3
1987,4,8,40,25.4,11,-2.3
1987,5,20,41.2,26.6,22,-1.9
1987,6,135,37.8,26.2,131,-1.9
1987,7,243,31.9,23.4,161,-2.5
1987,8,302,31.2,23.5,140,-2.5
1987,9,88,32.1,23.8,121,-3.4
1987,10,77,31.8,21,107,-2.8
1987,11,48,30.4,17.6,75,-1.6
1987,12,5,29.4,14.7,46,-1.2
1988,1,0,31.1,16.9,19,-1.3
1988,2,24,33.6,19.4,34,1.5
1988,3,1,36.5,22.2,8,1
1988,4,27,39.1,25.5,31,1.4
1988,5,10,42.8,29.5,13,1
1988,6,118,36.8,26.1,115,-0.3
1988,7,513,30.9,22.3,134,1.6
1988,8,293,30.8,23.3,125,1.9
1988,9,419,31.1,22.5,108,3.6
1988,10,20,31.4,19.9,96,2.6
1988,11,6,29.8,15.8,60,1.8
1988,12,13,29.7,14.1,39,1.3
1989,1,0,30.7,15.1,13,0.7
1989,2,0,33.2,16.8,8,-1.8
1989,3,46,35.2,20.8,49,1.1
1989,4,1,39.5,24.7,5,-0.5
1989,5,10,42.3,28.4,12,-0.8
1989,6,160,35.4,24.7,155,0.3
1989,7,546,30.6,22.9,130,2.3
1989,8,242,29.7,22.7,125,2.1
1989,9,198,30.4,22.4,125,1.6
1989,10,38,31.9,20.3,99,1.2
1989,11,2,30.5,16.9,59,0.7
1989,12,7,29.2,14.1,40,-0.2
1990,1,2,32.1,15,17,-1.1
1990,2,3,32.7,18.2,12,-1.1
1990,3,23,35.2,21.2,28,-0.7
1990,4,1,39.7,25.5,5,-1.1
1990,5,91,39.2,25.9,90,2.6
1990,6,231,34.1,24,167,3.8
1990,7,244,29.9,22.7,140,3.1
1990,8,360,30.1,23,125,3.6
1990,9,122,30.5,22.6,122,2.4
1990,10,88,30.6,20.6,106,2.9
1990,11,15,30.3,17.7,68,3.2
1990,12,3,29.7,15.5,49,3.3
1991,1,4,30.8,15.3,32,3.2
1991,2,1,33.7,18.8,15,2.8
1991,3,0,37.2,21.9,9,2.2
1991,4,17,38.8,25.2,21,2.1
1991,5,7,42.2,28.9,10,1.6
1991,6,224,35.3,25.1,162,2.9
1991,7,263,30.4,23.3,138,2.4
1991,8,256,30.2,22.7,145,2.1
1991,9,149,31.3,23.3,137,1.1
1991,10,20,32.3,20.5,100,-1.6
1991,11,18,29.8,16.3,59,-1.6
1991,12,1,29.4,13.8,31,-1.9
1992,1,0,30.3,14.5,15,-2.2
1992,2,0,31.7,17.9,9,-2.2
1992,3,0,37.4,21.7,6,-2.4
1992,4,4,39.2,25.3,7,-2.5
1992,5,29,41.5,28.4,31,-1.9
1992,6,130,36.8,26.7,126,-1.8
1992,7,162,32,24.3,155,-3.1
1992,8,388,29.6,22.8,140,-2.6
1992,9,194,30.6,22.3,138,-2.7
1992,10,32,31.3,21.4,94,-2.8
1992,11,10,30.4,16.9,60,-2.6
1992,12,0,29.3,13.2,37,-2.7
1993,1,0,31.2,15.8,16,-2.8
1993,2,2,32.7,16.5,12,-2.7
1993,3,14,35.7,20.9,19,-2.3
1993,4,5,39.1,25.1,9,-2.4
1993,5,9,42,29,12,-2.5
1993,6,131,37,27.4,127,-2.4
1993,7,330,30.7,23.7,138,-2.2
1993,8,229,30.3,23.2,141,-2.3
1993,9,222,30.1,22.8,126,-2.1
1993,10,94,31.1,21.9,108,-0.9
1993,11,0,29.3,17.1,68,-0.6
1993,12,5,28.5,13.2,50,1.3
1994,1,19,30.7,16,44,1.8
1994,2,8,32.3,17.9,20,1.9
1994,3,0,37.8,21.8,8,1.3
1994,4,34,38.3,24.5,37,2
1994,5,7,42.2,28.8,10,1.4
1994,6,144,35.1,25.3,139,1.3
1994,7,373,29.4,22.4,140,1.5
1994,8,312,29.4,22.7,139,1.9
1994,9,168,30.2,22.1,133,1.1
1994,10,139,31.7,20.7,120,2.7
1994,11,21,29.6,16,72,3.4
1994,12,0,29.5,12.7,56,3.8
1995,1,21,28.8,13.6,56,4.7
1995,2,0,32.4,18.1,19,4.3
1995,3,50,35.9,21.1,58,5.3
1995,4,8,39.2,23.8,14,4.7
1995,5,30,40.1,26.7,34,4.7
1995,6,146,38,27.2,142,4.2
1995,7,450,30.7,23.4,149,4.6
1995,8,220,31.4,23.7,146,3.8
1995,9,268,30.9,22.9,130,3.8
1995,10,136,31.6,21,118,5.1
1995,11,14,31.2,16.2,76,5.3
1995,12,0,31.3,14.7,53,5.3
1996,1,1,31.3,17.4,36,5.1
1996,2,1,33.7,18.6,16,4.6
1996,3,5,37.8,22.4,14,3.9
1996,4,27,38.9,24.6,32,4.1
1996,5,3,42.3,28.9,7,3.1
1996,6,86,37.2,26,85,1.9
1996,7,330,31.1,23.5,141,1.7
1996,8,388,29.9,22.8,130,2.7
1996,9,243,30.7,22.6,124,2.6
1996,10,98,30.7,20.2,113,3.3
1996,11,35,30.6,16.1,81,4.2
1996,12,0,29.7,13.8,53,4.3
1997,1,6,29.4,14.2,39,4.3
1997,2,0,32.5,16.3,15,3.9
1997,3,6,37.3,20.8,14,3.3
1997,4,36,37.1,23,40,3.9
1997,5,9,41.1,27.4,12,3.2
1997,6,65,36.5,26.1,65,1.6
1997,7,291,30.9,23.8,149,1
1997,8,242,30.5,23.4,151,-2.1
1997,9,132,30.6,22.6,128,-2.7
1997,10,62,32.1,20.3,103,-2.2
1997,11,46,31.1,19.5,71,-0.8
1997,12,23,29.6,17.2,56,2.3
1998,1,2,30.9,17.1,42,3
1998,2,2,33.1,18.1,19,2.8
1998,3,8,36.9,21.1,18,2.4
1998,4,5,39.7,26.1,11,2
1998,5,9,42.6,29.3,13,1.4
1998,6,77,37.8,27.5,77,-1.5
1998,7,345,31.3,24.1,147,-1.3
1998,8,338,31,23.7,142,0.7
1998,9,258,30.5,23.1,121,1
1998,10,114,31.4,21.9,116,2.2
1998,11,33,30.2,17.6,78,3.2
1998,12,0,28.9,13.6,57,3.7
1999,1,0,29.6,14.4,39,3.9
1999,2,8,33.4,19,24,3.8
1999,3,0,37.5,21.9,9,3.1
1999,4,4,40,26.7,10,2.4
1999,5,51,40.6,27.4,53,3.3
1999,6,81,34.9,25,81,2.2
1999,7,247,30.6,23.4,145,1.2
1999,8,199,30.1,23,142,-2.1
1999,9,241,29.9,22.2,121,-1.9
1999,10,63,31.7,20.6,103,-1.5
1999,11,0,30.7,16.3,65,-1.4
1999,12,0,30,13.1,41,-1.5
2000,1,0,31.2,16,17,-1.7
2000,2,9,32.3,18,18,-1.4
2000,3,1,36.9,20.1,7,-1.6
2000,4,5,40.1,26.9,10,-1.8
2000,5,28,40.3,27.1,30,-1.3
2000,6,245,34.8,24.2,156,2.1
2000,7,280,29.8,23.1,138,2
2000,8,514,30.5,23.4,131,4.2
2000,9,82,31.2,22.6,115,2.6
2000,10,12,32.2,22.2,81,1.4
2000,11,1,31.8,16.6,43,-3
2000,12,1,29.1,13.9,18,-3.7
2001,1,14,30.9,16.3,23,-3.3
2001,2,0,33.8,19.2,6,-3.3
2001,3,37,36.5,21.3,39,-2.2
2001,4,16,38.4,24.4,18,-1.9
2001,5,9,42.7,29.1,11,-2.2
2001,6,256,35.7,25.1,188,1.9
2001,7,107,31,23.7,119,-1.4
2001,8,313,29.8,22.8,136,-1.6
2001,9,106,31.3,23.3,116,-2.4
2001,10,88,31.2,20.7,108,-1.4
2001,11,2,30.8,17.5,63,-1.2
2001,12,0,29.7,14.5,44,-1.1
2002,1,14,30.1,15.5,32,-0.8
2002,2,1,33.5,18.9,11,-0.8
2002,3,9,37.4,22.1,15,-0.9
2002,4,4,40.6,26.6,9,-1.1
2002,5,26,42.4,28.9,28,-0.8
2002,6,235,35.6,25.1,179,1.6
2002,7,106,32.1,24.9,118,-1.5
2002,8,304,30.1,23,137,-1.7
2002,9,113,31.1,23.2,126,-2.6
2002,10,57,31.9,21.4,99,-2.3
2002,11,2,30.2,16.9,55,-2.6
2002,12,0,31.3,16.1,29,-2.9
2003,1,0,31.3,16.6,14,-3
2003,2,7,34.6,20,15,-2.7
2003,3,12,37.2,21.9,17,-2.5
2003,4,13,40.1,26.1,17,-2.2
2003,5,1,43.1,29.6,4,-2.7
2003,6,112,37.9,27.4,109,-2.9
2003,7,391,30.5,23.2,130,-2.1
2003,8,217,30.4,23.4,134,-2.2
2003,9,112,31.4,23.5,124,-2.9
2003,10,72,31.5,21.1,102,-2.2
2003,11,0,30.5,17.2,59,-2.2
2003,12,2,29.8,14.6,42,-2.1
2004,1,12,30.6,15.9,27,-1.8
2004,2,1,32.4,17.8,10,-1.8
2004,3,15,38,22.7,20,-1.6
2004,4,25,40.5,26.5,28,-1
2004,5,26,39.8,26.3,28,-0.6
2004,6,69,36.3,25.7,69,-1.7
2004,7,348,30.7,23.4,138,-1.5
2004,8,139,30.7,23.7,145,-2.4
2004,9,236,30.5,22.5,122,-2.1
2004,10,44,30.8,20.3,95,-1.9
2004,11,9,30.6,17.3,61,-1.8
2004,12,0,29.7,14.5,43,-1.7
2005,1,15,30.7,16,32,-1.3
2005,2,5,32.7,18.1,14,-1.2
2005,3,18,36.7,21.4,24,-0.9
2005,4,18,39.2,25.3,21,-0.6
2005,5,10,42.4,28.9,13,-0.8
2005,6,117,38.6,28.1,114,-1.3
2005,7,553,30.2,23,138,1.9
2005,8,198,30.3,23.3,140,1.2
2005,9,340,30.6,22.7,126,2.1
2005,10,121,31.1,20.6,119,3.3
2005,11,0,28.3,15,72,3.3
2005,12,0,28.6,13.4,48,3.4
2006,1,0,29.7,15,31,3.2
2006,2,0,32.9,18.3,14,2.8
2006,3,38,35.1,19.8,45,3.5
2006,4,30,39.2,25.2,34,3.8
2006,5,58,40.3,26.8,60,4.8
2006,6,121,36.5,26,118,4.1
2006,7,385,30.7,23.4,152,3.9
2006,8,373,30.3,23.2,144,4.6
2006,9,318,30.4,22.5,124,5
2006,10,27,31.4,21,85,4.1
2006,11,35,30.5,17.2,65,4.3
2006,12,0,30.3,15.1,44,4
2007,1,0,30.4,15.8,24,3.5
2007,2,0,32.6,18,12,3
2007,3,1,36.8,21.5,8,2.3
2007,4,20,39.1,25.2,24,2.3
2007,5,5,42.4,28.9,8,1.6
2007,6,162,35.4,24.8,156,1.9
2007,7,254,31.4,24.2,139,1.1
2007,8,335,30.7,23.6,133,1.3
2007,9,325,30.6,22.7,117,2.2
2007,10,10,30.9,20.5,88,1.2
2007,11,15,29.5,16.2,59,0.8
2007,12,0,30.8,15.6,31,-1.4
2008,1,0,30.4,15.8,14,-1.6
2008,2,26,32.1,17.5,34,-0.6
2008,3,27,35.4,20.1,31,1.3
2008,4,7,38.3,24.4,11,1
2008,5,8,41.6,28.1,11,-0.4
2008,6,84,36.7,26.1,82,-1.4
2008,7,228,30.9,23.7,143,-2.1
2008,8,514,30.5,23.4,130,1.8
2008,9,304,30.4,22.5,121,2.3
2008,10,30,31.4,20.9,90,1.7
2008,11,27,30.6,17.3,65,1.9
2008,12,0,30.7,15.5,41,1.8
2009,1,0,31.5,16.9,21,1.4
2009,2,0,34.5,19.9,11,1
2009,3,4,36.9,21.6,11,0.7
2009,4,9,40.3,26.3,14,-0.1
2009,5,28,42.2,28.7,30,0.4
2009,6,110,38.4,27.9,107,-0.9
2009,7,210,31.6,24.3,149,-1.7
2009,8,396,31.5,24.4,141,-1
2009,9,171,31.8,23.8,134,-1.5
2009,10,58,31.4,20.9,102,-1.2
2009,11,44,31.2,17.9,78,1.2
2009,12,5,30.8,15.6,51,1.5
2010,1,10,30,15.3,36,1.8
2010,2,2,33.8,19.2,15,1.5
2010,3,9,38.4,23.1,17,1.3
2010,4,3,41.4,27.4,9,0.9
2010,5,8,43.2,29.6,11,-0.3
2010,6,176,37.9,27.4,171,0.4
2010,7,560,30.2,23,130,2.4
2010,8,374,30.6,23.6,128,3.4
2010,9,325,30.9,23,124,3.9
2010,10,47,31.9,21.5,93,3.5
2010,11,48,32.4,19.2,71,4.3
2010,12,15,29.5,14.3,56,4.7
2011,1,0,29.2,14.5,35,4.7
2011,2,12,32.3,17.7,27,4.7
2011,3,3,36.6,21.3,11,4
2011,4,30,37.5,23.5,35,4.3
2011,5,7,41.6,28.1,11,3.5
2011,6,86,36.5,26,85,2.1
2011,7,322,30.5,23.2,135,1.8
2011,8,307,30.5,23.4,125,2.1
2011,9,190,30.9,23,129,1.6
2011,10,29,32,21.5,93,1
2011,11,4,30.9,17.6,58,-1.5
2011,12,0,30.2,15,33,-1.9
2012,1,3,31,16.3,18,-1.9
2012,2,0,33,18.5,9,-2
2012,3,0,36.6,21.3,6,-2.3
2012,4,9,40,26,12,-2.2
2012,5,5,43,29.5,8,-2.5
2012,6,159,37.4,26.9,154,-2.1
2012,7,418,30.2,22.9,134,-1.2
2012,8,225,30.3,23.3,140,-1.3
2012,9,263,30.8,22.9,123,-0.8
2012,10,47,30.8,20.4,97,-0.7
2012,11,25,29.9,16.6,64,1.1
2012,12,0,30.9,15.8,45,1.1
2013,1,5,31.3,16.7,26,1
2013,2,9,32.6,18,20,1.1
2013,3,2,36.9,21.6,9,0.6
2013,4,37,39.5,25.5,40,1.4
2013,5,4,43.2,29.6,7,0.8
2013,6,301,34.7,24.2,171,3.2
2013,7,403,30,22.7,133,4.4
2013,8,211,30,22.9,134,3.6
2013,9,211,31.2,23.3,121,3.2
2013,10,141,31.3,20.8,114,4.7
2013,11,8,29.9,16.6,70,4.7
2013,12,0,29.2,14.1,53,4.9
2014,1,0,35.1,20.5,36,4.6
2014,2,6,31.9,17.3,22,4.3
2014,3,37,34.5,19.2,44,4.9
2014,4,12,38.9,25,17,4.4
2014,5,20,40.7,27.2,24,4.1
2014,6,76,38.8,28.3,75,2.4
2014,7,366,31.5,24.2,148,2.3
2014,8,211,31.8,24.7,138,1.7
2014,9,171,31,23.1,131,1
2014,10,14,32.2,21.7,89,-2.2
2014,11,26,30.8,17.5,66,-1.9
2014,12,1,29.7,14.5,36,-2.1
2015,1,7,29.4,14.8,22,-2
2015,2,1,33,18.4,10,-2
2015,3,29,36,20.7,33,-1.2
2015,4,61,37.5,23.5,62,2.4
2015,5,10,41.7,28.2,12,1.9
2015,6,245,36.4,25.9,177,3.3
2015,7,101,33.5,26.2,121,1.3
2015,8,203,31.7,24.7,146,-2.3
2015,9,229,31.5,23.6,131,-2.5
2015,10,29,32.7,22.2,89,-2.8
2015,11,2,32.4,19.1,55,-3.2
2015,12,0,32.8,17.6,22,-3.6
2016,1,3,31.4,16.6,14,-3.7
2016,2,1,34.4,20.5,8,-3.7
2016,3,4,36.6,22.8,8,-3.6
2016,4,4,39.6,27,8,-3.6
2016,5,46,40.5,28.1,46,-3.4
2016,6,197,35.3,25.5,162,-1.6
2016,7,437,28,22.7,113,2.4
2016,8,141,30.1,23.1,135,1.2
2016,9,383,28.7,22.7,106,3
2016,10,69,29.4,20.5,102,2.5
2016,11,3,29,15.5,63,1.9
2016,12,1,29.4,13.6,43,1.4
2017,1,0,30,14.8,21,0.9
2017,2,0,33.2,17.6,12,-1.2
2017,3,3,35.9,20.6,10,-1.5
2017,4,4,39.7,24.7,9,-1.8
2017,5,23,41.2,28.2,26,-2
2017,6,212,33.6,24.4,163,1.3
2017,7,289,30.3,23.6,140,-1
2017,8,292,30.2,23.3,129,0.2
2017,9,236,31,23.2,123,0.6
2017,10,78,29.6,21.1,100,1
2017,11,8,29.2,16.7,67,1
2017,12,0,29.6,14.3,48,0.9
2018,1,0,30.3,15.2,26,0.6
2018,2,2,31.9,17.5,14,0
2018,3,4,36.1,21.6,11,-0.1
2018,4,27,36.9,24.6,31,1
2018,5,15,40.7,28.2,19,1.4
2018,6,224,34.7,24.4,166,1.7
2018,7,320,28.9,22.9,130,1.7
2018,8,199,29.4,22.8,130,2
2018,9,128,30.5,22.3,125,1.4
2018,10,25,31.4,20.5,87,0.8
2018,11,3,30.3,17.6,48,-0.2
2018,12,4,27.6,14.4,36,0.3
2019,1,2,29.5,14.9,21,-1.4
2019,2,0,33.3,18.7,11,-1.4
2019,3,1,38.2,22.9,8,-1.7
2019,4,4,40.8,26.8,9,-1.9
2019,5,1,44.1,30.6,4,-2.2
2019,6,102,39.2,28.7,99,-2.6
2019,7,393,31.6,24.3,139,-1.9
2019,8,285,30.9,23.9,127,-1.3
2019,9,316,30.9,23,110,1.7
2019,10,168,31.6,21.1,107,3.9
2019,11,21,31.5,18.2,71,4.4
2019,12,5,30.8,15.6,50,4.8
