Product: Historical Climate - TerraClimate(http://www.climatologylab.org/terraclimate.html) 
Location (Lat/Lon of 4-km Grid Cell Center): 18.1042 North,83.3958 East 
Data Source: NW Climate Toolbox(https://climatetoolbox.org/tool/point-data-download)
Download Date: 07/24/2020
Variable List: 
ppt: ppt (Precipitation)
tmax: tmax (Maximum Temperature)
tmin: tmin (Minimum Temperature)
aet: aet (Actual Evapotranspiration)
PDSI: pdsi (Palmer Drought Severity Index (PDSI))
********************************************************
Year,Month,ppt(mm),tmax(degC),tmin(degC),aet(mm),PDSI(unitless)
1958,1,6,29,18.7,57,1
1958,2,0,30,21.1,47,1
1958,3,2,33.5,22.5,26,0.6
1958,4,67,35.1,26.5,76,1.6
1958,5,35,36.3,29.4,41,0.7
1958,6,61,37.5,29.6,63,-1.5
1958,7,273,31.7,26,133,1.3
1958,8,146,31.9,26.2,126,1.3
1958,9,230,31.7,25.3,122,1.8
1958,10,519,30.6,24.4,119,3
1958,11,142,29.7,21.9,106,4.1
1958,12,0,28.1,18.9,63,4
1959,1,19,28.4,18.9,60,4.4
1959,2,16,30.4,20.8,60,4.9
1959,3,0,32.8,23,29,4.3
1959,4,16,34.8,26.3,29,3.7
1959,5,14,36.3,29.4,22,2.3
1959,6,150,34.2,28.1,145,2.4
1959,7,258,31.2,25.9,126,3.4
1959,8,106,30.9,25.6,114,2.5
1959,9,167,31.1,25.5,123,2
1959,10,329,30.3,25,114,2.2
1959,11,0,28.6,20.3,66,1.5
1959,12,1,27.3,18.2,48,1.2
1960,1,1,28.5,18.2,44,0.9
1960,2,0,30.2,19,26,-1
1960,3,8,31.3,22.5,21,-1.1
1960,4,2,35.4,25.8,11,-1.6
1960,5,47,36,29.1,51,-1.8
1960,6,128,34.9,28.3,126,-1.5
1960,7,203,31.5,26.3,119,-0.8
1960,8,129,32.3,26.8,126,-1.2
1960,9,210,31.4,25.9,114,-0.9
1960,10,186,30.9,23.8,122,-1
1960,11,5,29.4,20.3,66,-1.2
1960,12,12,29.2,18.5,54,-1
1961,1,8,28.6,18.7,49,-0.8
1961,2,23,28.6,20.2,51,0.5
1961,3,5,32.6,24.7,21,-0.3
1961,4,5,35.3,26.5,15,-0.7
1961,5,46,36.1,29,50,-1.1
1961,6,162,33.9,27.4,155,0.5
1961,7,156,30.9,25.5,121,-0.1
1961,8,170,31.7,26.2,130,0
1961,9,174,30.8,25,124,-0.3
1961,10,385,30.1,23.7,114,0.6
1961,11,36,28.3,19.7,77,0.6
1961,12,2,26.9,16.6,55,0.6
1962,1,9,27.2,16.1,50,0.7
1962,2,4,28.8,19.2,40,0.8
1962,3,1,32.9,21.9,17,-0.3
1962,4,24,34,25.7,33,0.1
1962,5,79,35.3,28.6,81,0.1
1962,6,58,34.1,27.7,60,-1
1962,7,263,31.8,25.9,129,1.2
1962,8,149,31.5,25.8,126,1.2
1962,9,353,31.4,25.3,119,3.1
1962,10,579,30.1,23.8,120,4.5
1962,11,21,28.9,19.7,69,3.8
1962,12,11,27.8,18,59,3.7
1963,1,0,27.3,16.4,47,3.3
1963,2,0,29.7,18.9,32,2.8
1963,3,2,32.3,22.6,17,2.2
1963,4,104,33.4,24.8,108,4
1963,5,39,35.4,28.4,43,3
1963,6,126,34.2,28,125,2.7
1963,7,173,31.6,26.2,135,2.3
1963,8,142,31.4,25.8,129,1.7
1963,9,167,31.8,25.9,124,1
1963,10,607,30.7,24.6,121,2.3
1963,11,0,29.4,21.3,65,1.6
1963,12,0,27.7,19,52,1.2
1964,1,1,28.6,19.2,41,0.9
1964,2,3,29.9,21.6,29,0.6
1964,3,1,33.3,23.8,14,-1.2
1964,4,20,34.5,27.2,28,-1.3
1964,5,64,36.3,29.4,67,-1.4
1964,6,116,34.6,28.1,114,-1.4
1964,7,149,31.6,26.1,134,-1.7
1964,8,225,30.8,25.3,127,-0.8
1964,9,346,30.9,25.1,115,2.4
1964,10,159,30.4,24.7,125,2
1964,11,43,28.6,20.8,84,1.9
1964,12,4,27.5,18.1,58,1.9
1965,1,5,28.3,18.7,51,1.7
1965,2,1,30,20.2,34,1.4
1965,3,15,32.1,22.3,30,1.3
1965,4,27,33.8,25.8,35,1.3
1965,5,41,35.9,28.8,45,0.6
1965,6,45,36.2,28.8,47,-1.7
1965,7,266,32,26.4,136,1.2
1965,8,177,32.2,26.4,129,1.5
1965,9,188,31.4,25.7,119,1.6
1965,10,106,31.3,24.7,121,1.1
1965,11,6,29.7,21.1,67,-0.5
1965,12,23,27.3,20.9,64,0.1
1966,1,66,27.8,18.9,79,1.4
1966,2,0,30.4,20.7,36,1.3
1966,3,0,33.3,23,17,0.8
1966,4,3,35.2,26.5,13,-0.5
1966,5,57,37.2,29.1,61,-1.2
1966,6,116,34.8,28.4,115,-1.2
1966,7,155,32.8,27,126,-1.3
1966,8,149,32,26.4,122,-1.4
1966,9,130,31.7,25.5,125,-2.1
1966,10,139,31,24,130,-2.4
1966,11,148,30,22.3,109,-1.4
1966,12,8,27.1,18.4,42,-1.4
1967,1,21,27.5,19.4,38,-1.3
1967,2,0,30.2,20.6,10,-1.6
1967,3,92,30.5,22.8,94,2
1967,4,15,34.7,25.7,19,1.5
1967,5,8,36.6,29.1,11,-1.5
1967,6,141,35.6,28.3,137,-1.2
1967,7,220,32.2,26.5,135,0.6
1967,8,107,31.5,25.9,114,-0.8
1967,9,156,31.5,26,127,-1.4
1967,10,36,30.9,23.7,69,-2.1
1967,11,1,29.5,19.6,19,-3.3
1967,12,61,28.7,20.3,67,-3
1968,1,23,27.4,18.1,29,-3.2
1968,2,2,29.9,20.9,8,-3.4
1968,3,6,31.9,22.9,10,-3.5
1968,4,25,33.5,25.2,27,-3.2
1968,5,30,36,28.3,31,-3.7
1968,6,157,34.7,28.8,151,-3.1
1968,7,191,32,26.9,142,-2.7
1968,8,35,32.5,26.9,46,-4.5
1968,9,167,31.7,25.7,123,-4.6
1968,10,300,30.2,23.8,122,-4.2
1968,11,61,28.6,21.4,90,-3.4
1968,12,4,27.9,18.9,62,-2.8
1969,1,0,28.4,18.1,48,-2.5
1969,2,0,30.6,21.6,36,-2.3
1969,3,12,33.4,24.9,28,-2.2
1969,4,2,35.5,27.3,11,-2.5
1969,5,224,34.8,27.7,181,2.6
1969,6,97,35,28.5,111,2.3
1969,7,227,31.5,26.2,137,2.7
1969,8,80,31.8,26.2,101,1.4
1969,9,181,31.3,25.6,120,1
1969,10,188,30.7,24.1,131,0.6
1969,11,146,29.7,21.7,105,1.9
1969,12,23,27.3,18.4,74,2.6
1970,1,2,27.6,19.1,55,2.8
1970,2,3,30.5,21.8,52,3.2
1970,3,72,31.8,24.4,94,4.5
1970,4,11,34.2,26.8,24,3.8
1970,5,179,36.3,28.9,173,5.2
1970,6,239,33,26.6,163,6.2
1970,7,135,31.7,26.1,134,5.2
1970,8,225,31.2,25.6,125,5.7
1970,9,117,31.1,26.1,119,4.5
1970,10,137,30.2,24.4,124,3.7
1970,11,0,28.2,20.4,63,2.6
1970,12,0,26.2,16.8,41,1.8
1971,1,1,27.3,19.1,28,1.1
1971,2,18,29.7,21.5,31,1
1971,3,16,31.7,22,23,0.8
1971,4,88,32.3,25.7,89,2.3
1971,5,108,33.8,27.3,107,2.8
1971,6,65,32.3,26.5,65,1.7
1971,7,76,31.5,26.6,75,-2.2
1971,8,179,31.2,26.2,129,-2.1
1971,9,226,31.4,25.7,126,-1.8
1971,10,190,29.9,24.3,122,-1.8
1971,11,0,27.6,19.6,64,-2.2
1971,12,0,26.2,17.5,45,-2.4
1972,1,0,26.8,17.1,35,-2.4
1972,2,13,28.8,20.4,29,-2.3
1972,3,0,32.1,23.8,10,-2.5
1972,4,30,34.4,26.5,35,-2.2
1972,5,12,36.9,29.4,16,-3.1
1972,6,77,36.8,29.5,77,-3.5
1972,7,134,32.9,27.1,130,-3.9
1972,8,103,32.3,26.7,100,-4.9
1972,9,181,31.9,26,125,-5
1972,10,275,30.6,24,130,-4.6
1972,11,56,29.3,21.4,86,-4
1972,12,2,29,20.3,53,-3.8
1973,1,0,29.5,19.6,39,-3.6
1973,2,0,30.9,22,21,-3.6
1973,3,16,32.8,23.9,27,-3.3
1973,4,6,36.1,28,13,-3.5
1973,5,86,37,30.3,87,-3
1973,6,84,35.5,29,84,-3.4
1973,7,148,31.9,26.5,141,-3.5
1973,8,160,31.5,26.1,125,-3.4
1973,9,99,31.5,26.4,101,-4.4
1973,10,297,30.2,24.9,120,-4
1973,11,8,27.7,21.5,68,-4.2
1973,12,1,27.2,18.9,48,-4.2
1974,1,0,27.3,17.8,34,-4.2
1974,2,3,30.3,20.5,20,-4.1
1974,3,35,33.1,24.6,43,-3.3
1974,4,10,34.4,28.2,16,-3.4
1974,5,33,35.7,29,36,-3.7
1974,6,125,35.2,28.5,123,-3.5
1974,7,102,32.6,27.2,100,-4.3
1974,8,151,31.9,26.5,127,-4.3
1974,9,200,31.9,26.1,130,-4.2
1974,10,346,30.6,24.4,121,-3.5
1974,11,15,28.4,21.2,77,-3.4
1974,12,0,26.6,17.7,56,-3.3
1975,1,0,26.9,17.6,40,-3.2
1975,2,1,29.6,21.4,26,-3.1
1975,3,0,32.8,24,13,-3.3
1975,4,3,35.1,27.1,11,-3.6
1975,5,100,37.1,29.7,100,-3
1975,6,263,34.2,27.6,173,-0.9
1975,7,155,31.6,26.1,146,-0.9
1975,8,179,31.7,26.3,144,-0.6
1975,9,214,30.6,24.9,116,1.9
1975,10,451,30.5,24.9,118,2.8
1975,11,38,27.3,20,84,2.5
1975,12,0,26.6,17,55,2.3
1976,1,0,26.6,16.9,47,2
1976,2,2,29,20.4,32,1.6
1976,3,4,32,24.1,18,1.1
1976,4,53,34.6,26.1,59,1.7
1976,5,61,36.3,28.7,64,1.2
1976,6,58,35.3,27.9,59,-1.1
1976,7,233,32,25.3,136,0.7
1976,8,222,31.3,25.7,128,1.6
1976,9,137,31.8,25.3,118,1.1
1976,10,127,32.1,24.2,117,0.7
1976,11,218,30.4,22.6,117,3
1976,12,2,28.9,18.8,66,3.2
1977,1,3,28.2,17.9,57,3.2
1977,2,0,30.3,20.5,47,3.2
1977,3,1,33.2,24.1,22,2.6
1977,4,50,33.8,26.4,59,3.1
1977,5,113,34.9,27.6,115,3.4
1977,6,138,34.9,28.1,137,3.1
1977,7,160,32.1,26.5,145,2.4
1977,8,174,31.8,26,130,2.1
1977,9,201,31.5,25.6,132,1.7
1977,10,176,30.7,24,133,1.2
1977,11,124,29.7,23.2,102,2.1
1977,12,6,27,18.6,54,2.2
1978,1,42,27.3,18,66,3.1
1978,2,14,28.7,20.5,47,3.8
1978,3,7,31.8,22.8,27,3.5
1978,4,40,34.2,26.4,50,3.7
1978,5,50,37.1,29.6,55,3
1978,6,206,34.8,28.4,168,3.7
1978,7,217,31.6,25.8,130,4.1
1978,8,240,30.9,25.4,123,5.2
1978,9,232,31.3,26,124,5.5
1978,10,119,30.9,25,127,4.7
1978,11,42,29.9,22.2,76,4.3
1978,12,8,27.5,19.1,57,4
1979,1,12,28.2,19,55,3.9
1979,2,19,29.3,21.2,49,4
1979,3,0,32,23,18,3.2
1979,4,14,34.9,26.7,23,2.7
1979,5,188,36.3,28,181,4.3
1979,6,144,36.1,28.1,143,3.9
1979,7,103,33.6,27.2,103,2.3
1979,8,82,32.6,26.7,81,-2.8
1979,9,250,32.1,25.8,120,-2.3
1979,10,89,31.9,24.4,108,-2.7
1979,11,133,30.3,22.5,102,-1.7
1979,12,17,27.8,20,55,-1.4
1980,1,4,28.6,19.6,40,-1.6
1980,2,0,30.3,21.8,17,-1.9
1980,3,2,32.4,24.6,12,-2.1
1980,4,6,35,27.5,13,-2.4
1980,5,48,36.8,29.6,50,-2.6
1980,6,245,33.8,27.9,146,-0.6
1980,7,205,31.8,26.5,138,2.3
1980,8,179,31.4,26.1,139,2.6
1980,9,155,31.7,25.7,121,2.2
1980,10,188,31,24.3,132,1.9
1980,11,51,29.8,21.2,90,1.9
1980,12,4,27.9,19.4,56,1.9
1981,1,19,26.8,18.5,58,2.1
1981,2,0,29.5,21.5,39,1.9
1981,3,33,31.2,23.4,48,2.3
1981,4,19,34,27.5,28,2
1981,5,48,35.4,28.9,53,1.4
1981,6,103,35,29,103,0.8
1981,7,160,32,26.7,142,-1.1
1981,8,166,31.6,25.9,139,-1.2
1981,9,328,31.6,25.7,114,1.3
1981,10,101,31.8,23.9,120,0.8
1981,11,9,29.5,20.1,74,-0.5
1981,12,3,27.2,19.4,50,-1.1
1982,1,0,28.6,19.3,37,-1.5
1982,2,0,29.5,22.3,18,-1.8
1982,3,2,31.8,24.3,12,-2.1
1982,4,52,34,26.9,57,-1.1
1982,5,38,36,27.9,41,-1.6
1982,6,99,35.5,28.3,98,-1.9
1982,7,234,33.3,27,151,-1.2
1982,8,118,31.5,26,120,-1.7
1982,9,203,32.1,25.4,128,-1.7
1982,10,427,31.7,23.7,130,-0.8
1982,11,33,29.6,21.4,76,-0.7
1982,12,0,28.5,18.8,54,-0.6
1983,1,1,28,18.5,47,-0.6
1983,2,16,29.8,22.6,46,0.3
1983,3,3,32.6,24.8,19,-0.3
1983,4,1,34.9,26.9,10,-0.9
1983,5,48,36.3,28.6,52,-1.2
1983,6,192,36.2,29.1,171,0.8
1983,7,174,32.8,26.9,137,0.8
1983,8,203,32,26.5,129,1.2
1983,9,167,31.2,25.5,121,0.9
1983,10,171,30.5,24.2,125,0.6
1983,11,11,28.7,20.4,72,-0.4
1983,12,13,27.5,18.6,55,0.1
1984,1,12,28.4,19.8,45,0.1
1984,2,11,28.8,20.9,31,0.1
1984,3,2,32.5,22.9,13,-0.6
1984,4,7,34.3,26.5,14,-0.9
1984,5,98,36.3,30,98,-0.6
1984,6,124,34.1,28.5,121,0
1984,7,196,31.7,26.2,140,0.2
1984,8,131,31.8,26.4,130,-0.7
1984,9,135,31.7,25.5,130,-1.6
1984,10,77,31,24.3,86,-2.2
1984,11,14,28.5,19.5,24,-3.5
1984,12,4,28.5,19.3,11,-4.5
1985,1,39,28.2,20,42,-4.2
1985,2,1,29.8,20.8,5,-4.4
1985,3,1,33,24.7,4,-4.6
1985,4,3,35.4,27.2,5,-4.8
1985,5,22,36.7,29.1,23,-5.2
1985,6,189,34.8,27.9,168,-3.9
1985,7,127,31.4,26.2,122,-4.1
1985,8,225,32,26.1,133,-3.1
1985,9,154,31.5,25.6,121,-3.2
1985,10,472,30.3,23,124,-1.9
1985,11,31,28.9,20.1,79,-1.8
1985,12,5,28.2,18.9,56,-1.5
1986,1,34,27.2,18.2,66,-0.7
1986,2,11,29.6,20.4,45,1.8
1986,3,4,32.7,23.4,23,1.3
1986,4,29,34.5,26.3,38,1.4
1986,5,58,36.4,29,62,0.9
1986,6,127,34.2,27.6,126,0.9
1986,7,113,32.3,26.7,111,-1.2
1986,8,358,32.1,25.9,138,2.3
1986,9,197,32.6,26.1,127,2.4
1986,10,76,31.3,24.4,108,1.7
1986,11,161,28.7,22.1,100,3.1
1986,12,28,27.9,20.3,73,3.8
1987,1,2,28.1,18.6,61,4
1987,2,0,28.9,19.9,51,4.2
1987,3,18,31.4,22.6,42,4
1987,4,26,34.5,26.8,38,3.7
1987,5,85,35,27.5,89,3.5
1987,6,55,36.5,29.1,58,2.1
1987,7,75,33.1,27.3,76,-2.5
1987,8,107,32.5,26.5,105,-3.6
1987,9,86,32.9,26.8,84,-5.1
1987,10,244,31.5,24.4,133,-4.8
1987,11,45,29.4,21.7,67,-4.8
1987,12,6,28,19.6,38,-5.1
1988,1,0,28.6,18.9,15,-5.4
1988,2,3,30.3,21.4,12,-5.4
1988,3,2,32.8,24.3,8,-5.3
1988,4,28,34.4,26.3,31,-4.7
1988,5,113,36.1,29.9,111,-3.6
1988,6,78,35.2,29.2,77,-3.9
1988,7,296,31.7,26.2,129,-1.8
1988,8,109,31.8,26.2,114,-2
1988,9,369,31.9,25.5,111,3.4
1988,10,163,30.9,23.9,134,2.9
1988,11,20,28.7,20.9,85,2.3
1988,12,4,27.4,20.1,55,1.9
1989,1,0,27.7,18.3,43,1.5
1989,2,0,29.4,20.8,24,0.9
1989,3,50,31.4,22.9,60,1.7
1989,4,2,35,26.5,10,1
1989,5,115,36.5,29.2,115,1.6
1989,6,93,34.1,27.9,93,1.1
1989,7,363,31.9,26.3,129,3.5
1989,8,240,31.8,26.2,129,4.9
1989,9,198,31.4,25.6,117,5
1989,10,57,30.9,24.8,100,4
1989,11,2,29.4,21,66,2.8
1989,12,1,27.2,18.5,43,1.9
1990,1,1,28.5,18.9,28,0.9
1990,2,46,29.1,21.8,57,1.5
1990,3,72,30.7,23.8,77,2.8
1990,4,8,33.5,27.2,13,2.2
1990,5,68,33.6,27,69,2.1
1990,6,102,33.5,27.2,101,1.9
1990,7,118,31.5,26.1,114,0.9
1990,8,305,31.9,26.1,124,2.5
1990,9,164,31.8,25.9,121,2.1
1990,10,304,30.2,24.1,117,2.4
1990,11,52,29.5,22.4,85,2.3
1990,12,34,28.4,19.7,75,3.1
1991,1,25,27.9,20.2,61,3.5
1991,2,0,30.3,22.1,49,3.6
1991,3,4,32.2,24.8,25,3.1
1991,4,6,34.3,27.2,17,2.5
1991,5,50,35.5,29.4,55,1.8
1991,6,249,33.9,27.3,145,3.5
1991,7,166,32.3,26.6,136,3.3
1991,8,106,32.1,26.3,115,2.5
1991,9,337,32.1,25.9,129,3.8
1991,10,285,30.7,24.6,120,3.8
1991,11,163,28,20.4,103,5.2
1991,12,1,26.8,18.3,62,5
1992,1,9,26.2,18,58,5
1992,2,1,28.5,21.5,49,5.1
1992,3,0,32.2,24,25,4.2
1992,4,2,34.9,26.3,15,3.4
1992,5,131,35.7,28.4,133,4.1
1992,6,113,35.1,28.1,113,3.4
1992,7,206,32.8,27,149,3.3
1992,8,211,31.5,25.7,134,3.5
1992,9,254,31.8,25.6,132,3.8
1992,10,225,31.3,24.4,130,3.5
1992,11,172,29.8,21.7,109,5
1992,12,0,26.9,17.8,66,4.9
1993,1,5,28.2,19.4,57,4.8
1993,2,0,28.6,20.9,49,4.6
1993,3,4,32.1,23.2,24,3.9
1993,4,33,34,26.6,42,3.9
1993,5,71,35.5,28.8,75,3.4
1993,6,93,35.3,29.1,94,2.7
1993,7,107,32.6,26.9,105,1.4
1993,8,145,32.2,26.7,138,-2
1993,9,227,31.8,25.6,130,-1.9
1993,10,274,31.5,24.6,125,-1.7
1993,11,3,28.9,21,73,-2
1993,12,1,27,18.1,54,-2.1
1994,1,2,28.3,19,44,-2.2
1994,2,3,28.6,21.8,23,-2.3
1994,3,0,32.9,24.6,12,-2.6
1994,4,25,34.5,26.6,31,-2.2
1994,5,84,36.4,28.9,85,-1.8
1994,6,56,34.3,28.2,57,-2.5
1994,7,279,31.5,26,139,-1
1994,8,138,31.1,25.6,132,-1
1994,9,137,32.2,25.3,130,-1.5
1994,10,269,31.4,24,123,-1.2
1994,11,61,28.4,21,88,-0.7
1994,12,0,27.3,17.8,58,0.2
1995,1,43,26.6,18,69,1.8
1995,2,0,29.2,21.1,46,2.2
1995,3,22,32.4,23.5,43,2.3
1995,4,16,34.5,26,27,2
1995,5,94,33.9,27.3,97,2.3
1995,6,72,35.8,29.4,73,1.3
1995,7,175,32.3,26,150,0.9
1995,8,102,32.7,26.5,105,-2
1995,9,199,31.8,25.9,133,-2.2
1995,10,524,30.9,24.1,119,-1
1995,11,59,29.1,22.3,88,-0.6
1995,12,0,28.1,19,59,1.2
1996,1,6,28.2,19.7,48,1.3
1996,2,1,29.6,20.4,41,1.2
1996,3,2,32.4,24.5,20,0.7
1996,4,34,34.4,26,43,1
1996,5,37,36.9,29.3,42,-0.6
1996,6,336,34.9,27.5,169,2.8
1996,7,78,32.9,26.4,113,1.6
1996,8,168,31.8,25.6,124,1.8
1996,9,173,32,25.9,130,1.5
1996,10,369,31.5,23.7,125,2
1996,11,13,30.4,21,75,1.5
1996,12,10,28,18.2,61,1.4
1997,1,15,27.1,17.6,51,1.3
1997,2,0,28.9,20.6,28,1
1997,3,54,31.9,24.1,66,1.9
1997,4,44,32.5,24.5,50,2.3
1997,5,47,36,28.2,51,1.7
1997,6,39,36.4,29,41,-1.7
1997,7,144,33.4,27,139,-2.3
1997,8,162,32.4,26.4,151,-2.7
1997,9,238,32.1,25.7,136,-2.4
1997,10,33,31.7,23.9,72,-2.9
1997,11,77,30.7,22.9,82,-3
1997,12,36,28.5,21.4,49,-2.9
1998,1,32,28.1,20.7,41,-2.7
1998,2,31,29.5,22.1,37,-2.2
1998,3,8,32.3,23.8,13,-2.3
1998,4,28,34.2,27,30,-1.9
1998,5,61,36.8,29.5,61,-1.9
1998,6,111,36.5,28.9,108,-2
1998,7,244,33,26.5,139,-1
1998,8,164,32.2,26.5,133,-0.7
1998,9,309,32.4,25.8,128,2.1
1998,10,389,32,25.1,124,2.7
1998,11,118,29.9,23.1,105,3.5
1998,12,0,27.4,18.1,69,3.6
1999,1,0,27.6,17.5,55,3.5
1999,2,0,30.8,21.5,46,3.3
1999,3,0,33.6,24.3,19,2.6
1999,4,0,35.8,28.3,11,1.8
1999,5,117,35.5,28.3,119,2.4
1999,6,148,34.6,27.6,144,2.4
1999,7,74,33.1,26.5,74,0.6
1999,8,160,31.8,26.1,137,-1.9
1999,9,93,31.9,25.6,95,-3.1
1999,10,190,31.7,24.8,123,-3.2
1999,11,4,30,20.7,35,-4.1
1999,12,0,27.9,18.6,15,-5.2
2000,1,0,29,19.1,9,-5.8
2000,2,20,29,22.4,25,-5.3
2000,3,0,31.7,23.9,5,-5.4
2000,4,9,35.4,28,12,-5.3
2000,5,54,36.2,29.1,54,-5.1
2000,6,255,33.8,27.2,136,-2.6
2000,7,118,32.4,26.5,123,-2.8
2000,8,213,31.9,26.2,125,-1.6
2000,9,126,32.3,26.2,125,-2
2000,10,146,32,25.6,139,-2.1
2000,11,1,30.1,21.9,62,-2.6
2000,12,0,27.6,18.3,45,-2.9
2001,1,0,27.4,18.3,25,-3.2
2001,2,0,29.7,21.5,13,-3.4
2001,3,0,32.1,23.7,8,-3.5
2001,4,20,33.8,26.1,25,-3.2
2001,5,91,36.5,29.4,91,-2.6
2001,6,83,33.7,27.1,82,-2.7
2001,7,100,32.5,26.7,98,-3.4
2001,8,220,31.9,26.3,123,-2.5
2001,9,187,32.2,26.2,124,-2.4
2001,10,252,31.5,24.8,122,-2.1
2001,11,116,29.6,21.7,102,-0.8
2001,12,5,27.3,18.5,65,1.7
2002,1,31,27.7,18.7,69,2.6
2002,2,0,29.3,21.1,51,3
2002,3,2,32.2,23.8,30,2.6
2002,4,71,34.6,26.9,82,3.7
2002,5,56,36.8,29.6,62,3
2002,6,104,34.9,28.2,105,2.5
2002,7,115,34,28.3,114,1.3
2002,8,203,31.6,25.9,128,1.5
2002,9,58,32.3,26.3,80,-2.5
2002,10,128,31.2,24.5,123,-2.8
2002,11,6,29,21.1,22,-3.9
2002,12,0,28.1,19.3,10,-4.9
2003,1,19,27.7,18.7,25,-5
2003,2,3,29.6,21.3,8,-5.1
2003,3,41,31.9,23.5,43,-4
2003,4,2,34.8,27.1,5,-4.2
2003,5,43,36.9,29.7,43,-4.4
2003,6,41,35.7,29,41,-5
2003,7,228,32,26.2,115,-3.6
2003,8,168,32.3,26.6,122,-2.9
2003,9,149,31.9,25.9,129,-3
2003,10,679,30.9,24.2,112,-0.8
2003,11,3,29.1,21.2,70,-1.2
2003,12,46,27.6,18.9,74,2.5
2004,1,51,27.1,18,71,3.4
2004,2,4,28.4,20.1,47,3.6
2004,3,1,32.1,23.7,23,3
2004,4,22,34.8,27.1,33,2.7
2004,5,71,36.1,28.9,75,2.5
2004,6,142,34.9,28.2,139,2.5
2004,7,171,32.1,26.3,126,2.3
2004,8,134,32,26.4,130,1.4
2004,9,165,32.1,26,126,0.7
2004,10,305,30.9,24.1,125,0.7
2004,11,6,28.9,21.1,71,-1.2
2004,12,0,27.6,18.8,52,-1.3
2005,1,22,28.4,19.3,53,-0.9
2005,2,7,29.9,21.6,36,-0.9
2005,3,11,32.3,23.9,25,-0.9
2005,4,12,34.3,26.6,21,-1
2005,5,103,36,28.8,104,0.5
2005,6,83,36.3,29.6,84,-0.6
2005,7,165,32.4,26.6,134,-0.7
2005,8,108,32,26.3,110,-1.7
2005,9,360,31.8,25.9,116,1.4
2005,10,558,30.9,24.2,105,2.9
2005,11,11,28.4,20.5,73,2.3
2005,12,0,27.2,18.5,54,1.8
2006,1,0,27.6,18.6,45,1.4
2006,2,0,29.8,21.6,23,0.8
2006,3,33,31.8,23.4,43,1.2
2006,4,56,33.6,25.9,61,1.9
2006,5,127,35.3,28.1,126,2.8
2006,6,103,35,28.3,102,2.4
2006,7,222,33,27.2,140,2.6
2006,8,155,31.9,26.2,129,2.3
2006,9,257,31.8,25.7,123,2.7
2006,10,210,31.6,24.9,132,2.5
2006,11,160,29.5,21.7,99,3.9
2006,12,0,28.7,19.9,63,3.9
2007,1,0,28.1,19,56,3.8
2007,2,9,28.8,20.6,50,4
2007,3,0,31.8,23.4,23,3.3
2007,4,10,34.4,26.7,22,2.7
2007,5,47,36.3,29.1,53,2.1
2007,6,168,34.8,28.1,152,2.6
2007,7,132,32.9,27.1,128,1.8
2007,8,177,32.3,26.6,128,1.6
2007,9,205,31.6,25.6,115,1.5
2007,10,235,31,24.3,123,1.4
2007,11,8,29.3,21.4,73,0.8
2007,12,5,28.7,19.9,55,0.6
2008,1,13,28,18.9,52,0.6
2008,2,15,28.8,20.5,40,0.8
2008,3,4,31.5,23.1,17,-0.3
2008,4,12,34.1,26.4,20,-0.7
2008,5,59,36.1,28.9,62,-0.8
2008,6,163,34,27.3,148,0.7
2008,7,192,32.1,26.3,131,0.9
2008,8,171,31.7,26,124,1.1
2008,9,261,31.4,25.4,116,1.8
2008,10,32,31.6,24.9,93,1.1
2008,11,21,29.6,21.7,65,-1.1
2008,12,0,28.7,19.9,40,-1.6
2009,1,0,28.8,19.7,31,-2.1
2009,2,0,30.6,22.3,15,-2.4
2009,3,7,32,23.6,16,-2.4
2009,4,2,34.6,26.9,8,-2.7
2009,5,181,36.1,28.9,173,-0.6
2009,6,64,36.3,29.6,65,-1.4
2009,7,216,32.3,26.5,134,-0.8
2009,8,145,32.5,26.8,130,-0.9
2009,9,138,32.5,26.5,127,-1.5
2009,10,127,31.2,24.4,124,-1.8
2009,11,35,30,22.1,57,-2.1
2009,12,1,28.2,19.4,26,-2.7
2010,1,22,28.1,19,34,-2.8
2010,2,2,29.7,21.4,10,-3
2010,3,11,32.9,24.5,17,-3
2010,4,40,35.6,28,42,-2.3
2010,5,162,36,28.8,157,-0.6
2010,6,123,35.1,28.4,120,1.7
2010,7,239,32,26.2,127,2.4
2010,8,207,32.1,26.4,126,3
2010,9,369,32,26,116,5.1
2010,10,418,31.1,24.4,108,5.6
2010,11,145,30.3,22.5,95,6.5
2010,12,27,27.4,18.6,72,6.9
2011,1,0,27.3,18.2,61,6.7
2011,2,13,28.9,20.7,54,6.9
2011,3,0,31.9,23.5,30,6.1
2011,4,34,33.2,25.5,46,6
2011,5,171,35.7,28.6,166,7.1
2011,6,66,34.6,27.9,71,5.7
2011,7,165,32.4,26.6,128,5
2011,8,146,31.8,26.1,118,4.3
2011,9,222,32.2,26.1,126,4
2011,10,26,32,25.3,81,2.9
2011,11,2,29.5,21.6,44,1.4
2011,12,0,28.4,19.6,20,-3.3
2012,1,47,28.1,19,55,-2.8
2012,2,0,29.6,21.3,7,-3.2
2012,3,1,32.6,24.2,6,-3.4
2012,4,47,34.7,27,48,-2.5
2012,5,92,36.2,29,90,-1.9
2012,6,99,35.9,29.2,97,-2.1
2012,7,244,31.9,26.1,137,-1
2012,8,210,32,26.4,134,1.8
2012,9,257,31.7,25.7,118,2.6
2012,10,162,31,24.4,133,2.2
2012,11,88,29.1,21.3,95,2.7
2012,12,0,28.4,19.6,64,2.8
2013,1,0,28.4,19.3,52,2.7
2013,2,9,29.2,20.9,49,2.9
2013,3,0,31.9,23.5,20,2.2
2013,4,48,33.9,26.2,57,2.7
2013,5,61,36.8,29.6,66,2.2
2013,6,233,33.9,27.3,144,3.6
2013,7,157,31.6,26,121,3.5
2013,8,95,31.8,26.2,107,2.5
2013,9,150,32.1,26.2,124,1.7
2013,10,546,30.9,24.4,112,2.8
2013,11,20,29.3,21.3,76,2.3
2013,12,0,27.9,19.1,57,1.9
2014,1,0,29.1,19.8,46,1.5
2014,2,1,29.3,20.6,25,0.9
2014,3,30,31.8,23.1,41,1.2
2014,4,28,34.5,26.7,34,1.2
2014,5,133,35.5,28.3,132,2.2
2014,6,70,36.4,29.8,71,1.2
2014,7,200,32.6,27,133,1.4
2014,8,139,32.6,27,130,0.9
2014,9,351,31.9,26,121,2.4
2014,10,214,31.4,24.7,131,2.2
2014,11,4,29.6,21.7,72,1.6
2014,12,0,27.7,18.9,53,1.2
2015,1,3,27.6,18.3,44,0.8
2015,2,2,29.7,21,25,-1
2015,3,33,32.1,23.4,43,0.4
2015,4,43,33.5,25.7,48,1
2015,5,79,36.3,29.1,80,1
2015,6,231,34,27.4,146,2.5
2015,7,89,33.1,27.5,105,1.2
2015,8,183,32.7,27,131,1.3
2015,9,326,32.5,26.6,122,2.6
2015,10,69,32.1,25.4,105,1.9
2015,11,30,30.2,22.3,74,1.4
2015,12,3,29.5,20.7,46,0.9
2016,1,2,28.3,19.6,40,-1.1
2016,2,3,31.3,23.1,23,-1.4
2016,3,41,33.1,24.8,50,-1.5
2016,4,13,35.6,28.1,20,-1.8
2016,5,131,35.9,28.9,130,-1.4
2016,6,203,34.4,28,128,-0.6
2016,7,165,32.3,26.6,127,0
2016,8,145,32.5,26.8,138,-0.8
2016,9,247,31.9,26,104,0.4
2016,10,274,31.4,24.6,128,-0.6
2016,11,12,29.1,21.1,73,-1.1
2016,12,4,28,19.1,56,-1.2
2017,1,1,28,18.8,46,-1.6
2017,2,1,30.1,21.7,26,-1.9
2017,3,6,32.2,24,19,-2
2017,4,11,35,27.5,19,-2.2
2017,5,66,36.6,29.5,68,-2.8
2017,6,155,34.8,28.3,146,-2
2017,7,199,32.6,26.8,133,-2.2
2017,8,166,32.3,26.7,126,-1.9
2017,9,182,32.7,26.7,124,-2
2017,10,307,31.7,25.2,122,-2.1
2017,11,20,29.7,22,79,-1.8
2017,12,8,28.2,19.3,60,-1.9
2018,1,1,27.6,18.5,45,-1.9
2018,2,1,30.4,21.9,27,-2
2018,3,2,32.9,24.6,15,-1.9
2018,4,37,33.9,26.6,43,-1
2018,5,80,35.7,28.7,82,-1.1
2018,6,140,35,28.5,136,0.6
2018,7,196,32.3,26.6,141,1.5
2018,8,200,32,26.3,130,3.3
2018,9,246,32.2,26.2,131,3.1
2018,10,108,31.7,25,122,2.7
2018,11,10,29.7,22.1,66,2.4
2018,12,21,27.8,19.4,59,2.8
2019,1,1,27.1,18,43,-0.2
2019,2,1,29.6,21.4,25,-0.8
2019,3,16,32.7,24.3,28,-0.7
2019,4,13,34.6,26.9,20,-0.9
2019,5,46,36.1,29,50,-1.2
2019,6,117,35.5,28.8,115,-1.2
2019,7,177,32.6,26.8,142,-1.2
2019,8,251,32.3,26.6,129,1.1
2019,9,305,31.7,25.7,113,2.5
2019,10,444,31.5,24.8,111,3.3
2019,11,4,30.5,22.7,72,2.5
2019,12,7,28.8,20.1,52,2.2
