Product: Historical Climate - TerraClimate(http://www.climatologylab.org/terraclimate.html) 
Location (Lat/Lon of 4-km Grid Cell Center): 16.3125 North,80.4375 East 
Data Source: NW Climate Toolbox(https://climatetoolbox.org/tool/point-data-download)
Download Date: 07/24/2020
Variable List: 
ppt: ppt (Precipitation)
tmax: tmax (Maximum Temperature)
tmin: tmin (Minimum Temperature)
aet: aet (Actual Evapotranspiration)
PDSI: pdsi (Palmer Drought Severity Index (PDSI))
********************************************************
Year,Month,ppt(mm),tmax(degC),tmin(degC),aet(mm),PDSI(unitless)
1958,1,1,30,19.3,55,-0.2
1958,2,1,32.1,20.8,36,-0.2
1958,3,0,34.6,23,16,-0.6
1958,4,33,36.6,25.9,41,0.4
1958,5,15,39.2,28.4,21,-0.7
1958,6,75,39.6,30,76,-1.2
1958,7,265,32.8,25.7,150,1
1958,8,165,32.7,25.9,131,1.4
1958,9,136,33.1,25.3,131,1.3
1958,10,207,31.4,24.4,102,1.9
1958,11,76,30.7,21.6,86,2.5
1958,12,0,29.5,18.9,60,2.6
1959,1,0,30.2,19.2,53,3.1
1959,2,8,32.7,20.7,43,3.4
1959,3,0,35,22.2,16,3
1959,4,57,36.7,25.6,63,3.8
1959,5,18,39.5,28.2,23,2.8
1959,6,133,36.9,27.7,130,3
1959,7,263,32.5,25.5,147,3.7
1959,8,172,32.7,25.3,138,3.8
1959,9,130,32.9,25.5,129,3.4
1959,10,155,31.7,24.5,106,3.3
1959,11,2,29.8,20.6,57,2.6
1959,12,0,29.1,18.5,44,2.2
1960,1,0,29.7,19,32,2.1
1960,2,0,31.2,19.7,15,1.8
1960,3,4,33.9,21.9,13,1.6
1960,4,0,36.3,25.4,6,1
1960,5,22,38.8,27.3,26,-1.2
1960,6,142,37.6,27.8,138,0.5
1960,7,157,33.2,26.2,128,0
1960,8,57,33.9,26.6,63,-1.3
1960,9,280,32.7,25.7,108,1.3
1960,10,60,31.6,24.2,88,0.8
1960,11,36,30.2,20.9,65,-0.2
1960,12,19,29.8,19.1,53,0.6
1961,1,2,29.6,19.6,37,0.6
1961,2,9,31.2,19.9,24,0.7
1961,3,0,35.3,23,9,-0.2
1961,4,0,37.2,25.9,6,-0.6
1961,5,15,38.7,27.8,19,-1
1961,6,213,36.7,27.4,177,1.6
1961,7,161,32.4,25.3,127,1.7
1961,8,215,32.7,25.8,139,2.4
1961,9,158,32.4,24.7,131,2.4
1961,10,200,31.2,23.5,94,3
1961,11,28,29.6,20.2,68,2.7
1961,12,2,28.3,18,53,2.7
1962,1,0,28.1,17.6,46,2.9
1962,2,13,30.8,19.5,40,3.1
1962,3,0,33.9,21.8,14,2.8
1962,4,27,35.7,24.9,34,2.8
1962,5,52,38.4,27.3,55,2.7
1962,6,114,37.5,27.4,113,2.6
1962,7,204,33,25.7,144,2.7
1962,8,152,32.5,25.7,123,2.7
1962,9,290,32.3,25,119,4
1962,10,277,30.8,24.1,100,5.2
1962,11,54,29.7,20,78,5.1
1962,12,31,29.1,18.4,68,5.6
1963,1,0,28,18,56,5.8
1963,2,0,30.8,18.7,39,5.8
1963,3,1,34,22.2,18,5.3
1963,4,67,35.1,24,74,6.2
1963,5,21,38.9,27.4,26,5
1963,6,129,37,27.4,127,4.8
1963,7,138,33.4,26,132,4
1963,8,182,32.6,25.4,128,4
1963,9,82,33.4,25.6,93,2.8
1963,10,268,31.8,24.2,113,3.2
1963,11,0,30.2,21.2,60,2.3
1963,12,1,29.4,18.9,47,1.9
1964,1,0,30.2,18.6,32,1.6
1964,2,0,32.6,20.2,15,1.2
1964,3,0,35.1,23,9,0.8
1964,4,2,37.3,25.8,8,-1.4
1964,5,13,40.2,28.6,17,-2.1
1964,6,119,37.7,27.5,116,-1.7
1964,7,163,33.3,25.9,135,-1.5
1964,8,143,32.3,25.1,138,-1.5
1964,9,359,32.2,24.6,123,2.1
1964,10,68,32.1,24.1,96,1.7
1964,11,40,29.5,20,75,1.5
1964,12,0,29,17.8,53,1.4
1965,1,0,29.7,18.5,39,1.3
1965,2,1,31.4,20,18,1
1965,3,1,33.9,21.9,11,0.8
1965,4,32,35.5,24.5,37,1.1
1965,5,34,39,27.6,37,0.6
1965,6,96,38.3,28.1,95,-0.3
1965,7,156,33.6,25.5,149,-0.8
1965,8,147,33.2,26,125,-0.7
1965,9,178,33.2,25.3,134,0.1
1965,10,28,32.4,24.7,48,-1.6
1965,11,9,30.5,21.3,20,-2.7
1965,12,8,29.9,20,14,-3.4
1966,1,1,29.8,19.4,6,-3.7
1966,2,0,32.2,20.4,4,-3.8
1966,3,0,34.9,22.9,3,-3.8
1966,4,2,36.9,25.6,4,-4
1966,5,63,40.1,28.4,62,-3.5
1966,6,74,38.1,28,72,-3.6
1966,7,307,33.9,26.6,129,-1.5
1966,8,143,33.7,26.3,116,-0.9
1966,9,120,32.7,25.3,127,-0.9
1966,10,46,31.6,24.1,91,-1.3
1966,11,113,31,21.6,101,1.7
1966,12,16,28.9,18.6,58,1.9
1967,1,1,29.9,18.7,39,2
1967,2,0,32.1,19.4,17,1.8
1967,3,26,33.7,21.4,34,2.4
1967,4,24,36.7,25.1,30,2.3
1967,5,7,39.4,28.1,11,1.3
1967,6,111,37.7,28.1,109,1.3
1967,7,217,33.3,25.6,135,1.8
1967,8,93,32.8,25.4,109,0.9
1967,9,161,32.8,25.2,126,0.8
1967,10,37,31.1,23.9,65,-1.4
1967,11,4,29.7,19.8,23,-2.5
1967,12,44,29.9,19.7,52,-2.3
1968,1,1,28.9,18.1,8,-2.6
1968,2,4,32.1,20,9,-2.5
1968,3,3,33.7,22,7,-2.5
1968,4,22,35.3,24.3,23,-2.1
1968,5,17,38.8,27.4,18,-2.5
1968,6,49,37.9,28.3,49,-3.1
1968,7,133,33.5,26.4,128,-3.3
1968,8,33,34,26.5,33,-4.7
1968,9,144,32.8,25.4,123,-4.4
1968,10,96,31.2,23.5,94,-4.6
1968,11,93,29.8,20.8,89,-4.1
1968,12,13,29.5,19,15,-4.4
1969,1,0,29.5,18.5,3,-4.6
1969,2,0,32.5,20.5,2,-4.6
1969,3,0,35.6,23.3,2,-4.6
1969,4,0,37.4,26.1,2,-4.7
1969,5,188,38.3,26.8,180,-1.9
1969,6,68,38.1,28.2,66,-2.3
1969,7,199,33,25.5,157,-1.8
1969,8,97,33.1,26,99,-2.2
1969,9,108,32.8,24.9,108,-2.7
1969,10,319,31.2,23.8,110,-1.4
1969,11,104,30.7,21.2,91,2
1969,12,85,28.3,18.7,94,4
1970,1,1,29.6,19,64,5.1
1970,2,3,32.4,20.6,60,6.2
1970,3,13,34.9,22.8,44,6.3
1970,4,9,36.5,25.8,23,5.7
1970,5,109,39,28,112,6.2
1970,6,165,35.9,26.4,159,6.5
1970,7,107,33.3,25.7,107,5.2
1970,8,198,32.2,25.2,131,5.3
1970,9,85,32.8,25.2,95,4.1
1970,10,200,31.1,23.8,112,3.9
1970,11,1,28.9,20.4,51,2.7
1970,12,0,27.8,16.6,34,2
1971,1,0,29.1,18.7,17,1.5
1971,2,7,32.4,20.2,16,1.3
1971,3,17,33.7,21.6,22,1.5
1971,4,75,36.2,24.7,76,2.9
1971,5,90,38,26.7,89,3.4
1971,6,112,35.3,26.2,109,3.1
1971,7,73,33.7,26.2,72,1.6
1971,8,112,33.3,25.9,108,1.1
1971,9,179,32.8,25.4,124,1.1
1971,10,147,31.2,23.6,110,0.8
1971,11,6,29,19.1,37,-1.8
1971,12,0,27.7,17.6,15,-2.4
1972,1,0,28.5,17.3,9,-2.7
1972,2,7,31.7,19.4,13,-2.5
1972,3,0,34.9,21.8,4,-2.5
1972,4,8,37,25.7,11,-2.5
1972,5,16,39.8,28.8,18,-2.8
1972,6,109,39.7,29.5,106,-2.5
1972,7,84,34.6,26.7,82,-3.3
1972,8,48,34.4,26.7,47,-4.4
1972,9,72,33.8,26.4,70,-5.1
1972,10,310,31.5,24.2,118,-3.7
1972,11,86,30.4,20.9,93,-2.6
1972,12,17,30.2,20.2,67,-1.8
1973,1,0,31.2,19.2,52,-1
1973,2,0,33.3,20.8,24,-0.8
1973,3,2,35.5,22.9,14,-0.8
1973,4,0,38.2,27,8,-1.2
1973,5,21,40.9,29,25,-1.6
1973,6,88,38.3,28.5,87,-2
1973,7,96,33.7,26.5,94,-2.8
1973,8,148,32.9,25.9,139,-2.5
1973,9,124,33.4,25.8,120,-2.9
1973,10,265,31.4,24.2,116,-2
1973,11,40,29.8,20.2,72,-2
1973,12,2,29,18.7,47,-2
1974,1,0,29.3,17.9,24,-2
1974,2,0,32.5,19.6,13,-2
1974,3,0,35.4,22.7,8,-2
1974,4,10,37.5,26.1,15,-2
1974,5,26,38.9,27.2,28,-2.3
1974,6,100,37.6,27.4,98,-2.4
1974,7,99,34.5,26.6,96,-3.1
1974,8,102,33.4,26,99,-3.5
1974,9,238,33.1,25.6,146,-2.6
1974,10,239,31.8,23.8,116,-1.6
1974,11,32,30,19.9,77,-1.5
1974,12,1,28.9,17.4,54,-1.2
1975,1,0,29.1,17.7,42,-0.8
1975,2,1,32.4,20.2,20,-0.8
1975,3,0,34.9,23,11,-0.9
1975,4,0,37.5,25.8,7,-1.3
1975,5,37,40.4,28.8,40,-1.5
1975,6,152,37,27.4,148,-0.8
1975,7,200,33.2,25.4,144,0.3
1975,8,109,33,26.2,115,-0.5
1975,9,233,32,24.6,119,1
1975,10,216,31.5,24.2,107,1.7
1975,11,37,28.9,19.6,79,1.6
1975,12,2,28.2,17.1,57,1.7
1976,1,0,28.6,17.6,51,2
1976,2,0,31.4,19.2,22,1.7
1976,3,0,35.3,22.4,12,1.3
1976,4,3,36.6,25.3,10,0.7
1976,5,22,39.4,27.8,26,-1.1
1976,6,54,37.9,27.6,55,-1.8
1976,7,273,32.8,25,133,1.3
1976,8,191,32.8,25.4,129,2
1976,9,80,32.7,25.2,98,1.5
1976,10,85,31.9,24.4,91,1.2
1976,11,214,30.4,22,107,3.6
1976,12,1,29.5,18.9,64,3.7
1977,1,1,29.6,17.6,60,4.2
1977,2,0,32.1,20.3,38,4.2
1977,3,1,34.9,22.7,18,3.8
1977,4,36,36.5,25.6,44,4
1977,5,62,38.4,27.4,66,3.8
1977,6,86,37.9,28.2,86,3.2
1977,7,111,34.1,26.3,109,2.2
1977,8,191,33.2,25.6,122,2.6
1977,9,53,33.6,25.7,77,1.2
1977,10,123,31.2,24.5,119,-1.7
1977,11,188,31.1,22.3,100,1.5
1977,12,10,29.4,18.7,49,1.4
1978,1,1,29.8,18.8,33,1.4
1978,2,9,31.6,20.1,23,1.4
1978,3,3,34.4,22.3,12,1.2
1978,4,1,36.6,25.9,7,0.7
1978,5,22,40.3,28.8,26,-0.4
1978,6,209,37.4,27.8,172,1.6
1978,7,244,33,25.7,133,2.5
1978,8,293,32.2,25.5,119,4.6
1978,9,240,33,25.6,140,5.4
1978,10,81,32.1,24.9,104,4.7
1978,11,48,31.4,22,76,4.5
1978,12,13,29,19.9,58,4.4
1979,1,1,30,19.8,51,4.4
1979,2,8,32.1,21.1,29,4.2
1979,3,0,34.2,22.7,11,3.7
1979,4,18,37.1,26.3,25,3.3
1979,5,128,38.7,27.7,126,4.3
1979,6,64,38.3,29,64,3.2
1979,7,67,34.7,27.5,66,1.4
1979,8,58,33.9,26.9,57,-3.4
1979,9,211,32.9,26,123,-2.6
1979,10,48,32.4,24.9,77,-3.3
1979,11,124,30.8,22.7,99,-2.4
1979,12,13,30,20.1,40,-2.3
1980,1,0,30.9,19.5,14,-2.6
1980,2,0,33,21.1,8,-2.7
1980,3,3,35.2,23.5,8,-2.6
1980,4,5,37.3,26.7,8,-2.7
1980,5,36,40.4,29.1,38,-2.7
1980,6,204,36.8,27.4,172,-0.9
1980,7,161,33.8,26.1,154,-0.9
1980,8,162,33,25.7,154,-0.8
1980,9,98,33.5,25.8,101,-1.4
1980,10,123,32.2,24.8,119,-1.8
1980,11,63,30.7,21.5,65,-2.1
1980,12,13,29.9,19.5,16,-2.7
1981,1,2,29.1,19,5,-3
1981,2,0,32.5,20.4,2,-3.2
1981,3,13,34.3,22.4,14,-2.7
1981,4,13,37.2,26.4,14,-2.6
1981,5,48,39.5,28.3,47,-2.4
1981,6,85,38,28.9,82,-2.6
1981,7,231,33.9,26.4,163,-1.9
1981,8,115,33,25.6,122,-2.2
1981,9,168,32.7,25.7,117,-1.8
1981,10,211,31.6,24.8,116,-1.2
1981,11,22,29.9,20.8,71,-1.3
1981,12,5,29.3,19.2,52,-1.3
1982,1,1,30.3,19.3,29,-1.3
1982,2,0,32.7,20.8,14,-1.3
1982,3,0,35,23.1,9,-1.4
1982,4,11,36.8,25.9,17,-1.4
1982,5,37,38.5,27.6,39,-1.4
1982,6,75,38.1,28.5,74,-1.7
1982,7,171,34.5,26.7,162,-1.7
1982,8,115,33.4,26,112,-2.3
1982,9,90,33.4,25.5,88,-2.9
1982,10,131,32.1,24.5,121,-3.1
1982,11,49,30.4,21.8,49,-3.4
1982,12,0,29.7,19.5,2,-4.2
1983,1,0,29.9,18.9,2,-4.4
1983,2,2,33.3,21.4,3,-4.4
1983,3,2,35.6,23.3,3,-4.3
1983,4,3,37.4,25.9,4,-4.4
1983,5,34,39.5,28.3,34,-4.2
1983,6,105,39,29.1,100,-3.8
1983,7,199,34.4,26.7,140,-3.1
1983,8,226,33.1,26.1,140,-1.8
1983,9,254,32.6,25,123,2.4
1983,10,182,31.7,24,115,2.9
1983,11,23,30,20,77,2.5
1983,12,20,29.4,19,65,2.8
1984,1,1,29.8,20.6,49,2.9
1984,2,7,32.5,20.4,29,2.8
1984,3,2,33.6,22.9,14,2.5
1984,4,10,36.5,25.9,17,2.1
1984,5,18,40.4,28.6,22,1.3
1984,6,56,38,28.2,57,-1.5
1984,7,157,33.6,25.6,147,-1.5
1984,8,45,34,26.2,46,-3
1984,9,101,33.4,25.5,98,-3.5
1984,10,104,32,24.1,101,-3.9
1984,11,28,29.6,20.1,28,-4.6
1984,12,4,30.4,19.5,5,-5.3
1985,1,5,30.2,20.2,6,-5.3
1985,2,0,32.5,20.5,1,-5.3
1985,3,2,35.6,23.4,3,-5.1
1985,4,2,37.5,26.6,3,-5.1
1985,5,20,40.1,28.5,20,-5.2
1985,6,92,37.2,27.4,88,-5
1985,7,130,33.4,25.5,124,-4.9
1985,8,133,33.4,25.8,127,-4.8
1985,9,83,33.6,25.7,79,-5.3
1985,10,223,31.2,23.3,118,-4.6
1985,11,4,29.7,20.6,41,-5
1985,12,58,29.7,19.6,67,-4.1
1986,1,5,28.7,18.7,17,-4
1986,2,16,31.7,20.1,23,-3.4
1986,3,0,34.6,23.1,5,-3.3
1986,4,30,37.1,25.6,32,-2.7
1986,5,34,40.1,28.3,36,-2.7
1986,6,93,37.6,27.8,90,-2.7
1986,7,108,34.5,26.6,104,-3.3
1986,8,225,33.3,26.1,145,-2.2
1986,9,36,34,26.5,63,-3.2
1986,10,49,32.6,24.6,61,-4
1986,11,95,31,21.2,92,-3.5
1986,12,14,30,20.4,21,-4
1987,1,0,30.1,19.3,6,-4.2
1987,2,0,31.5,19.2,4,-4.2
1987,3,29,33.9,21.9,31,-3
1987,4,81,37.2,26.3,79,-1.1
1987,5,10,38.5,27.2,12,-1.7
1987,6,55,39.4,29,54,-2.2
1987,7,108,34.7,27,104,-3
1987,8,182,33.9,26.1,152,-2.5
1987,9,81,34.7,26.7,83,-3.2
1987,10,212,32.1,24.6,117,-2.8
1987,11,115,30.8,21.4,97,-1.6
1987,12,33,29.4,19.9,64,-0.9
1988,1,0,30.4,19.5,33,-0.7
1988,2,6,33.2,20.9,21,-0.6
1988,3,0,35.3,23.6,9,-0.7
1988,4,22,36.2,25.7,27,1.1
1988,5,16,40.7,28.8,20,-0.5
1988,6,60,39,28.7,60,-1.1
1988,7,364,33.4,25.6,135,2.3
1988,8,231,33,25.9,123,3.7
1988,9,242,33,25.3,108,4.9
1988,10,31,32.1,24.1,94,3.8
1988,11,7,29.9,20.8,64,2.7
1988,12,54,30.2,18.7,71,2.9
1989,1,0,30,18.8,27,2.4
1989,2,0,32.4,19.3,13,1.9
1989,3,20,33.8,21.9,27,2.3
1989,4,0,37.1,25.8,6,1.6
1989,5,57,40.3,28.2,59,1.5
1989,6,129,37.3,27.3,125,1.8
1989,7,377,33.3,25.7,136,4
1989,8,161,33.5,25.5,145,4.1
1989,9,170,33.1,25.2,118,4.3
1989,10,84,32.3,24.6,107,3.8
1989,11,24,30.3,21.1,77,3.2
1989,12,5,29.5,18.7,54,2.8
1990,1,0,30.1,19.5,34,2.4
1990,2,22,32.6,20.7,36,2.7
1990,3,32,34.6,23.1,40,3.4
1990,4,1,37.4,26.1,7,2.7
1990,5,287,37,26.1,167,6.5
1990,6,120,36.7,26.7,136,7
1990,7,99,33.8,25.7,116,5.7
1990,8,165,33.4,26,136,5.4
1990,9,162,33.6,25.6,124,5.1
1990,10,168,31.5,23.9,117,4.9
1990,11,45,31.2,21.7,79,4.5
1990,12,4,30.1,19.8,54,4.1
1991,1,4,30.5,19.9,41,4
1991,2,0,32.9,21,16,3.5
1991,3,0,35.5,23.1,10,3
1991,4,3,37.2,25.9,9,2.4
1991,5,40,39.9,28.3,42,2
1991,6,232,36.6,27.2,153,3.8
1991,7,95,33.7,26.2,113,2.7
1991,8,144,33.3,26,143,2.2
1991,9,249,33.9,25.8,129,2.8
1991,10,138,32,24.7,122,2.7
1991,11,137,29.7,20.4,101,3.8
1991,12,8,29.2,18.5,65,4.1
1992,1,0,29.1,17.9,57,4.6
1992,2,0,32.8,19.9,35,4.5
1992,3,0,35.4,22.4,16,4.1
1992,4,1,37.1,25.4,11,3.4
1992,5,19,39.6,27.7,24,2.6
1992,6,60,38.2,28.3,62,1.7
1992,7,94,34.7,26.9,92,-2.1
1992,8,171,33.2,25.4,150,-1.8
1992,9,191,33.4,25.3,138,-1.4
1992,10,146,32.5,24.4,126,-1.4
1992,11,128,30.5,21.7,108,1.1
1992,12,0,29,18.1,40,0.9
1993,1,0,30.6,19.1,17,0.7
1993,2,0,32.3,19.4,10,-0.2
1993,3,0,34.9,22.4,7,-0.2
1993,4,3,37.2,25.5,7,-0.7
1993,5,45,40,27.9,46,-0.7
1993,6,57,39,28.6,57,-1.4
1993,7,121,34.5,26.3,117,-1.9
1993,8,92,34.2,26,89,-2.7
1993,9,107,33.7,25.3,103,-3.1
1993,10,205,32.2,24.5,115,-2.7
1993,11,9,30.3,21.4,42,-3.3
1993,12,12,28.5,18.8,27,-3.6
1994,1,3,30.6,19.3,12,-3.7
1994,2,9,32.5,20.3,15,-3.4
1994,3,0,35.9,23,4,-3.4
1994,4,7,36.8,25.7,10,-3.3
1994,5,12,40.6,28.5,14,-3.5
1994,6,71,38.1,27.9,70,-3.7
1994,7,280,33.2,25.5,160,-2.2
1994,8,124,33.2,25.4,132,-2.2
1994,9,74,33.8,25.4,100,-2.9
1994,10,359,32.1,24.3,114,-1
1994,11,197,29.7,20.4,104,3.9
1994,12,1,28.5,18,65,4
1995,1,3,29.2,18.1,56,4.5
1995,2,0,32.6,20.1,42,4.5
1995,3,6,35,22.5,23,4.3
1995,4,3,36.7,25.4,13,3.7
1995,5,237,37.7,26.4,170,6.5
1995,6,92,39.3,28.9,120,6.1
1995,7,214,33.7,26,160,5.9
1995,8,164,34,26.5,149,5.5
1995,9,213,33.7,25.6,136,5.6
1995,10,367,32.2,24,105,7.2
1995,11,26,31.4,22,74,6.4
1995,12,0,29.9,19.5,58,5.9
1996,1,0,31.1,19.5,47,5.6
1996,2,2,32.8,19.9,22,5
1996,3,0,36.2,22.5,11,4.3
1996,4,19,36.9,25.3,25,4
1996,5,7,40.9,28.6,11,2.9
1996,6,255,37.9,28.1,177,4.7
1996,7,218,33.8,26.7,158,5
1996,8,149,33.2,26,138,4.7
1996,9,135,33.3,25.9,127,4.3
1996,10,302,32,23.7,112,5.4
1996,11,49,30.9,21.5,84,5.1
1996,12,22,29.5,18.7,68,5.3
1997,1,1,29.4,18.2,54,5.4
1997,2,0,32.3,19.6,29,5.1
1997,3,7,35.3,22.5,21,4.8
1997,4,22,35.3,24.6,30,4.6
1997,5,9,39.7,27.9,14,3.5
1997,6,56,39.3,29.1,58,2.4
1997,7,198,34.7,27.1,169,2.2
1997,8,116,34.1,26.5,119,1.3
1997,9,333,33.6,25.7,133,2.7
1997,10,110,32.5,24.3,123,2.4
1997,11,104,31.7,22.8,101,3.2
1997,12,56,31.1,21.2,80,4.3
1998,1,2,31.7,20.5,62,5
1998,2,1,33.8,20.9,47,5.2
1998,3,0,36.4,22.7,19,4.7
1998,4,25,37.1,26,34,4.5
1998,5,11,40.9,28.8,18,3.5
1998,6,76,39.8,29.5,77,2.7
1998,7,167,34.4,26.9,156,2.3
1998,8,160,33.7,26.4,143,2.1
1998,9,181,33.6,25.9,131,2.1
1998,10,285,32.6,24.6,122,2.9
1998,11,44,31.6,21.9,81,2.9
1998,12,1,29.1,19,62,2.8
1999,1,0,30,18.1,50,3
1999,2,0,33.2,20.6,22,2.6
1999,3,0,36.4,23,12,2.2
1999,4,5,38.2,26.7,12,1.7
1999,5,63,38.7,27.5,65,1.8
1999,6,80,37.6,27.5,79,1.2
1999,7,151,33.8,26.6,146,0.7
1999,8,90,33.7,26.2,88,-1.7
1999,9,73,33.6,25.2,71,-2.7
1999,10,125,32.2,24.8,119,-3
1999,11,2,31.1,21.3,3,-4.1
1999,12,0,30,18.6,2,-4.9
2000,1,0,30.7,19.8,1,-5.1
2000,2,23,32.6,21,23,-4.4
2000,3,0,35,22.4,1,-4.3
2000,4,8,38.2,26.7,9,-4.2
2000,5,71,39.7,28,68,-3.4
2000,6,282,36.4,27,153,3
2000,7,180,33.7,25.8,150,3.2
2000,8,324,32.9,26.2,135,5.4
2000,9,122,33.6,26.1,126,4.9
2000,10,63,32.9,25,102,4.1
2000,11,8,31.5,21.5,65,3.1
2000,12,1,28.4,18,45,2.4
2001,1,0,30.2,19.2,21,1.8
2001,2,0,33.1,20.9,11,1.3
2001,3,4,35.7,23.4,11,1.1
2001,4,13,36.2,25,17,1
2001,5,18,40.8,29.3,21,-1.8
2001,6,124,37.4,27.5,121,-1.2
2001,7,71,35.3,27.7,70,-2.5
2001,8,202,33.1,25.7,145,-1.7
2001,9,121,33.3,25.5,116,-1.7
2001,10,205,31.9,24.3,112,-1.2
2001,11,38,30.9,21.7,67,-1.2
2001,12,2,28.9,18.4,44,-1.2
2002,1,2,30,19,25,-1.1
2002,2,0,32.8,20.6,12,-1.2
2002,3,1,35.4,23.1,9,-1.2
2002,4,4,37.1,25.9,9,-1.4
2002,5,106,41,29.4,105,0.9
2002,6,95,38.1,28.2,93,0.8
2002,7,61,36.6,28.9,61,-1.5
2002,8,181,33.1,25.7,146,-1.1
2002,9,41,34.5,26.7,48,-2.3
2002,10,216,31.8,24.2,116,-1.9
2002,11,30,29.8,20.5,60,-2.1
2002,12,0,30,19.5,34,-2.4
2003,1,0,30.2,19.2,16,-2.6
2003,2,4,33.1,20.9,13,-2.5
2003,3,4,35.2,22.9,10,-2.4
2003,4,5,37.6,26.4,9,-2.4
2003,5,5,41.8,30.3,8,-3
2003,6,78,39.9,30,77,-3
2003,7,180,34.3,26.6,128,-2.4
2003,8,95,33.6,26.2,101,-2.7
2003,9,125,34.1,26.3,122,-2.9
2003,10,183,31.9,24.3,111,-2.6
2003,11,1,30.6,21.3,45,-3.2
2003,12,17,29.2,18.7,35,-3.4
2004,1,1,29.7,18.7,12,-3.4
2004,2,0,31.8,19.6,7,-3.4
2004,3,2,35,22.7,7,-3.2
2004,4,11,37.2,26.1,14,-3
2004,5,67,38.1,26.5,67,-2.3
2004,6,94,37.8,27.9,91,-2.2
2004,7,139,33.8,26.1,132,-2.3
2004,8,78,34.4,27,76,-3.2
2004,9,308,33.1,25.4,122,-1.5
2004,10,142,31.4,23.8,113,-1.1
2004,11,7,30,20.7,68,-1.3
2004,12,0,29.4,19,52,-1.3
2005,1,1,30.8,19.9,36,-1.1
2005,2,2,32.8,20.6,18,-1.1
2005,3,3,35.3,23,12,-1
2005,4,6,36.9,25.7,12,-1.1
2005,5,60,39.2,27.7,61,-0.8
2005,6,47,39.8,29.9,48,-1.5
2005,7,213,34,26.3,149,-0.9
2005,8,80,34.1,26.7,99,-1.8
2005,9,316,33.4,25.7,127,1.5
2005,10,337,31.7,24.1,96,3.5
2005,11,25,29.7,20.4,75,3.1
2005,12,2,29.3,18.9,56,2.9
2006,1,0,30,19,48,3
2006,2,0,32.2,20,20,2.6
2006,3,10,34.9,22.6,21,2.6
2006,4,46,36.7,25.5,51,3.2
2006,5,119,38.6,27,119,4.1
2006,6,140,37.6,27.7,136,4.4
2006,7,142,35.1,27.4,138,3.4
2006,8,113,33.8,26.4,110,2.4
2006,9,145,33.4,25.6,128,1.9
2006,10,484,32.2,24.6,120,4.1
2006,11,137,30.5,21.2,98,5.3
2006,12,0,29.9,19.5,63,5.3
2007,1,0,30,19.1,59,5.6
2007,2,3,32,19.8,41,5.5
2007,3,0,34.7,22.4,17,5
2007,4,7,36.3,25.1,16,4.3
2007,5,12,41,29.5,18,3.3
2007,6,222,36.9,27,152,4.9
2007,7,197,34.2,26.5,139,5
2007,8,166,33.4,26,131,5.1
2007,9,186,33,25.3,118,5.2
2007,10,131,31.8,24.1,113,5
2007,11,25,29.9,20.6,75,4.4
2007,12,3,30.4,19.9,56,4.1
2008,1,0,30,19,49,4.1
2008,2,21,32.1,19.9,41,4.3
2008,3,5,34,21.7,16,3.9
2008,4,4,36.3,25.1,11,3.3
2008,5,11,41.4,29.9,16,2.4
2008,6,96,38.6,28.7,95,2.1
2008,7,172,34.3,26.6,136,2
2008,8,270,33,25.6,128,3.4
2008,9,173,33.4,25.7,125,3.6
2008,10,61,32.2,24.5,93,3
2008,11,110,30.6,21.3,100,3.7
2008,12,0,30.1,19.7,56,3.7
2009,1,0,30.1,19.1,51,3.9
2009,2,0,32.9,20.7,27,3.7
2009,3,0,34.7,22.4,14,3.3
2009,4,4,37.3,26.2,12,2.7
2009,5,135,39.5,28,134,3.9
2009,6,93,39.4,29.5,92,3.3
2009,7,72,35.5,27.9,72,1.5
2009,8,191,34.9,27.5,141,1.8
2009,9,113,34,26.3,113,1.2
2009,10,44,32.7,25.1,56,-2.4
2009,11,82,30.9,21.7,79,-2.1
2009,12,6,29.9,19.5,14,-2.8
2010,1,1,30.4,19.4,6,-3.1
2010,2,0,32.4,20.2,4,-3.1
2010,3,0,35.6,23.3,3,-3.2
2010,4,57,37.9,26.8,56,-1.9
2010,5,142,39.9,28.3,137,2.4
2010,6,117,38.2,28.4,113,2.4
2010,7,279,33,25.3,132,3.5
2010,8,180,33.5,26.1,129,3.9
2010,9,420,33,25.2,128,6.8
2010,10,288,32.1,24.4,107,7.8
2010,11,121,31.1,21.8,90,8.4
2010,12,60,29.2,18.7,83,9.2
2011,1,0,29.1,18.2,68,9.7
2011,2,21,31.9,19.7,62,10.5
2011,3,0,34.7,22.4,30,9.7
2011,4,33,36.3,25.2,46,9.4
2011,5,41,40.1,28.5,48,8.4
2011,6,82,38.6,28.7,84,7.1
2011,7,227,34.3,26.6,142,7.1
2011,8,122,33.3,25.9,120,6.3
2011,9,40,34.2,26.5,74,4.4
2011,10,75,32.7,25.1,83,3.2
2011,11,18,30.8,21.5,29,1.7
2011,12,3,30.5,20.1,10,-3.6
2012,1,5,29.7,18.8,9,-3.7
2012,2,0,32.2,20,4,-3.7
2012,3,0,35.5,23.2,3,-3.7
2012,4,5,37,25.8,7,-3.6
2012,5,58,40.7,29.1,57,-3.1
2012,6,126,39.8,30,121,-2.5
2012,7,151,33.5,25.8,144,-2.6
2012,8,149,33.5,26.1,142,-2.4
2012,9,177,33.2,25.4,129,-2.1
2012,10,223,31.9,24.3,127,-1.5
2012,11,77,30.3,21,87,-0.9
2012,12,1,30.2,19.8,46,-0.9
2013,1,0,30.7,19.8,25,-0.8
2013,2,19,32.2,20,31,0.4
2013,3,1,34.5,22.2,9,-0.1
2013,4,47,36.9,25.7,50,1.5
2013,5,40,40.3,28.7,42,1.2
2013,6,158,37,27.1,153,1.9
2013,7,198,33.3,25.7,143,2.1
2013,8,91,33,25.6,100,1.2
2013,9,113,33.3,25.5,110,0.7
2013,10,334,31.9,24.2,108,1.8
2013,11,50,30.5,21.2,82,2
2013,12,0,29.1,18.7,61,2.1
2014,1,0,33.9,23,58,2.3
2014,2,0,31.7,19.5,21,2
2014,3,3,34.5,22.2,14,1.8
2014,4,3,36.7,25.6,10,1.4
2014,5,61,39.5,28,63,1.5
2014,6,54,40.1,30.2,55,0.6
2014,7,201,34.9,27.2,158,0.7
2014,8,170,34.5,27.1,145,0.9
2014,9,139,33.6,25.8,131,0.7
2014,10,108,32.4,24.8,108,-0.4
2014,11,38,30.2,21,56,-1.1
2014,12,3,30.3,19.9,14,-1.8
2015,1,0,30.2,19.2,7,-2.1
2015,2,0,31.9,19.7,5,-2.2
2015,3,2,35,22.7,6,-2.2
2015,4,34,36.4,25.3,35,-1.5
2015,5,14,40.7,29.2,15,-1.9
2015,6,261,36.8,27,163,2.3
2015,7,73,36.3,28.7,109,1
2015,8,135,33.6,26.2,132,0.7
2015,9,130,33.6,25.8,125,-1.4
2015,10,111,33,25.4,110,-1.8
2015,11,69,30.9,21.6,74,-1.8
2015,12,5,31.1,20.7,14,-2.5
2016,1,0,31,20,7,-2.8
2016,2,0,34.2,21.5,5,-2.9
2016,3,2,35.8,23.9,5,-2.8
2016,4,4,38.1,27,6,-3
2016,5,195,38.6,28.9,185,-2.9
2016,6,146,35.8,26.8,140,-1.9
2016,7,117,32,25.6,113,-2.1
2016,8,91,33.9,26.5,88,-2.7
2016,9,279,32.3,25.4,115,-2.2
2016,10,78,33,24.4,104,-3.1
2016,11,8,31.1,21,54,-4.1
2016,12,14,30.1,19.1,44,-4.2
2017,1,0,30.6,19.3,15,-4.4
2017,2,0,33.6,20,9,-4.4
2017,3,1,34.6,23.4,7,-4.2
2017,4,3,37.5,26.6,7,-4.2
2017,5,44,39.9,28.6,45,-4.4
2017,6,207,36.2,27,167,-3.2
2017,7,172,34.1,26.6,152,-3.7
2017,8,139,32.2,25.6,127,-2.5
2017,9,107,33.2,25.9,107,-2.2
2017,10,196,32.3,25.4,116,-1.8
2017,11,12,31.1,22.5,55,-2.3
2017,12,0,30.1,19,31,-2.5
2018,1,0,30.4,18.3,14,-2.6
2018,2,0,33.3,19,9,-2.5
2018,3,0,35.8,22.7,6,-2.4
2018,4,20,36.3,26.1,24,-1.9
2018,5,24,38.8,27.6,26,-2.1
2018,6,159,37.4,27.5,152,-1.3
2018,7,146,33.2,25.9,140,-1.1
2018,8,146,32.8,25.7,138,-0.7
2018,9,126,33.4,25.6,120,-0.7
2018,10,100,33.1,24.8,98,-1.3
2018,11,13,30.8,22.1,14,-1.7
2018,12,51,28.6,19.7,50,1.1
2019,1,2,30.1,19.2,3,-2.4
2019,2,2,33.8,21.6,3,-2.6
2019,3,2,36.5,24.2,3,-2.7
2019,4,6,37.8,26.7,6,-2.8
2019,5,7,40.9,29.4,7,-3.3
2019,6,96,40,30.1,92,-3
2019,7,154,35.2,27.5,146,-3
2019,8,192,34,26.6,140,-2.2
2019,9,201,33.3,25.6,117,-1.4
2019,10,407,32.3,24.7,100,3.1
2019,11,11,32.2,22.9,71,2.6
2019,12,7,30.8,20.3,55,2.5
