Product: Historical Climate - TerraClimate(http://www.climatologylab.org/terraclimate.html) 
Location (Lat/Lon of 4-km Grid Cell Center): 27.8125 North,93.5625 East 
Data Source: NW Climate Toolbox(https://climatetoolbox.org/tool/point-data-download)
Download Date: 07/24/2020
Variable List: 
ppt: ppt (Precipitation)
tmax: tmax (Maximum Temperature)
tmin: tmin (Minimum Temperature)
aet: aet (Actual Evapotranspiration)
PDSI: pdsi (Palmer Drought Severity Index (PDSI))
********************************************************
Year,Month,ppt(mm),tmax(degC),tmin(degC),aet(mm),PDSI(unitless)
1958,1,24,19.3,6.6,39,0.2
1958,2,48,18.6,7.8,52,0.6
1958,3,23,24.1,11,60,-0.9
1958,4,130,26.7,15.2,115,-0.8
1958,5,355,27.3,18.1,114,0.8
1958,6,304,30.3,21.3,122,-0.5
1958,7,465,30,20.9,120,-0.1
1958,8,529,27.6,20.2,90,0.9
1958,9,272,28.8,19.9,97,-0.4
1958,10,142,27.2,16,81,0.6
1958,11,4,25.2,9.5,41,-0.4
1958,12,5,21,6.8,30,-0.1
1959,1,32,19.2,6.1,42,0.5
1959,2,32,18.4,6.7,43,0.1
1959,3,72,23.4,10.2,79,0.8
1959,4,125,26.8,15,109,0.8
1959,5,405,27.2,17.5,110,2.2
1959,6,468,28.2,20.4,101,2.6
1959,7,317,29.4,20.9,120,1.2
1959,8,247,29.2,20.3,118,-2.2
1959,9,323,27.4,18.6,97,-1.8
1959,10,202,24.4,16.1,80,1.5
1959,11,12,23.5,10.2,43,1.2
1959,12,4,21.9,6.8,33,1
1960,1,7,18.7,4.6,33,-0.4
1960,2,58,21.2,8.9,58,0.5
1960,3,24,23.1,10.7,57,-0.9
1960,4,37,27.8,15.6,58,-2.4
1960,5,174,29.1,19.1,126,-3.1
1960,6,372,29.2,20.7,118,-3.6
1960,7,488,28.1,20.4,105,-2.5
1960,8,369,28.7,20.8,117,-2.6
1960,9,348,27.1,19.8,94,-1.9
1960,10,34,26.1,16,70,-2.6
1960,11,9,23.2,10.1,41,-2.9
1960,12,7,21.9,7,31,-3
1961,1,11,20.3,7.2,29,-3.1
1961,2,15,19.6,7.7,31,-3.4
1961,3,92,22.4,11.1,87,-2.4
1961,4,89,26.6,15.1,94,-2.8
1961,5,311,27.1,18.8,119,-2.4
1961,6,296,29.7,20.6,132,-2.7
1961,7,347,29.5,20.7,125,-3.3
1961,8,392,28.9,21.4,115,-3.2
1961,9,343,27.9,19.8,110,-2.6
1961,10,82,26.2,16.3,86,-2.7
1961,11,19,21.1,10,48,-2.5
1961,12,1,17.8,5.2,30,-2.4
1962,1,30,18.3,4.6,43,-1.8
1962,2,50,18.4,6.9,52,-1.2
1962,3,54,22.8,10.1,72,-1.2
1962,4,105,26.3,15.3,107,-1.4
1962,5,345,26.6,18.2,117,-0.6
1962,6,693,28,20.5,103,2.8
1962,7,346,29.2,21.2,122,1.6
1962,8,606,27,20.7,95,2.9
1962,9,334,27.4,19.9,103,2.8
1962,10,61,25.7,15,78,1.9
1962,11,7,23.6,9.9,41,1.3
1962,12,6,20.2,6.9,30,1
1963,1,22,18.5,4,38,0.9
1963,2,24,19.6,7.4,39,-1.1
1963,3,50,22.3,10.6,65,-1.4
1963,4,103,24.5,14.3,102,-1.6
1963,5,297,26.7,17.6,117,-1.3
1963,6,393,28,20.1,114,-1.1
1963,7,448,28.4,21.1,112,-0.7
1963,8,497,27.5,20.7,101,1
1963,9,180,28.7,19.7,108,-1.6
1963,10,148,24.8,14.9,86,-0.8
1963,11,34,20.6,9.7,52,0.3
1963,12,3,19.3,6.1,32,0
1964,1,9,19,5.4,36,-0.2
1964,2,23,19.1,7.3,41,-0.5
1964,3,97,22.8,10.1,95,0.3
1964,4,124,24.7,14.5,107,0.4
1964,5,178,27,17.3,130,-0.3
1964,6,369,28.9,19.8,111,-0.7
1964,7,425,28,20.2,118,-0.7
1964,8,371,28.4,20,121,-1
1964,9,299,27.3,19.6,100,-1
1964,10,86,27,16.1,88,-1.2
1964,11,5,23.4,10.8,45,-1.6
1964,12,7,20,5.9,34,-1.5
1965,1,3,18.9,4.3,28,-1.9
1965,2,45,17.6,6.7,49,-1.4
1965,3,40,20.7,8.8,61,-1.8
1965,4,94,25.5,14.2,97,-2.2
1965,5,284,27.4,18.5,117,-2
1965,6,361,28.9,20.5,115,-1.9
1965,7,426,28.4,20.1,114,-1.7
1965,8,505,27,19.8,109,-0.8
1965,9,302,27.3,18.9,98,-0.9
1965,10,48,24.4,14.4,73,-1.5
1965,11,114,20.2,9,64,2.1
1965,12,2,20.5,6.7,33,1.9
1966,1,21,17.9,4.4,41,2
1966,2,11,21.3,7.7,38,1.3
1966,3,15,24.7,10.2,57,-1.5
1966,4,71,25.8,14.3,85,-2.3
1966,5,278,28.9,19,130,-2.3
1966,6,639,27.5,19.7,116,-0.7
1966,7,366,29.2,20.8,114,-1.2
1966,8,587,27.7,20.6,102,1.9
1966,9,321,26.7,18.8,104,1.8
1966,10,95,23.8,14.1,88,1.5
1966,11,19,24.4,11.7,44,1.3
1966,12,4,20.4,7.6,33,1.1
1967,1,12,19.4,6.6,36,0.8
1967,2,18,19.8,7.3,39,-0.4
1967,3,108,20.8,10.1,92,1
1967,4,100,24.5,13.9,104,0.6
1967,5,166,27.2,17.7,121,-1
1967,6,371,28,19.8,113,-1.5
1967,7,278,29.3,20.4,118,-2.8
1967,8,253,29.7,20.4,129,-3.8
1967,9,314,27.8,18.9,104,-3.4
1967,10,23,25.2,13.7,67,-4.1
1967,11,23,19.8,9.5,46,-4
1967,12,1,19.3,6.2,26,-4
1968,1,30,17.3,4.9,40,-3.4
1968,2,96,18.1,6.4,56,-1.6
1968,3,53,22.3,10.7,72,-1.5
1968,4,107,24.9,13.6,107,-1.5
1968,5,348,27.2,17.7,114,-0.6
1968,6,433,27.9,20.1,117,1.9
1968,7,466,27.7,20.5,111,2.2
1968,8,336,29.1,20.3,121,1.3
1968,9,301,28,19.9,89,1.2
1968,10,99,24.3,14.3,89,1
1968,11,4,22.9,10,41,-0.4
1968,12,0,20.1,5.9,31,-1.1
1969,1,36,18.5,5.8,45,0.5
1969,2,3,20.5,7.4,29,-0.7
1969,3,129,23.4,10.9,100,1.3
1969,4,65,25.9,14.8,87,-0.8
1969,5,197,28.6,18.8,125,-1.4
1969,6,395,28.5,20.9,115,-1.6
1969,7,453,28.7,21.1,115,-1.1
1969,8,465,28.2,20,104,-0.6
1969,9,253,27.6,19.7,101,-1.2
1969,10,81,24.6,14.8,86,-1.4
1969,11,10,23.2,10.2,41,-1.5
1969,12,1,20.4,6.7,29,-1.6
1970,1,32,17.7,5,42,-1
1970,2,40,18.6,6.8,48,-0.7
1970,3,49,23.1,10.8,67,-0.8
1970,4,90,25.8,14.2,97,-1.3
1970,5,307,28,18.5,123,-0.9
1970,6,472,29,20.7,125,0.5
1970,7,467,28.1,20.9,108,1.1
1970,8,422,28.2,20.3,110,1.1
1970,9,265,27.8,19.3,99,-0.5
1970,10,213,24.9,15.1,90,1.5
1970,11,14,21.8,10.7,45,1.1
1970,12,0,20.7,6.5,30,0.8
1971,1,12,18.3,5.6,32,-0.2
1971,2,26,19.1,6.6,41,-0.7
1971,3,90,23,10.4,93,0.5
1971,4,98,25.3,14.5,101,-0.5
1971,5,194,26.8,18.3,122,-1.1
1971,6,543,28.2,20.7,112,0.6
1971,7,399,28.8,20.2,123,-0.3
1971,8,390,28.2,19.5,112,-0.1
1971,9,198,28.5,19.1,101,-1.7
1971,10,181,25.5,15.4,84,1.1
1971,11,84,21,10.1,63,2.5
1971,12,2,19.4,5.8,36,2.3
1972,1,16,19.8,6,38,2.1
1972,2,14,19.4,7.2,38,1.5
1972,3,74,23.6,10.8,83,1.7
1972,4,138,24.4,13.7,103,1.9
1972,5,264,28,18.5,118,1.9
1972,6,265,29.2,20.2,129,1
1972,7,362,30,21.2,115,-1.3
1972,8,321,29.1,19.7,136,-2
1972,9,284,27.4,18.8,97,-2.1
1972,10,32,26.3,15,70,-2.8
1972,11,10,22.1,9.7,42,-3.1
1972,12,2,21.3,6.5,27,-3.3
1973,1,26,20.1,6.7,38,-3
1973,2,59,19.6,8.4,59,-2.2
1973,3,28,23.4,10,54,-3
1973,4,158,26.9,14.9,125,-2.5
1973,5,277,27.8,18.8,122,-2.2
1973,6,641,28.3,20.4,113,1.8
1973,7,292,30.3,20.2,129,-1.5
1973,8,443,29,20.3,126,-1.2
1973,9,350,28.1,19.4,105,-0.7
1973,10,90,25.3,15.8,92,-0.9
1973,11,41,22.2,10,58,0.4
1973,12,24,19.2,7.2,41,1.3
1974,1,24,18.2,5.2,41,1.4
1974,2,8,21.2,8,37,0.7
1974,3,38,22.7,10.4,64,-1
1974,4,118,26.2,14.9,115,-1.2
1974,5,243,27.3,18.2,119,-1.3
1974,6,376,28.5,20.4,114,-1.4
1974,7,610,27.3,20.2,122,1.8
1974,8,445,28,20.6,122,1.7
1974,9,295,26.7,19,103,1.3
1974,10,85,27.3,17.4,91,0.8
1974,11,8,24.4,10.6,47,-0.4
1974,12,2,19.3,6.9,31,-1.1
1975,1,13,18.3,6.1,32,-1.3
1975,2,106,19,7.5,65,1.6
1975,3,33,23.1,10.6,67,0.9
1975,4,84,26.5,14.6,94,-1
1975,5,262,27.2,18,120,-1.1
1975,6,306,29.6,21.2,122,-1.5
1975,7,379,28.2,20.3,105,-1.7
1975,8,404,29,20.1,111,-1.6
1975,9,348,26.8,19.6,97,-1
1975,10,120,26.9,16.5,89,-0.7
1975,11,4,23.8,9.9,48,-1.1
1975,12,3,19.9,5.4,32,-1.2
1976,1,36,18.2,5.1,46,-0.7
1976,2,34,19.9,8.3,45,-0.6
1976,3,66,23.3,11,79,-0.6
1976,4,103,25.8,14.7,106,-0.9
1976,5,203,27.1,18.3,125,-1.5
1976,6,536,27.7,19.7,116,-0.8
1976,7,362,28.9,19.5,111,-1.3
1976,8,339,28.4,19.9,119,-1.7
1976,9,171,28.4,18.5,104,-3.1
1976,10,51,25.1,14.4,74,-3.5
1976,11,14,25,11.4,46,-3.5
1976,12,1,20.9,6.5,30,-3.6
1977,1,10,19,5.2,30,-3.6
1977,2,22,21.1,7.7,36,-3.7
1977,3,62,24.1,11.6,75,-3.8
1977,4,224,23.5,14.2,116,-2.1
1977,5,398,25.5,17.1,120,2.8
1977,6,456,27.1,19,107,3
1977,7,386,28.9,21.1,125,2.2
1977,8,497,28.4,20.2,112,2.6
1977,9,364,27.9,19.8,103,2.8
1977,10,170,23.3,14.5,88,3.4
1977,11,51,21.7,10.4,55,3.8
1977,12,18,18.8,7.1,38,4
1978,1,12,16.7,4.2,36,3.6
1978,2,23,18.8,7.1,43,3.1
1978,3,49,22.1,10.2,70,2.6
1978,4,125,25.4,14.1,101,2.6
1978,5,306,27,18.6,117,2.9
1978,6,479,28.2,20.3,120,3.2
1978,7,410,28.8,20,111,2.7
1978,8,469,28.8,20.8,109,2.8
1978,9,358,27,19.4,101,3
1978,10,117,25.8,16.3,89,2.9
1978,11,56,22,11.2,60,3.4
1978,12,0,20.5,6.2,35,3
1979,1,9,19.2,5.6,34,2.6
1979,2,39,19,7.3,50,2.4
1979,3,80,22.5,10.5,89,2.6
1979,4,69,27.1,15.2,91,1.4
1979,5,123,29.8,18.7,118,-2
1979,6,343,29.9,21.1,131,-3
1979,7,464,28.3,20.4,114,-2.3
1979,8,379,28.5,20.9,122,-2.3
1979,9,313,27,18.6,102,-2.1
1979,10,209,24.4,15.1,89,1.4
1979,11,10,24.4,11.8,42,1
1979,12,30,18.5,7.3,43,1.7
1980,1,42,17.7,4.6,48,2.3
1980,2,28,19.4,7.7,43,2.1
1980,3,76,22.1,10.8,82,2.4
1980,4,136,26.3,14.9,108,2.5
1980,5,340,26.1,17.9,122,3.3
1980,6,347,29,21,118,2.7
1980,7,464,29,21.1,115,2.8
1980,8,557,28.1,21.1,101,3.6
1980,9,296,28,20.2,97,3.1
1980,10,102,24.4,15.1,88,2.7
1980,11,2,23.6,9.9,42,2
1980,12,0,21.5,7.4,30,1.5
1981,1,45,17.3,5.9,48,2.1
1981,2,27,20.6,8,41,1.8
1981,3,66,21.8,10.6,76,1.7
1981,4,188,24.2,14.2,106,2.6
1981,5,338,27.1,18,122,3.5
1981,6,357,29.4,21.1,115,3
1981,7,487,28.4,21,115,3.3
1981,8,391,29.1,21.3,115,2.8
1981,9,246,28.4,19.2,109,1.7
1981,10,29,27.4,15.1,68,-1.9
1981,11,2,23.4,10.3,39,-2.5
1981,12,48,19,6,49,-1.1
1982,1,4,19.7,5.8,27,-1.5
1982,2,33,18.2,7.4,42,-1.4
1982,3,68,22.4,10.5,75,-1.3
1982,4,168,24.4,14.1,93,1.1
1982,5,156,28.1,17.7,131,-0.6
1982,6,356,28.5,20.9,108,-1
1982,7,289,29.1,20.9,106,-2.1
1982,8,298,30,20.5,119,-2.8
1982,9,206,28.9,19.1,103,-3.7
1982,10,45,25.3,14.5,75,-4.1
1982,11,57,21.6,9.9,59,-3
1982,12,12,19.7,6.4,34,-2.5
1983,1,29,16.6,4.3,41,-1.9
1983,2,51,17,6.1,52,-1.2
1983,3,62,21.7,10,72,-0.8
1983,4,143,23.7,13.6,111,1.8
1983,5,268,26.4,17.7,112,2.1
1983,6,267,29.9,20.5,112,1.2
1983,7,364,30.3,20.7,113,-1.2
1983,8,343,29.7,20.3,107,-1.5
1983,9,383,27.7,19.5,95,0.8
1983,10,121,26.4,16,94,0.9
1983,11,5,23.2,9.9,46,-0.4
1983,12,9,19.8,5.6,32,0
1984,1,22,18.1,5.3,37,0.1
1984,2,11,20.3,8.5,34,-0.7
1984,3,37,24.5,11.3,58,-1.3
1984,4,131,26,15.2,109,-1
1984,5,268,27.1,18.1,107,-0.9
1984,6,346,29.4,20.9,122,-1
1984,7,478,27.7,20.5,106,0.6
1984,8,321,29.1,19.9,119,-0.7
1984,9,365,26.7,18.5,94,0.6
1984,10,74,27.3,15.9,80,-0.4
1984,11,3,22.5,8.7,43,-0.8
1984,12,11,21.1,7.4,34,-0.8
1985,1,13,18.2,6.2,33,-0.9
1985,2,26,19,7.6,38,-0.9
1985,3,57,24.4,11.9,67,-0.9
1985,4,133,26.1,15.2,116,-0.8
1985,5,232,27.6,18.5,129,-1
1985,6,392,28.8,20.8,118,-1
1985,7,614,27.2,20.1,108,2
1985,8,285,29.7,20.9,127,0.7
1985,9,323,27.6,19.2,96,0.8
1985,10,65,26.1,15.5,82,-1.2
1985,11,11,22.3,10.3,43,-1.4
1985,12,13,20.7,7.5,34,-1.3
1986,1,4,20,6,28,-1.6
1986,2,17,19.8,7.5,35,-1.9
1986,3,47,22.9,10.9,64,-2.2
1986,4,189,23.8,14.3,99,-1
1986,5,120,27.5,17.9,129,-1.9
1986,6,307,30.3,21.2,118,-2.7
1986,7,539,29.2,20.3,117,-1.3
1986,8,355,29.3,20.3,119,-1.7
1986,9,381,26.7,19.1,94,-0.7
1986,10,222,23.5,14.2,86,2.8
1986,11,19,22.6,10.1,46,2.5
1986,12,7,19.3,7.1,33,2.2
1987,1,7,19,5.4,33,1.7
1987,2,44,20.4,8.1,51,1.7
1987,3,86,22.2,10.3,84,2.2
1987,4,143,24.8,14.5,111,2.4
1987,5,192,28,17.8,126,1.7
1987,6,227,30,21.4,116,-1.4
1987,7,467,28.5,21.3,108,-0.8
1987,8,535,27.1,20.9,109,1.3
1987,9,405,27.3,20.2,93,2.3
1987,10,89,25.4,15.5,88,1.8
1987,11,7,25,10.1,44,1.3
1987,12,5,21.1,6.5,33,1
1988,1,12,19.9,6.4,34,0.7
1988,2,24,21.1,8.9,40,-1
1988,3,58,23.3,11.2,70,-1.1
1988,4,142,25.7,14.8,113,-0.8
1988,5,359,27.8,18.2,122,1
1988,6,271,30,20.7,128,-0.7
1988,7,467,28.8,21,108,0.7
1988,8,607,27.8,20.7,89,2.1
1988,9,327,27.6,19.5,96,2.1
1988,10,130,26.6,15.4,91,2.2
1988,11,79,23,10.3,68,3.3
1988,12,11,20.2,8.6,37,3.3
1989,1,8,18.2,6.2,35,2.9
1989,2,66,18.8,7.9,62,3.4
1989,3,33,23.5,11.3,65,2.7
1989,4,125,25.3,14.6,116,2.4
1989,5,250,29.1,18.9,125,2.1
1989,6,364,29.2,20.7,111,1.8
1989,7,375,28.8,20.6,112,1.2
1989,8,320,28.5,20.6,108,-1.3
1989,9,404,27.7,20.3,90,1.1
1989,10,87,26,16,84,0.8
1989,11,21,22.1,10.2,48,0.7
1989,12,4,18.6,5.4,33,0.6
1990,1,5,21.2,6.3,32,-0.4
1990,2,43,18.6,8.3,49,0.2
1990,3,68,21,9.6,74,0.6
1990,4,130,23.6,13.3,92,1
1990,5,252,27.7,18.4,124,0.9
1990,6,526,29.1,20.7,105,1.8
1990,7,505,28.5,20.8,105,2.5
1990,8,311,29,20.6,111,1.6
1990,9,445,27.1,19.4,91,2.9
1990,10,184,24.9,15.6,85,3.7
1990,11,2,24.7,10.4,44,2.8
1990,12,3,20.8,7.3,31,2.3
1991,1,49,17.2,5,50,3
1991,2,45,20.8,8.2,49,3
1991,3,56,23.8,11.4,72,2.6
1991,4,109,24.9,14.9,97,2.4
1991,5,275,27.2,17.3,107,2.5
1991,6,523,27.8,20.4,106,3.2
1991,7,476,28.8,20.7,119,3.3
1991,8,571,27.7,20.6,107,4.1
1991,9,416,27,19,94,4.9
1991,10,180,25.6,15.7,85,5.4
1991,11,6,22.4,9.6,44,4.5
1991,12,16,18.2,6.1,35,4.3
1992,1,17,17.6,4.7,35,3.9
1992,2,60,16.9,5.8,55,4.2
1992,3,77,23.8,10.5,80,4.3
1992,4,176,25.7,14.5,111,4.8
1992,5,192,26.1,17.3,118,4.3
1992,6,339,28.7,20.3,116,3.6
1992,7,355,28.7,20.1,118,2.5
1992,8,407,28.5,20.4,112,2.2
1992,9,241,28.5,18.9,108,1.1
1992,10,127,25.3,14.9,89,1.3
1992,11,6,22.5,9.1,45,0.7
1992,12,14,18,5.2,36,0.9
1993,1,36,18.5,6.1,44,1.3
1993,2,78,20.1,7.6,59,2.3
1993,3,71,21.9,9.7,81,2.5
1993,4,170,24.8,14.2,108,3.1
1993,5,288,27.2,17.4,114,3.7
1993,6,398,28.2,19.6,108,3.5
1993,7,343,29.3,20.4,113,2.3
1993,8,549,28,21.2,93,3.2
1993,9,430,26.8,19.3,102,4.1
1993,10,65,26.1,15.4,76,3.2
1993,11,15,23.4,10,46,2.7
1993,12,1,21.3,7.4,30,2.1
1994,1,23,20.3,7.1,38,1.9
1994,2,34,18.8,7.4,45,1.7
1994,3,113,22.2,10.4,83,2.8
1994,4,170,24.9,15,105,3.4
1994,5,227,28.1,18.9,126,3.3
1994,6,314,29.4,20.6,114,2.6
1994,7,338,30.7,20.4,138,1.2
1994,8,448,29.3,20.9,121,1.2
1994,9,220,28.9,20.2,103,-2
1994,10,103,25.6,14.7,84,-1.8
1994,11,24,21.5,10.6,49,-1.5
1994,12,2,19.4,5.7,32,-1.5
1995,1,41,17.6,5.5,48,-0.6
1995,2,36,18.5,7.5,45,0.2
1995,3,51,24,11.4,67,0
1995,4,105,25.7,14.6,106,-0.2
1995,5,320,29.3,19.3,108,0.9
1995,6,509,29.5,21.4,98,1.8
1995,7,452,28.3,20.5,116,1.9
1995,8,380,28.5,20.5,115,1.4
1995,9,412,27.3,19.9,95,2.4
1995,10,38,26.8,15.7,70,1.3
1995,11,62,23.4,11.6,61,1.9
1995,12,7,20,8.1,33,1.8
1996,1,17,18.6,6.4,35,1.6
1996,2,25,19.6,7.7,41,1.2
1996,3,96,23.4,11.3,91,1.9
1996,4,113,26.4,15,112,1.6
1996,5,380,27.2,18.4,103,2.6
1996,6,301,28.6,19.9,118,1.9
1996,7,452,27.9,20.7,101,2.1
1996,8,480,28.3,20.4,112,2.3
1996,9,232,27.4,20.3,102,1.2
1996,10,234,25.6,16,83,2.9
1996,11,0,23.5,11.3,41,2.1
1996,12,0,21.4,6.4,31,1.5
1997,1,24,17.8,5,38,1.5
1997,2,46,17.2,6.7,50,1.6
1997,3,86,22.4,11.1,85,2.1
1997,4,197,22.9,13.5,109,3.1
1997,5,159,27.1,17.9,105,2.6
1997,6,395,28,20,97,2.5
1997,7,428,28.9,20.3,126,2.2
1997,8,382,29.1,20.5,118,1.7
1997,9,345,26.4,19,98,1.9
1997,10,21,24.2,14.5,68,0.6
1997,11,18,22.3,10.5,41,-1.4
1997,12,13,18.7,6.7,31,-1.4
1998,1,11,18.8,5.4,30,-1.6
1998,2,64,20.1,8.2,61,-0.9
1998,3,73,21.6,10.2,78,0.3
1998,4,214,25.6,14.8,112,1.9
1998,5,231,29.4,19,125,2
1998,6,667,29.1,20.8,91,3.7
1998,7,455,27.9,21.1,97,3.8
1998,8,535,27.6,21.3,83,4.4
1998,9,209,28.6,19.1,108,2.8
1998,10,98,27.3,17.6,85,2.4
1998,11,19,24.7,11.6,50,2
1998,12,3,20.9,7.5,34,1.7
1999,1,15,19.9,5.8,36,1.4
1999,2,3,22.9,9.4,31,-1.9
1999,3,18,25.2,11.6,47,-2.9
1999,4,86,28.1,16.2,87,-3.2
1999,5,338,27.6,19.2,117,-2.6
1999,6,367,29.3,21.6,111,-2.3
1999,7,440,28.3,20.6,118,-2
1999,8,494,27.3,20.7,97,-1.1
1999,9,296,27.8,19.7,101,-1.2
1999,10,104,25.6,16.4,82,-1
1999,11,15,24.2,11.3,46,-1.1
1999,12,18,20.4,7.5,39,-0.6
2000,1,36,18,6.1,45,1.3
2000,2,18,18.2,7.7,40,0.8
2000,3,54,21.8,9.8,69,0.7
2000,4,134,25,14.2,104,0.9
2000,5,360,27.5,18.7,116,1.8
2000,6,504,28.7,21.1,101,2.5
2000,7,348,28.6,21,119,1.4
2000,8,590,27.4,20.8,99,2.6
2000,9,328,26.9,19.1,95,2.5
2000,10,56,26.1,15.5,78,1.6
2000,11,17,23.4,10.7,44,1.2
2000,12,0,21.1,6,30,0.7
2001,1,4,20.8,5.9,28,-1.6
2001,2,17,21.3,9,33,-2
2001,3,62,22.8,10.9,72,-2
2001,4,93,25,14.8,93,-2.3
2001,5,516,26.8,18.3,123,1.9
2001,6,367,28.3,20.9,104,1.7
2001,7,405,29.7,21,121,1.2
2001,8,450,28.1,21.5,111,1.4
2001,9,339,27.6,20.4,95,1.6
2001,10,166,25.3,16.1,82,2.3
2001,11,18,24.3,10.3,46,2
2001,12,2,20.8,7.3,33,1.7
2002,1,24,18.4,6.1,38,1.7
2002,2,16,21.8,8.5,37,1.1
2002,3,107,23.2,11.3,98,1.9
2002,4,168,25.1,14.8,103,2.6
2002,5,272,27,18.1,129,2.8
2002,6,357,28.7,21,104,2.4
2002,7,430,27.9,21.4,92,2.5
2002,8,409,28.3,20.5,111,2.2
2002,9,213,27.6,19.6,110,0.8
2002,10,89,24.8,15.4,87,-1.3
2002,11,73,23.3,11.3,65,1.2
2002,12,26,20.5,8,42,1.9
2003,1,14,19.7,5.1,39,1.9
2003,2,51,19.1,8.2,56,2.2
2003,3,34,22.3,10.2,63,1.7
2003,4,207,25.6,15.4,102,2.9
2003,5,156,26.4,18.2,117,2.5
2003,6,512,27.8,20.9,103,3.2
2003,7,528,28.4,20.9,103,4
2003,8,342,29.1,21.7,102,3.2
2003,9,367,27.8,20.7,95,3.5
2003,10,80,26.6,16.7,78,2.9
2003,11,4,24.2,10.6,43,2.2
2003,12,18,20.2,7.8,38,2.3
2004,1,22,18.2,5.9,38,2.1
2004,2,19,20.3,7.2,40,1.5
2004,3,83,25.7,11.8,86,1.8
2004,4,288,24.4,15,102,4.1
2004,5,286,28,19,109,4.8
2004,6,378,28,20.9,103,4.4
2004,7,493,27.1,20.7,102,4.8
2004,8,323,29,21.3,111,3.6
2004,9,192,28.2,19.4,102,1.9
2004,10,240,24.2,15.3,87,3.6
2004,11,15,21.8,10.6,48,3.1
2004,12,6,21.5,7,34,2.7
2005,1,25,19.1,6.9,40,2.6
2005,2,19,20.2,9.3,39,2
2005,3,101,23.2,11.5,87,2.7
2005,4,181,25.2,15.3,107,3.4
2005,5,368,25.9,18.2,111,4.7
2005,6,302,29.3,20.9,111,3.7
2005,7,378,29.1,21.2,123,2.8
2005,8,308,28.6,21.6,107,1.8
2005,9,210,29,20.5,127,-2.8
2005,10,187,24.9,16.7,90,-1.4
2005,11,9,24,9.7,46,-1.6
2005,12,0,21.6,6.8,31,-1.7
2006,1,1,21.3,6.6,28,-2.2
2006,2,147,22.8,9.2,64,2.5
2006,3,65,23.7,11.9,86,2.6
2006,4,291,24.5,14.7,114,4.9
2006,5,446,27.8,18.8,128,6.8
2006,6,468,28.5,21.4,112,6.7
2006,7,361,30.1,21.3,138,5.1
2006,8,190,30.4,20.8,143,2.8
2006,9,282,28.6,19.5,109,2.1
2006,10,88,25.6,15.7,93,1.6
2006,11,40,22.4,11.3,54,1.8
2006,12,5,21.9,7.3,35,1.7
2007,1,14,20.8,5.7,37,1.4
2007,2,101,18.8,7.6,63,2.8
2007,3,27,24.5,10.7,66,2
2007,4,257,25.9,14.9,109,3.8
2007,5,235,29.2,19.3,129,3.9
2007,6,435,29.2,20.3,108,3.9
2007,7,559,28.7,21.2,103,5
2007,8,378,29.4,21.1,110,4.2
2007,9,391,27.6,19.6,105,4.6
2007,10,63,27.4,16.8,77,3.6
2007,11,17,23.3,10.9,47,3
2007,12,2,22.2,6.5,31,2.4
2008,1,60,19.2,7.4,55,3.3
2008,2,23,18.9,6.2,41,2.8
2008,3,85,22.8,11.5,84,3.1
2008,4,134,26,15.6,105,3.1
2008,5,378,27.5,19.9,125,3.9
2008,6,665,28.1,20.9,104,5.4
2008,7,461,29,20.9,112,5.2
2008,8,453,27.7,21,99,5
2008,9,220,28.4,19.8,108,3.4
2008,10,222,25.2,15.4,95,4.6
2008,11,10,22.9,9.7,47,3.8
2008,12,1,22.2,7.7,30,3.1
2009,1,13,21.5,6.7,34,2.6
2009,2,22,21.9,9.3,40,1.9
2009,3,45,23.9,11.5,64,1.2
2009,4,117,27.4,15.6,112,0.9
2009,5,124,28.4,19,120,-2.5
2009,6,254,30.4,21.1,112,-3.9
2009,7,322,30.3,21.3,115,-4.7
2009,8,415,28.9,21.1,102,-4.1
2009,9,211,29.3,19.7,112,-4.9
2009,10,99,27.8,15.6,89,-4.5
2009,11,8,25.2,10.4,44,-4.4
2009,12,5,21.1,7.3,30,-4
2010,1,1,20.9,5.3,30,-4.1
2010,2,14,21.4,7.9,35,-4.3
2010,3,121,25,12,96,-2.7
2010,4,223,26.7,15.3,97,-0.7
2010,5,413,27.9,19.2,108,4.7
2010,6,310,29,21.1,100,3.9
2010,7,379,29.6,21.4,107,3.1
2010,8,374,29.3,21.7,112,2.5
2010,9,468,27.6,20.5,97,4
2010,10,225,25.9,16.9,90,5.2
2010,11,22,24.6,11.9,48,4.6
2010,12,2,21.1,6.7,34,4
2011,1,11,18.7,5.7,34,3.4
2011,2,22,21,7.6,40,2.7
2011,3,85,23.5,11.2,87,2.9
2011,4,78,25.7,15.2,89,2
2011,5,179,28.5,19,121,1
2011,6,303,29.3,21.3,113,-2.3
2011,7,508,28.5,21.3,104,-1.1
2011,8,395,29,20.2,121,-1.2
2011,9,269,29.3,19.8,108,-1.7
2011,10,26,26.8,15.7,72,-2.6
2011,11,13,23.2,9.4,42,-2.9
2011,12,6,22.2,7.1,29,-3
2012,1,18,17.6,5.2,32,-2.9
2012,2,7,20.6,8.1,27,-3.5
2012,3,48,23.5,10.8,60,-3.8
2012,4,121,24.8,14.2,104,-3.4
2012,5,227,29.1,18.9,139,-3.7
2012,6,445,28.8,21,105,-3.3
2012,7,463,28.7,21.3,114,-2.6
2012,8,346,29.6,21,127,-2.9
2012,9,362,27.6,19.4,102,-2.1
2012,10,82,25.8,14.2,88,-2.2
2012,11,5,23.7,8.9,45,-2.5
2012,12,4,21.5,6.4,31,-2.5
2013,1,2,19.4,5.1,27,-2.8
2013,2,59,21.1,8.6,60,-2.1
2013,3,107,24.2,11.9,101,-1.1
2013,4,210,25.3,15.1,113,2.3
2013,5,368,27.2,18.3,116,3.7
2013,6,439,29.9,21.6,128,3.6
2013,7,443,28.9,21.5,112,3.4
2013,8,308,29.5,19.9,133,2.2
2013,9,287,27.5,19.3,116,1.5
2013,10,299,25.2,15.7,93,3.9
2013,11,2,24.2,8.6,45,3
2013,12,30,20.4,6.6,43,3.4
2014,1,2,19.8,6.1,31,2.6
2014,2,32,19.9,7.9,44,2.2
2014,3,46,23.2,11.5,66,1.6
2014,4,67,26.7,16.2,82,-1.8
2014,5,334,26.8,17.9,114,-1.2
2014,6,335,30.1,21.4,120,-1.4
2014,7,347,29.4,22.2,119,-2.1
2014,8,538,27.9,20.7,103,-0.9
2014,9,397,27.8,20,103,1.7
2014,10,41,26.6,15.6,79,0.6
2014,11,12,24.6,10.7,42,-1.4
2014,12,0,21.9,7.4,28,-1.8
2015,1,9,18.9,6.4,28,-2.1
2015,2,32,20.8,7.5,42,-2.1
2015,3,31,24.4,11.6,50,-2.9
2015,4,132,23.9,15,105,-2.5
2015,5,263,27.6,18.6,111,-2.4
2015,6,413,28.9,20.9,107,-1.9
2015,7,260,30.2,20.6,136,-3.5
2015,8,588,28.1,20.4,97,-1.8
2015,9,264,28.2,19.7,103,-2.2
2015,10,63,26.8,15.6,86,-2.7
2015,11,18,24.2,10.6,47,-2.7
2015,12,6,20,7.5,32,-2.6
2016,1,27,17.6,5.9,39,-2.3
2016,2,32,20.5,8.9,42,-2.2
2016,3,47,23.3,11.5,62,-2.2
2016,4,173,25.6,14.9,101,-0.7
2016,5,313,27.1,18.2,118,-0.7
2016,6,392,29.1,21.1,109,-0.6
2016,7,383,28.6,20.8,103,-0.8
2016,8,176,30.5,21.2,138,-2.8
2016,9,279,27.9,20.1,99,-3.8
2016,10,73,27,16.8,86,-4
2016,11,9,24.2,10.7,45,-4.1
2016,12,3,22,8.2,32,-3.8
2017,1,4,19.4,7,29,-3.8
2017,2,48,20.9,9.3,53,-4
2017,3,75,21.8,10.2,79,-3.2
2017,4,146,24.5,14.9,102,-2.7
2017,5,261,27.9,18.8,121,-2.5
2017,6,495,29,20.8,108,-2.3
2017,7,407,29.4,21.1,131,-3.7
2017,8,383,29.3,21.3,111,-4
2017,9,259,28.6,20.2,100,-4.7
2017,10,160,26.8,16.7,88,-4.4
2017,11,3,24.2,11.4,46,-4.2
2017,12,7,22.1,8.6,33,-3.9
2018,1,8,19.7,6.4,28,-3.5
2018,2,24,20.3,9.2,37,-3
2018,3,103,22.9,11.4,95,-2.5
2018,4,93,25.1,14.9,97,-2.6
2018,5,184,27.1,18.3,114,-2.7
2018,6,282,29.7,21.2,117,-3.7
2018,7,391,29.7,21.4,105,-4.1
2018,8,391,29.3,21.7,106,-4.7
2018,9,232,28.5,20.2,94,-4
2018,10,34,24.8,15.1,67,-3.6
2018,11,18,22.8,10.4,43,-2.3
2018,12,16,19.9,7.3,33,-1.8
2019,1,12,19.2,6.3,33,-2.6
2019,2,46,20.8,9.1,50,-2.2
2019,3,56,23.2,11,69,-2.1
2019,4,76,26.3,15.5,87,-2.7
2019,5,300,27.1,17.8,101,-2.2
2019,6,285,30,21.7,117,-2.6
2019,7,529,29.1,21,103,-1.1
2019,8,207,30.5,22.5,130,-2.6
2019,9,324,28.2,20,94,-2.1
2019,10,84,26.5,16.3,83,-2.2
2019,11,38,25.5,12.9,50,-1.5
2019,12,11,19.2,5.9,36,-1
