Product: Historical Climate - TerraClimate(http://www.climatologylab.org/terraclimate.html) 
Location (Lat/Lon of 4-km Grid Cell Center): 27.7708 North,94.3542 East 
Data Source: NW Climate Toolbox(https://climatetoolbox.org/tool/point-data-download)
Download Date: 07/24/2020
Variable List: 
ppt: ppt (Precipitation)
tmax: tmax (Maximum Temperature)
tmin: tmin (Minimum Temperature)
aet: aet (Actual Evapotranspiration)
PDSI: pdsi (Palmer Drought Severity Index (PDSI))
********************************************************
Year,Month,ppt(mm),tmax(degC),tmin(degC),aet(mm),PDSI(unitless)
1958,1,25,18.9,6.8,40,0.1
1958,2,48,17.8,7.7,52,0.2
1958,3,23,23.7,11.1,59,-1.1
1958,4,128,25.6,14.7,109,-1.6
1958,5,472,25.6,17.2,105,1.1
1958,6,341,29.4,20.8,111,-0.4
1958,7,521,29,20.3,117,1.1
1958,8,539,26.7,19.9,84,1.8
1958,9,302,28,19.7,93,1.5
1958,10,210,26.2,16.4,79,2.7
1958,11,4,25,10.2,42,2
1958,12,8,21.2,7.3,32,1.7
1959,1,33,18.5,6.6,43,1.9
1959,2,50,17.3,6.9,51,2
1959,3,76,22.7,10.4,79,1.9
1959,4,156,25.2,14.7,101,1.8
1959,5,488,25.3,16.9,99,3.3
1959,6,488,27.2,19.9,93,3.7
1959,7,331,28.5,20.6,118,2
1959,8,271,28.6,20.1,112,0.8
1959,9,308,26.7,18.5,93,0.6
1959,10,210,23.8,15.9,79,2
1959,11,21,23.3,10.2,47,1.7
1959,12,9,21.9,7,37,1.5
1960,1,5,18.6,4.7,34,0.8
1960,2,55,20.9,9.1,58,0.9
1960,3,26,22.8,10.9,57,-1.6
1960,4,63,26.6,15.2,81,-3.1
1960,5,220,27.9,18.3,120,-3.7
1960,6,389,28.1,20.3,111,-3.9
1960,7,537,27.2,19.9,101,-2.6
1960,8,406,28.1,20.6,115,-2.5
1960,9,331,26.5,19.7,91,-2.1
1960,10,34,25.6,16.1,70,-3
1960,11,12,23.2,10.6,44,-3.3
1960,12,11,21.9,7.1,35,-3.3
1961,1,18,19.9,7.2,34,-3.3
1961,2,23,19,7.8,37,-3.6
1961,3,137,21.9,11.1,85,-2.1
1961,4,144,25.5,14.6,111,-2.1
1961,5,347,25.5,17.9,114,-1.4
1961,6,269,28.7,20.1,125,-2.3
1961,7,393,28.5,20.1,119,-2.7
1961,8,375,28.3,21.2,110,-2.8
1961,9,291,27.4,19.6,107,-2.9
1961,10,129,25.8,16.5,91,-2.5
1961,11,27,21,10,52,-2.2
1961,12,2,17.5,5.2,32,-2.2
1962,1,30,17.6,4.4,44,-1.7
1962,2,62,18,7,58,-1
1962,3,62,22.3,10.1,76,-1.1
1962,4,108,25.2,14.7,106,-1.7
1962,5,409,25.3,17.4,112,-0.8
1962,6,567,27.1,20.2,95,1.9
1962,7,334,28.3,20.8,120,-1.2
1962,8,634,26.3,20.5,90,1.9
1962,9,261,26.8,19.8,102,1.1
1962,10,60,25.3,15,79,-1.3
1962,11,12,23.5,10,45,-1.6
1962,12,8,20,7,33,-1.7
1963,1,19,18.2,4,37,-1.7
1963,2,26,19.2,7.4,41,-2
1963,3,47,22,10.7,63,-2.5
1963,4,144,23.4,13.8,105,-2.7
1963,5,262,25.7,16.8,115,-2.8
1963,6,383,27.2,19.8,109,-2.7
1963,7,492,27.4,20.6,108,-2
1963,8,454,26.8,20.5,97,-1.5
1963,9,177,28,19.6,105,-2.9
1963,10,145,24.2,14.8,86,-2.1
1963,11,35,20.5,9.7,54,-1.7
1963,12,4,19.5,6.2,35,-1.6
1964,1,18,18.4,5.3,42,-1.6
1964,2,41,18.4,7.1,52,-1.5
1964,3,115,22.2,10,97,-0.7
1964,4,149,23.5,13.8,102,-0.6
1964,5,176,25.8,16.6,122,-1.2
1964,6,445,27.7,19.3,101,-0.6
1964,7,465,26.9,19.6,113,0.1
1964,8,384,27.7,19.8,117,-0.3
1964,9,309,26.6,19.4,97,-0.1
1964,10,115,26.4,16.1,92,-0.1
1964,11,6,23.3,10.9,49,-0.9
1964,12,15,19.9,6,41,-0.8
1965,1,5,18.5,4.2,31,-1.2
1965,2,62,17.2,6.6,57,-0.7
1965,3,49,20.5,9,66,-1
1965,4,129,24.3,13.6,104,-1.5
1965,5,243,26.1,17.6,109,-1.8
1965,6,400,27.8,20,106,-1.6
1965,7,434,27.3,19.5,109,-1.6
1965,8,506,26.3,19.5,101,-0.8
1965,9,350,26.5,18.7,91,0.3
1965,10,51,24.2,14.7,72,-0.8
1965,11,132,20.3,9.2,63,2.2
1965,12,3,20.4,6.9,33,2
1966,1,20,17.9,4.6,40,1.9
1966,2,20,20.8,7.6,41,1.3
1966,3,22,24.4,10.6,59,-1.4
1966,4,113,24.6,13.8,109,-2.1
1966,5,309,27.5,18,120,-2.2
1966,6,608,26.4,19.1,103,1.6
1966,7,393,28.1,20.2,107,0.9
1966,8,631,27,20.3,94,2.2
1966,9,301,26.2,18.7,101,1.7
1966,10,93,23.5,14.2,87,1.3
1966,11,30,24.1,11.8,47,1.3
1966,12,5,20.3,7.7,33,1.1
1967,1,17,19,6.5,40,0.9
1967,2,28,19.3,7.3,45,-0.4
1967,3,114,20.6,10.3,91,0.8
1967,4,97,23.5,13.4,100,-0.7
1967,5,186,26,16.9,114,-1.4
1967,6,402,27,19.3,107,-1.5
1967,7,296,28.4,19.9,114,-2.9
1967,8,253,29.1,20.1,124,-3.8
1967,9,310,27.2,18.7,100,-3.5
1967,10,34,24.8,13.7,68,-4.2
1967,11,24,19.8,9.7,48,-4.1
1967,12,2,19.4,6.5,29,-4.1
1968,1,34,17.1,5,43,-3.5
1968,2,99,17.5,6.3,56,-1.8
1968,3,64,21.8,10.7,76,-1.7
1968,4,137,23.8,13,107,-1.8
1968,5,418,25.8,16.7,106,-0.6
1968,6,406,27.2,19.8,107,1.7
1968,7,480,26.9,20.2,106,1.8
1968,8,360,28.4,20,112,1.2
1968,9,343,27.4,19.7,84,1.4
1968,10,100,24,14.5,87,1
1968,11,4,22.8,10,41,-0.5
1968,12,0,20.1,6,31,-1
1969,1,49,18,5.6,52,0.8
1969,2,4,19.8,7.4,31,-1
1969,3,137,23.4,11.1,97,1.1
1969,4,95,24.8,14.2,101,-0.7
1969,5,219,27.5,18,120,-1.3
1969,6,377,27.5,20.4,106,-1.4
1969,7,490,27.8,20.7,110,-0.9
1969,8,492,27.4,19.8,97,0.5
1969,9,228,27.1,19.6,100,-0.9
1969,10,88,24.3,14.7,87,-1.2
1969,11,14,23.1,10.4,43,-1.3
1969,12,2,20.3,6.8,31,-1.4
1970,1,40,17.4,4.9,47,-0.7
1970,2,64,18.2,6.9,60,1
1970,3,84,22.5,10.8,85,1.2
1970,4,136,24.8,13.7,109,0.8
1970,5,404,26.5,17.5,116,1.6
1970,6,424,27.9,20.2,117,1.6
1970,7,484,27.1,20.4,100,1.8
1970,8,459,27.6,20.1,107,1.9
1970,9,309,27.2,19,95,1.6
1970,10,203,24.6,15,89,2.6
1970,11,12,21.9,10.9,45,2
1970,12,0,20.5,6.5,31,1.5
1971,1,21,17.9,5.4,37,1.3
1971,2,38,18.5,6.5,48,1
1971,3,77,22.8,10.6,84,0.9
1971,4,130,24.4,13.9,110,-1.1
1971,5,222,25.8,17.6,119,-1.6
1971,6,492,27.3,20.3,105,-0.8
1971,7,431,27.9,19.7,119,-1
1971,8,405,27.6,19.1,106,-1.1
1971,9,227,27.8,18.9,98,-1.9
1971,10,230,25.1,15.4,83,1.6
1971,11,87,21,9.9,64,2.8
1971,12,4,19.4,5.7,38,2.5
1972,1,27,19.4,5.8,44,2.5
1972,2,17,18.9,7.3,40,1.7
1972,3,89,23.2,10.9,90,1.8
1972,4,196,23.3,13.1,99,2.2
1972,5,293,26.8,17.6,113,2.5
1972,6,275,28.2,19.7,124,1.2
1972,7,418,28.7,20.5,110,0.8
1972,8,287,28.6,19.5,133,-2.2
1972,9,240,26.8,18.9,95,-2.7
1972,10,41,25.6,15,72,-3.4
1972,11,8,22,9.8,42,-3.8
1972,12,4,21.2,6.9,29,-3.9
1973,1,29,19.6,6.8,41,-3.4
1973,2,63,19.2,8.6,61,-2.8
1973,3,32,23.2,10.4,57,-3.5
1973,4,213,25.7,14.3,116,-2.9
1973,5,286,26.5,17.9,115,-2.5
1973,6,687,27.4,20,105,2.4
1973,7,272,29.4,19.7,125,-1.9
1973,8,450,28.4,20.1,121,-1.6
1973,9,402,27.6,19.2,103,-0.7
1973,10,89,25.1,16,90,-1.1
1973,11,38,22.1,10,57,-0.7
1973,12,22,18.9,7,40,1.1
1974,1,34,17.8,5,46,1.5
1974,2,16,20.4,7.9,41,0.7
1974,3,50,22.2,10.3,70,-1
1974,4,185,24.7,14,110,-0.8
1974,5,276,26,17.4,112,-0.6
1974,6,382,27.7,20.1,105,-0.6
1974,7,618,26.3,19.8,117,1.7
1974,8,443,27.2,20.2,117,1.5
1974,9,338,26.1,18.9,100,1.5
1974,10,113,26.9,17.6,94,1.2
1974,11,12,24.4,10.9,50,0.7
1974,12,3,18.9,7.1,33,-0.3
1975,1,18,17.9,6.1,37,-0.8
1975,2,101,18.5,7.5,64,1.2
1975,3,46,23.2,11.2,72,0.6
1975,4,121,25.3,14.2,108,-0.5
1975,5,317,25.8,17.1,113,0.1
1975,6,299,28.6,20.7,114,-1.5
1975,7,375,27.3,19.9,99,-2
1975,8,464,28.4,19.9,105,-1.5
1975,9,301,26.3,19.4,94,-1.5
1975,10,130,26.4,16.5,88,-1.2
1975,11,8,23.5,10.1,49,-1.5
1975,12,6,19.6,5.4,35,-1.6
1976,1,26,17.9,5.2,42,-1.4
1976,2,56,19.2,8.2,57,-1
1976,3,101,23,11.2,97,0.4
1976,4,147,24.7,14.2,113,-0.2
1976,5,211,25.9,17.4,119,-0.8
1976,6,523,26.8,19.3,107,0.9
1976,7,449,28.1,19.1,105,0.8
1976,8,320,27.8,19.7,114,-0.7
1976,9,160,27.7,18.4,100,-2.2
1976,10,55,24.7,14.4,74,-2.8
1976,11,20,24.5,11.4,49,-2.8
1976,12,2,20.6,6.7,32,-2.9
1977,1,14,18.5,5.1,34,-3
1977,2,39,20.3,7.5,47,-2.9
1977,3,79,23.6,11.7,86,-2.8
1977,4,279,22.3,13.6,109,-1.2
1977,5,374,24.4,16.3,116,2.3
1977,6,466,26.2,18.6,99,2.6
1977,7,438,27.9,20.6,120,2.1
1977,8,555,27.7,19.9,105,2.7
1977,9,314,27.3,19.6,98,2.4
1977,10,181,23,14.6,88,3
1977,11,56,21.5,10.3,57,3.4
1977,12,27,18.9,7.3,43,3.8
1978,1,13,16.4,4.2,38,3.4
1978,2,40,18.4,7.2,51,3.1
1978,3,55,21.9,10.4,74,2.5
1978,4,147,24.4,13.6,95,2.3
1978,5,271,25.9,17.7,110,2.1
1978,6,481,27.5,19.9,113,2.5
1978,7,425,27.8,19.5,105,2
1978,8,447,28.3,20.6,103,2
1978,9,341,26.5,19.3,100,1.9
1978,10,114,25.3,16.3,88,1.7
1978,11,79,21.7,11.3,65,2.7
1978,12,0,20.4,6.2,36,2.3
1979,1,14,18.9,5.5,39,1.9
1979,2,34,18.5,7.3,49,1.5
1979,3,80,22.1,10.7,87,1.4
1979,4,77,26.1,14.7,95,-1.6
1979,5,136,28.5,17.8,120,-2.5
1979,6,334,29.1,20.8,123,-3.7
1979,7,495,27.5,20.1,108,-2.9
1979,8,361,27.8,20.6,118,-3.1
1979,9,339,26.5,18.6,97,-2.6
1979,10,229,23.9,15.1,87,-0.8
1979,11,13,24.1,11.8,43,-1
1979,12,39,18.7,7.5,47,2.1
1980,1,37,17.4,4.7,48,2.5
1980,2,38,18.8,7.5,49,2.2
1980,3,103,21.8,10.9,89,2.7
1980,4,211,25.3,14.5,102,3.4
1980,5,302,25.3,17.3,116,3.6
1980,6,328,28.2,20.7,108,2.8
1980,7,487,28.1,20.8,111,2.8
1980,8,598,27.4,20.9,97,3.7
1980,9,311,27.3,20,94,3.3
1980,10,129,23.9,15.1,85,3.1
1980,11,2,23.5,9.8,43,2.3
1980,12,0,21.3,7.4,31,1.6
1981,1,43,17.3,6,47,2.1
1981,2,42,20.1,8,49,1.8
1981,3,88,21.4,10.5,87,1.9
1981,4,192,23.4,13.9,103,2.2
1981,5,327,26,17.2,115,2.5
1981,6,375,28.5,20.6,107,2.1
1981,7,509,27.6,20.6,110,2.5
1981,8,453,28.4,21.1,110,2.4
1981,9,289,27.8,19.1,106,1.7
1981,10,50,26.9,15.3,76,0.6
1981,11,3,23.4,10.6,41,-1.9
1981,12,43,19.1,6.4,48,-0.8
1982,1,5,19.5,5.8,30,-1.3
1982,2,49,17.8,7.4,52,-1
1982,3,74,21.9,10.5,80,-1
1982,4,207,23.2,13.5,88,0.7
1982,5,173,27,17,127,-0.5
1982,6,363,27.5,20.4,95,-0.6
1982,7,329,28,20.4,102,-1.6
1982,8,338,29.4,20.3,113,-2.1
1982,9,249,28.1,18.9,98,-2.6
1982,10,39,24.9,14.6,73,-3.3
1982,11,75,21.6,10,64,-2.1
1982,12,18,19.5,6.7,38,-1.6
1983,1,34,16.3,4.2,45,-0.9
1983,2,62,16.5,6.2,57,1.9
1983,3,57,21,10,69,1.6
1983,4,170,22.5,13.1,103,1.8
1983,5,277,25.3,16.9,107,1.9
1983,6,342,28.9,20.1,105,1.3
1983,7,473,29.2,20.3,111,1.4
1983,8,331,29,20,100,0.7
1983,9,393,27,19.3,91,1.4
1983,10,121,26,16.1,90,1.3
1983,11,8,23,10,47,0.7
1983,12,14,19.7,5.8,36,0.8
1984,1,18,17.6,5.3,36,0.6
1984,2,14,19.5,8.5,37,-1
1984,3,52,24.1,11.4,68,-1.4
1984,4,192,24.8,14.7,103,-1
1984,5,299,25.7,17.1,101,-0.6
1984,6,346,28.5,20.5,111,-0.9
1984,7,502,26.7,20.1,102,0.6
1984,8,305,28.5,19.7,113,-0.8
1984,9,371,26.1,18.3,89,0.6
1984,10,93,26.7,15.9,81,-0.3
1984,11,3,22.3,8.7,46,-0.9
1984,12,20,20.8,7.5,39,-0.6
1985,1,14,17.8,6.1,36,-0.7
1985,2,29,18.5,7.5,41,-0.9
1985,3,88,23.7,11.8,84,-0.6
1985,4,192,24.8,14.5,109,0.3
1985,5,210,26.3,17.5,122,-0.3
1985,6,453,27.7,20.3,107,0.6
1985,7,598,26.2,19.6,100,2
1985,8,299,29,20.6,119,0.9
1985,9,309,26.9,19.1,89,0.8
1985,10,74,25.7,15.6,84,-1.4
1985,11,14,22,10.3,46,-1.5
1985,12,15,20.6,7.7,37,-1.3
1986,1,6,19.6,5.9,31,-1.7
1986,2,29,19.3,7.5,43,-1.9
1986,3,55,22.3,10.9,70,-2.2
1986,4,229,22.7,13.7,95,-1.2
1986,5,119,26.4,17.2,129,-1.9
1986,6,286,29.4,20.8,113,-2.8
1986,7,521,28.3,19.7,112,-1.9
1986,8,371,28.6,19.9,113,-2.1
1986,9,387,26.1,18.9,89,-1.1
1986,10,208,23.1,14.2,84,2.1
1986,11,25,22.5,10.2,50,1.9
1986,12,9,19.4,7.3,36,1.7
1987,1,6,18.7,5.2,34,1.1
1987,2,49,20,8.1,54,1
1987,3,109,21.7,10.1,86,1.7
1987,4,177,23.7,13.8,104,1.9
1987,5,215,26.7,17,124,1.5
1987,6,236,29,20.6,108,-1.3
1987,7,499,27.3,20.7,102,-0.7
1987,8,502,26.4,20.6,102,1
1987,9,443,26.4,19.9,88,2.2
1987,10,97,24.9,15.6,89,1.7
1987,11,11,24.9,10.1,47,1.1
1987,12,8,21.1,6.6,36,0.9
1988,1,15,19.5,6.2,37,0.6
1988,2,30,20.5,8.8,44,-1.2
1988,3,84,22.8,11.3,85,-0.9
1988,4,170,24.5,14.3,108,-0.8
1988,5,388,26.2,17.1,107,0.8
1988,6,250,29.1,20.2,118,-1.1
1988,7,518,27.8,20.5,102,0.7
1988,8,649,27.1,20.4,84,2.3
1988,9,342,27,19.4,92,2.3
1988,10,173,26.1,15.5,86,2.8
1988,11,62,23,10.5,65,3.3
1988,12,11,20.4,8.6,38,3.2
1989,1,11,17.9,6.1,37,2.7
1989,2,86,18.2,7.7,62,3.5
1989,3,36,23.1,11.4,68,2.6
1989,4,158,24,14.2,107,2.4
1989,5,233,27.8,18.2,123,1.9
1989,6,358,28.4,20.3,105,1.4
1989,7,394,27.8,20.1,106,0.8
1989,8,338,27.9,20.4,102,-1.7
1989,9,420,27,20.1,85,1.1
1989,10,128,25.5,16.1,81,1.2
1989,11,29,21.8,10.3,51,1.2
1989,12,7,18.7,5.6,35,1
1990,1,9,20.9,6.4,36,0.6
1990,2,59,18.3,8.4,58,0.9
1990,3,71,20.7,9.7,76,0.9
1990,4,171,22.5,13,85,1.2
1990,5,252,26.5,17.4,115,1.2
1990,6,591,28,20.1,95,2.6
1990,7,537,27.7,20.4,102,3.2
1990,8,318,28.3,20.3,104,2.2
1990,9,529,26.4,19.3,87,4.1
1990,10,160,24.4,15.6,83,4.3
1990,11,2,24.5,10.4,45,3.3
1990,12,5,20.9,7.6,33,2.7
1991,1,36,17,5.1,44,2.8
1991,2,49,20.3,8.1,51,2.7
1991,3,75,23.4,11.5,82,2.4
1991,4,134,23.7,14.4,93,2
1991,5,319,25.8,16.3,98,2.1
1991,6,551,27,20,99,3.1
1991,7,520,27.8,20.3,114,3.4
1991,8,529,27,20.4,103,3.7
1991,9,423,26.5,18.9,92,4.4
1991,10,182,25.2,15.9,82,4.9
1991,11,11,22.3,9.7,46,4.1
1991,12,25,18.3,6.2,39,4.2
1992,1,18,17.5,4.7,38,3.7
1992,2,85,16.4,5.8,55,4.4
1992,3,99,23,10.4,83,4.6
1992,4,197,24.6,14,106,5
1992,5,206,25,16.5,112,4.5
1992,6,371,27.9,20,109,3.8
1992,7,389,27.8,19.7,113,2.8
1992,8,358,27.9,20.2,106,2.1
1992,9,298,28,18.8,105,1.5
1992,10,135,24.9,15,87,1.7
1992,11,8,22.8,9.4,46,1.1
1992,12,11,18.2,5.3,35,0.9
1993,1,40,17.9,5.9,47,1.4
1993,2,94,19.5,7.4,59,2.5
1993,3,93,21.5,9.8,90,2.7
1993,4,164,23.9,13.8,106,2.9
1993,5,327,25.9,16.4,107,3.4
1993,6,475,27.4,19.4,102,3.7
1993,7,411,28.3,20.1,112,2.9
1993,8,595,27.2,21.1,89,3.8
1993,9,446,26.4,19.4,100,4.6
1993,10,81,25.6,15.7,80,3.7
1993,11,14,23.4,10.3,47,3
1993,12,1,21.3,7.5,32,2.4
1994,1,27,19.9,7.1,41,2.3
1994,2,44,18.4,7.4,51,2
1994,3,154,21.7,10.5,81,3.4
1994,4,204,23.9,14.6,101,4.1
1994,5,255,27.1,18.3,123,3.9
1994,6,328,28.5,20.2,111,3
1994,7,315,29.8,19.9,137,1.1
1994,8,418,28.6,20.6,118,0.8
1994,9,266,28.3,20.2,104,-2.4
1994,10,169,25.1,14.9,81,-1.3
1994,11,25,21.8,10.9,49,-1.2
1994,12,2,19.5,6,34,-1.2
1995,1,35,17.3,5.3,46,-0.7
1995,2,58,18.1,7.5,56,1.2
1995,3,69,23.4,11.5,76,1.1
1995,4,114,24.7,14.3,109,-0.5
1995,5,375,27.9,18.3,103,0.6
1995,6,500,28.4,20.9,93,1.4
1995,7,460,27.3,20,110,1.3
1995,8,350,27.9,20.3,111,0.7
1995,9,450,26.6,19.8,90,1.9
1995,10,51,26.4,15.7,72,0.9
1995,11,52,23.4,11.8,57,1.3
1995,12,11,19.8,8.3,36,1.3
1996,1,25,18.1,6.4,40,1.3
1996,2,37,19.3,8,48,1
1996,3,134,22.9,11.3,88,2.1
1996,4,148,25.3,14.6,112,2
1996,5,526,25.8,17.5,97,4
1996,6,265,27.7,19.6,109,2.6
1996,7,465,26.8,20.2,98,2.6
1996,8,490,27.7,20.3,107,2.7
1996,9,218,26.9,20.2,98,1.4
1996,10,215,25.2,16.1,80,2.7
1996,11,2,23.4,11.6,42,1.9
1996,12,0,21.4,6.7,33,1.3
1997,1,23,17.7,4.9,38,1.1
1997,2,59,16.7,6.7,56,1.4
1997,3,119,21.9,11.1,86,2.2
1997,4,173,22,12.9,107,2.3
1997,5,191,25.9,17,99,1.9
1997,6,432,27.2,19.8,92,2.1
1997,7,413,27.9,19.7,121,1.4
1997,8,305,28.4,20.2,116,-1.3
1997,9,367,25.8,18.8,95,-0.7
1997,10,28,23.9,14.8,69,-1.7
1997,11,28,22.2,10.7,46,-1.8
1997,12,17,18.7,7,36,-1.6
1998,1,18,18.4,5.4,36,-1.6
1998,2,78,19.6,8.1,62,-0.8
1998,3,106,21.1,10.4,89,1.3
1998,4,191,24.7,14.2,108,1.7
1998,5,310,28.2,18.1,116,2.1
1998,6,762,27.9,20.2,85,4.7
1998,7,483,26.9,20.7,93,4.7
1998,8,475,26.7,21,78,4.7
1998,9,198,28,18.9,104,3
1998,10,104,26.9,17.8,82,2.5
1998,11,18,24.6,11.7,50,2
1998,12,3,21,7.7,36,1.6
1999,1,11,19.6,5.6,36,1
1999,2,4,22.4,9.3,32,-2.6
1999,3,28,24.7,11.8,54,-3.5
1999,4,162,26.9,15.6,103,-3.5
1999,5,352,26.3,18.2,106,-2.9
1999,6,388,28.3,21.2,105,-2.6
1999,7,417,27.3,20.2,113,-2.7
1999,8,470,26.6,20.5,92,-2
1999,9,266,27.3,19.6,99,-2.4
1999,10,132,25.2,16.5,77,-1.8
1999,11,19,24.1,11.4,47,-1.8
1999,12,13,20.4,7.4,39,-1.4
2000,1,45,17.7,5.9,50,-0.6
2000,2,26,17.7,7.6,45,-0.9
2000,3,63,21.4,9.8,74,-1
2000,4,205,23.9,13.8,96,0.7
2000,5,329,26.4,17.8,107,1.6
2000,6,437,27.7,20.7,97,1.8
2000,7,397,27.6,20.6,115,1
2000,8,585,26.6,20.6,95,2
2000,9,348,26.2,19,93,2.1
2000,10,59,25.7,15.6,77,1.2
2000,11,28,23.2,10.9,49,1
2000,12,0,21.1,6.2,33,-1.1
2001,1,6,20.2,5.7,32,-1.5
2001,2,22,20.6,8.7,37,-2
2001,3,59,22.4,11,71,-2.2
2001,4,124,24.1,14.5,99,-2.6
2001,5,469,25.6,17.4,112,-1.4
2001,6,337,27.3,20.4,93,-1.6
2001,7,448,28.8,20.5,116,-1.5
2001,8,424,27.4,21.3,105,-1.4
2001,9,350,27,20.4,89,-0.9
2001,10,179,24.9,16.2,79,1.5
2001,11,26,24.3,10.4,49,1.4
2001,12,3,20.9,7.6,35,1.1
2002,1,32,18.2,6.1,44,1.3
2002,2,24,21.3,8.4,43,0.7
2002,3,102,22.8,11.3,96,1.1
2002,4,232,24.1,14.4,101,2
2002,5,247,26,17.2,118,2
2002,6,360,27.9,20.6,99,1.6
2002,7,480,26.9,21,87,1.9
2002,8,398,27.6,20.2,107,1.6
2002,9,217,27.1,19.5,104,-1.2
2002,10,75,24.4,15.5,81,-1.7
2002,11,68,23.3,11.5,64,-0.6
2002,12,18,20.7,8.2,40,1.2
2003,1,18,19.4,5.1,41,1.2
2003,2,58,18.8,8.2,59,1.5
2003,3,39,22.2,10.3,64,0.9
2003,4,204,24.5,14.8,101,1.4
2003,5,183,25.2,17.4,108,1.1
2003,6,418,26.9,20.4,90,1.3
2003,7,561,27.4,20.4,99,2.3
2003,8,395,28.3,21.5,97,1.9
2003,9,330,27.1,20.4,92,1.8
2003,10,73,26.2,16.8,74,1.2
2003,11,4,24,10.6,43,0.6
2003,12,12,20.4,8.1,36,0.6
2004,1,23,18.2,6,40,0
2004,2,26,19.7,7,44,-1.1
2004,3,122,25.1,11.7,94,0.8
2004,4,263,23.3,14.3,99,2.2
2004,5,333,26.5,18,101,2.9
2004,6,361,27.1,20.4,95,2.4
2004,7,494,26.1,20.2,99,2.7
2004,8,339,28.3,21.1,108,1.8
2004,9,215,27.5,19.2,99,0.6
2004,10,217,23.7,15.4,84,2
2004,11,11,21.8,10.7,47,1.4
2004,12,10,21.5,7.3,36,1.2
2005,1,29,18.9,6.9,43,1.3
2005,2,31,19.6,9.2,45,0.9
2005,3,152,22.6,11.4,81,2.4
2005,4,211,24,14.7,103,3.2
2005,5,336,24.8,17.4,108,3.8
2005,6,338,28.4,20.5,111,2.9
2005,7,382,28.3,20.7,122,1.8
2005,8,333,27.7,21.3,103,1.1
2005,9,167,28.5,20.4,124,-3.3
2005,10,146,24.6,16.7,89,-2.5
2005,11,17,23.7,9.8,49,-2.5
2005,12,2,21.7,7.1,34,-2.5
2006,1,1,20.7,6.1,31,-2.9
2006,2,113,22,9,63,-1.2
2006,3,89,23.3,12,93,-0.8
2006,4,274,23.3,14.1,107,3
2006,5,457,26.4,17.7,121,4.4
2006,6,471,27.5,21,106,4.5
2006,7,400,29.2,20.8,135,3.3
2006,8,223,29.9,20.6,134,1.4
2006,9,277,28,19.3,107,0.8
2006,10,94,25.2,15.9,94,-2.6
2006,11,48,22.4,11.4,58,-1.9
2006,12,8,21.7,7.5,38,-1.6
2007,1,10,20.4,5.7,38,-1.7
2007,2,107,18.5,7.5,63,1.6
2007,3,34,24.2,10.8,71,0.7
2007,4,271,24.7,14.2,103,2.2
2007,5,240,27.9,18.3,122,2.1
2007,6,428,28.2,19.8,103,2.2
2007,7,552,27.8,20.9,100,3
2007,8,334,28.7,20.9,103,2.1
2007,9,383,26.9,19.3,103,2.5
2007,10,77,26.9,16.9,79,1.7
2007,11,19,23.2,11.1,49,1.4
2007,12,3,22,6.8,35,1
2008,1,56,18.8,7.4,54,1.9
2008,2,26,18.4,6.2,44,1.3
2008,3,116,22.2,11.4,85,2.1
2008,4,166,24.7,14.9,105,2.1
2008,5,400,26.3,19,119,3.1
2008,6,601,27.3,20.4,98,4.3
2008,7,458,28,20.5,109,3.9
2008,8,431,26.9,20.8,94,3.6
2008,9,220,27.9,19.8,105,2.2
2008,10,188,24.9,15.5,92,2.9
2008,11,16,23,9.8,50,2.3
2008,12,1,22.3,7.8,32,1.8
2009,1,23,21,6.6,41,1.5
2009,2,33,21.4,9.2,48,1
2009,3,40,23.5,11.5,63,-1.6
2009,4,147,26.2,15,111,-1.9
2009,5,156,27.4,18.3,116,-2.6
2009,6,327,29.6,20.7,106,-3.5
2009,7,337,29.3,20.9,113,-4.3
2009,8,484,28.1,20.8,99,-3.4
2009,9,212,28.9,19.7,108,-4.2
2009,10,124,27.3,15.8,87,-3.7
2009,11,13,24.9,10.5,45,-3.6
2009,12,6,21.1,7.7,32,-3.3
2010,1,1,20.7,5.5,32,-3.6
2010,2,19,21,8.2,39,-3.9
2010,3,150,24.4,12,93,-2.2
2010,4,321,25.2,14.6,90,3.6
2010,5,424,26.5,18.2,96,4.8
2010,6,341,28,20.6,90,4.1
2010,7,381,28.7,20.9,106,3
2010,8,408,28.7,21.5,109,2.6
2010,9,495,27,20.3,95,4
2010,10,179,25.5,17,85,4.5
2010,11,39,24.3,11.9,54,4.3
2010,12,3,21.2,6.9,37,3.8
2011,1,15,18.3,5.7,38,3.2
2011,2,20,20.6,7.8,41,2.3
2011,3,120,23,11.2,91,2.9
2011,4,105,24.7,14.8,103,2
2011,5,167,27.4,18.1,110,1
2011,6,294,28.6,21,104,-2.2
2011,7,520,27.7,20.9,103,-1.2
2011,8,355,28.5,19.9,112,-1.6
2011,9,285,28.9,19.9,101,-1.8
2011,10,32,26.5,15.8,70,-2.7
2011,11,13,23.1,9.4,44,-3.1
2011,12,12,22.2,7.4,34,-3
2012,1,21,17.5,5.5,36,-2.9
2012,2,10,20.1,8.2,31,-3.6
2012,3,57,22.9,10.9,68,-3.8
2012,4,189,23.6,13.7,97,-3.3
2012,5,248,28,18.2,137,-3.4
2012,6,491,27.7,20.5,98,-2.3
2012,7,472,27.7,20.8,110,-1.9
2012,8,367,28.9,20.7,120,-2.1
2012,9,453,26.8,19.2,98,-0.6
2012,10,108,25.3,14.5,91,-0.7
2012,11,10,23.7,9.3,49,-1.1
2012,12,6,21.4,6.8,35,-1.2
2013,1,3,19.2,5.2,31,-1.7
2013,2,42,20.9,8.7,52,-1.8
2013,3,116,23.8,11.9,102,-1.1
2013,4,215,24.2,14.6,110,1.1
2013,5,380,26,17.4,108,2
2013,6,395,29,21.2,125,1.7
2013,7,432,27.9,21,108,1.3
2013,8,340,28.9,19.7,126,-0.7
2013,9,344,26.8,19.3,113,0.1
2013,10,249,24.6,15.6,90,1.9
2013,11,3,24,8.8,46,1.1
2013,12,22,20.4,6.6,40,1.3
2014,1,3,19.5,6,32,-0.6
2014,2,37,19.8,8,48,-1
2014,3,43,23.3,11.6,64,-1.6
2014,4,57,26,15.5,75,-3.2
2014,5,404,25.6,17,112,-2.7
2014,6,353,29.4,21,113,-2.7
2014,7,297,28.4,21.6,114,-4
2014,8,502,27.1,20.6,97,-3
2014,9,388,27.4,19.8,102,-2.1
2014,10,39,26.5,15.5,79,-3
2014,11,10,24.7,10.8,42,-3.4
2014,12,0,22,7.5,29,-3.7
2015,1,9,18.8,6.2,29,-3.9
2015,2,40,20.5,7.4,48,-3.9
2015,3,43,24.4,11.7,60,-4.4
2015,4,170,23.1,14.4,100,-4.1
2015,5,310,26.5,17.5,108,-3.7
2015,6,451,27.9,20.2,95,-2.8
2015,7,294,29.2,20,130,-4.3
2015,8,655,27.3,20.2,89,-2.2
2015,9,238,27.7,19.7,99,-2.8
2015,10,81,26.3,15.7,91,-3.1
2015,11,28,24.2,10.6,52,-2.9
2015,12,5,20.1,7.6,34,-2.8
2016,1,35,17.4,5.9,45,-2.3
2016,2,54,20,8.8,55,-2
2016,3,70,23,11.6,78,-2.1
2016,4,237,24.3,14.5,93,2.8
2016,5,305,26,17.5,111,2.6
2016,6,357,28.1,20.6,101,2.2
2016,7,377,27.5,20.3,98,1.6
2016,8,158,29.9,21,132,-2.4
2016,9,274,27.3,20,95,-3.2
2016,10,80,26.6,16.9,86,-3.3
2016,11,11,24.5,11.3,47,-3.5
2016,12,3,22,8.4,34,-3.1
2017,1,4,19.2,6.9,32,-3.1
2017,2,73,20.5,9.2,68,-3.1
2017,3,96,21.6,10.1,91,-2.5
2017,4,191,23.5,14.4,95,-1.2
2017,5,336,26.7,17.9,114,-0.7
2017,6,489,28.1,20.4,102,-0.7
2017,7,398,28.4,20.6,122,-2.5
2017,8,344,28.6,21,107,-2.8
2017,9,271,27.9,20,98,-3.4
2017,10,190,26.4,16.9,85,-3.2
2017,11,1,24.3,11.7,46,-3.3
2017,12,5,22.1,8.7,34,-3.2
2018,1,13,19.6,6.4,32,-3
2018,2,21,20.1,9.2,37,-2.6
2018,3,122,22.4,11.1,96,-2.1
2018,4,104,24.2,14.3,104,-3.1
2018,5,196,26,17.5,104,-3.4
2018,6,280,28.8,20.9,108,-3.6
2018,7,397,28.7,21,102,-3.9
2018,8,385,28.5,21.3,102,-4.4
2018,9,263,27.8,20.1,93,-2.5
2018,10,40,24.4,15.1,67,-2.4
2018,11,28,22.7,10.4,49,4.6
2018,12,19,20,7.5,37,4.3
2019,1,8,18.9,6.2,34,-3.1
2019,2,90,20,8.7,59,-1.8
2019,3,74,22.6,11,81,-1.5
2019,4,69,25.3,15.1,89,-2.6
2019,5,245,25.7,16.7,96,-2.9
2019,6,246,29.3,21.5,116,-3.7
2019,7,604,28.1,20.5,98,-1.7
2019,8,190,30.1,22.5,126,-3.1
2019,9,284,27.7,20,93,-3.2
2019,10,107,25.9,16.2,84,-2.9
2019,11,37,25,12.6,52,-2.3
2019,12,11,19.6,6.5,38,-1.9
