Product: Historical Climate - TerraClimate(http://www.climatologylab.org/terraclimate.html) 
Location (Lat/Lon of 4-km Grid Cell Center): 27.4375 North,93.0208 East 
Data Source: NW Climate Toolbox(https://climatetoolbox.org/tool/point-data-download)
Download Date: 07/24/2020
Variable List: 
ppt: ppt (Precipitation)
tmax: tmax (Maximum Temperature)
tmin: tmin (Minimum Temperature)
aet: aet (Actual Evapotranspiration)
PDSI: pdsi (Palmer Drought Severity Index (PDSI))
********************************************************
Year,Month,ppt(mm),tmax(degC),tmin(degC),aet(mm),PDSI(unitless)
1958,1,25,20.5,7.9,41,0.3
1958,2,50,19.9,9.1,54,0.9
1958,3,21,25.5,12.5,60,-0.9
1958,4,145,27.7,16.5,118,0.3
1958,5,332,28.2,19.3,119,0.9
1958,6,274,31.1,22.3,125,-0.8
1958,7,477,30.6,22.3,119,0.2
1958,8,561,28.5,21.6,92,1.2
1958,9,245,29.6,21.3,97,0.6
1958,10,130,28,17.5,84,0.8
1958,11,4,25.9,11.1,41,-0.4
1958,12,4,21.7,8.3,30,0
1959,1,38,19.9,7.7,45,0.9
1959,2,23,19.5,8.1,39,0.9
1959,3,83,24.6,12,87,1.4
1959,4,127,27.8,16.6,113,1.5
1959,5,419,27.8,19,113,2.9
1959,6,473,29,21.5,101,3.2
1959,7,333,30.1,22.2,121,1.7
1959,8,249,30.1,21.6,121,-2.4
1959,9,306,28.2,19.9,95,-1.9
1959,10,220,25.3,17.4,78,1.7
1959,11,7,24.5,11.4,41,1.3
1959,12,2,22.7,7.9,32,1.1
1960,1,7,19.8,5.9,34,0.6
1960,2,46,22.6,10.2,53,0.9
1960,3,29,24.5,12,58,-1.1
1960,4,34,29.2,16.9,47,-2.4
1960,5,177,29.9,20.3,131,-3.2
1960,6,396,30,21.8,124,-3.7
1960,7,502,28.9,21.6,105,-2.7
1960,8,365,29.6,22,118,-2.9
1960,9,343,28,20.9,96,-1.9
1960,10,38,27.1,17.1,73,-2.6
1960,11,9,24.2,11.4,42,-2.9
1960,12,4,22.8,8.1,29,-3
1961,1,7,21.5,8.2,27,-3.3
1961,2,9,21,8.8,27,-3.5
1961,3,83,24,12.6,84,-2.9
1961,4,75,27.7,16.3,83,-3.3
1961,5,310,28,20,124,-3
1961,6,338,30.3,21.8,134,-3.1
1961,7,343,30.3,21.9,128,-4
1961,8,414,29.9,22.6,118,-3.7
1961,9,332,28.8,21.2,111,-3
1961,10,72,27.1,17.7,86,-3.2
1961,11,16,22.2,11.2,47,-3.1
1961,12,1,19.1,6.5,29,-3
1962,1,33,19.5,5.8,44,-2.3
1962,2,43,19.8,8.2,50,-1.7
1962,3,49,24.5,11.6,69,-1.8
1962,4,103,27.6,16.6,106,-2
1962,5,308,27.5,19.2,123,-1.7
1962,6,742,28.8,21.5,105,2.3
1962,7,376,30,22.4,125,1.3
1962,8,565,28,22,96,2.2
1962,9,297,28.5,21.2,106,1.9
1962,10,72,26.7,16.3,84,1.2
1962,11,4,24.5,11.2,41,0.7
1962,12,3,21.1,8,30,-1
1963,1,21,19.7,5.4,39,-0.9
1963,2,18,21.1,8.7,36,-1.2
1963,3,57,23.9,12,70,-1.3
1963,4,93,25.7,15.4,96,-1.6
1963,5,323,27.4,18.8,120,-1.2
1963,6,412,28.8,21.4,115,-0.9
1963,7,465,29.3,22.2,112,-0.6
1963,8,532,28.5,22,103,1.2
1963,9,197,29.6,21,111,-1.2
1963,10,150,25.8,16.2,88,-0.5
1963,11,28,21.8,11.3,52,0.2
1963,12,2,20.4,7.6,33,0.6
1964,1,8,20.2,6.5,35,-0.3
1964,2,17,20.5,8.4,38,-0.5
1964,3,101,24.5,11.7,99,0.2
1964,4,131,25.8,15.6,111,0.5
1964,5,238,27.8,18.5,134,0.2
1964,6,362,29.7,21,115,-0.1
1964,7,426,28.8,21.4,119,-0.3
1964,8,377,29.4,21.4,124,-0.7
1964,9,282,28.4,20.8,102,-0.7
1964,10,96,27.8,17.5,92,-0.9
1964,11,5,24.5,12.2,47,-1.2
1964,12,3,21.1,7.2,34,-1.2
1965,1,2,20,5.7,28,-1.6
1965,2,42,19.2,7.9,49,-1.2
1965,3,48,22.5,10.3,67,-1.5
1965,4,90,26.7,15.4,94,-1.8
1965,5,321,28.3,19.7,124,-1.5
1965,6,356,29.6,21.5,117,-1.6
1965,7,455,29.2,21.2,118,-1.4
1965,8,511,28,20.9,114,-0.7
1965,9,266,28.3,20.1,104,-1
1965,10,51,25.4,15.9,76,-1.6
1965,11,102,21.4,10.4,67,1.8
1965,12,1,21.7,8,35,1.7
1966,1,21,19.5,6,42,1.8
1966,2,7,22.7,9.1,37,1.3
1966,3,13,26.2,11.4,56,-1.6
1966,4,56,27.2,15.5,69,-2.5
1966,5,281,29.7,20.1,136,-2.6
1966,6,702,28.2,20.9,122,-0.6
1966,7,398,29.9,22,116,-1.1
1966,8,608,28.6,21.9,105,2.1
1966,9,298,27.7,20.1,107,1.9
1966,10,96,24.7,15.5,90,1.5
1966,11,18,25.4,13,46,1.3
1966,12,3,21.3,8.7,34,1.2
1967,1,13,20.4,7.8,37,0.9
1967,2,14,21,8.7,38,-0.4
1967,3,116,22.3,11.7,97,1.1
1967,4,108,25.6,15.1,109,1
1967,5,201,27.9,18.9,123,-0.6
1967,6,352,28.8,20.9,117,-1.1
1967,7,338,30.1,21.6,118,-2.1
1967,8,266,30.5,21.7,132,-3.2
1967,9,298,28.7,20.3,106,-2.8
1967,10,22,26.1,15.1,68,-3.6
1967,11,21,20.9,10.8,45,-3.6
1967,12,1,20.4,7.8,25,-3.7
1968,1,29,18.7,6.4,39,-3.1
1968,2,73,19.5,7.5,60,-1.8
1968,3,52,23.8,12.2,69,-1.7
1968,4,120,26.1,14.9,116,-1.5
1968,5,348,27.9,18.9,119,-0.8
1968,6,459,28.7,21.2,118,1.6
1968,7,473,28.5,21.7,112,1.7
1968,8,355,29.9,21.6,124,0.9
1968,9,262,28.8,21.1,93,0.6
1968,10,106,25.3,15.7,94,-0.1
1968,11,4,23.9,11.4,43,-1.1
1968,12,0,21.1,7.1,32,-1.2
1969,1,32,19.6,6.9,44,-0.7
1969,2,2,21.8,8.6,29,-1.3
1969,3,129,25,12.5,106,1.2
1969,4,62,27.1,16,86,-0.7
1969,5,206,29.4,19.9,132,-1.4
1969,6,408,29.2,21.9,118,-1.7
1969,7,485,29.6,22.2,118,-1.2
1969,8,465,29,21.3,109,-0.8
1969,9,238,28.6,20.9,103,-1.4
1969,10,79,25.5,16.1,87,-1.7
1969,11,10,24,11.6,40,-1.7
1969,12,1,21.3,8,30,-1.7
1970,1,38,18.7,6.3,46,-1
1970,2,30,20,8.2,44,-0.8
1970,3,49,24.6,12.2,69,-0.9
1970,4,77,27.1,15.6,88,-1.5
1970,5,266,28.9,19.8,128,-1.6
1970,6,554,29.6,21.8,127,-0.6
1970,7,512,28.8,21.9,112,1.4
1970,8,487,29,21.6,112,1.6
1970,9,297,28.7,20.7,103,1.5
1970,10,234,25.6,16.6,92,2.9
1970,11,15,22.8,12.1,47,2.4
1970,12,0,21.6,7.8,31,2
1971,1,13,19.4,6.9,32,1.7
1971,2,17,20.3,7.9,38,1.3
1971,3,98,24.4,11.8,99,1.7
1971,4,96,26.2,15.7,101,1.2
1971,5,181,27.6,19.5,126,-1.1
1971,6,557,28.8,21.8,114,0.5
1971,7,419,29.4,21.3,124,-0.4
1971,8,402,28.9,20.8,113,-0.5
1971,9,182,29.3,20.3,103,-1.8
1971,10,172,26.4,16.9,87,-0.8
1971,11,86,21.8,11.5,66,2.3
1971,12,2,20.2,7.2,37,2.2
1972,1,12,20.8,7.3,38,2
1972,2,17,20.7,8.5,40,1.7
1972,3,77,25,12.2,87,1.9
1972,4,128,25.7,14.9,109,2
1972,5,256,28.7,19.6,118,1.9
1972,6,296,29.8,21.2,134,1
1972,7,363,30.7,22.3,120,-1.5
1972,8,365,29.9,21,139,-2
1972,9,270,28.4,19.9,100,-2
1972,10,34,27.2,16.3,73,-2.7
1972,11,13,23.1,11.3,44,-3
1972,12,1,22.2,7.7,26,-3.1
1973,1,24,21.1,7.8,38,-2.9
1973,2,62,21,9.6,63,-1.9
1973,3,42,24.8,11.4,63,-2.4
1973,4,143,28.1,16.2,131,-2.1
1973,5,335,28.5,19.9,127,-1.5
1973,6,607,29,21.5,114,1.7
1973,7,344,30.9,21.4,132,-1.2
1973,8,442,29.8,21.6,128,-1.1
1973,9,312,29,20.8,108,-0.8
1973,10,110,26.1,17,98,-0.8
1973,11,52,23,11.5,64,0.7
1973,12,25,20.4,8.6,44,1.8
1974,1,22,19.1,6.5,42,1.9
1974,2,5,22.4,9.1,39,1.3
1974,3,41,24.3,11.9,68,0.7
1974,4,101,27.3,16.2,106,-1.1
1974,5,268,28.1,19.4,124,-1.2
1974,6,367,29.2,21.5,114,-1.3
1974,7,646,28.1,21.4,124,1.8
1974,8,434,28.9,21.7,124,1.6
1974,9,269,27.7,20.2,105,1.1
1974,10,122,28.1,18.5,100,1
1974,11,7,25.4,12,49,-0.4
1974,12,1,20.3,7.7,32,-0.8
1975,1,10,19.3,7.2,31,-1
1975,2,83,20.4,8.7,68,1.3
1975,3,36,24.9,12,66,0.7
1975,4,89,27.8,15.8,95,-0.4
1975,5,256,28.1,19.1,124,-1
1975,6,370,30.2,22.2,127,-1.3
1975,7,457,28.8,21.5,108,-1
1975,8,420,29.9,21.4,113,-1
1975,9,395,27.8,20.7,100,1.3
1975,10,118,27.8,17.7,93,1.2
1975,11,5,24.8,11,51,0.6
1975,12,2,20.9,6.4,32,-0.2
1976,1,38,19.3,6.5,47,0.5
1976,2,26,21.2,9.5,42,-0.1
1976,3,59,24.9,12.5,77,-0.2
1976,4,89,27,15.9,97,-0.9
1976,5,219,27.9,19.4,129,-1.4
1976,6,555,28.4,20.8,119,-0.8
1976,7,373,29.6,20.9,114,-1.4
1976,8,365,29.3,21.2,122,-1.8
1976,9,162,29.3,19.8,107,-3.2
1976,10,50,26,15.7,75,-3.5
1976,11,10,25.9,12.8,46,-3.7
1976,12,1,21.9,7.6,30,-3.7
1977,1,9,20,6.4,29,-3.8
1977,2,16,22.2,8.8,32,-3.9
1977,3,72,25.6,13.1,82,-3.8
1977,4,229,24.6,15.3,123,-2.1
1977,5,439,26.3,18.2,124,3.2
1977,6,452,27.9,20.2,110,3.3
1977,7,404,29.7,22.2,123,2.4
1977,8,486,29.3,21.5,114,2.5
1977,9,343,28.8,21.1,107,2.7
1977,10,175,24.3,15.9,90,3.3
1977,11,49,22.7,11.9,55,3.7
1977,12,11,19.8,8.3,37,3.8
1978,1,9,17.9,5.6,36,3.4
1978,2,16,20.2,8.4,41,2.8
1978,3,49,23.8,11.6,71,2.4
1978,4,114,26.6,15.3,106,2.2
1978,5,333,27.6,19.7,121,2.5
1978,6,468,28.9,21.4,123,2.7
1978,7,432,29.5,21.2,114,2.2
1978,8,478,29.7,22.1,111,2.3
1978,9,321,27.9,20.6,102,2.4
1978,10,118,26.8,17.7,91,2.2
1978,11,45,23.1,12.6,57,2.6
1978,12,0,21.4,7.6,35,2.4
1979,1,5,20.4,7,33,1.9
1979,2,32,20.3,8.5,48,1.8
1979,3,72,24.3,12,86,1.7
1979,4,76,28.3,16.5,94,0.8
1979,5,138,30.6,19.8,131,-1.9
1979,6,376,30.6,22.2,137,-2.9
1979,7,456,29.2,21.6,118,-2.5
1979,8,388,29.4,22.1,126,-2.7
1979,9,366,28,19.9,106,-1.6
1979,10,203,25.4,16.5,92,1.9
1979,11,10,25.3,13.1,42,1.5
1979,12,22,19.7,8.9,41,1.9
1980,1,37,19,6.2,47,2.4
1980,2,27,20.7,8.9,44,2.3
1980,3,71,23.7,12.3,81,2.5
1980,4,110,27.6,16.2,109,2.2
1980,5,364,26.8,19,122,2.9
1980,6,356,29.7,22.2,118,2.4
1980,7,472,29.9,22.4,120,2.3
1980,8,533,29.1,22.3,106,2.8
1980,9,259,29,21.4,102,2.1
1980,10,97,25.4,16.4,92,1.7
1980,11,2,24.5,11.3,44,1.1
1980,12,0,22.4,8.8,31,0.7
1981,1,52,18.6,7.5,53,1.6
1981,2,21,21.8,9.3,39,1.3
1981,3,62,23.3,12,75,1.3
1981,4,195,25.4,15.4,112,2.3
1981,5,347,27.8,19.2,126,3.2
1981,6,354,30.2,22.1,120,2.6
1981,7,539,29.1,22.1,118,3.2
1981,8,387,30.1,22.5,119,2.5
1981,9,221,29.3,20.5,113,1.3
1981,10,21,28.5,16.5,67,-2.2
1981,11,1,24.5,11.7,39,-2.8
1981,12,40,20,7.3,46,-1.8
1982,1,3,20.7,7.3,25,-2.2
1982,2,24,19.6,8.8,36,-2.1
1982,3,66,23.8,11.9,74,-2
1982,4,163,25.6,15.4,96,-1
1982,5,173,28.9,18.9,136,-1.6
1982,6,370,29.3,22,114,-1.9
1982,7,279,30,22.1,111,-3.4
1982,8,410,30.9,21.8,121,-3.2
1982,9,182,29.8,20.3,106,-4.2
1982,10,47,26.4,16,79,-4.6
1982,11,50,22.6,11.2,58,-3.6
1982,12,6,20.7,7.6,31,-3.2
1983,1,24,17.9,5.8,39,-2.7
1983,2,42,18.5,7.5,49,-2
1983,3,68,23.3,11.7,76,-1.4
1983,4,134,25.1,14.9,117,-0.9
1983,5,285,27.1,18.8,118,-0.6
1983,6,249,30.6,21.6,119,-1.4
1983,7,372,31.1,22,119,-2.1
1983,8,397,30.5,21.6,108,-2.1
1983,9,361,28.6,20.8,97,-1
1983,10,137,27.3,17.4,98,-0.6
1983,11,3,24.1,11.3,47,-1
1983,12,7,20.8,6.9,32,-1
1984,1,27,19.2,6.6,39,-0.6
1984,2,9,21.6,9.5,34,-1
1984,3,32,26.2,12.7,55,-1.6
1984,4,137,27.4,16.4,119,-1.3
1984,5,283,27.6,19.1,106,-1
1984,6,352,30.1,22.1,124,-1.2
1984,7,514,28.6,21.6,111,0.7
1984,8,351,30,21.3,122,-0.6
1984,9,356,27.6,19.7,96,0.8
1984,10,82,28,17.2,84,-0.3
1984,11,5,23.5,10.3,47,-0.7
1984,12,9,21.9,8.5,34,-0.6
1985,1,11,19.2,7.3,32,-0.8
1985,2,23,20.4,8.9,37,-0.8
1985,3,66,25.9,13.4,73,-0.6
1985,4,116,27.3,16.5,114,-0.6
1985,5,262,28.2,19.5,135,-0.8
1985,6,377,29.6,21.9,125,-1
1985,7,668,28.1,21.2,112,2.2
1985,8,299,30.5,22.2,128,0.9
1985,9,298,28.5,20.4,100,0.9
1985,10,59,27,16.8,82,-1.4
1985,11,9,23.2,11.5,43,-1.7
1985,12,10,21.6,8.8,32,-1.5
1986,1,5,21,7.3,28,-1.9
1986,2,10,21.1,8.7,30,-2.2
1986,3,56,24.6,12.3,69,-2.4
1986,4,175,25.1,15.4,104,-1.3
1986,5,129,28.2,19,135,-2.3
1986,6,334,31,22.2,122,-3.2
1986,7,599,29.9,21.5,117,-1.4
1986,8,383,30.1,21.6,122,-1.7
1986,9,341,27.6,20.2,97,-0.9
1986,10,252,24.4,15.5,89,3.1
1986,11,22,23.5,11.5,49,2.9
1986,12,5,20.3,8.4,35,2.6
1987,1,10,20,6.8,36,2.1
1987,2,38,21.6,9.2,50,2.2
1987,3,90,23.7,11.7,87,2.7
1987,4,133,26,15.7,118,2.7
1987,5,206,28.7,19,135,2
1987,6,297,30.5,22.7,120,0.9
1987,7,468,29.3,22.3,115,1
1987,8,603,28,22.1,113,2
1987,9,381,28.2,21.4,100,2.9
1987,10,91,26.5,16.8,90,2.3
1987,11,8,25.9,11.6,46,1.7
1987,12,4,22,7.8,34,1.5
1988,1,11,21,7.6,33,1
1988,2,26,22.4,10.2,41,0.8
1988,3,56,24.8,12.7,69,-0.2
1988,4,154,27,16.1,118,0.4
1988,5,414,28.4,19.4,126,1.7
1988,6,326,30.6,21.8,128,1
1988,7,531,29.7,22.2,110,1.8
1988,8,665,28.7,21.9,91,3.3
1988,9,294,28.7,20.7,100,3
1988,10,135,27.4,16.7,95,2.9
1988,11,93,24,11.8,72,4.3
1988,12,12,21.1,10,39,4.4
1989,1,10,19.2,7.5,37,4
1989,2,63,20.1,9.1,63,4.6
1989,3,41,24.9,12.7,71,4
1989,4,113,26.7,15.8,116,3.5
1989,5,295,29.8,20,134,3.3
1989,6,406,29.8,21.9,112,3.1
1989,7,417,29.5,21.8,111,2.5
1989,8,318,29.4,21.9,111,1.5
1989,9,371,28.5,21.5,91,2.3
1989,10,96,26.9,17.2,89,1.9
1989,11,15,23,11.4,48,1.6
1989,12,3,19.7,6.7,33,1.4
1990,1,5,22.3,7.7,31,0.9
1990,2,34,20,9.4,45,1
1990,3,76,22.4,11.1,79,1.4
1990,4,151,24.8,14.4,93,2
1990,5,261,28.4,19.6,126,2
1990,6,498,29.8,21.8,100,2.6
1990,7,504,29.3,22,106,2.9
1990,8,398,29.8,21.8,116,2.4
1990,9,358,28.1,20.6,92,3
1990,10,214,25.8,16.8,90,4
1990,11,2,25.5,11.8,46,3.1
1990,12,1,21.5,8.5,31,2.6
1991,1,52,18.2,6.2,53,3.3
1991,2,40,21.9,9.3,48,3.3
1991,3,52,25.3,12.8,71,2.9
1991,4,134,26.2,15.9,107,3
1991,5,292,27.8,18.4,105,3.2
1991,6,495,28.4,21.4,108,3.6
1991,7,458,29.6,21.7,123,3.2
1991,8,607,28.5,21.8,112,4
1991,9,404,27.9,20.2,97,5
1991,10,215,26.5,16.9,90,5.8
1991,11,4,23.4,10.8,45,4.8
1991,12,13,19.1,7.3,35,4.5
1992,1,18,18.7,6,36,4.1
1992,2,46,18.3,7.2,50,4.2
1992,3,75,25.4,11.9,80,4.3
1992,4,165,27,15.7,118,4.6
1992,5,200,26.8,18.4,120,3.9
1992,6,354,29.5,21.5,123,3.2
1992,7,403,29.3,21.2,123,2.4
1992,8,448,29.2,21.5,115,2.2
1992,9,227,29.3,20.1,109,1.1
1992,10,127,26.1,16.2,92,1.2
1992,11,4,23.5,10.6,46,0.7
1992,12,11,18.9,6.6,36,0.7
1993,1,39,19.6,7.5,46,1.3
1993,2,70,21,8.9,61,2.3
1993,3,70,23.3,11.1,81,2.5
1993,4,171,25.8,15.3,109,3.2
1993,5,331,27.9,18.6,114,4.1
1993,6,395,28.9,20.7,103,3.8
1993,7,346,30.1,21.4,114,2.4
1993,8,536,29,22.3,97,2.9
1993,9,393,27.8,20.5,104,3.8
1993,10,58,27,16.6,75,2.8
1993,11,15,24.2,11.4,46,2.3
1993,12,0,22.2,8.6,30,1.7
1994,1,26,21.2,8.2,39,1.7
1994,2,33,19.9,8.5,44,1.6
1994,3,107,23.8,11.9,85,2.6
1994,4,154,26.1,16.1,113,3
1994,5,220,28.9,20,135,2.5
1994,6,320,30.1,21.7,112,1.8
1994,7,387,31.3,21.5,135,0.8
1994,8,506,30,22.1,119,1.2
1994,9,174,29.9,21.3,104,-2.1
1994,10,86,26.6,16.1,86,-2.1
1994,11,22,22.5,12.1,50,-1.9
1994,12,1,20.5,7.2,32,-1.8
1995,1,43,18.6,6.8,50,-0.8
1995,2,26,19.8,8.8,42,-0.7
1995,3,46,25.6,12.8,64,-0.7
1995,4,107,27,15.9,108,-0.7
1995,5,303,30.1,20.6,112,0.3
1995,6,527,30.2,22.4,101,1.5
1995,7,487,29,21.7,122,1.7
1995,8,454,29.4,21.7,114,1.6
1995,9,379,28.3,21.1,95,2.5
1995,10,32,27.7,16.9,71,1.3
1995,11,74,24.3,12.8,66,2.2
1995,12,5,21.1,9.1,32,2
1996,1,16,19.8,7.5,34,1.8
1996,2,23,20.8,8.8,41,1.5
1996,3,88,24.9,12.7,89,2
1996,4,112,27.6,16.1,114,1.6
1996,5,349,28.1,19.5,112,2.2
1996,6,328,29.3,20.9,118,1.5
1996,7,470,28.7,21.8,104,1.7
1996,8,488,29.1,21.7,109,1.9
1996,9,215,28.4,21.4,106,0.8
1996,10,257,26.5,17.2,89,2.6
1996,11,0,24.5,12.4,43,1.8
1996,12,0,22.1,7.6,32,1.4
1997,1,25,18.9,6.3,39,1.4
1997,2,36,18.6,8.2,46,1.4
1997,3,78,24,12.6,83,1.7
1997,4,209,24,14.9,112,2.8
1997,5,175,28,19.1,112,2.4
1997,6,391,28.9,21.1,97,2.3
1997,7,464,29.7,21.6,126,2.1
1997,8,456,29.8,21.7,119,2
1997,9,314,27.5,20.3,98,2.1
1997,10,19,25.2,15.8,71,0.7
1997,11,14,23.4,11.9,41,-1.6
1997,12,10,19.8,8,30,-1.6
1998,1,9,20,6.7,27,-1.9
1998,2,51,21.5,9.6,54,-1.4
1998,3,78,23.1,11.5,81,-1
1998,4,227,26.7,16.2,113,2
1998,5,200,29.9,20.2,126,1.7
1998,6,631,29.9,21.8,90,3.2
1998,7,465,28.8,22.3,101,3.1
1998,8,584,28.6,22.5,86,4
1998,9,211,29.5,20.6,106,2.6
1998,10,112,28.4,19,91,2.3
1998,11,22,25.2,12.7,54,2.1
1998,12,2,21.7,8.7,35,1.8
1999,1,15,20.8,7,37,1.5
1999,2,1,24,10.7,31,-1.5
1999,3,15,26.7,12.9,37,-2.7
1999,4,61,29.3,17.4,69,-3.2
1999,5,362,28.2,20.3,120,-2.4
1999,6,360,29.9,22.6,112,-2.3
1999,7,523,28.9,21.8,121,-1.4
1999,8,520,28.3,21.8,98,-0.6
1999,9,278,28.7,20.9,104,-0.7
1999,10,118,26.5,17.8,87,1.2
1999,11,13,24.9,12.5,48,0.9
1999,12,13,21.2,8.9,39,1
2000,1,34,19,7.2,46,1.5
2000,2,14,19.5,8.7,39,1
2000,3,61,23.3,11.4,74,0.9
2000,4,124,26.2,15.4,109,1
2000,5,411,28.1,19.9,115,2.2
2000,6,545,29.4,22.1,103,3
2000,7,332,29.4,22,120,1.5
2000,8,620,28.4,21.8,102,2.7
2000,9,302,27.9,20.3,96,2.6
2000,10,65,27,16.9,82,1.7
2000,11,11,24.3,12,44,1.2
2000,12,0,21.9,7.2,31,0.7
2001,1,2,22.1,7.1,28,-1.6
2001,2,16,22.7,10.2,33,-1.9
2001,3,57,24.4,12.3,70,-2.1
2001,4,98,26.4,16.1,97,-2.2
2001,5,564,27.7,19.7,128,2.2
2001,6,389,29.2,21.9,102,2.1
2001,7,417,30.4,22,121,1.5
2001,8,462,29,22.7,116,1.5
2001,9,319,28.6,21.6,100,1.7
2001,10,184,26.2,17.5,87,2.5
2001,11,13,25.2,11.6,46,2.1
2001,12,1,21.8,8.3,34,1.7
2002,1,23,19.5,7.4,39,1.7
2002,2,10,22.9,9.7,36,1
2002,3,121,24.7,12.7,103,2.1
2002,4,168,26.1,15.9,106,2.8
2002,5,293,27.6,19.3,129,3.2
2002,6,404,29.4,22,104,3
2002,7,423,28.7,22.5,94,2.6
2002,8,417,29.1,21.8,109,2.3
2002,9,199,28.4,20.9,111,0.8
2002,10,92,26,16.7,91,-1.4
2002,11,74,24.3,12.5,68,1.3
2002,12,20,21.4,9,41,1.9
2003,1,13,20.7,6.3,40,1.9
2003,2,46,20.4,9.4,56,2.3
2003,3,44,23.7,11.7,67,2.1
2003,4,209,26.7,16.6,103,3.4
2003,5,163,27.3,19.4,126,2.9
2003,6,572,28.5,21.9,104,3.8
2003,7,560,29.2,22,103,4.6
2003,8,327,30.2,22.8,106,3.4
2003,9,336,28.8,21.8,97,3.7
2003,10,92,27.5,18.1,83,3.1
2003,11,6,25.2,11.9,45,2.4
2003,12,15,20.9,8.7,38,2.5
2004,1,20,19.4,7.1,39,2.3
2004,2,15,21.5,8.5,39,1.7
2004,3,71,27.4,13.3,80,1.7
2004,4,309,25.4,16.2,105,4.2
2004,5,282,28.8,20.3,114,4.9
2004,6,396,28.8,21.9,108,4.5
2004,7,509,27.8,21.8,103,4.7
2004,8,302,29.9,22.4,113,3.3
2004,9,165,29.3,20.6,100,1.5
2004,10,267,25.3,16.6,90,3.4
2004,11,16,22.7,11.9,50,2.9
2004,12,4,22.5,8.1,34,2.5
2005,1,26,20.1,8.2,41,2.5
2005,2,11,21.6,10.5,37,1.8
2005,3,98,24.9,12.9,93,2.4
2005,4,170,26.5,16.3,113,2.9
2005,5,402,26.7,19.3,113,4.3
2005,6,283,30,22,114,3.2
2005,7,398,29.8,22.4,127,2.2
2005,8,290,29.6,22.7,112,1
2005,9,207,29.9,21.6,127,-3.1
2005,10,211,25.8,18.1,94,-1.5
2005,11,5,25.1,10.9,47,-1.8
2005,12,0,22.5,8,32,-1.9
2006,1,0,22.6,7.5,28,-2.3
2006,2,125,24.3,10.5,70,2.2
2006,3,56,25.4,13.3,84,2.1
2006,4,324,25.7,16,122,4.7
2006,5,444,28.5,20.1,135,6.6
2006,6,458,29.2,22.4,115,6.3
2006,7,364,30.8,22.5,137,4.6
2006,8,200,31.1,22.1,145,2.4
2006,9,260,29.4,20.7,109,1.7
2006,10,90,26.5,17.2,97,1.1
2006,11,34,23.3,12.8,53,1.3
2006,12,4,22.8,8.4,35,1.2
2007,1,15,22,7,38,1
2007,2,92,19.9,9,67,2.4
2007,3,25,26.1,12.2,63,1.6
2007,4,275,27.1,16.1,108,3.7
2007,5,241,29.9,20.5,136,3.9
2007,6,460,29.9,21.5,103,4
2007,7,571,29.4,22.4,103,4.9
2007,8,476,30.1,22.4,112,4.7
2007,9,382,28.5,21,105,5.2
2007,10,80,28.1,18.1,85,4.3
2007,11,19,24.4,12.3,51,3.7
2007,12,0,23.2,7.7,33,3.2
2008,1,65,20.3,8.6,58,4.2
2008,2,18,20.1,7.6,41,3.6
2008,3,91,24.4,13,90,4.1
2008,4,126,27.3,16.9,109,4
2008,5,374,28.3,21.1,134,4.6
2008,6,680,28.7,22.1,99,6
2008,7,494,29.6,22.1,110,5.9
2008,8,469,28.5,22.3,97,5.6
2008,9,200,29.3,21.1,111,3.8
2008,10,230,26.2,16.8,98,4.9
2008,11,8,23.7,11.1,49,4
2008,12,1,23,9,31,3.4
2009,1,8,22.7,8,32,2.7
2009,2,18,23.2,10.4,39,2.1
2009,3,50,25.4,12.8,66,1.4
2009,4,122,28.7,16.9,116,1.3
2009,5,111,29,20.1,112,-2.6
2009,6,230,31,22.2,113,-3.9
2009,7,373,31,22.4,119,-4.8
2009,8,413,29.8,22.3,105,-4.4
2009,9,214,30.1,21.1,112,-5
2009,10,114,28.7,16.9,93,-4.4
2009,11,6,26.1,11.6,44,-4.3
2009,12,3,22,8.4,30,-3.9
2010,1,1,21.9,6.5,30,-4.1
2010,2,8,22.8,8.9,32,-4.2
2010,3,126,26.7,13.5,99,-2.6
2010,4,227,28.2,16.6,100,-0.6
2010,5,419,28.6,20.3,111,4.9
2010,6,341,29.8,22.3,102,4.2
2010,7,407,30.2,22.6,107,3.4
2010,8,376,30.1,23,114,2.7
2010,9,426,28.6,21.8,96,4
2010,10,251,26.8,18.3,96,5.3
2010,11,16,25.5,13.3,48,4.7
2010,12,2,21.9,8,34,4.1
2011,1,12,19.9,6.7,35,3.5
2011,2,24,22.3,8.6,42,3
2011,3,76,25,12.6,81,2.9
2011,4,63,26.8,16.4,79,1.8
2011,5,205,29,20.1,124,0.9
2011,6,343,29.9,22.3,116,-2.2
2011,7,511,29.2,22.4,106,-1.3
2011,8,539,29.7,21.5,120,1.3
2011,9,246,30.1,21,111,-0.7
2011,10,21,27.6,16.9,72,-1.7
2011,11,13,24,10.8,43,-2.2
2011,12,3,23.2,8.2,27,-2.5
2012,1,19,18.4,6.1,32,-2.4
2012,2,6,21.6,9.1,25,-3
2012,3,45,25.2,12.1,54,-3.4
2012,4,102,26,15.4,99,-3.3
2012,5,261,29.6,19.9,145,-3.5
2012,6,454,29.5,22,107,-3.1
2012,7,522,29.4,22.4,114,-2.1
2012,8,361,30.3,22.2,126,-2.4
2012,9,288,28.5,20.7,102,-2.2
2012,10,93,26.7,15.5,95,-2.3
2012,11,4,24.7,10.1,47,-2.5
2012,12,2,22.4,7.5,31,-2.5
2013,1,1,20.5,6.2,28,-2.8
2013,2,53,22.2,9.6,59,-2.1
2013,3,95,25.7,13.2,95,-1.3
2013,4,208,26.5,16.2,120,2
2013,5,394,27.9,19.4,119,3.5
2013,6,472,30.6,22.7,129,3.5
2013,7,492,29.8,22.5,115,3.6
2013,8,303,30.2,21,130,2.2
2013,9,231,28.6,20.5,116,1.1
2013,10,335,26.1,17.1,95,3.8
2013,11,2,24.9,9.8,47,2.9
2013,12,23,20.9,7.5,40,3.2
2014,1,2,20.6,7.3,31,2.4
2014,2,32,20.9,8.9,45,2.2
2014,3,43,24.8,12.8,63,1.5
2014,4,69,28.3,17.3,83,-1.6
2014,5,312,27.8,19.2,121,-1.3
2014,6,328,30.7,22.3,120,-1.6
2014,7,390,30.3,23.2,124,-2.1
2014,8,604,29,21.8,106,-0.7
2014,9,393,28.8,21.1,104,2.2
2014,10,49,27.5,16.9,84,1.1
2014,11,10,25.4,11.9,42,-1.3
2014,12,0,22.5,8.5,28,-1.7
2015,1,13,19.8,7.8,31,-1.9
2015,2,29,21.8,8.8,41,-1.9
2015,3,30,25.7,13,45,-2.7
2015,4,127,25.1,16,109,-2.3
2015,5,259,28.4,19.7,115,-2.2
2015,6,401,29.6,21.9,109,-2
2015,7,260,30.9,22,133,-3.8
2015,8,602,29.1,21.7,97,-2.2
2015,9,289,29.1,20.8,104,-2
2015,10,58,27.6,17,86,-2.5
2015,11,12,25,11.8,45,-2.7
2015,12,7,20.8,8.6,32,-2.7
2016,1,27,18.4,7.2,39,-2.4
2016,2,23,21.7,10.3,36,-2.3
2016,3,48,24.6,13,61,-2.4
2016,4,168,27,16.2,104,-1.4
2016,5,307,27.7,19.2,121,-1.6
2016,6,385,30,22.2,111,-1.5
2016,7,423,29.4,21.8,101,-1.3
2016,8,212,31.1,22.4,136,-3.3
2016,9,252,29,21.3,99,-4.1
2016,10,85,27.9,18.1,92,-4.1
2016,11,13,24.8,12,49,-4.1
2016,12,3,22.7,9.5,33,-3.9
2017,1,4,20.2,8.1,31,-3.8
2017,2,40,22,10.4,49,-3.9
2017,3,73,22.9,11.9,78,-2.6
2017,4,142,25.6,16.2,103,-2.1
2017,5,243,28.8,20,124,-2
2017,6,469,29.8,21.9,109,-1.8
2017,7,448,30.2,22.3,128,-2.8
2017,8,435,30.1,22.3,111,-2.9
2017,9,252,29.4,21.3,98,-3.3
2017,10,166,27.4,17.8,91,-3.1
2017,11,5,25,12.8,48,-3.1
2017,12,9,22.7,9.9,35,-2.8
2018,1,7,20.3,7.6,27,-2.4
2018,2,21,21.2,10.3,35,-1.8
2018,3,88,24.2,12.9,89,-0.7
2018,4,90,26,16,95,1.3
2018,5,191,27.5,19.2,117,1
2018,6,292,30.3,22,112,-1.3
2018,7,407,30.4,22.4,108,-2.1
2018,8,406,30.3,22.8,110,-2.8
2018,9,221,29.6,21.4,94,-2.7
2018,10,41,25.9,16.5,73,-2.7
2018,11,15,23.8,11.8,42,-1.9
2018,12,12,20.6,8.5,33,-1.3
2019,1,10,20.4,7.7,31,-2.8
2019,2,42,21.9,10.1,48,-2.3
2019,3,61,24.7,12.4,71,-2.1
2019,4,81,27.2,16.4,89,-2.4
2019,5,379,28.1,19.2,106,-1.4
2019,6,287,30.8,22.9,124,-1.9
2019,7,538,30.2,22.4,112,-0.8
2019,8,297,31.5,23.9,127,-1.7
2019,9,296,29.4,21.5,99,-1.5
2019,10,102,27.5,17.7,87,-1.4
2019,11,35,26.3,14.1,52,-0.9
2019,12,7,20.5,7.5,37,-0.6
