Product: Historical Climate - TerraClimate(http://www.climatologylab.org/terraclimate.html) 
Location (Lat/Lon of 4-km Grid Cell Center): 27.3542 North,92.3125 East 
Data Source: NW Climate Toolbox(https://climatetoolbox.org/tool/point-data-download)
Download Date: 07/24/2020
Variable List: 
ppt: ppt (Precipitation)
tmax: tmax (Maximum Temperature)
tmin: tmin (Minimum Temperature)
aet: aet (Actual Evapotranspiration)
PDSI: pdsi (Palmer Drought Severity Index (PDSI))
********************************************************
Year,Month,ppt(mm),tmax(degC),tmin(degC),aet(mm),PDSI(unitless)
1958,1,17,15.5,1.5,35,0.3
1958,2,40,14.9,2.8,46,0.9
1958,3,18,19.7,5.8,48,-0.9
1958,4,126,21.8,9.6,108,0.5
1958,5,138,22.4,12.1,113,0.7
1958,6,124,26.4,16.5,119,-1.1
1958,7,264,26.4,17.6,113,-1.9
1958,8,311,23.8,16.3,90,1.3
1958,9,114,25.1,15.7,91,0.7
1958,10,62,23.6,11.6,73,-0.1
1958,11,2,21.2,4.9,39,-0.9
1958,12,2,16.8,2.2,27,-0.9
1959,1,27,15,1.3,38,0.6
1959,2,14,14.6,1.8,31,-0.1
1959,3,71,18.9,5.5,76,0.9
1959,4,102,22,9.7,100,1.1
1959,5,179,22,11.8,107,2
1959,6,241,24.4,15.8,96,2.6
1959,7,190,25.8,17.5,114,1.9
1959,8,129,25.2,15.9,114,-1.8
1959,9,154,23.9,14.3,88,-1.2
1959,10,156,20.7,11.6,72,1.9
1959,11,3,20,5.2,40,1.4
1959,12,1,17.8,1.8,30,1.2
1960,1,4,14.8,-0.5,32,0.9
1960,2,35,17.6,4,46,1.2
1960,3,29,18.8,5.5,53,-0.7
1960,4,21,23.6,9.8,34,-2.1
1960,5,85,23.9,12.8,89,-2.9
1960,6,202,25.5,16,120,-3.3
1960,7,292,24.6,16.9,101,-3
1960,8,205,24.6,16.4,108,-3
1960,9,178,23.6,15.4,89,-1.9
1960,10,25,22.7,10.9,65,-2.6
1960,11,6,19.7,5,39,-2.8
1960,12,1,17.9,1.7,27,-2.9
1961,1,3,16.6,1.6,24,-3.1
1961,2,5,16.2,2.4,22,-3.4
1961,3,65,18.4,6.1,68,-3
1961,4,52,22,9.3,58,-3.4
1961,5,139,22.3,12.4,115,-3.1
1961,6,191,25.5,16.1,125,-3.5
1961,7,198,25.9,17.2,122,-4.6
1961,8,233,25.1,17.1,112,-4.3
1961,9,171,24.3,15.7,102,-3.5
1961,10,38,22.9,11.5,71,-3.8
1961,11,10,17.3,4.9,42,-3.7
1961,12,1,14.2,0.2,26,-3.6
1962,1,20,14.7,-0.7,35,-3.1
1962,2,35,14.9,1.9,43,-2.4
1962,3,38,18.9,5.1,55,-2.7
1962,4,84,21.8,9.6,89,-2.7
1962,5,143,21.7,11.7,115,-2.3
1962,6,422,24.2,15.7,101,2.5
1962,7,226,25.8,17.6,119,2.2
1962,8,288,23.2,16.4,93,3
1962,9,149,24.2,15.6,97,2.7
1962,10,50,22.3,10.3,74,2
1962,11,2,20.1,5,38,1.4
1962,12,2,16.4,2,27,1
1963,1,13,14.9,-0.9,34,0.8
1963,2,13,16.3,2.3,30,-1.2
1963,3,55,18.1,5.6,64,-1.2
1963,4,72,19.8,8.4,78,-1.5
1963,5,164,21.4,11.4,109,-0.7
1963,6,226,24.1,15.6,106,0.1
1963,7,259,25.1,17.4,107,1.1
1963,8,297,23.8,16.4,97,2
1963,9,106,25.1,15.4,102,0.9
1963,10,99,21.4,10.4,83,1.3
1963,11,21,17,5.4,48,1.4
1963,12,1,15.5,1.7,32,1.4
1964,1,3,15.5,-0.2,32,1.1
1964,2,11,15.5,2.1,33,0.7
1964,3,85,18.8,5.4,86,1.3
1964,4,108,20.1,8.9,103,1.6
1964,5,123,21.9,11.1,119,1.3
1964,6,180,25.2,15.3,112,-0.6
1964,7,246,24.6,16.7,114,-1.3
1964,8,202,24.6,15.9,116,-1.6
1964,9,139,24.1,15.4,96,-1.5
1964,10,64,23.4,11.6,77,-1.6
1964,11,4,19.8,6,43,-1.8
1964,12,1,16.4,1.1,30,-1.8
1965,1,0,15.3,-0.9,25,-2.1
1965,2,37,14.5,1.4,45,-1.5
1965,3,44,16.7,3.7,61,-1.8
1965,4,68,20.9,8.4,76,-2
1965,5,162,22.4,12.1,117,-1.4
1965,6,188,24.9,15.6,112,-1.7
1965,7,262,25,16.5,116,-1.7
1965,8,269,23.3,15.3,111,-1
1965,9,120,24,14.5,101,-1.5
1965,10,34,20.8,9.8,68,-2
1965,11,70,16.6,4.3,65,1.4
1965,12,1,16.9,1.8,30,1.4
1966,1,14,14.3,-0.5,35,1.5
1966,2,5,17.5,3,30,0.9
1966,3,10,20.6,4.9,36,-1.7
1966,4,35,21.4,8.5,45,-2.7
1966,5,127,24,12.6,122,-2.8
1966,6,383,23.6,15.2,120,-1.1
1966,7,231,25.6,17.3,113,-0.9
1966,8,325,23.8,16.5,102,2.6
1966,9,154,23.3,14.5,101,2.4
1966,10,66,20.3,9.5,77,2.1
1966,11,13,20.9,6.6,43,1.8
1966,12,2,16.6,2.6,31,1.6
1967,1,8,15.6,1.3,31,1.3
1967,2,12,16.2,2.4,33,0.9
1967,3,101,16.6,5.2,90,2
1967,4,88,19.7,8.1,93,1.8
1967,5,106,22,11.4,105,1.2
1967,6,170,24.2,15.2,113,-1.1
1967,7,214,25.8,16.8,112,-2.3
1967,8,147,25.5,16.3,124,-3.3
1967,9,151,24.2,14.8,100,-2.9
1967,10,14,21.5,9,64,-3.6
1967,11,15,16,4.5,41,-3.5
1967,12,0,15.5,1.8,23,-3.6
1968,1,17,13.5,0.1,31,-3.2
1968,2,50,14.6,1.2,52,-2.1
1968,3,44,18.2,5.8,58,-2.2
1968,4,97,20.3,7.9,96,-1.9
1968,5,153,22,11.5,112,-1.4
1968,6,250,23.9,15.3,112,-0.9
1968,7,264,24.2,16.9,108,1.5
1968,8,191,25.1,16,119,0.7
1968,9,123,24.4,15.7,90,-0.3
1968,10,77,20.7,9.6,84,0
1968,11,3,18.8,5.1,40,-1
1968,12,0,16,1.1,30,-1
1969,1,18,14.8,0.5,36,-0.7
1969,2,1,17,2.3,26,-1.2
1969,3,102,19.3,6.2,98,1
1969,4,47,21.2,9,65,-0.8
1969,5,98,23.4,12.5,100,-1.5
1969,6,218,24.6,16,113,-1.7
1969,7,285,25.3,17.4,113,-1.6
1969,8,241,24.2,15.7,108,-1.2
1969,9,119,24.2,15.4,95,-1.6
1969,10,48,21,10,73,-1.8
1969,11,7,19.6,5.6,38,-1.9
1969,12,0,16.5,1.9,27,-1.9
1970,1,24,13.8,-0.1,37,-1.3
1970,2,23,15,1.9,38,-1.2
1970,3,41,18.8,5.5,58,-1.4
1970,4,53,21.2,8.8,65,-2
1970,5,104,23.1,12.5,103,-2.4
1970,6,337,24.9,15.9,119,-1.3
1970,7,288,24.7,17.2,111,1.7
1970,8,273,24.1,16.2,107,2.1
1970,9,160,24.3,15.4,97,2.2
1970,10,161,21.2,10.7,87,3.5
1970,11,12,18.1,5.9,45,3.1
1970,12,0,16.9,1.6,31,2.7
1971,1,8,14.5,0.5,29,2.4
1971,2,11,15.4,1.7,33,1.9
1971,3,86,18.6,5.3,89,2.4
1971,4,72,20.2,8.9,82,1.9
1971,5,78,21.6,12.1,85,0.8
1971,6,299,24.1,16.1,108,1.3
1971,7,245,25.1,16.6,118,1.4
1971,8,210,24,15.4,108,1
1971,9,90,24.9,14.9,92,-1.4
1971,10,103,21.8,11.1,83,-0.7
1971,11,63,17,5.7,63,1.9
1971,12,1,15.3,1.5,36,2
1972,1,6,16,1.1,34,2
1972,2,16,15.8,2.3,37,1.8
1972,3,70,19.3,5.8,79,2.2
1972,4,99,19.9,8,97,2.4
1972,5,112,22.8,12.1,108,1.9
1972,6,162,25,15.4,128,0.9
1972,7,203,26.4,17.5,117,-2.3
1972,8,212,24.8,15.5,128,-2.7
1972,9,139,24.1,14.4,96,-2.5
1972,10,26,22.9,10.2,67,-3.1
1972,11,11,18.3,5.3,42,-3.2
1972,12,0,17.4,1.5,25,-3.3
1973,1,15,16.3,1.4,31,-3
1973,2,55,16.1,3.3,57,-2
1973,3,42,19.1,4.8,59,-2.2
1973,4,101,22.4,9.2,102,-2.1
1973,5,187,22.5,12.3,118,-1
1973,6,296,24.2,15.7,108,2
1973,7,218,26.5,16.7,127,1.5
1973,8,232,24.9,16,120,1.3
1973,9,148,24.5,15.4,103,1.1
1973,10,87,21.5,11,89,1.1
1973,11,45,18,5.5,59,1.9
1973,12,20,15.6,2.4,40,2.6
1974,1,12,14,0.3,36,2.7
1974,2,3,17.6,3,34,2.1
1974,3,36,18.5,5.6,59,1.5
1974,4,71,21.6,9.3,82,0.9
1974,5,138,22.2,12,116,0.9
1974,6,185,24.6,15.6,108,-1.3
1974,7,361,23.9,16.6,119,1
1974,8,216,24.2,16,117,-0.3
1974,9,127,23.4,14.7,100,-0.7
1974,10,94,23.9,12.3,92,0.2
1974,11,4,20.8,5.4,47,-0.7
1974,12,1,15.8,1.3,30,-0.7
1975,1,5,14.4,0.7,28,-0.8
1975,2,61,15.5,2.5,60,1.1
1975,3,32,19.4,5.3,57,-0.5
1975,4,70,22.1,8.7,78,-0.8
1975,5,116,22.4,11.6,111,-1
1975,6,226,25.6,16.3,123,-1.3
1975,7,274,24.5,16.8,107,-1.2
1975,8,223,25.1,15.9,109,-1.2
1975,9,214,23.2,15.2,95,1.4
1975,10,73,23.5,11.7,82,1.2
1975,11,5,20.5,4.5,49,0.7
1975,12,1,16.3,0.2,29,-0.2
1976,1,22,14.4,-0.1,37,0.3
1976,2,19,16.4,3.4,35,-0.1
1976,3,50,19.5,6,66,-0.7
1976,4,64,21.3,8.9,73,-1.2
1976,5,113,21.9,12,109,-1.6
1976,6,289,23.8,15,115,-1.1
1976,7,204,25.2,16.2,113,-1.2
1976,8,207,24.4,15.8,116,-1.5
1976,9,84,24.9,14.2,94,-2.5
1976,10,34,21.7,9.8,66,-3
1976,11,6,21.6,6.4,40,-3.3
1976,12,0,17.4,1.2,26,-3.5
1977,1,5,15.2,0.1,23,-3.6
1977,2,12,17.6,2.7,26,-3.8
1977,3,65,20.1,6.6,72,-3.6
1977,4,176,19,8.4,112,-2
1977,5,213,20.3,10.8,113,2.8
1977,6,235,23.3,14.5,107,3.6
1977,7,231,25.5,17.3,117,3.3
1977,8,247,24.5,16,109,3.2
1977,9,170,24.4,15.6,102,3.2
1977,10,121,19.8,10,84,3.7
1977,11,36,18,5.9,50,4.1
1977,12,6,14.8,2.3,33,4
1978,1,5,12.9,-0.8,32,3.7
1978,2,10,15.2,2.2,35,3.1
1978,3,44,18.2,4.9,64,2.7
1978,4,85,20.6,8.5,87,2.4
1978,5,161,21.7,12.5,111,2.7
1978,6,238,24.1,15.6,116,2.7
1978,7,255,25.2,16.4,113,2.9
1978,8,261,24.5,16.5,106,3
1978,9,154,23.5,15.1,94,3
1978,10,76,22.2,11.6,81,2.7
1978,11,29,18.6,6.4,49,2.8
1978,12,0,16.4,1.7,32,2.6
1979,1,1,15.3,0.6,29,2.2
1979,2,26,15.2,2.3,42,2
1979,3,55,18.8,5.3,71,1.7
1979,4,65,22.4,9.4,79,0.9
1979,5,70,24.7,12.1,76,-2
1979,6,223,25.9,16.2,131,-2.4
1979,7,248,25,16.8,114,-2.8
1979,8,204,24.5,16.5,116,-3
1979,9,197,23.6,14.3,101,-1.7
1979,10,123,20.8,10.6,87,-0.7
1979,11,8,20.8,7,41,-0.8
1979,12,14,14.5,3,37,1.7
1980,1,19,14.2,-0.2,38,2
1980,2,23,15.8,2.7,40,2
1980,3,56,18.1,5.7,69,2.1
1980,4,72,21.9,9.2,83,1.6
1980,5,178,20.8,11.6,112,2.3
1980,6,190,25,16.4,113,2
1980,7,265,25.7,17.5,118,2.1
1980,8,261,24.4,16.5,102,2.4
1980,9,119,24.7,15.8,99,1.6
1980,10,65,21,10.3,78,1.3
1980,11,1,19.9,5.1,40,0.8
1980,12,0,17.7,2.7,28,-1.1
1981,1,34,13.5,1.1,43,0.7
1981,2,17,17.1,3,33,-0.1
1981,3,52,17.7,5.6,64,0.5
1981,4,162,19.6,8.4,104,1.7
1981,5,160,21.9,11.7,117,2.3
1981,6,188,25.5,16.3,117,2.1
1981,7,308,25,17.4,113,3
1981,8,198,25.4,16.8,113,2.3
1981,9,105,24.8,15,104,1.1
1981,10,9,24.3,10.2,59,-2.3
1981,11,0,19.9,5.4,36,-2.8
1981,12,31,15.2,1.1,40,-1.9
1982,1,1,15.7,0.9,22,-2.2
1982,2,18,14.6,2.5,30,-2.2
1982,3,57,18.2,5.3,64,-2.1
1982,4,123,19.9,8.5,91,-1.2
1982,5,86,23,11.4,96,-2
1982,6,199,24.8,16.1,112,-2.3
1982,7,153,25.9,17.3,109,-3.7
1982,8,250,26,16.1,117,-3.7
1982,9,85,25.4,14.7,94,-4.4
1982,10,34,21.8,9.8,69,-4.7
1982,11,32,17.9,5.3,48,-4
1982,12,3,16.1,1.4,26,-3.8
1983,1,12,12.7,-0.6,29,-3.4
1983,2,34,13.6,1,42,-2.7
1983,3,65,17.8,5.1,70,-2.1
1983,4,105,19.3,7.7,102,-1.6
1983,5,136,21.2,11.4,113,-1.3
1983,6,127,26,15.8,118,-2.3
1983,7,204,27,17.3,119,-3.7
1983,8,230,25.7,16,108,-3.8
1983,9,174,24.3,15.4,93,-2.8
1983,10,97,22.7,11.1,94,-2.2
1983,11,1,19.4,4.8,45,-2.4
1983,12,5,16.1,0.6,30,-2.1
1984,1,19,14.5,0,34,-1.5
1984,2,8,17,3.1,32,-1.7
1984,3,25,20.7,6,47,-2.3
1984,4,108,21.7,9.4,106,-1.9
1984,5,135,21.9,11.9,97,-1.4
1984,6,189,25.1,16.3,120,-1.7
1984,7,291,24.3,16.9,109,-1.3
1984,8,195,25,15.8,117,-1.7
1984,9,181,23.1,14.2,92,-0.7
1984,10,60,23.6,11.3,74,-0.9
1984,11,5,18.6,4.3,45,-1.1
1984,12,6,17.3,2.4,30,-1.1
1985,1,7,14.2,1,29,-1.1
1985,2,19,15.6,2.6,32,-1.1
1985,3,59,20.6,6.7,67,-0.8
1985,4,83,21.6,9.4,89,-0.9
1985,5,139,22.1,12.2,124,-0.9
1985,6,184,24.9,16.1,120,-1.5
1985,7,389,23.7,16.5,110,1.2
1985,8,158,25.5,16.7,119,-1.1
1985,9,150,24.1,15,96,-0.9
1985,10,39,22.3,10.7,71,-1.4
1985,11,6,18.4,5.2,39,-1.7
1985,12,7,16.6,2.7,29,-1.6
1986,1,3,16.1,0.8,25,-1.8
1986,2,5,16.3,2.5,25,-2.2
1986,3,55,19,5.6,66,-2.2
1986,4,132,19.3,8.5,97,-1.2
1986,5,66,21.9,11.4,86,-2.5
1986,6,190,26.2,16.5,117,-3
1986,7,358,25.4,16.9,114,-2.1
1986,8,209,25.3,16.1,117,-2.3
1986,9,165,23.2,14.7,94,-1.6
1986,10,179,19.9,9.6,85,2.3
1986,11,18,18.8,5.5,46,2.2
1986,12,4,15.3,2.2,33,2.2
1987,1,8,14.9,0.5,34,2
1987,2,32,16.7,3,45,2.1
1987,3,77,18.1,5.2,78,2.7
1987,4,109,20.1,8.8,106,2.8
1987,5,96,22.7,11.6,104,1.8
1987,6,171,25.6,17,115,0.9
1987,7,253,25.3,17.5,113,-2
1987,8,318,23.3,16.5,108,-0.6
1987,9,190,23.9,15.9,96,1.9
1987,10,61,22.1,10.5,76,1.5
1987,11,5,20.8,5.2,42,1
1987,12,2,17.1,1.9,31,0.7
1988,1,6,16.2,1.4,29,-0.3
1988,2,24,17.4,4.2,38,-0.8
1988,3,48,19.3,6.3,60,-0.9
1988,4,133,21.2,9.2,111,0.6
1988,5,207,22.5,12.2,120,1.9
1988,6,198,25.7,16,123,1.8
1988,7,316,25.4,17.5,108,2.9
1988,8,346,23.9,16.4,90,4.4
1988,9,140,24.3,15.2,96,3.9
1988,10,88,23.1,10.6,89,3.6
1988,11,72,19.1,5.6,69,4.9
1988,12,10,16.1,3.8,37,5
1989,1,7,14.4,1.2,34,4.8
1989,2,55,15.2,2.8,58,5.4
1989,3,40,19.2,6.3,65,5
1989,4,89,20.9,8.8,99,4.5
1989,5,170,23.9,12.5,126,4.6
1989,6,235,25,16.1,108,4.5
1989,7,250,25.2,17.1,106,4.6
1989,8,166,24.5,16.3,107,3.3
1989,9,183,24.2,16.1,87,3.9
1989,10,65,22.5,11.2,78,3.3
1989,11,8,18.3,5.4,43,2.8
1989,12,2,14.8,0.7,30,2.4
1990,1,3,17.6,1.4,26,1.8
1990,2,28,15,3.1,38,1.8
1990,3,70,16.6,4.6,72,2.2
1990,4,129,19.1,7.5,88,2.9
1990,5,128,22.5,12.3,117,2.7
1990,6,235,25.1,16.1,93,3
1990,7,281,25,17.3,103,3.6
1990,8,237,24.8,16.3,112,3.3
1990,9,158,23.9,15.2,88,3.4
1990,10,153,21.4,10.7,87,4.4
1990,11,1,20.7,5.6,45,3.6
1990,12,0,16.5,2.4,30,3.1
1991,1,33,13.1,-0.2,42,3.5
1991,2,38,17,3,46,3.7
1991,3,40,19.6,6.3,60,3.2
1991,4,114,20.6,8.9,103,3.4
1991,5,142,21.9,11,97,3.6
1991,6,246,23.7,15.6,101,3.9
1991,7,242,25.4,17,118,3.7
1991,8,332,23.7,16.3,105,4.7
1991,9,202,23.5,14.8,93,5.4
1991,10,155,22.1,10.8,88,6.2
1991,11,1,18.8,4.6,43,5.2
1991,12,10,14.2,1.2,33,5
1992,1,12,13.7,-0.1,32,4.6
1992,2,36,13.4,0.9,43,4.7
1992,3,62,20,5.4,70,4.7
1992,4,120,21.3,8.8,113,4.7
1992,5,100,20.7,11,101,3.9
1992,6,195,24.7,15.6,119,3.1
1992,7,233,24.9,16.6,120,2.1
1992,8,253,24.3,16,111,2.2
1992,9,113,24.7,14.7,100,1.3
1992,10,82,21.7,10.3,84,1.2
1992,11,3,18.7,4.4,44,0.8
1992,12,8,13.9,0.5,34,0.9
1993,1,28,14.7,1.2,39,1.5
1993,2,58,16.1,2.9,57,2.4
1993,3,56,17.7,4.6,69,2.6
1993,4,133,19.9,8.3,99,3.3
1993,5,158,21.9,11.3,105,3.9
1993,6,205,24.2,14.8,97,4.1
1993,7,186,25.9,16.6,109,3.3
1993,8,270,24.3,16.6,94,3.7
1993,9,193,23.5,14.9,97,4.2
1993,10,35,22.5,10.7,64,3.2
1993,11,12,19.5,5.3,42,2.6
1993,12,0,17.2,2.6,28,2
1994,1,21,16.2,1.8,35,2
1994,2,30,14.8,2.2,39,2
1994,3,85,18.3,5.6,79,2.8
1994,4,115,20.3,9.1,107,3
1994,5,102,22.9,12.6,106,2.1
1994,6,174,25.4,15.9,105,1.3
1994,7,234,27,16.8,127,-2
1994,8,287,25.1,16.5,112,-1.1
1994,9,71,25.5,15.8,85,-2.3
1994,10,43,22.4,10,69,-2.6
1994,11,17,17.8,6,43,-2.5
1994,12,1,15.8,1.2,26,-2.6
1995,1,26,13.4,0.3,37,-2
1995,2,19,14.7,2.5,32,-1.9
1995,3,37,20.1,6.4,51,-2.1
1995,4,88,21.2,8.8,90,-2.1
1995,5,121,24.2,13.2,105,-2
1995,6,278,25.5,16.7,98,-1.2
1995,7,290,24.8,17,119,1.4
1995,8,268,24.6,16.1,108,1.7
1995,9,183,24.1,15.6,91,2.4
1995,10,19,23.2,10.8,64,1.2
1995,11,57,19.5,6.5,59,2
1995,12,3,16.4,2.9,29,1.7
1996,1,11,15.2,1.1,30,1.6
1996,2,19,15.8,2.4,36,1.3
1996,3,66,19.4,6.4,72,1.4
1996,4,84,21.9,9.1,92,1
1996,5,145,22.3,12.1,108,1.2
1996,6,184,24.6,15,112,0.7
1996,7,264,24.5,17,103,0.6
1996,8,255,24.2,16.1,103,1
1996,9,108,24,15.7,101,-0.8
1996,10,179,22.1,11.2,88,1.8
1996,11,0,20,6.1,41,1.2
1996,12,0,17.1,1.2,31,1
1997,1,18,14,0,35,1.1
1997,2,27,13.8,2.1,40,1.2
1997,3,62,18.5,6.2,71,1.4
1997,4,181,18.1,8.1,104,2.8
1997,5,87,22,11.8,96,2.3
1997,6,206,24.2,15.2,94,2.3
1997,7,266,25.4,16.8,120,2.6
1997,8,269,24.9,16.2,112,2.8
1997,9,150,23.1,14.7,91,2.7
1997,10,11,20.7,9.5,64,1.3
1997,11,7,18.7,5.6,37,0.6
1997,12,8,15,1.9,28,-1.6
1998,1,4,15.2,0.4,23,-1.9
1998,2,39,16.6,3.6,45,-1.5
1998,3,70,17.6,5,73,-1
1998,4,190,20.7,9.3,104,2.1
1998,5,85,23.8,12.9,98,1.4
1998,6,301,25.4,16.1,87,2.6
1998,7,258,24.6,17.5,99,3
1998,8,325,23.9,16.8,83,4.3
1998,9,111,25,15.2,98,3.2
1998,10,81,24,12.9,83,2.9
1998,11,17,20.3,6.4,50,2.7
1998,12,1,16.6,2.7,33,2.4
1999,1,9,15.7,0.6,34,2.2
1999,2,1,19.1,4.4,28,1.3
1999,3,11,21.1,6.4,30,-2.1
1999,4,34,23.6,10.5,42,-2.8
1999,5,180,22.2,12.9,112,-1.7
1999,6,193,25.2,16.6,106,-1.7
1999,7,318,24.6,16.9,115,-0.6
1999,8,280,23.5,16.1,94,2.2
1999,9,147,24.2,15.3,98,1.9
1999,10,85,21.9,11.7,83,2
1999,11,8,20,6.4,45,1.6
1999,12,9,16.1,3,35,1.7
2000,1,20,13.9,1,38,1.9
2000,2,11,14.6,2.5,34,1.5
2000,3,58,17.5,5,70,1.4
2000,4,94,20.3,8.2,93,1.4
2000,5,209,21.9,12.7,105,2.8
2000,6,305,24.7,16.3,100,4.2
2000,7,177,25.2,17.1,113,3.2
2000,8,327,23.8,16.2,97,4.3
2000,9,148,23.5,14.7,93,4
2000,10,44,22.5,10.9,72,3
2000,11,5,19.7,5.7,39,2.3
2000,12,0,17,1.2,28,1.7
2001,1,2,17.3,0.7,25,1
2001,2,15,18.1,4,31,-1.8
2001,3,47,18.6,5.6,58,-2
2001,4,88,20.4,8.9,87,-1.9
2001,5,273,21.8,12.5,119,2.3
2001,6,223,24.5,16,100,3
2001,7,230,26.1,17.2,119,2.7
2001,8,244,24.2,17.1,112,2.6
2001,9,156,24.2,16,97,2.5
2001,10,128,21.8,11.6,86,3.2
2001,11,7,20.4,5.4,44,2.7
2001,12,0,17,2.1,32,2.4
2002,1,13,14.4,1.1,34,2.3
2002,2,7,17.8,3.3,32,1.6
2002,3,110,19.1,6.2,96,2.7
2002,4,135,20.3,8.9,99,3.4
2002,5,147,21.5,11.8,117,3.6
2002,6,228,24.5,16.1,100,3.9
2002,7,231,24.5,17.8,97,3.9
2002,8,219,24.2,16.2,103,3.4
2002,9,101,23.9,15.4,101,2.1
2002,10,64,21.5,10.7,78,1.7
2002,11,53,19.7,6.3,60,2.5
2002,12,14,16.6,2.9,36,2.9
2003,1,8,15.8,-0.1,34,2.8
2003,2,42,15.4,3.2,50,3.2
2003,3,46,18.1,5.4,62,3
2003,4,167,20.9,9.7,95,4.2
2003,5,81,21.4,12,99,3.3
2003,6,336,23.8,16.1,100,4.7
2003,7,315,24.9,17.2,100,5.7
2003,8,165,25.5,17.2,103,4.3
2003,9,169,24.4,16.3,93,4.4
2003,10,64,23.1,12,74,3.8
2003,11,5,20.5,5.7,42,3.2
2003,12,11,16,2.6,34,3.1
2004,1,12,14.4,0.7,33,2.8
2004,2,12,16.5,2.3,33,2.3
2004,3,48,22,7,61,1.8
2004,4,262,19.6,9.2,97,4.5
2004,5,139,22.9,13,106,5
2004,6,214,24.1,16.2,106,5.4
2004,7,298,23.6,16.9,100,6.1
2004,8,147,25.2,16.7,106,4.4
2004,9,76,25,15.1,86,2.8
2004,10,182,20.8,10.6,87,4.3
2004,11,15,17.9,5.6,49,3.9
2004,12,2,17.7,2.1,32,3.5
2005,1,17,15.1,1.8,37,3.4
2005,2,7,16.7,4.3,33,2.6
2005,3,83,19.5,6.6,83,3.1
2005,4,126,20.9,9.4,107,3.4
2005,5,192,20.8,11.8,106,4.4
2005,6,138,25.4,16.3,108,3.6
2005,7,225,25.4,17.7,120,3
2005,8,147,24.9,17.2,108,1.7
2005,9,108,25.4,16.1,111,-2.4
2005,10,153,21.3,12,89,-0.8
2005,11,2,20.5,4.6,45,-1.1
2005,12,0,17.5,1.8,31,-1.1
2006,1,0,18,1.1,28,-1.4
2006,2,98,20,4.6,70,2.1
2006,3,45,19.8,6.9,71,1.9
2006,4,273,19.9,9.1,113,4.6
2006,5,212,22.4,12.7,125,6.1
2006,6,231,24.7,16.7,111,6.6
2006,7,198,26.5,17.8,127,5.4
2006,8,106,26.2,16.6,122,3.1
2006,9,126,25,15.3,99,1.9
2006,10,62,21.9,11.1,83,1.4
2006,11,22,18.5,6.6,46,1.4
2006,12,2,18,2.4,31,1.2
2007,1,9,17.2,0.5,32,1
2007,2,78,14.8,2.8,63,2.4
2007,3,21,20.5,5.7,52,1.7
2007,4,227,21.4,9.2,98,3.8
2007,5,113,24.1,13.3,120,3.5
2007,6,245,25.3,15.8,97,4.3
2007,7,319,25.3,17.7,100,5.3
2007,8,274,25.3,16.8,108,5.4
2007,9,196,24.2,15.7,97,5.8
2007,10,58,23.6,12,75,4.9
2007,11,17,19.6,6,48,4.4
2007,12,0,18.3,1.6,30,3.8
2008,1,41,15.4,2.3,48,4.4
2008,2,14,15.2,1.3,34,3.8
2008,3,82,18.8,6.6,82,4.1
2008,4,94,21.6,10,92,3.9
2008,5,172,22.4,13.7,126,4.1
2008,6,361,24,16.4,93,5.8
2008,7,286,25.4,17.4,104,6.2
2008,8,252,23.8,16.7,90,6.1
2008,9,96,24.9,15.5,99,4.4
2008,10,154,21.7,10.6,92,5.3
2008,11,5,18.9,5,46,4.4
2008,12,1,18.1,3,30,3.9
2009,1,3,17.8,1.6,29,3.3
2009,2,14,18.4,4.2,34,2.6
2009,3,48,19.9,6.4,62,2.1
2009,4,93,23,9.9,93,1.9
2009,5,48,22.9,12.6,58,-2.4
2009,6,106,26.2,16.5,102,-3.7
2009,7,226,26.8,17.7,114,-5
2009,8,216,25,16.8,101,-5.4
2009,9,111,25.5,15.5,105,-5.7
2009,10,83,24.2,10.9,86,-5
2009,11,3,21.5,5.4,42,-4.8
2009,12,3,17.2,2.3,29,-4.3
2010,1,0,16.9,0.2,28,-4.2
2010,2,5,18,2.6,28,-4.3
2010,3,104,21.3,7.2,93,-2.8
2010,4,171,22.6,9.8,98,-1
2010,5,196,22.8,13,108,3.9
2010,6,191,25.2,16.6,100,4.3
2010,7,237,25.9,18,101,4.2
2010,8,197,25.2,17.5,107,3.4
2010,9,204,24.2,16.3,89,4.3
2010,10,178,22.3,12.3,92,5.6
2010,11,8,20.8,7.1,45,4.8
2010,12,1,16.8,1.9,33,4.3
2011,1,8,15,0.3,32,3.8
2011,2,24,17.4,2.2,40,3.4
2011,3,56,19.3,6.2,67,3.1
2011,4,44,20.8,9.4,60,2
2011,5,111,22.9,12.7,108,1.4
2011,6,196,25.1,16.5,111,0.6
2011,7,283,25,17.6,100,-1.6
2011,8,324,24.7,16,112,1.2
2011,9,123,25.5,15.4,105,-0.6
2011,10,12,23,10.8,66,-1.7
2011,11,12,19.2,4.7,42,-2
2011,12,1,18.3,2.1,25,-2.3
2012,1,12,13.3,-0.4,28,-2.3
2012,2,6,16.6,2.7,23,-2.8
2012,3,35,19.7,5.6,43,-3.3
2012,4,74,20.1,8.5,76,-3.2
2012,5,128,23.5,12.4,124,-3.4
2012,6,244,24.8,16.2,102,-3.1
2012,7,309,25.2,17.7,106,-2.1
2012,8,191,25.4,16.7,117,-2.5
2012,9,120,24.3,15.2,95,-2.7
2012,10,64,22.3,9.3,82,-2.7
2012,11,2,19.9,3.7,43,-2.8
2012,12,1,17.6,1.3,28,-2.9
2013,1,1,15.6,-0.3,25,-3.1
2013,2,46,17.2,3.3,53,-2.3
2013,3,76,20,6.6,79,-1.7
2013,4,164,20.8,9.1,112,1.8
2013,5,196,21.9,12.1,112,3
2013,6,265,25.9,16.9,118,4
2013,7,289,25.5,17.7,110,4.5
2013,8,154,25.2,15.5,120,2.9
2013,9,106,24.2,14.9,103,1.7
2013,10,242,21.5,11.2,90,4.4
2013,11,1,20,3.6,47,3.5
2013,12,16,16,1.4,36,3.6
2014,1,1,15.7,1,30,3
2014,2,30,15.9,2.6,43,2.8
2014,3,41,19.2,6.2,59,2.2
2014,4,64,22.4,10.1,76,1.4
2014,5,127,21.9,11.7,112,1.2
2014,6,177,26,16.6,111,-1.6
2014,7,244,26,18.3,121,-2.4
2014,8,332,24.3,16.3,103,-0.7
2014,9,201,24.4,15.5,97,2.4
2014,10,37,22.9,10.8,76,1.4
2014,11,8,20.7,5.6,41,0.8
2014,12,0,17.7,2.5,27,-1.5
2015,1,10,14.5,1.4,28,-1.6
2015,2,25,16.7,2.6,36,-1.5
2015,3,23,19.9,6.4,36,-2.4
2015,4,105,19.3,9,100,-1.9
2015,5,115,22.4,12.2,108,-2
2015,6,202,25,16.1,106,-2.2
2015,7,147,26.6,17.3,126,-3.7
2015,8,303,24.4,16.2,94,-2.8
2015,9,158,24.7,15.2,98,-2.3
2015,10,33,23.1,11,73,-2.8
2015,11,5,20.4,5.6,40,-3.1
2015,12,5,16,2.5,29,-3.1
2016,1,15,13.5,0.7,30,-2.9
2016,2,14,16.9,4.4,28,-2.8
2016,3,43,18.8,6.5,53,-2.8
2016,4,119,21.3,9.2,101,-2.6
2016,5,161,21.9,11.8,114,-2.7
2016,6,218,25.2,16.3,107,-3
2016,7,262,25.3,17.1,96,-2.9
2016,8,112,26,16.9,120,-4.4
2016,9,128,24.6,15.7,91,-5.1
2016,10,57,23.4,12.1,79,-4.9
2016,11,10,20.2,6.1,45,-4.9
2016,12,2,18,3.7,30,-4.6
2017,1,2,15.3,1.8,28,-4.4
2017,2,29,17.2,4.4,40,-4.5
2017,3,70,17.2,5.6,72,-2.7
2017,4,110,19.8,9.3,95,-2.2
2017,5,105,22.8,12.5,104,-1.9
2017,6,252,25.2,16.2,106,-2
2017,7,266,25.9,17.6,121,-2.5
2017,8,253,25.2,16.8,105,-2.4
2017,9,119,25,15.7,90,-2.6
2017,10,110,23,11.8,88,-2.4
2017,11,3,20.3,6.8,46,-2.3
2017,12,7,17.9,4.1,33,-2.1
2018,1,3,15.5,1.5,25,-1.8
2018,2,19,16.5,4.4,34,-1.2
2018,3,74,18.4,6.5,76,1.4
2018,4,76,20.1,9,82,1.4
2018,5,95,21.7,12,96,1.1
2018,6,158,25.8,16.3,104,-1
2018,7,234,26.1,17.6,111,-2.5
2018,8,215,25.4,17.1,107,-3.7
2018,9,99,25.3,15.7,88,-3.2
2018,10,24,21.4,10.4,65,-3.5
2018,11,7,19.3,5.8,37,-3.1
2018,12,9,15.7,2.5,28,-2.7
2019,1,7,13.9,-0.2,27,-3
2019,2,33,16.3,3.1,41,-2.5
2019,3,64,18.4,5.2,69,-1.9
2019,4,98,20.9,9,96,-1.6
2019,5,151,22.8,12.5,109,-1
2019,6,189,26,17,119,-1.3
2019,7,364,26.1,17.9,111,1.8
2019,8,166,26.4,18.1,118,0.6
2019,9,185,25.3,16.3,93,1.4
2019,10,74,23.4,12,81,1.3
2019,11,21,22,8.3,47,1.3
2019,12,6,15.9,1.7,33,1.4
