Product: Historical Climate - TerraClimate(http://www.climatologylab.org/terraclimate.html) 
Location (Lat/Lon of 4-km Grid Cell Center): 27.1875 North,93.6875 East 
Data Source: NW Climate Toolbox(https://climatetoolbox.org/tool/point-data-download)
Download Date: 07/24/2020
Variable List: 
ppt: ppt (Precipitation)
tmax: tmax (Maximum Temperature)
tmin: tmin (Minimum Temperature)
aet: aet (Actual Evapotranspiration)
PDSI: pdsi (Palmer Drought Severity Index (PDSI))
********************************************************
Year,Month,ppt(mm),tmax(degC),tmin(degC),aet(mm),PDSI(unitless)
1958,1,27,20.4,7.6,42,0.2
1958,2,54,19.3,8.7,57,0.8
1958,3,20,25,11.9,58,-1.1
1958,4,149,26.3,15.5,111,-1
1958,5,450,26.2,17.8,106,1
1958,6,292,29.9,21.4,114,-0.9
1958,7,519,29.2,21.2,115,0.4
1958,8,590,27.3,20.7,86,1.3
1958,9,277,28.6,20.7,93,0.9
1958,10,194,27.1,17.3,79,1.7
1958,11,4,25.9,11.1,42,1.1
1958,12,7,21.8,8.4,31,1
1959,1,41,19.7,7.4,47,1.5
1959,2,32,19,7.7,44,1.4
1959,3,86,23.8,11.3,87,1.6
1959,4,150,26.3,15.4,105,1.7
1959,5,531,25.9,17.5,103,3.3
1959,6,471,27.8,20.6,96,3.6
1959,7,342,28.9,21.2,118,1.9
1959,8,281,29,20.9,113,-2.4
1959,9,305,27.3,19.4,91,-2.1
1959,10,235,24.5,17,79,1.5
1959,11,14,24.3,11.4,47,1.1
1959,12,5,22.7,7.9,35,0.9
1960,1,5,19.8,5.7,34,-0.5
1960,2,42,22.3,9.9,51,0.1
1960,3,34,23.8,11.4,59,-1.5
1960,4,52,27.8,15.8,66,-2.9
1960,5,224,28.2,18.8,122,-3.4
1960,6,412,28.7,20.9,110,-3.6
1960,7,535,27.5,20.5,99,-2.5
1960,8,405,28.6,21.3,114,-2.6
1960,9,341,27.1,20.2,92,-2
1960,10,40,26.4,17,74,-2.7
1960,11,13,24.2,11.6,46,-3
1960,12,6,22.8,8.2,32,-3.1
1961,1,11,21.2,7.8,30,-3.3
1961,2,13,20.3,8.3,29,-3.6
1961,3,117,23.2,12,90,-2.5
1961,4,108,26.3,15.3,107,-2.8
1961,5,357,26.1,18.5,115,-2.4
1961,6,313,29,20.8,128,-3
1961,7,374,29,20.9,122,-3.8
1961,8,409,28.8,21.9,113,-3.8
1961,9,300,28,20.5,109,-3.6
1961,10,113,26.3,17.4,92,-3.4
1961,11,23,22.1,11.2,52,-3.2
1961,12,1,19,6.3,32,-3
1962,1,35,19.1,5.4,47,-2.3
1962,2,51,19.3,7.8,54,-1.6
1962,3,53,23.7,10.8,73,-1.8
1962,4,101,26.2,15.4,103,-2.2
1962,5,368,25.7,17.8,114,-1.8
1962,6,616,27.5,20.6,96,1.9
1962,7,366,28.8,21.4,119,0.6
1962,8,600,26.9,21.2,91,1.5
1962,9,241,27.6,20.5,103,0.6
1962,10,73,25.9,16,84,-1.4
1962,11,9,24.3,11.1,45,-1.7
1962,12,4,21.1,8,32,-1.8
1963,1,17,19.6,5.2,38,-1.8
1963,2,19,20.6,8.3,36,-2.1
1963,3,58,23.3,11.4,69,-2.4
1963,4,116,24.4,14.4,109,-2.6
1963,5,310,25.8,17.4,115,-2.6
1963,6,395,27.7,20.5,109,-2.4
1963,7,501,27.9,21.2,108,-1.9
1963,8,512,27.4,21.2,96,-1.3
1963,9,210,28.6,20.3,107,-2.3
1963,10,152,25,16,87,-1.7
1963,11,31,21.8,11.2,54,-1.5
1963,12,3,20.5,7.7,34,-1.4
1964,1,15,19.6,6,40,-1.4
1964,2,28,19.9,8,45,-1.5
1964,3,118,23.7,11,103,-0.6
1964,4,151,24.2,14.4,106,0.2
1964,5,261,26.2,17.1,123,-0.2
1964,6,416,28.1,19.8,103,0.6
1964,7,451,27.3,20.2,109,-0.2
1964,8,399,28.3,20.6,118,-0.7
1964,9,299,27.4,20.1,97,-0.7
1964,10,129,26.9,17.2,93,-0.7
1964,11,7,24.4,12.2,51,-1.1
1964,12,8,21,7.1,38,-1.1
1965,1,3,19.7,5.4,28,-1.5
1965,2,54,18.7,7.6,55,-0.9
1965,3,59,21.9,9.6,71,-1.2
1965,4,111,25.1,14.3,106,-1.5
1965,5,302,26.4,18.1,111,-1.7
1965,6,380,28.2,20.5,107,-1.7
1965,7,457,27.8,20.2,109,-1.6
1965,8,527,26.9,20.2,105,-1
1965,9,310,27.3,19.4,94,-0.9
1965,10,55,24.9,15.8,75,-1.6
1965,11,125,21.7,10.5,66,2
1965,12,2,21.7,8.1,34,1.9
1966,1,19,19.5,6,41,1.8
1966,2,11,22.3,8.7,38,1.2
1966,3,19,25.5,10.8,57,-1.5
1966,4,79,25.7,14.4,88,-2.4
1966,5,320,27.8,18.6,123,-2.6
1966,6,669,26.9,19.9,105,2.1
1966,7,418,28.6,20.9,107,1.4
1966,8,672,27.4,21,97,2.6
1966,9,291,26.9,19.5,101,2.1
1966,10,96,24.2,15.3,90,1.5
1966,11,29,25.1,13,49,1.5
1966,12,4,21.1,8.6,34,1.3
1967,1,17,20.1,7.5,40,1.1
1967,2,19,20.6,8.4,41,0.6
1967,3,124,21.6,11,95,1.5
1967,4,106,24.4,14,106,1
1967,5,236,26.3,17.6,116,-0.5
1967,6,376,27.6,20,108,-1
1967,7,358,28.7,20.6,113,-2
1967,8,269,29.5,21,126,-3.2
1967,9,299,27.7,19.6,101,-3
1967,10,30,25.3,14.9,68,-3.7
1967,11,24,20.9,10.8,48,-3.7
1967,12,1,20.5,7.8,28,-3.8
1968,1,32,18.6,6.2,41,-3.2
1968,2,75,18.9,7,60,-2
1968,3,60,23.1,11.4,73,-2
1968,4,151,24.7,13.7,110,-1.7
1968,5,432,26.1,17.4,108,-0.6
1968,6,432,27.6,20.4,108,1.7
1968,7,476,27.2,20.8,105,1.6
1968,8,381,28.8,20.8,116,0.8
1968,9,295,27.8,20.4,85,0.7
1968,10,108,24.7,15.6,89,-0.2
1968,11,4,23.8,11.4,43,-1.1
1968,12,1,21,7.1,32,-1.3
1969,1,42,19.3,6.4,49,-0.6
1969,2,2,21.1,8.1,29,-1.3
1969,3,140,24.4,11.9,103,1.1
1969,4,81,25.7,14.8,94,-0.7
1969,5,241,27.7,18.5,121,-1.3
1969,6,392,28,21,109,-1.4
1969,7,512,28.3,21.2,111,-0.8
1969,8,497,27.8,20.5,99,0.3
1969,9,224,27.7,20.2,102,-0.9
1969,10,87,24.9,16,88,-1.3
1969,11,14,23.8,11.5,44,-1.4
1969,12,1,21.2,7.9,32,-1.5
1970,1,47,18.4,5.8,51,0.8
1970,2,43,19.5,7.8,51,1
1970,3,81,23.6,11.4,85,1.1
1970,4,104,25.7,14.6,104,0.6
1970,5,358,27,18.2,118,0.8
1970,6,499,28.3,20.8,118,1.3
1970,7,541,27.4,20.9,101,2
1970,8,556,28,20.9,107,2.4
1970,9,361,27.7,19.8,97,2.7
1970,10,235,25,16.3,89,3.7
1970,11,15,22.8,12.1,47,3.1
1970,12,0,21.4,7.7,32,2.5
1971,1,20,19,6.5,37,2.3
1971,2,23,19.7,7.4,41,1.8
1971,3,91,23.8,11.1,93,1.8
1971,4,118,24.9,14.7,112,1.2
1971,5,213,26,18.1,121,-1.4
1971,6,499,27.7,20.9,106,-0.8
1971,7,430,28,20.2,117,-1.2
1971,8,425,27.9,20,105,-1.3
1971,9,207,28.3,19.6,99,-2.3
1971,10,217,25.5,16.6,83,-0.9
1971,11,101,21.8,11.3,65,2.7
1971,12,2,20.3,7.1,38,2.5
1972,1,20,20.5,6.9,42,2.3
1972,2,21,20,8.1,42,1.9
1972,3,90,24.2,11.5,93,2
1972,4,161,24.2,13.8,103,2.2
1972,5,293,26.9,18.1,113,2.2
1972,6,304,28.5,20.3,124,1
1972,7,395,29.1,21,111,-1.6
1972,8,347,28.8,20.2,133,-2.3
1972,9,241,27.6,19.5,97,-2.8
1972,10,42,26.4,16.1,74,-3.4
1972,11,12,23.1,11.2,45,-3.7
1972,12,2,22.1,7.7,28,-3.8
1973,1,26,20.7,7.4,39,-3.4
1973,2,71,20.5,9.3,68,-2.4
1973,3,56,24,10.8,72,-2.6
1973,4,175,26.6,15.2,120,-2.2
1973,5,359,26.7,18.4,116,-1.6
1973,6,626,27.8,20.6,107,2.3
1973,7,323,29.6,20.5,124,-1.6
1973,8,454,28.8,20.9,121,-1.6
1973,9,353,28,20,102,-1
1973,10,112,25.4,16.7,94,-1.1
1973,11,59,23,11.5,66,0.7
1973,12,30,20.2,8.5,45,1.7
1974,1,28,19,6.2,45,2
1974,2,8,21.7,8.6,41,1.3
1974,3,53,23.4,11.1,75,0.8
1974,4,140,25.5,14.7,114,0.7
1974,5,309,26.4,18,113,0.6
1974,6,366,28.1,20.7,107,-0.3
1974,7,658,26.7,20.3,116,1.8
1974,8,447,27.9,20.9,117,1.4
1974,9,312,26.8,19.5,99,1.3
1974,10,165,27.3,18.2,96,1.5
1974,11,11,25.2,12.1,50,1
1974,12,1,20,7.6,33,0.7
1975,1,13,19,6.8,34,-0.3
1975,2,80,19.9,8.3,67,1
1975,3,46,24.5,11.7,70,-0.5
1975,4,123,26.4,14.8,112,-0.8
1975,5,318,26.2,17.7,114,-0.8
1975,6,358,28.9,21.2,115,-1.2
1975,7,476,27.4,20.4,96,-0.8
1975,8,488,28.8,20.7,105,-0.6
1975,9,395,26.8,20,96,1.2
1975,10,130,26.8,17.4,89,1.2
1975,11,9,24.4,11,51,0.6
1975,12,4,20.8,6.3,34,-0.2
1976,1,33,19.1,6.2,45,0.3
1976,2,38,20.5,9.1,48,0.1
1976,3,83,24.1,11.9,89,0
1976,4,113,25.5,14.8,111,-0.6
1976,5,234,26.2,17.9,119,-1.2
1976,6,543,27.1,19.8,107,0.9
1976,7,446,28.4,19.9,104,-0.2
1976,8,355,28.2,20.5,115,-0.9
1976,9,158,28.3,19.1,101,-2.4
1976,10,54,25.3,15.5,74,-3
1976,11,15,25.4,12.6,49,-3.1
1976,12,1,21.5,7.6,31,-3.2
1977,1,12,19.5,6,32,-3.2
1977,2,26,21.3,8.3,39,-3.2
1977,3,92,24.8,12.5,95,-2.9
1977,4,271,23.1,14.1,112,-1.1
1977,5,453,24.6,16.8,116,3
1977,6,442,26.7,19.3,99,3.1
1977,7,438,28.3,21.1,118,2.3
1977,8,547,28.2,20.7,107,2.6
1977,9,314,27.9,20.4,101,2.4
1977,10,188,23.8,15.7,90,2.9
1977,11,57,22.5,11.8,59,3.3
1977,12,17,19.8,8.2,41,3.5
1978,1,9,17.6,5.3,37,3.1
1978,2,25,19.7,8,45,2.7
1978,3,54,23.1,10.9,73,2.1
1978,4,125,25.4,14.3,98,1.8
1978,5,328,26,18.2,112,1.8
1978,6,457,27.7,20.4,112,2
1978,7,427,28.2,20.2,104,1.4
1978,8,465,28.8,21.5,104,1.3
1978,9,317,27,19.9,101,1.2
1978,10,119,26.1,17.5,89,1
1978,11,66,22.9,12.5,65,1.7
1978,12,0,21.4,7.5,37,1.5
1979,1,8,20.1,6.7,36,1.1
1979,2,28,19.9,8.1,47,0.9
1979,3,72,23.5,11.2,85,0.6
1979,4,86,27,15.4,99,-1.4
1979,5,162,28.7,18.3,125,-2.3
1979,6,353,29.4,21.3,128,-3.5
1979,7,471,27.9,20.6,110,-3.1
1979,8,383,28.3,21.4,121,-3.4
1979,9,437,27.1,19.3,98,-1.7
1979,10,226,24.8,16.2,90,2.4
1979,11,14,25,13,44,1.9
1979,12,30,19.8,9,45,2.5
1980,1,34,18.7,5.8,47,2.7
1980,2,36,20.1,8.4,48,2.6
1980,3,90,22.9,11.5,89,2.8
1980,4,154,26.1,15,104,2.8
1980,5,345,25.2,17.5,112,3.2
1980,6,333,28.5,21.2,107,2.3
1980,7,481,28.6,21.3,110,2.1
1980,8,590,28,21.5,99,2.8
1980,9,279,28,20.7,93,2.2
1980,10,118,24.7,16.1,88,1.9
1980,11,2,24.4,11.2,45,1.2
1980,12,0,22.3,8.7,32,0.7
1981,1,53,18.4,7,53,1.5
1981,2,30,21.2,8.9,44,1.2
1981,3,78,22.6,11.3,83,1.2
1981,4,192,24.2,14.4,107,1.7
1981,5,356,26.2,17.8,117,2.2
1981,6,352,29,21.2,109,1.6
1981,7,572,27.9,21.2,113,2.4
1981,8,445,28.9,21.7,113,2
1981,9,260,28.4,19.9,108,1.2
1981,10,38,27.6,16.3,74,-1.7
1981,11,2,24.5,11.8,41,-2.4
1981,12,40,20.1,7.5,47,-1.4
1982,1,4,20.5,7,28,-1.8
1982,2,30,19.3,8.5,40,-1.8
1982,3,70,23,11.1,77,-1.9
1982,4,186,24,14.1,88,-1
1982,5,204,27.2,17.6,126,-1.4
1982,6,372,28,21.1,101,-1.5
1982,7,303,28.6,21.1,105,-2.9
1982,8,491,29.8,21.1,112,-2.5
1982,9,223,28.7,19.6,100,-3.1
1982,10,43,25.8,15.9,75,-3.8
1982,11,70,22.6,11.3,66,-2.7
1982,12,10,20.5,7.6,35,-2.2
1983,1,28,17.8,5.6,42,-1.7
1983,2,49,18.2,7.2,52,-1.1
1983,3,63,22.4,11,72,-0.9
1983,4,145,23.7,13.8,109,-0.7
1983,5,309,25.5,17.5,107,1.4
1983,6,299,29.3,20.7,107,-0.8
1983,7,460,29.6,20.9,110,-0.8
1983,8,401,29.4,20.9,97,-1.1
1983,9,383,27.6,20.1,91,0.9
1983,10,144,26.6,17.2,92,1
1983,11,5,24.1,11.4,48,-0.5
1983,12,11,20.6,6.8,35,0.1
1984,1,25,18.9,6.2,39,0.1
1984,2,10,20.8,9,35,-0.8
1984,3,44,25.4,12.1,62,-1.5
1984,4,189,26,15.3,112,-0.8
1984,5,332,25.8,17.6,97,0.4
1984,6,344,28.9,21.2,111,-0.5
1984,7,540,27.3,20.6,104,1
1984,8,349,29,20.6,113,-0.8
1984,9,373,26.6,19,91,0.9
1984,10,100,27.1,16.9,86,-0.3
1984,11,5,23.4,10.3,48,-0.8
1984,12,16,21.7,8.4,39,0.2
1985,1,11,19,7,34,-0.7
1985,2,27,19.9,8.5,39,-0.8
1985,3,98,24.7,12.5,90,0.5
1985,4,150,25.7,15.1,115,0.1
1985,5,253,26.5,18,127,-0.4
1985,6,425,28.2,20.9,111,0.1
1985,7,658,26.8,20.1,104,2.1
1985,8,320,29.3,21.3,122,0.8
1985,9,292,27.5,19.7,92,0.6
1985,10,66,26.3,16.6,83,-1.6
1985,11,12,23.1,11.5,46,-1.9
1985,12,12,21.6,8.7,35,-1.7
1986,1,7,20.5,6.8,30,-2
1986,2,16,20.6,8.3,34,-2.4
1986,3,66,23.9,11.7,76,-2.5
1986,4,195,23.7,14.3,98,-1.6
1986,5,137,26.7,17.7,137,-2.3
1986,6,313,29.7,21.2,113,-3.4
1986,7,587,28.5,20.5,108,-1.9
1986,8,420,28.9,20.7,113,-2
1986,9,349,26.6,19.4,89,-1.3
1986,10,253,23.9,15.3,85,2.7
1986,11,32,23.5,11.5,54,2.5
1986,12,6,20.3,8.4,36,2.3
1987,1,9,19.9,6.6,36,1.7
1987,2,42,21.2,8.9,52,1.7
1987,3,111,22.8,10.9,87,2.4
1987,4,149,24.6,14.5,110,2.4
1987,5,238,27.1,17.6,127,1.8
1987,6,326,29,21.6,110,1
1987,7,485,27.8,21.2,107,1.1
1987,8,611,27,21.3,106,1.9
1987,9,421,27.1,20.5,91,3
1987,10,99,25.6,16.5,91,2.3
1987,11,12,25.6,11.5,49,1.7
1987,12,7,21.9,7.8,36,1.5
1988,1,14,20.6,7.2,37,1.1
1988,2,32,21.8,9.7,46,0.8
1988,3,76,23.8,11.9,83,0.6
1988,4,172,25.5,14.9,112,0.9
1988,5,476,26.5,17.8,112,2.1
1988,6,305,29.4,20.9,118,1
1988,7,583,28.2,21.1,102,2.1
1988,8,753,27.5,21.1,83,3.9
1988,9,312,27.7,20,94,3.5
1988,10,179,26.6,16.6,88,3.8
1988,11,95,24.1,11.9,71,4.9
1988,12,14,21.2,9.9,41,4.8
1989,1,13,18.9,7.1,40,4.3
1989,2,80,19.5,8.6,66,5.1
1989,3,49,24,12,76,4.3
1989,4,128,25.2,14.7,116,3.7
1989,5,284,28.1,18.7,126,3.1
1989,6,385,28.6,20.9,103,2.7
1989,7,433,28.1,20.7,106,2.1
1989,8,342,28.3,21.1,105,1.1
1989,9,389,27.5,20.7,85,2
1989,10,140,26.2,17,82,2
1989,11,23,22.9,11.4,51,1.7
1989,12,4,19.8,6.6,35,1.5
1990,1,9,21.9,7.3,35,1
1990,2,44,19.6,9.2,51,1.2
1990,3,81,21.7,10.4,81,1.3
1990,4,192,23.5,13.4,86,2.2
1990,5,274,26.7,18.2,116,2.2
1990,6,546,28.4,20.7,95,3.2
1990,7,513,28,20.9,97,3.4
1990,8,451,28.7,21.1,107,3
1990,9,421,27.1,19.9,87,4
1990,10,209,25,16.5,86,4.6
1990,11,3,25.3,11.7,46,3.6
1990,12,3,21.6,8.5,33,2.9
1991,1,43,18.1,5.9,48,3.2
1991,2,42,21.4,8.9,48,3.1
1991,3,67,24.5,12.1,78,2.7
1991,4,169,24.7,14.8,98,2.9
1991,5,343,25.9,16.8,97,3.2
1991,6,498,27.3,20.5,103,3.7
1991,7,482,28.3,20.8,117,3.3
1991,8,594,27.5,21.1,107,3.8
1991,9,427,27,19.6,92,4.7
1991,10,231,25.8,16.8,85,5.6
1991,11,8,23.3,10.9,47,4.6
1991,12,21,19.1,7.2,38,4.5
1992,1,20,18.5,5.7,38,4.1
1992,2,60,17.7,6.6,56,4.4
1992,3,93,24.3,11,89,4.5
1992,4,176,25.6,14.6,112,4.6
1992,5,221,25.2,17.1,114,3.9
1992,6,366,28.4,20.6,113,3.2
1992,7,441,28,20.3,116,2.5
1992,8,421,28.2,20.9,108,2
1992,9,278,28.3,19.5,108,1.3
1992,10,138,25.4,16,89,1.4
1992,11,6,23.6,10.7,47,0.8
1992,12,10,19,6.6,36,0.7
1993,1,43,19.2,7,49,1.3
1993,2,82,20.6,8.4,60,2.3
1993,3,87,22.5,10.4,89,2.6
1993,4,165,24.6,14.4,105,2.9
1993,5,403,26.1,17.1,105,3.8
1993,6,446,27.8,19.9,99,3.8
1993,7,402,28.7,20.5,108,2.7
1993,8,585,27.8,21.6,90,3.3
1993,9,415,27,19.9,99,4.1
1993,10,72,26.2,16.5,79,3.1
1993,11,15,24.1,11.5,48,2.5
1993,12,0,22.2,8.7,32,1.9
1994,1,31,21,7.9,43,1.9
1994,2,42,19.5,8.2,50,1.9
1994,3,139,22.9,11.2,81,3.1
1994,4,169,24.8,15.1,105,3.5
1994,5,252,27.4,18.8,128,3.2
1994,6,321,28.8,20.7,104,2.3
1994,7,372,30,20.6,128,0.9
1994,8,497,29,21.4,115,1
1994,9,208,28.8,20.6,101,-2.3
1994,10,143,25.8,15.8,83,-1.8
1994,11,24,22.7,12.2,51,-1.7
1994,12,1,20.4,7.1,34,-1.6
1995,1,39,18.5,6.4,49,-0.9
1995,2,40,19.3,8.4,47,-0.6
1995,3,58,24.7,12,71,-0.7
1995,4,110,25.7,14.8,108,-1
1995,5,367,28.2,19,106,-0.6
1995,6,512,28.9,21.5,94,1.3
1995,7,486,27.6,20.6,112,1.3
1995,8,455,28.3,21,108,1.1
1995,9,420,27.3,20.4,89,2.2
1995,10,42,27,16.8,70,1.1
1995,11,77,24.2,12.9,64,1.9
1995,12,7,20.8,9,36,1.8
1996,1,22,19.5,7.2,39,1.8
1996,2,32,20.4,8.5,47,1.6
1996,3,119,23.9,11.8,92,2.4
1996,4,138,26.2,15.1,118,2.2
1996,5,485,26.2,18,101,3.6
1996,6,295,28.3,20.2,109,2.4
1996,7,476,27.3,20.8,97,2.3
1996,8,509,28,21,103,2.4
1996,9,208,27.6,20.9,99,1.1
1996,10,250,25.8,17,84,2.5
1996,11,1,24.4,12.6,44,1.7
1996,12,0,22.3,7.7,34,1.1
1997,1,24,18.9,6.2,39,1
1997,2,43,18.1,7.7,48,1.2
1997,3,101,23.2,11.8,92,1.6
1997,4,187,22.9,13.9,106,2.1
1997,5,219,26.4,17.8,100,1.8
1997,6,414,27.8,20.3,91,1.8
1997,7,455,28.3,20.5,116,1.4
1997,8,416,28.8,21,112,0.9
1997,9,341,26.5,19.5,94,1.2
1997,10,25,24.7,15.8,71,-1.2
1997,11,22,23.4,12,44,-1.5
1997,12,15,19.7,8,34,-1.4
1998,1,14,19.7,6.4,33,-1.6
1998,2,58,20.9,9.1,58,-1
1998,3,109,22.2,10.8,93,1.1
1998,4,207,25.4,15.1,108,1.8
1998,5,271,28.3,18.8,118,1.8
1998,6,700,28.4,20.7,83,4.2
1998,7,481,27.4,21.3,95,4
1998,8,549,27.4,21.7,82,4.3
1998,9,209,28.6,19.9,102,2.7
1998,10,120,27.6,18.8,87,2.4
1998,11,28,25.1,12.7,56,2.1
1998,12,2,22,8.9,37,1.8
1999,1,12,20.7,6.8,37,1.3
1999,2,2,23.5,10.3,31,-2
1999,3,23,25.8,12.3,44,-3.2
1999,4,106,27.8,16.3,102,-3.5
1999,5,392,26.5,18.8,109,-2.9
1999,6,362,28.7,21.7,105,-2.9
1999,7,520,27.7,20.8,113,-2.2
1999,8,510,27.2,21.2,91,-1.5
1999,9,258,27.9,20.4,97,-1.9
1999,10,153,25.8,17.6,81,-1.3
1999,11,16,24.9,12.6,49,-1.4
1999,12,11,21.4,8.9,39,-1.1
2000,1,42,18.9,6.9,49,0.6
2000,2,20,19,8.3,42,-0.3
2000,3,76,22.4,10.6,81,0.6
2000,4,171,24.7,14.3,102,1
2000,5,421,26.5,18.5,109,2
2000,6,474,28.2,21.2,96,2.4
2000,7,359,28.1,21.1,117,1
2000,8,642,27.3,21.2,96,2.1
2000,9,327,26.9,19.7,88,2.2
2000,10,73,26.4,16.8,82,1.3
2000,11,20,24.2,12.1,49,1
2000,12,1,22,7.3,34,0.6
2001,1,2,21.6,6.6,30,-1.5
2001,2,20,22,9.6,36,-1.8
2001,3,57,23.7,11.7,69,-2.2
2001,4,95,25.1,15.2,93,-2.6
2001,5,577,26,18.2,115,-0.9
2001,6,356,28,21.1,89,-1
2001,7,453,29.1,21.1,109,-1.1
2001,8,459,27.9,22,106,-1
2001,9,341,27.6,21,91,1
2001,10,203,25.5,17.4,80,2
2001,11,21,25.2,11.7,47,1.7
2001,12,1,21.8,8.4,36,1.3
2002,1,30,19.3,7.2,42,1.5
2002,2,15,22.4,9.3,39,0.9
2002,3,122,23.9,12,101,1.6
2002,4,211,24.9,14.9,100,2.5
2002,5,287,26.1,18,118,2.7
2002,6,416,28.2,21.1,95,2.6
2002,7,459,27.3,21.5,83,2.5
2002,8,415,28,21,101,2
2002,9,208,27.6,20.3,106,0.6
2002,10,83,25.3,16.5,84,-1.7
2002,11,79,24.3,12.6,67,1.1
2002,12,17,21.4,9,41,1.6
2003,1,16,20.4,5.9,41,1.5
2003,2,48,20,9,56,1.8
2003,3,50,22.9,10.9,69,1.5
2003,4,203,25.2,15.3,98,2.3
2003,5,198,25.5,18,111,2
2003,6,477,27.3,21,92,2.5
2003,7,591,27.9,21.2,95,3.5
2003,8,386,28.9,22.1,98,2.7
2003,9,311,27.9,21.2,91,2.5
2003,10,90,26.7,17.8,78,2
2003,11,6,24.9,11.8,45,1.3
2003,12,13,21.1,8.9,38,1.3
2004,1,20,19.2,6.9,39,1.2
2004,2,19,21.1,8,40,0.6
2004,3,103,26.5,12.5,100,0.9
2004,4,294,24,14.9,98,2.9
2004,5,350,26.9,18.7,105,3.6
2004,6,379,27.5,21,97,3.2
2004,7,494,26.6,20.9,96,3.2
2004,8,327,28.8,21.7,107,2
2004,9,192,28.2,19.9,94,0.6
2004,10,266,24.5,16.4,86,2.3
2004,11,13,22.8,12,49,1.8
2004,12,7,22.4,8.1,35,1.5
2005,1,30,19.8,7.8,43,1.6
2005,2,15,21,10,39,0.9
2005,3,135,23.9,12,84,2.1
2005,4,183,25,15.2,107,2.7
2005,5,412,25,18,104,3.8
2005,6,308,28.8,21.1,107,2.7
2005,7,402,28.5,21.4,121,1.6
2005,8,322,28.3,21.9,105,0.6
2005,9,178,29,21.1,122,-3.6
2005,10,185,25.1,17.9,90,-2.5
2005,11,12,25,11,49,-2.6
2005,12,1,22.4,8,34,-2.6
2006,1,1,22,6.8,29,-3
2006,2,106,23.5,9.8,67,-1.1
2006,3,63,24.5,12.6,84,-1.2
2006,4,314,24.3,14.9,114,3.3
2006,5,473,26.8,18.6,123,4.6
2006,6,455,28,21.5,106,4.6
2006,7,390,29.5,21.4,132,3.1
2006,8,236,30.1,21.3,136,1.1
2006,9,260,28.6,20.1,106,-2.9
2006,10,97,25.9,17.1,97,-3
2006,11,43,23.2,12.7,57,-2.4
2006,12,6,22.8,8.5,39,-2
2007,1,11,21.7,6.6,39,-2.1
2007,2,99,19.5,8.6,66,1.7
2007,3,28,25.2,11.4,68,0.7
2007,4,294,25.7,14.9,104,2.7
2007,5,252,28.1,18.9,124,2.6
2007,6,453,28.6,20.5,97,2.8
2007,7,558,28.1,21.4,96,3.5
2007,8,487,29.1,21.7,103,3.3
2007,9,383,27.5,20.2,102,3.7
2007,10,100,27.3,17.9,86,3
2007,11,21,24.3,12.4,52,2.6
2007,12,1,23.1,7.7,36,2.1
2008,1,66,19.8,8.1,57,3.2
2008,2,22,19.7,7.1,43,2.6
2008,3,114,23.5,12.1,89,3.3
2008,4,145,25.7,15.7,108,3.2
2008,5,421,26.6,19.6,121,3.9
2008,6,610,27.6,21.1,92,5.2
2008,7,495,28.4,21.1,103,5
2008,8,466,27.5,21.6,94,4.6
2008,9,215,28.5,20.5,105,3
2008,10,210,25.7,16.6,94,3.7
2008,11,15,23.9,11.2,51,3
2008,12,2,23.1,9,33,2.5
2009,1,16,22.3,7.5,37,2
2009,2,25,22.7,10,44,1.4
2009,3,46,24.7,12.2,64,0.6
2009,4,151,27.1,15.6,112,-1.5
2009,5,147,27.5,18.9,122,-2.3
2009,6,289,29.8,21.3,106,-3.7
2009,7,389,29.7,21.4,113,-4.2
2009,8,482,28.7,21.6,97,-3.5
2009,9,222,29.3,20.4,104,-4.2
2009,10,141,27.9,16.7,91,-3.6
2009,11,9,26,11.7,46,-3.6
2009,12,5,22,8.5,31,-3.3
2010,1,1,21.8,6.3,31,-3.6
2010,2,10,22.3,8.6,34,-3.9
2010,3,156,25.7,12.6,98,-2.1
2010,4,305,26.5,15.3,90,3.7
2010,5,453,26.9,18.9,99,5.1
2010,6,359,28.3,21.2,90,4.3
2010,7,400,28.9,21.6,105,3.2
2010,8,413,29,22.2,109,2.6
2010,9,462,27.6,21.1,93,4
2010,10,224,26.1,18.2,90,4.7
2010,11,30,25.3,13.2,53,4.3
2010,12,3,22,8,37,3.8
2011,1,16,19.6,6.5,38,3.3
2011,2,21,21.9,8.3,42,2.6
2011,3,104,24.3,12,98,2.9
2011,4,77,25.5,15.3,88,1.7
2011,5,207,27.5,18.8,113,0.7
2011,6,342,28.8,21.5,106,-2.2
2011,7,513,28.1,21.6,103,-1.5
2011,8,554,28.8,20.9,112,-0.8
2011,9,264,29.2,20.4,103,-1.3
2011,10,29,27,16.8,73,-2.3
2011,11,13,24.1,10.8,44,-2.7
2011,12,7,23.1,8.2,32,-2.9
2012,1,21,18.4,6.1,34,-2.7
2012,2,5,21.2,8.7,26,-3.4
2012,3,52,24.2,11.4,62,-3.8
2012,4,148,24.6,14.2,100,-3.4
2012,5,304,28.1,18.6,136,-3.4
2012,6,479,28.1,21,98,-2.4
2012,7,536,28,21.4,111,-1.5
2012,8,395,29.2,21.4,120,-1.9
2012,9,357,27.5,19.9,99,-1.2
2012,10,126,26,15.4,95,-1.1
2012,11,8,24.7,10.2,49,-1.4
2012,12,4,22.4,7.5,35,-1.5
2013,1,2,20.3,6,30,-2
2013,2,42,22,9.4,53,-1.8
2013,3,101,25,12.6,99,-1.4
2013,4,210,25.2,15.2,114,0.8
2013,5,426,26.2,17.9,107,2.1
2013,6,422,29.4,21.7,125,1.9
2013,7,492,28.4,21.5,110,1.9
2013,8,340,29.2,20.4,123,0.8
2013,9,282,27.7,20,114,-1.2
2013,10,305,25.4,16.8,92,2.2
2013,11,2,24.9,9.9,48,1.3
2013,12,19,21.2,7.8,39,1.5
2014,1,2,20.4,6.9,31,0.8
2014,2,36,20.2,8.4,46,0.7
2014,3,39,24.1,12.1,60,-1.5
2014,4,60,26.8,16.1,73,-2.7
2014,5,398,26.2,17.8,114,-2.3
2014,6,330,29.4,21.3,115,-2.7
2014,7,349,29,22.2,114,-3.6
2014,8,609,27.8,21.1,99,-2.3
2014,9,389,27.8,20.4,100,-1.2
2014,10,48,26.9,16.7,82,-2.1
2014,11,9,25.2,11.9,43,-2.5
2014,12,0,22.5,8.5,29,-2.9
2015,1,12,19.7,7.5,30,-3.1
2015,2,32,21.4,8.4,42,-3
2015,3,39,24.9,12.2,53,-3.7
2015,4,146,23.5,14.8,101,-3.3
2015,5,314,26.6,18.2,108,-3.1
2015,6,422,28.2,20.8,99,-2.5
2015,7,293,29.5,20.7,124,-4.2
2015,8,685,27.9,20.8,91,-2.2
2015,9,279,28.1,20.1,100,-2.3
2015,10,78,26.8,16.7,91,-2.8
2015,11,22,24.7,11.8,51,-2.7
2015,12,7,20.6,8.5,35,-2.5
2016,1,34,18.3,6.9,44,-2.1
2016,2,34,21,9.9,44,-1.9
2016,3,64,23.8,12.4,73,-2.1
2016,4,218,25.4,15,93,2.3
2016,5,293,25.9,17.7,111,2.1
2016,6,327,28.7,21.2,102,1.6
2016,7,410,27.9,20.7,95,1.2
2016,8,194,30.2,21.7,128,-2.6
2016,9,244,28,20.7,98,-3.4
2016,10,98,27.2,17.9,94,-3.6
2016,11,18,24.6,12.1,52,-3.6
2016,12,3,22.5,9.4,36,-3.3
2017,1,3,20.2,7.9,33,-3.3
2017,2,58,21.5,10,61,-3.5
2017,3,86,22.1,11,86,-2.2
2017,4,175,24,14.9,96,-1.2
2017,5,296,27,18.4,113,-0.7
2017,6,431,28.6,20.9,98,-0.8
2017,7,448,28.9,21.2,120,-2.2
2017,8,429,28.9,21.5,105,-2.4
2017,9,278,28.4,20.6,94,-3
2017,10,201,26.7,17.7,86,-2.6
2017,11,4,25,12.8,48,-2.8
2017,12,12,22.5,9.8,37,-2.6
2018,1,9,19.9,7.2,29,-2.3
2018,2,18,20.7,9.8,33,-1.6
2018,3,94,23.5,12.1,91,1.4
2018,4,90,24.6,14.7,94,1
2018,5,196,25.8,17.8,110,0.8
2018,6,268,29,21.1,107,-1.5
2018,7,399,29,21.3,96,1
2018,8,407,29.1,22,104,-0.7
2018,9,252,28.4,20.6,90,0.4
2018,10,45,25.3,16.3,71,-0.7
2018,11,21,23.9,11.6,44,1.9
2018,12,16,20.8,8.6,35,2.1
2019,1,4,20.3,7.5,32,-3.6
2019,2,50,21.3,9.6,53,-2.9
2019,3,75,23.6,11.5,79,-2.5
2019,4,78,26.1,15.6,88,-3.2
2019,5,361,26,17.4,99,-2.8
2019,6,258,29.6,22,114,-3.6
2019,7,624,28.5,21.1,99,-1.6
2019,8,247,30.6,23.3,125,-2.9
2019,9,283,28.4,20.8,94,-2.9
2019,10,125,26.7,17.4,86,-2.6
2019,11,40,26.1,14,55,-2
2019,12,11,20.8,7.8,39,-1.5
