Product: Historical Climate - TerraClimate(http://www.climatologylab.org/terraclimate.html) 
Location (Lat/Lon of 4-km Grid Cell Center): 27.4792 North,94.5625 East 
Data Source: NW Climate Toolbox(https://climatetoolbox.org/tool/point-data-download)
Download Date: 07/24/2020
Variable List: 
ppt: ppt (Precipitation)
tmax: tmax (Maximum Temperature)
tmin: tmin (Minimum Temperature)
aet: aet (Actual Evapotranspiration)
PDSI: pdsi (Palmer Drought Severity Index (PDSI))
********************************************************
Year,Month,ppt(mm),tmax(degC),tmin(degC),aet(mm),PDSI(unitless)
1958,1,33,23,11.4,44,0.1
1958,2,54,22.5,12.9,57,0.1
1958,3,22,28.6,16.3,57,-1.2
1958,4,165,30.1,20.1,114,-1.8
1958,5,686,29.5,22.5,113,-0.6
1958,6,419,32.8,25.2,112,-1
1958,7,638,32.8,25.3,121,1.1
1958,8,580,30.6,24.9,89,1.9
1958,9,362,32.1,24.7,97,1.7
1958,10,283,30.5,22,86,3.2
1958,11,3,28.9,15.2,45,2.4
1958,12,16,24.8,11.5,35,2.1
1959,1,47,22.5,11.2,50,2.4
1959,2,61,21.9,12.2,59,2.5
1959,3,91,27,15.7,87,2.3
1959,4,215,29.7,20.1,106,2.2
1959,5,709,29.2,22.3,104,3.4
1959,6,601,30.6,24.3,96,3.7
1959,7,394,32.5,25.4,125,1.9
1959,8,293,32.6,25.1,116,0.7
1959,9,357,30.8,23.6,95,0.6
1959,10,258,28.4,21.6,86,1.9
1959,11,24,27.4,15.3,52,1.6
1959,12,17,25.6,11.2,42,1.5
1960,1,5,22.7,9.4,35,0.6
1960,2,54,25.6,14.2,60,-1.1
1960,3,35,27.5,16,60,-2.1
1960,4,94,31,20.6,101,-3.5
1960,5,321,31.8,23.5,128,-3.8
1960,6,497,31.5,24.6,117,-3.4
1960,7,657,31.2,24.7,105,-2.1
1960,8,439,32.2,25.5,124,-2.1
1960,9,378,30.6,24.7,96,-1.7
1960,10,36,30.2,21.7,79,-2.7
1960,11,14,27.3,15.6,47,-3.2
1960,12,19,25.6,11.4,38,-3.3
1961,1,24,24.1,11.7,37,-3.4
1961,2,29,23.5,12.9,40,-3.7
1961,3,183,26.4,16.3,95,-2.3
1961,4,201,29.9,19.9,120,-2.1
1961,5,479,29.6,23.1,123,-1.4
1961,6,342,32,24.5,130,-2.2
1961,7,470,32.6,25.1,124,-2.7
1961,8,384,32.2,26,117,-2.9
1961,9,322,31.6,24.7,114,-3.1
1961,10,178,30.2,22,102,-2.5
1961,11,32,25.4,15.2,58,-2.2
1961,12,3,21.7,9.6,34,-2.3
1962,1,44,21.7,9.1,51,-1.7
1962,2,76,22.7,12.2,64,-0.9
1962,3,72,27,15.4,83,-1.1
1962,4,129,29.6,20,117,-1.8
1962,5,559,29.5,22.7,123,-1.1
1962,6,650,30.4,24.4,97,1.4
1962,7,395,32.4,25.6,130,-1.4
1962,8,639,30.4,25.4,97,1.3
1962,9,251,31.1,24.8,110,-1
1962,10,79,29.9,20.5,92,-1.7
1962,11,15,27.5,15,50,-1.9
1962,12,13,23.9,11.1,36,-2
1963,1,20,22.3,8.7,38,-2.2
1963,2,27,24,12.6,42,-2.6
1963,3,57,26.8,15.8,68,-3.2
1963,4,192,28,19.1,115,-3.4
1963,5,334,29.7,22.1,123,-3.4
1963,6,476,30.6,24.2,113,-3.2
1963,7,595,31.5,25.4,117,-2.5
1963,8,456,30.8,25.4,104,-2.1
1963,9,221,32.2,24.6,113,-3.2
1963,10,164,28.7,20.5,95,-2.6
1963,11,36,25,14.8,59,-2.2
1963,12,8,23.4,10.6,37,-2.2
1964,1,28,22.3,9.8,48,-2.1
1964,2,54,23,12.2,62,-2
1964,3,150,26.8,15.2,106,-1.2
1964,4,199,27.9,19,111,-1
1964,5,253,30,21.9,130,-1.3
1964,6,583,30.9,23.6,105,-0.6
1964,7,572,30.9,24.4,122,0.1
1964,8,417,31.8,24.7,128,-0.3
1964,9,367,30.9,24.3,105,-0.1
1964,10,163,30.9,21.7,104,0.1
1964,11,7,27.5,16,55,-0.7
1964,12,29,23.7,10.1,49,-0.6
1965,1,8,22.6,8.9,30,-1.1
1965,2,81,22,11.8,62,0.6
1965,3,67,25.1,14.1,77,-0.4
1965,4,173,28.7,18.9,108,-0.8
1965,5,308,30.1,22.8,114,-1.1
1965,6,500,31.1,24.3,109,-0.9
1965,7,521,31.4,24.4,114,-1.1
1965,8,513,30.4,24.4,106,0.4
1965,9,420,30.6,23.7,94,0.8
1965,10,66,28.8,20.4,81,-0.8
1965,11,149,24.7,14.2,66,2.4
1965,12,8,24.3,11.2,36,2.1
1966,1,23,22.4,9.6,41,1.9
1966,2,25,25.5,12.9,44,1.3
1966,3,28,28.9,15.7,59,-1.4
1966,4,153,29.1,19.2,118,-2.1
1966,5,428,31.6,23.3,124,-1.9
1966,6,756,29.7,23.4,103,1.5
1966,7,502,32.1,25,109,1
1966,8,685,30.9,25.1,96,2.5
1966,9,333,30.4,23.8,106,1.9
1966,10,106,28.1,19.8,95,1.3
1966,11,39,28.2,17,52,1.4
1966,12,9,24,11.8,35,1.2
1967,1,25,23,11.2,45,1
1967,2,33,23.9,12.6,50,-0.4
1967,3,144,25.2,15.5,99,0.7
1967,4,121,28,18.7,116,-0.6
1967,5,271,30.1,22.2,123,-1.1
1967,6,495,30.5,23.6,114,-1
1967,7,382,32.3,24.7,120,-2.4
1967,8,267,33.2,25.1,133,-3.4
1967,9,367,31.3,23.8,106,-3.2
1967,10,44,29.3,19.4,77,-3.8
1967,11,26,24.2,14.8,53,-3.8
1967,12,3,23.5,10.9,29,-4
1968,1,46,21.4,9.8,50,-3.3
1968,2,103,22.1,11.4,63,-1.9
1968,3,83,26.4,15.7,88,-1.8
1968,4,194,28.2,18.4,113,-1.9
1968,5,604,29.8,21.9,112,-0.7
1968,6,487,30.6,24.2,109,-0.7
1968,7,562,31,25,111,1.4
1968,8,402,32.4,25,117,0.9
1968,9,416,31.4,24.7,88,1.2
1968,10,118,28.8,20.1,94,0.8
1968,11,4,27,15,44,-0.5
1968,12,1,23.9,10.2,31,-1.2
1969,1,70,22,10.1,59,1
1969,2,5,24.3,12.4,33,-0.9
1969,3,171,28.1,16.3,100,1
1969,4,133,29.3,19.5,119,-0.5
1969,5,305,31.6,23.2,129,-0.8
1969,6,445,30.9,24.7,111,-1
1969,7,593,31.9,25.5,118,-0.6
1969,8,528,31.4,24.6,103,0.6
1969,9,250,31.3,24.6,109,-1
1969,10,104,29,20.4,97,-1.4
1969,11,17,27.2,15.4,47,-1.4
1969,12,3,24,11,33,-1.6
1970,1,59,21.4,9.5,57,-0.7
1970,2,78,23,12.2,67,1.3
1970,3,123,27,15.9,99,1.7
1970,4,184,29.2,19.1,116,1.6
1970,5,579,30.4,22.7,123,2.2
1970,6,508,31.3,24.5,122,2
1970,7,591,31.2,25.2,106,2.2
1970,8,510,31.7,25,115,2.3
1970,9,395,31.3,24,102,2.3
1970,10,238,29.1,20.6,97,3.1
1970,11,13,26.1,15.9,48,2.5
1970,12,0,24.3,10.7,31,1.7
1971,1,34,22,10,43,1.6
1971,2,43,23.3,11.6,52,1.2
1971,3,86,27.5,15.7,90,0.8
1971,4,180,28.9,19.2,117,-1.4
1971,5,304,30,22.8,129,-1.7
1971,6,583,30.8,24.5,108,-1
1971,7,535,32,24.5,127,-1.1
1971,8,440,31.6,24,111,-1.1
1971,9,283,31.8,23.9,105,-1.7
1971,10,299,29.6,21,92,1.8
1971,11,101,25.3,14.9,69,3.1
1971,12,7,23.3,10,41,2.6
1972,1,41,23.4,10.4,50,2.8
1972,2,25,23.5,12.5,46,2
1972,3,115,27.7,15.9,103,2.1
1972,4,276,27.7,18.5,109,2.6
1972,5,399,30.8,22.8,120,2.5
1972,6,359,31.6,24.1,131,1.3
1972,7,525,32.6,25.3,119,0.9
1972,8,294,32.6,24.4,143,-2.1
1972,9,253,31,23.9,105,-2.8
1972,10,52,30.1,20.5,83,-3.5
1972,11,8,26.4,14.9,45,-3.9
1972,12,8,24.9,11,30,-4.1
1973,1,40,23.5,11.2,46,-3.6
1973,2,76,23.8,13.7,71,-2.9
1973,3,42,27.8,15.6,61,-3.6
1973,4,284,30.1,19.8,123,-3.1
1973,5,400,30.5,23.2,122,-2.6
1973,6,862,30.7,24.3,108,2.4
1973,7,334,33.3,24.6,132,-1.9
1973,8,466,32.3,25,128,-1.7
1973,9,492,31.6,24.3,110,-0.7
1973,10,112,29.7,21.6,102,-1.1
1973,11,46,26.3,15.3,64,-0.7
1973,12,41,22.9,11.5,49,1.4
1974,1,50,21.8,9.7,54,2
1974,2,20,25,13,48,1.2
1974,3,67,26.6,15.5,81,0.7
1974,4,257,28.9,19.2,117,0.9
1974,5,389,30.2,22.7,120,1
1974,6,469,31,24.5,109,0.7
1974,7,739,30.3,24.6,126,2.1
1974,8,449,31.2,25.1,124,1.8
1974,9,413,30.2,23.8,107,1.9
1974,10,162,31.3,23.2,103,1.8
1974,11,16,28.5,16.1,54,1.3
1974,12,5,22.7,11.1,34,0.8
1975,1,25,22,10.6,41,-0.2
1975,2,101,23.3,12.7,70,0.9
1975,3,72,27.9,16.4,85,-0.3
1975,4,174,29.7,19.6,114,-0.7
1975,5,459,29.8,22.4,121,0.3
1975,6,379,31.9,25,119,-1.1
1975,7,463,31.2,24.7,103,-1.6
1975,8,513,32.3,24.8,113,-1
1975,9,345,30.5,24.4,103,-1.2
1975,10,153,30.7,22,97,-1
1975,11,10,27.6,15,53,-1.3
1975,12,12,23.4,9.5,38,-1.4
1976,1,29,22,9.8,43,-1.4
1976,2,73,23.9,13.3,67,-0.9
1976,3,139,27.5,16.5,105,0.5
1976,4,197,29.1,19.5,123,-0.1
1976,5,291,29.9,22.5,128,-0.3
1976,6,635,30.2,23.7,110,1.1
1976,7,584,32.1,24,110,1.3
1976,8,327,31.8,24.6,121,-0.8
1976,9,175,31.8,23.5,108,-2.3
1976,10,61,29.2,20,81,-2.9
1976,11,22,28.4,16.5,54,-3
1976,12,5,24.2,10.8,32,-3.2
1977,1,20,22.3,9.6,36,-3.2
1977,2,50,24.7,12.7,55,-3.1
1977,3,116,28.1,16.9,112,-2.9
1977,4,382,26.7,18.8,119,-1.2
1977,5,502,28.5,21.6,127,-0.6
1977,6,580,29.7,23,103,2.1
1977,7,551,31.9,25.4,128,1.7
1977,8,597,31.6,24.8,111,2.5
1977,9,343,31.4,24.7,105,2
1977,10,214,27.6,20.1,98,2.6
1977,11,60,25.8,15.5,62,3
1977,12,47,22.8,11.4,53,3.7
1978,1,15,20.6,9,41,3.2
1978,2,51,23,12.3,60,3
1978,3,68,26.5,15.5,82,2.4
1978,4,182,29,19,101,2
1978,5,347,30,23,118,1.8
1978,6,586,30.9,24.3,118,2
1978,7,519,31.9,24.4,110,1.6
1978,8,452,32.5,25.6,109,1.5
1978,9,376,30.5,24.3,108,1.3
1978,10,131,29.9,21.9,97,1
1978,11,94,25.9,16.3,70,2.2
1978,12,0,24.2,10.4,38,1.7
1979,1,17,23,10.2,41,1.3
1979,2,33,23.4,12.4,51,0.7
1979,3,86,26.7,15.9,93,-1.1
1979,4,98,30.6,20.1,108,-2.4
1979,5,188,32.4,23,132,-2.9
1979,6,397,32.4,25.2,130,-3.7
1979,7,589,31.6,24.9,113,-3
1979,8,368,31.9,25.6,127,-3.3
1979,9,418,30.6,23.7,104,-2.6
1979,10,280,28.5,20.6,96,-0.8
1979,11,16,28.2,16.8,47,-1
1979,12,65,22.7,11.8,58,2.6
1980,1,42,21.5,9.5,52,2.9
1980,2,52,23.5,12.7,59,2.7
1980,3,142,26.4,16,93,3.3
1980,4,292,29.7,19.9,109,4.4
1980,5,389,29.4,22.6,120,4.1
1980,6,395,31.6,25.1,109,3.1
1980,7,580,32.2,25.6,115,3
1980,8,622,31.4,25.7,104,3.8
1980,9,366,31.4,25,100,3.4
1980,10,160,28.5,20.7,92,3.3
1980,11,2,27.6,14.9,47,2.4
1980,12,0,25.1,11.6,31,1.5
1981,1,57,21.6,10.8,55,2
1981,2,53,24.7,13.2,57,1.8
1981,3,114,26,15.7,96,1.9
1981,4,234,27.9,19.2,112,1.9
1981,5,431,30.1,22.5,121,2
1981,6,470,31.9,25,112,1.6
1981,7,616,31.6,25.4,117,2
1981,8,505,32.3,25.9,119,2.1
1981,9,352,31.8,24.2,113,1.6
1981,10,69,31.3,21,90,0.6
1981,11,3,27.7,15.8,44,-1.7
1981,12,64,23.1,10.8,59,1.1
1982,1,6,23.5,10.4,31,-0.6
1982,2,65,22.5,12.6,63,0.6
1982,3,89,26.5,15.7,91,0.3
1982,4,271,27.5,18.7,93,0.8
1982,5,240,31.1,22.3,134,-0.5
1982,6,445,30.8,24.8,96,-0.6
1982,7,393,32,25.2,109,-1.8
1982,8,403,33.4,25.2,118,-2
1982,9,302,32,24,105,-2.3
1982,10,40,29.5,20.4,79,-3.2
1982,11,91,25.9,15.1,69,-1.9
1982,12,31,23.1,10.8,45,-1.2
1983,1,44,20.4,9,51,-0.6
1983,2,71,21.3,11.4,63,2.1
1983,3,67,25.6,15.2,77,1.8
1983,4,215,26.9,18.5,110,1.8
1983,5,381,29.4,22.1,114,1.7
1983,6,449,32.1,24.4,110,1.3
1983,7,619,33.1,25,118,1.7
1983,8,352,32.9,25,102,0.9
1983,9,466,31.1,24.3,96,1.6
1983,10,146,30.5,21.8,96,1.4
1983,11,9,27.3,15.3,51,0.8
1983,12,28,23.4,9.9,43,1
1984,1,24,21.6,9.9,40,0.8
1984,2,16,24.1,13.5,40,-1
1984,3,69,28.5,16.5,77,-1.5
1984,4,264,29.2,20,112,-1.2
1984,5,426,29.7,22.3,107,-0.7
1984,6,420,31.8,24.9,113,-1.1
1984,7,606,30.8,24.8,112,0.5
1984,8,316,32.6,24.8,119,-0.9
1984,9,439,30.1,23.4,94,0.6
1984,10,123,30.8,21.5,88,-0.2
1984,11,3,26.5,13.9,50,-0.9
1984,12,40,24.4,11.6,49,0.5
1985,1,18,21.8,10.7,39,-0.6
1985,2,34,23.1,12.7,45,-0.9
1985,3,126,27.9,16.9,90,0.5
1985,4,260,29.1,19.8,118,0.9
1985,5,269,30.3,22.8,131,-0.4
1985,6,587,31,24.7,111,0.9
1985,7,704,30.3,24.5,106,2.2
1985,8,323,32.9,25.5,125,1
1985,9,341,31,24.1,94,0.8
1985,10,87,30.2,21.2,94,-1.6
1985,11,16,26.2,15.3,50,-1.7
1985,12,24,24.4,11.8,41,-1.5
1986,1,9,23.5,10.5,33,-1.9
1986,2,34,24,12.7,48,-2.2
1986,3,75,27,16,82,-2.5
1986,4,290,27.2,19,102,-1.8
1986,5,151,30.5,22.4,147,-2.4
1986,6,345,32.8,25.1,120,-3.1
1986,7,617,32.2,24.6,115,-2.2
1986,8,396,32.5,24.9,118,-2.4
1986,9,441,30.1,23.9,96,-1.6
1986,10,247,27.7,19.8,91,1.9
1986,11,32,26.7,15.3,56,1.7
1986,12,16,23.3,11.5,41,1.5
1987,1,7,22.9,10.1,35,0.8
1987,2,56,24.7,13.4,60,0.7
1987,3,145,26.2,15.3,89,1.4
1987,4,222,28.1,19.1,113,1.6
1987,5,306,31,22.2,135,1.2
1987,6,304,32.1,25.1,112,-1.3
1987,7,586,31.3,25.4,109,-0.8
1987,8,522,30.5,25.5,111,0.5
1987,9,529,30.4,24.8,94,1.9
1987,10,111,29.4,21.2,99,1.3
1987,11,13,28.8,15.4,52,0.8
1987,12,16,24.8,10.9,40,0.6
1988,1,21,23.3,10.9,40,-0.3
1988,2,39,25.1,14,51,-1.2
1988,3,116,27.2,16.5,99,-0.9
1988,4,225,29,19.7,116,-0.9
1988,5,567,30,22.4,107,0.9
1988,6,316,32.4,24.7,121,-1.1
1988,7,659,31.9,25.3,108,1
1988,8,722,31.1,25.4,89,2.7
1988,9,398,31,24.3,99,2.7
1988,10,230,30.5,21.3,92,3.4
1988,11,69,27.2,15.8,69,3.8
1988,12,21,24.3,12.9,43,3.7
1989,1,17,21.9,10.7,41,3.2
1989,2,107,22.7,12.9,70,4.1
1989,3,50,27.6,16.6,78,3.2
1989,4,200,28.3,19.5,117,2.8
1989,5,303,31.8,23.5,133,2.3
1989,6,451,31.7,24.6,108,1.8
1989,7,493,31.6,24.9,110,1.2
1989,8,355,31.9,25.3,108,-1.6
1989,9,490,31,25.1,89,1
1989,10,180,29.8,21.8,85,1.4
1989,11,32,26,15.3,55,1.3
1989,12,13,22.5,9.9,39,1.1
1990,1,16,24.7,11.1,39,0.7
1990,2,71,22.9,13.6,65,1
1990,3,90,25.2,15,88,1
1990,4,239,26.9,18.4,89,1.3
1990,5,337,30.5,22.7,118,1.1
1990,6,758,31.3,24.5,95,2.6
1990,7,636,31.7,25.2,105,3.1
1990,8,348,32.4,25.2,109,2.2
1990,9,628,30.5,24.3,91,4
1990,10,181,28.9,21.2,91,4
1990,11,3,28.6,15.6,49,3
1990,12,11,24.6,11.8,35,2.4
1991,1,43,21.2,9.8,49,2.5
1991,2,56,24.9,13.3,58,2.3
1991,3,96,27.9,16.7,95,2
1991,4,183,28.1,19.6,102,1.5
1991,5,453,29.6,21.6,100,1.7
1991,6,689,30.4,24.3,103,2.7
1991,7,612,31.9,25.1,123,2.8
1991,8,539,31,25.3,113,3.1
1991,9,506,30.5,24,99,3.8
1991,10,231,29.5,21.5,89,4.5
1991,11,16,26.4,14.8,52,3.7
1991,12,48,22.2,10.4,51,4.2
1992,1,27,21.6,9.4,43,3.9
1992,2,105,21.1,10.9,61,4.7
1992,3,130,27.3,15.7,90,5.1
1992,4,248,29,19.4,115,5.6
1992,5,285,29.1,21.8,119,4.8
1992,6,473,31.4,24.2,116,4.1
1992,7,488,31.8,24.6,119,3.1
1992,8,353,31.9,25.2,113,2.2
1992,9,384,32,23.8,112,2
1992,10,165,29.3,20.7,94,2
1992,11,10,26.9,14.6,50,1.4
1992,12,11,22.1,9.6,37,1
1993,1,55,21.9,10.5,55,1.6
1993,2,113,24,12.8,63,2.8
1993,3,130,25.9,15,96,3.3
1993,4,195,28.4,19.1,113,3.4
1993,5,477,29.8,21.7,110,3.5
1993,6,627,30.8,23.8,105,3.9
1993,7,526,32.4,24.8,118,3.3
1993,8,626,31.1,25.9,95,4.2
1993,9,516,30.5,24.4,107,4.8
1993,10,98,30,21.3,90,3.8
1993,11,14,27.6,15.4,50,3.1
1993,12,1,25.2,11.7,34,2.3
1994,1,39,23.9,11.5,48,2.2
1994,2,56,23.1,12.5,60,2
1994,3,207,26.3,15.6,84,3.6
1994,4,255,28.5,19.8,110,4.3
1994,5,346,31.4,23.5,134,3.8
1994,6,401,31.8,24.5,114,2.8
1994,7,374,33.8,24.8,142,0.9
1994,8,437,32.6,25.6,124,0.6
1994,9,329,32.3,25.1,111,-2.4
1994,10,233,29.5,20.5,88,-1
1994,11,27,26.1,16,53,-0.9
1994,12,2,23.5,10.3,35,-1.2
1995,1,42,21.5,10,51,-0.8
1995,2,74,22.8,12.7,63,1.2
1995,3,89,27.9,16.5,88,1.1
1995,4,141,29.2,19.6,117,-0.6
1995,5,522,31.7,23.5,109,0.5
1995,6,622,31.6,25.2,99,1.2
1995,7,547,31.3,24.9,115,1.1
1995,8,369,31.9,25.3,115,-0.5
1995,9,547,30.6,24.7,93,1.4
1995,10,65,30.9,21.3,80,-0.8
1995,11,61,27.5,16.8,62,1
1995,12,19,23.6,12.2,41,1.1
1996,1,35,22.3,10.9,46,1.2
1996,2,49,24.1,13,57,1.1
1996,3,178,27.3,16.4,92,2.4
1996,4,204,29.7,19.8,121,2.6
1996,5,774,29.8,22.7,104,4
1996,6,302,31.3,24.1,113,2.5
1996,7,557,30.8,25,106,2.3
1996,8,519,31.7,25.3,111,2.5
1996,9,243,31,25.3,103,1.3
1996,10,253,29.7,21.6,87,2.5
1996,11,3,27.6,16.6,46,1.7
1996,12,0,25.1,11,33,0.9
1997,1,27,21.8,9.6,40,0.7
1997,2,69,21.4,11.9,61,1
1997,3,153,26.5,16.3,90,1.8
1997,4,203,26.6,18.2,113,1.8
1997,5,283,30.2,22.4,104,1.4
1997,6,546,30.7,24.2,98,1.6
1997,7,497,31.9,24.7,125,0.9
1997,8,314,32.4,25.3,123,-1.4
1997,9,428,29.9,23.8,101,-0.8
1997,10,36,28.8,20.4,77,-1.9
1997,11,33,26.6,15.9,51,-1.9
1997,12,32,22.8,11.4,44,-1.5
1998,1,27,22.5,10,41,-1.5
1998,2,94,24.3,13.2,69,-0.6
1998,3,151,25.7,15.4,93,1.7
1998,4,228,29.2,19.5,115,2.1
1998,5,449,32.2,23.4,118,2.3
1998,6,975,31.1,24.5,89,4.9
1998,7,582,31,25.4,99,4.8
1998,8,477,30.7,25.9,85,4.6
1998,9,223,32.1,24,108,3
1998,10,127,31.5,23.3,90,2.5
1998,11,20,28.9,16.8,54,2
1998,12,4,25,12,37,1.4
1999,1,12,23.7,10.4,35,0.7
1999,2,3,27.1,14.5,30,-3.1
1999,3,37,29.3,16.9,49,-4.1
1999,4,229,31.3,20.9,114,-4
1999,5,475,30.2,23.6,108,-3.2
1999,6,479,31.6,25.5,110,-3
1999,7,513,31.4,25,117,-3
1999,8,470,30.7,25.4,97,-2.5
1999,9,288,31.5,24.6,105,-2.9
1999,10,177,29.8,22.2,83,-2.1
1999,11,19,28.3,16.4,50,-2.1
1999,12,17,24.5,11.7,42,-1.9
2000,1,60,21.9,10.5,59,-0.9
2000,2,31,22.5,12.8,50,-1.2
2000,3,84,26.1,15,86,-1.2
2000,4,286,28.2,19.1,102,0.7
2000,5,431,30.4,23,109,1.2
2000,6,520,31.1,24.9,104,1.2
2000,7,476,31.7,25.4,122,-0.7
2000,8,595,30.7,25.5,102,1
2000,9,415,30.3,24.1,98,1.2
2000,10,79,30.4,21.3,87,-0.7
2000,11,35,27.4,15.9,55,0.1
2000,12,1,24.9,10.5,35,-1
2001,1,6,24.2,10.4,32,-1.6
2001,2,29,25.2,14,42,-2
2001,3,69,27.2,16.2,77,-2.4
2001,4,153,28.8,19.8,105,-3
2001,5,637,29.6,22.7,115,-1.9
2001,6,395,30.9,24.8,92,-2.2
2001,7,557,32.8,25.3,117,-1.9
2001,8,424,31.6,26.1,111,-1.9
2001,9,413,31.1,25.3,93,-1.3
2001,10,221,29.4,21.9,85,1.4
2001,11,28,28.5,15.7,52,1.2
2001,12,5,24.7,11.7,38,0.8
2002,1,46,22.4,10.8,51,1.2
2002,2,29,26,13.6,47,-0.5
2002,3,125,27.3,16.5,101,0.3
2002,4,322,28.5,19.5,107,1.5
2002,5,328,29.9,22.6,121,1.2
2002,6,462,31.4,24.9,104,0.9
2002,7,568,31,25.8,90,1.2
2002,8,413,31.6,25.2,111,0.8
2002,9,252,31.3,24.6,111,-1.2
2002,10,80,29.2,21,88,-1.8
2002,11,71,27.6,16.5,68,-0.8
2002,12,23,24.5,12.3,43,1.1
2003,1,26,23.3,9.8,45,1
2003,2,65,23.6,13.4,65,1.3
2003,3,54,26.7,15.5,71,0.7
2003,4,244,29,19.9,107,1
2003,5,264,29.4,22.5,114,0.6
2003,6,475,30.3,24.8,91,0
2003,7,676,31.5,25.3,102,1.1
2003,8,427,32.4,26.3,103,0.9
2003,9,347,31.3,25.4,99,0.7
2003,10,85,30.5,22.5,82,-0.5
2003,11,4,28.2,15.6,47,-1.2
2003,12,17,24.2,12,39,-1.2
2004,1,30,22.4,10.6,44,-1.1
2004,2,31,24.5,12.2,48,-1.5
2004,3,166,29.5,17,100,0.9
2004,4,318,27.7,19.6,105,2.1
2004,5,528,30.4,23.2,107,2.6
2004,6,427,30.5,24.8,97,2
2004,7,567,30.2,25,105,2
2004,8,351,32.4,26,114,1.2
2004,9,256,31.5,24.3,102,-1.5
2004,10,252,28.4,20.9,91,1.3
2004,11,10,26.4,15.7,50,0.7
2004,12,20,25.2,11.5,41,0.6
2005,1,42,23,11.3,50,0.9
2005,2,36,24.3,14.4,50,-0.4
2005,3,206,26.9,16.5,82,2.1
2005,4,255,28.6,19.9,112,3
2005,5,430,29.2,22.5,114,3
2005,6,425,32,24.7,119,2.3
2005,7,466,32.3,25.6,130,1.2
2005,8,352,31.8,26.2,111,-1.7
2005,9,174,32.7,25.4,133,-3.3
2005,10,155,29.3,22.3,97,-2.8
2005,11,20,28,14.9,54,-2.8
2005,12,6,25.4,11.5,36,-2.8
2006,1,2,24.6,10.8,30,-3.3
2006,2,101,26.4,14.2,70,-2.1
2006,3,99,27.9,17.1,101,-1.9
2006,4,342,28,19.5,116,-0.6
2006,5,612,30.5,23,129,2.6
2006,6,584,30.9,25.2,110,2.8
2006,7,494,33.2,25.6,140,1.8
2006,8,257,34,25.5,141,-2
2006,9,317,32,24.4,114,-2.3
2006,10,107,30,21.5,104,-2.6
2006,11,54,26.8,16.4,63,-1.9
2006,12,14,25.5,11.6,43,-1.7
2007,1,11,24.3,10.3,39,-1.9
2007,2,125,23.2,12.6,69,1.5
2007,3,38,28.7,15.8,77,0.6
2007,4,348,29,19.6,107,2
2007,5,330,31.8,23.5,128,1.6
2007,6,530,31.6,24.2,105,1.7
2007,7,656,31.8,25.6,103,2.5
2007,8,369,32.8,25.9,105,1.7
2007,9,442,30.9,24.3,109,2
2007,10,106,31.2,22.6,87,1.5
2007,11,22,27.6,16.4,53,1.1
2007,12,4,25.8,11.1,37,0.6
2008,1,75,22.8,11.9,58,1.8
2008,2,30,23,11.5,49,1.2
2008,3,157,26.7,16.5,89,2.1
2008,4,215,29.3,20.2,116,2.3
2008,5,550,30.4,24.1,125,2.8
2008,6,719,30.8,24.7,98,3.8
2008,7,546,32.1,25.2,112,3.4
2008,8,436,31,25.7,98,3.1
2008,9,262,32.2,24.8,112,1.8
2008,10,206,29.7,21.3,99,2.3
2008,11,20,27.4,15,55,1.9
2008,12,2,26,12.2,33,1.2
2009,1,34,25,11.3,46,1.1
2009,2,42,26.1,14.3,54,0.6
2009,3,47,28.1,16.6,67,-1.8
2009,4,200,30.6,20.3,120,-2.2
2009,5,220,31.6,23.6,123,-2.7
2009,6,431,32.9,25,110,-2.8
2009,7,422,33.2,25.8,117,-3.6
2009,8,524,32.2,25.7,105,-2.7
2009,9,259,32.9,24.7,112,-3.3
2009,10,165,31.9,21.3,94,-2.8
2009,11,14,29.1,15.6,48,-2.8
2009,12,10,24.9,11.7,34,-2.6
2010,1,2,24.7,10.2,31,-3.1
2010,2,19,25.6,13.2,39,-3.6
2010,3,201,28.8,17.2,96,-1.9
2010,4,461,29.4,20,92,4.3
2010,5,569,30.6,23.6,97,4.8
2010,6,439,31.2,24.8,91,4.1
2010,7,457,32.6,25.7,110,2.9
2010,8,440,32.7,26.3,116,2.5
2010,9,590,31.1,25.3,100,3.9
2010,10,193,30,22.6,91,4.1
2010,11,49,28.4,17.1,60,4.1
2010,12,7,25,11.2,40,3.5
2011,1,23,22.4,10.3,42,3.1
2011,2,23,25.3,12.9,44,2.1
2011,3,165,27.5,16.5,93,2.9
2011,4,132,29.3,19.9,114,2.2
2011,5,218,31.4,23.4,111,1.4
2011,6,374,32.1,25.3,105,0.6
2011,7,605,31.8,25.6,110,1.1
2011,8,404,32.6,24.9,113,0.6
2011,9,337,32.9,24.9,104,-1.2
2011,10,42,31.1,21.5,77,-2.1
2011,11,12,27.5,14.4,46,-2.6
2011,12,23,25.9,11.7,40,-2.5
2012,1,28,21.6,10.1,39,-2.4
2012,2,11,24.8,13.2,32,-3.3
2012,3,71,27.4,16.1,77,-3.6
2012,4,263,28,19,103,-3.2
2012,5,355,32.2,23.2,148,-3
2012,6,621,31,24.8,102,-1.9
2012,7,589,31.7,25.6,115,-1.4
2012,8,389,32.9,25.6,125,-1.7
2012,9,551,30.7,24.3,104,1.7
2012,10,148,29.9,20.1,99,1.6
2012,11,13,28,14.4,54,1
2012,12,12,25.2,11,38,0.6
2013,1,5,23.3,9.9,31,-1.3
2013,2,39,25.7,13.8,52,-1.7
2013,3,136,28.6,17,107,-1.3
2013,4,262,28.8,20,120,-0.9
2013,5,526,30,22.6,113,1.1
2013,6,469,32.5,25.4,132,0.7
2013,7,518,31.8,25.7,113,-0.2
2013,8,365,32.8,24.6,130,-1.1
2013,9,414,31,24.3,120,-0.8
2013,10,280,29.3,21.2,97,1.7
2013,11,2,28.3,13.8,49,0.9
2013,12,28,24.1,10.9,43,1
2014,1,4,23.6,10.8,32,-1.1
2014,2,45,24.3,13.1,53,-1.3
2014,3,50,27.8,16.7,66,-2.1
2014,4,66,30.6,20.7,76,-3.7
2014,5,560,29.8,22.3,123,-3.1
2014,6,435,32.7,25.3,117,-3.1
2014,7,347,32.6,26.4,116,-4.5
2014,8,526,31.1,25.4,101,-3.5
2014,9,446,31.5,24.7,109,-2.6
2014,10,48,31.1,21.1,87,-3.4
2014,11,10,28.8,15.9,42,-3.9
2014,12,0,25.7,11.9,27,-4.3
2015,1,13,22.8,10.9,29,-4.5
2015,2,47,25.1,12.8,52,-4.5
2015,3,58,28.9,16.8,66,-5
2015,4,224,27.6,19.7,106,-4.8
2015,5,428,30.6,22.7,115,-4.1
2015,6,558,31.3,24.5,97,-3.3
2015,7,365,33.2,25,132,-4.6
2015,8,706,31.2,25.1,91,-2.4
2015,9,280,31.6,24.7,105,-2.9
2015,10,103,30.8,21.2,104,-3.2
2015,11,33,28.2,15.8,56,-2.8
2015,12,8,23.7,11.9,37,-2.7
2016,1,53,21.5,10.7,56,-2.2
2016,2,68,24.6,14.2,65,-1.7
2016,3,97,27.5,16.8,94,-2
2016,4,328,28.7,19.9,96,3.6
2016,5,396,30,22.7,115,3.1
2016,6,411,31.5,24.9,104,2.6
2016,7,473,31.6,25.1,100,2.2
2016,8,188,34,26,137,-2.4
2016,9,304,31.5,25,101,-3.1
2016,10,104,31.2,22.5,99,-3.2
2016,11,26,28.5,16.4,56,-3.3
2016,12,6,25.8,12.8,39,-2.9
2017,1,5,23.4,11.6,34,-2.9
2017,2,95,25.2,14.5,75,-2.9
2017,3,125,26.1,15.3,94,-2.2
2017,4,258,28,19.8,99,1.9
2017,5,466,30.8,23.1,119,1.8
2017,6,576,31.5,24.7,104,1.5
2017,7,477,32.5,25.4,123,-1.9
2017,8,361,32.6,25.9,112,-2
2017,9,328,32,25,103,-2.5
2017,10,241,30.9,22.4,91,-2.3
2017,11,2,28.5,16.8,50,-2.5
2017,12,12,26,13.1,38,-2.7
2018,1,21,23.6,11.3,35,-2.1
2018,2,20,24.7,14.3,36,-1.8
2018,3,143,27.1,16.4,100,-0.8
2018,4,129,28.7,19.6,119,-1.5
2018,5,277,30,22.7,105,-1.3
2018,6,357,32.1,25.2,110,-1.7
2018,7,470,32.7,25.8,105,-0.6
2018,8,400,32.6,26.2,106,-0.8
2018,9,327,31.9,25.1,97,1.7
2018,10,57,28.9,20.7,76,1
2018,11,33,26.9,15.5,51,4.7
2018,12,33,23.9,11.9,46,4.8
2019,1,12,22.7,10.6,37,-2.6
2019,2,137,24.1,13.3,62,-0.6
2019,3,84,26.9,15.8,88,1.7
2019,4,79,29.8,20.5,102,0.6
2019,5,341,29.6,21.9,104,-1.1
2019,6,284,32.7,25.9,119,-2.2
2019,7,628,32.1,25.3,105,-1.2
2019,8,204,34.2,27.5,135,-2.7
2019,9,376,31.9,25.1,103,-2.4
2019,10,126,30.4,21.8,93,-2.3
2019,11,29,29.3,17.8,53,-2.1
2019,12,9,23.6,10.9,39,-2.1
