Product: Historical Climate - TerraClimate(http://www.climatologylab.org/terraclimate.html) 
Location (Lat/Lon of 4-km Grid Cell Center): 26.3958 North,90.2708 East 
Data Source: NW Climate Toolbox(https://climatetoolbox.org/tool/point-data-download)
Download Date: 07/24/2020
Variable List: 
ppt: ppt (Precipitation)
tmax: tmax (Maximum Temperature)
tmin: tmin (Minimum Temperature)
aet: aet (Actual Evapotranspiration)
PDSI: pdsi (Palmer Drought Severity Index (PDSI))
********************************************************
Year,Month,ppt(mm),tmax(degC),tmin(degC),aet(mm),PDSI(unitless)
1958,1,15,24.7,12.8,38,0.2
1958,2,16,25.4,13.8,39,0.3
1958,3,25,30.9,17.2,44,-0.8
1958,4,178,32,21.7,127,0.5
1958,5,426,31.2,23.5,128,-0.2
1958,6,318,32.2,25,113,-2.1
1958,7,571,32.3,26.1,116,-2.5
1958,8,630,30.5,26.2,87,-0.7
1958,9,254,31.7,25.6,98,-1
1958,10,92,31.3,23.1,93,-1.6
1958,11,7,28.6,17.1,52,-1.6
1958,12,1,25,13.9,31,-1.5
1959,1,36,23.4,12.2,48,1
1959,2,3,25,13.1,33,0.9
1959,3,69,29.9,17,80,1.2
1959,4,170,32,21.9,129,1.4
1959,5,633,30.9,23.1,125,2.1
1959,6,745,30.7,24.6,100,1.9
1959,7,497,31.5,25.8,121,0.8
1959,8,406,31.4,25.8,113,0.6
1959,9,261,30.6,24.5,94,-1.1
1959,10,343,28.5,22.8,88,2.2
1959,11,1,27.3,16.9,50,1.6
1959,12,0,25.6,13.2,33,1.3
1960,1,0,23.8,10.8,32,0.8
1960,2,1,28.2,14.9,29,-1.2
1960,3,76,29.1,16.5,82,-0.7
1960,4,39,34.1,21.6,47,-2.3
1960,5,438,32.5,24.1,136,-2.5
1960,6,606,31.4,24.8,124,-2.9
1960,7,711,30.4,25.5,97,-2.4
1960,8,322,31.4,26.3,114,-2.8
1960,9,403,30.4,25.3,95,-1.2
1960,10,77,30.4,22.3,93,-1.9
1960,11,5,27.2,16.5,49,-2
1960,12,0,25.9,13.2,30,-2.1
1961,1,6,24.8,12.7,30,-2.2
1961,2,11,25.3,13.2,32,-2
1961,3,47,30,18.2,60,-2.2
1961,4,93,32.3,21.4,97,-2.8
1961,5,383,31.2,23.5,132,-3.1
1961,6,703,30.7,24.6,134,-3.1
1961,7,468,31.8,25.6,132,-3.8
1961,8,404,31.5,26.6,119,-3.7
1961,9,207,31.3,25.4,115,-4.4
1961,10,183,30.5,22.5,102,-3.7
1961,11,7,25.6,16.2,52,-3.4
1961,12,1,23,11.3,33,-3.1
1962,1,17,23.6,10.4,39,-2.4
1962,2,10,25.7,13.2,34,-2
1962,3,19,30.8,16.2,41,-2.6
1962,4,82,32.2,21.4,89,-3.2
1962,5,541,30.6,22.6,131,-2.8
1962,6,929,30.4,24.3,108,-1.7
1962,7,508,31.9,25.8,128,-2.4
1962,8,476,30.3,26.1,96,-1.7
1962,9,153,31.6,25.2,109,-3.2
1962,10,75,30.3,21.4,93,-3.8
1962,11,0,27.5,16.2,46,-3.9
1962,12,0,24.8,12.9,30,-3.8
1963,1,1,24.3,10.2,30,-4
1963,2,1,28,13.1,23,-4.4
1963,3,76,29.5,17,82,-3.7
1963,4,145,30.1,20.3,129,-3.3
1963,5,449,29.8,22.4,124,-3.2
1963,6,802,30.3,24.4,105,-2.6
1963,7,742,31.1,25.8,104,-2
1963,8,425,30.8,26.3,102,-1.7
1963,9,291,31.6,25.3,109,-1.6
1963,10,122,29.5,22.2,101,-1.9
1963,11,10,25.9,17.3,54,-1.7
1963,12,1,24.5,13.3,36,-1.6
1964,1,4,23.7,11,35,-1.7
1964,2,8,26.3,13.3,36,-1.8
1964,3,60,30.7,17.8,72,-1.8
1964,4,173,30.4,21.4,137,-1.4
1964,5,543,30.2,22.4,135,-1
1964,6,772,30.7,24.4,105,-0.7
1964,7,687,30.3,25.3,112,-0.6
1964,8,301,31.3,26,122,-1.5
1964,9,249,31,25.4,103,-1.8
1964,10,228,30.8,23.4,103,-0.9
1964,11,4,27.6,17.7,57,-1.1
1964,12,0,25.2,12.7,37,-1.2
1965,1,0,24.6,10.6,28,-1.5
1965,2,17,25.9,12.2,37,-1.3
1965,3,67,28.7,15.1,78,-1.1
1965,4,105,31.2,20.7,107,-1.6
1965,5,456,31.5,23.2,131,-1.7
1965,6,632,30.4,24.3,119,-2
1965,7,571,30.7,25.2,119,-2.4
1965,8,581,29.9,25.1,113,-1.1
1965,9,220,30.7,24.6,104,-1.9
1965,10,53,29.4,21.2,81,-2.7
1965,11,24,26,16.2,54,-2.2
1965,12,1,25.4,13.3,31,-2.2
1966,1,24,22.7,10.9,40,-1.5
1966,2,3,27.5,14.6,31,-1.6
1966,3,19,31.1,16.5,35,-2.6
1966,4,68,32.5,20.9,74,-3.6
1966,5,360,32.3,23.8,139,-3.9
1966,6,789,30.1,24.1,117,-3.3
1966,7,565,31.3,25.6,116,-3.5
1966,8,567,30.7,26.3,108,-2.2
1966,9,204,30.6,24.5,116,-3.1
1966,10,80,28.7,20.7,90,-3.6
1966,11,19,28,18.1,52,-3
1966,12,3,24.8,13.6,34,-2.6
1967,1,10,24.3,12.1,37,-2.3
1967,2,4,27.3,13.6,34,-2.2
1967,3,144,28.2,16.4,112,2.1
1967,4,148,30.4,19.6,131,2.2
1967,5,394,30.9,22.5,133,1.6
1967,6,485,30.4,24,127,-1.4
1967,7,681,31.3,25.3,119,-1.3
1967,8,278,31.4,25.7,131,-2.3
1967,9,319,30.7,24.4,110,-1.8
1967,10,93,29.1,20.9,98,-2.4
1967,11,6,24.9,15.5,50,-2.3
1967,12,0,24.5,13,31,-2.2
1968,1,16,22.4,11.6,36,-1.7
1968,2,2,25.1,12.3,30,-1.7
1968,3,40,29.5,17.4,56,-2
1968,4,164,30.6,20.1,134,-1.6
1968,5,453,30.7,22.5,128,-1.6
1968,6,852,29.6,23.8,112,-0.9
1968,7,692,30.3,25.4,112,-0.7
1968,8,353,31.3,25.7,122,-1.2
1968,9,231,31.1,25.5,100,-1.8
1968,10,238,29,21.3,99,-0.7
1968,11,3,26.1,16.9,49,-0.8
1968,12,0,23.9,12.7,33,-0.8
1969,1,16,23.4,11,38,0.2
1969,2,0,27.2,13.3,31,-0.3
1969,3,93,31,17.7,98,0.9
1969,4,114,31.7,20.7,116,-0.5
1969,5,395,31.8,23.5,128,-0.9
1969,6,718,30.7,24.5,120,-0.9
1969,7,736,31.3,25.8,118,-0.6
1969,8,467,30.4,25.5,110,0.3
1969,9,260,31,25.1,109,-0.4
1969,10,71,29.4,21.4,89,-1.3
1969,11,18,27.1,17.4,50,-1
1969,12,0,24.9,13.3,32,-1
1970,1,29,22.7,11.2,43,0.7
1970,2,13,25.5,13.6,37,0.9
1970,3,53,29.9,17,69,0.7
1970,4,78,32,21.1,86,-0.9
1970,5,278,31.8,23.8,134,-1.8
1970,6,1080,30.9,24.5,123,1.3
1970,7,772,30.7,25.6,109,1.6
1970,8,584,30.9,25.9,117,2.4
1970,9,359,30.9,25.3,105,2.9
1970,10,190,29.6,21.7,99,3
1970,11,9,26.5,16.8,53,2.7
1970,12,0,25.5,12.3,33,2.4
1971,1,13,23.3,11.6,36,2.2
1971,2,3,26.1,12.5,33,1.9
1971,3,40,29.9,16.3,57,1.2
1971,4,87,29.7,21,91,-1.2
1971,5,194,30,22.9,132,-2
1971,6,654,30,24.7,116,-2.8
1971,7,550,30.6,24.8,123,-3.1
1971,8,439,30.4,24.9,110,-2.7
1971,9,271,31,24.7,105,-2.7
1971,10,216,29.5,22.6,93,-1.7
1971,11,45,25.6,16.8,64,2
1971,12,1,24.4,12.5,40,2.2
1972,1,6,25,12.3,36,2.1
1972,2,16,25,12.9,41,2.4
1972,3,84,30.7,17.4,93,2.8
1972,4,108,31.1,19.8,112,2.1
1972,5,338,31.9,23.6,132,1.1
1972,6,571,31,23.8,129,-1.8
1972,7,505,31.9,25.6,117,-2.5
1972,8,340,31.1,25.2,136,-3
1972,9,238,31,24.4,103,-3.3
1972,10,93,30.6,21.4,98,-3.7
1972,11,10,26.6,16.8,52,-3.4
1972,12,0,24.8,13.3,32,-3.1
1973,1,10,24.5,12.6,35,-2.8
1973,2,26,26.8,14.8,46,-1.9
1973,3,55,29.5,16.4,71,-1.8
1973,4,134,32.7,21.5,130,-1.9
1973,5,742,30.4,22.9,130,-0.7
1973,6,1066,30.2,24.3,104,2.5
1973,7,553,32,25,127,1.6
1973,8,305,31.4,25.8,129,-1.5
1973,9,376,30.9,25.1,107,0.9
1973,10,293,29,22.3,100,2.4
1973,11,29,25.6,17.7,59,2.9
1973,12,9,23.8,13.9,39,3.2
1974,1,18,22.5,11.7,41,3.3
1974,2,0,26.9,13.8,37,3
1974,3,115,29.4,17.3,111,4
1974,4,164,31.2,21.5,138,3.8
1974,5,558,30.5,23,129,3.9
1974,6,663,30.6,24,104,3.2
1974,7,943,30.1,24.8,123,4
1974,8,375,31,25.5,126,3.1
1974,9,301,30.5,24.3,105,2.9
1974,10,259,31.5,23.4,103,3.7
1974,11,2,28.6,16.9,54,3
1974,12,0,24,12.1,34,2.5
1975,1,5,23.3,11.6,32,2
1975,2,5,25.9,13.8,32,1.6
1975,3,37,30.8,16.7,50,0.7
1975,4,168,32.4,21.1,136,0.9
1975,5,512,31.2,22.8,130,0.9
1975,6,618,31.3,24.7,123,-1.3
1975,7,824,30,25.1,104,0.7
1975,8,320,31.5,25.5,112,-0.7
1975,9,436,30.3,24.8,102,1.7
1975,10,136,30.9,23.5,102,1.2
1975,11,3,27.5,16,55,0.8
1975,12,0,24.7,11.6,34,0.6
1976,1,7,23.8,11.3,34,-0.2
1976,2,8,26.4,15.1,35,-0.8
1976,3,48,30.4,17.9,61,-1.1
1976,4,131,31.5,21.2,128,-1.4
1976,5,443,30.2,22.8,134,-1.6
1976,6,835,29.9,23.7,115,-1
1976,7,612,31.2,24.8,109,-1.2
1976,8,452,30.3,25.3,122,-1
1976,9,185,31.4,24.3,105,-2.2
1976,10,65,29.9,21.3,87,-2.9
1976,11,3,29.1,18.4,51,-3.1
1976,12,0,25.3,12.6,32,-3.3
1977,1,7,23.9,11.7,30,-3.3
1977,2,5,27,14,26,-3.7
1977,3,68,31.1,18.7,76,-3.4
1977,4,257,29.2,20.4,136,-1.6
1977,5,679,28.8,21.8,129,2.5
1977,6,746,29.4,23.3,109,2.3
1977,7,646,31.4,25.7,121,1.9
1977,8,433,31,25.9,114,1.7
1977,9,191,31.5,25.1,111,-1.4
1977,10,225,28.3,21.5,102,0.8
1977,11,15,26.7,18.6,54,0.9
1977,12,4,23.7,13.7,36,1
1978,1,4,22,10,34,0.8
1978,2,4,25.4,13.4,33,0.6
1978,3,47,29.1,15.9,65,-0.4
1978,4,157,30.6,20.6,128,0.2
1978,5,631,29.9,23.3,123,0.8
1978,6,824,30,23.9,118,1.1
1978,7,607,31.1,25.1,111,0.6
1978,8,349,31.7,26.2,108,-0.5
1978,9,327,30.6,25,108,0.4
1978,10,72,30.7,23.1,88,-1.2
1978,11,19,26.9,18.5,54,-0.8
1978,12,0,25.1,13.2,33,-0.9
1979,1,3,24.5,12.2,31,-1.2
1979,2,11,25.4,13.3,36,-1.2
1979,3,17,29.8,17.4,31,-2.4
1979,4,121,32,21.9,121,-2.7
1979,5,289,33.5,23.3,148,-3.3
1979,6,688,31.9,24.5,137,-3.5
1979,7,721,31.1,25.4,109,-2.9
1979,8,451,31.4,26.1,120,-2.5
1979,9,461,30.7,24.5,110,2.2
1979,10,166,29.6,22.1,97,2
1979,11,14,28.6,19.2,51,2
1979,12,11,23.4,15,41,2.4
1980,1,3,23,11.3,33,2.1
1980,2,12,25.9,14.2,37,2.1
1980,3,63,29.3,17.4,80,1.9
1980,4,114,32.1,22.1,117,1.2
1980,5,556,29.6,22.1,124,1.3
1980,6,714,31,24.5,115,1
1980,7,574,31.6,25.5,119,-0.5
1980,8,492,31.4,26,105,0.5
1980,9,237,31.5,25.5,112,-1
1980,10,110,29,21.8,101,-1.5
1980,11,0,28,16.8,51,-1.7
1980,12,0,26.1,14.3,34,-1.7
1981,1,40,22.3,12.3,49,1.1
1981,2,9,26.6,14.4,37,1.1
1981,3,56,28.9,17.2,74,1
1981,4,226,29.4,20.4,116,2.2
1981,5,556,30.3,22.5,130,2.7
1981,6,453,31.7,24.7,124,1.1
1981,7,795,30.8,25.7,116,1.5
1981,8,381,31.8,26.3,115,1
1981,9,287,31.2,25,116,0.7
1981,10,7,31.6,22.1,63,-2.3
1981,11,2,27.6,17.1,46,-3.1
1981,12,13,24,12.9,33,-3.1
1982,1,1,24.9,12.4,24,-3.6
1982,2,6,25.2,13.8,20,-3.9
1982,3,47,28.9,16.5,52,-4
1982,4,152,30,20.6,119,-3.4
1982,5,307,32,22.6,151,-3.9
1982,6,812,30.6,24.3,113,-3.2
1982,7,492,31.6,25.7,111,-3.8
1982,8,580,31.8,25.7,130,-2.5
1982,9,239,31.7,25,109,-2.9
1982,10,74,30.1,21.4,93,-3.5
1982,11,15,26,17.1,50,-3.1
1982,12,0,24.3,13.4,29,-2.9
1983,1,8,22.6,11.3,32,-2.7
1983,2,11,24.8,12.1,34,-2.3
1983,3,81,29.1,17,88,-1.7
1983,4,104,30.2,20,108,-2.1
1983,5,540,30,22.3,127,-1.8
1983,6,475,31.6,24.3,113,-2.8
1983,7,669,32,25.8,111,-2.5
1983,8,429,31.7,25.7,109,-2.3
1983,9,319,31,25.4,98,-1.6
1983,10,242,30.3,22.6,108,-0.6
1983,11,1,27.7,16.8,55,-0.9
1983,12,7,24.2,12.3,35,-0.7
1984,1,27,23,11.5,42,1.3
1984,2,5,26.2,13.8,35,1.2
1984,3,31,31.9,17.9,50,-0.7
1984,4,204,32,21.4,145,0.6
1984,5,690,30.1,23.4,104,1.7
1984,6,1112,30.9,24.9,121,3.2
1984,7,929,30.3,25.5,110,4
1984,8,406,31.4,25.8,124,3.3
1984,9,437,30,24.3,95,4.8
1984,10,150,30.9,23.3,91,4.3
1984,11,4,26.8,16.7,55,3.6
1984,12,3,25.4,13.9,35,3.2
1985,1,4,23.1,12.3,33,2.6
1985,2,13,26.2,14,33,2.5
1985,3,75,31.7,18.8,84,2.6
1985,4,179,31.8,21.6,141,2.7
1985,5,515,30.4,23.1,131,2.6
1985,6,766,30.8,24.6,123,2.4
1985,7,928,29.7,25.1,111,3.3
1985,8,323,31.4,26.5,125,2.2
1985,9,333,30.5,25,102,2.4
1985,10,148,29.9,21.8,104,2
1985,11,2,26.4,16.9,50,1.5
1985,12,6,25.1,14.4,35,1.6
1986,1,3,24.2,12.8,32,1.2
1986,2,2,26.4,13.9,32,0.8
1986,3,46,30.7,17.3,61,-1.2
1986,4,199,29.6,20.6,118,0.9
1986,5,340,30.3,22.2,142,-0.5
1986,6,631,31.6,25,116,-0.9
1986,7,757,30.7,25.3,114,0.4
1986,8,391,31.6,25.9,117,-0.7
1986,9,331,29.9,24.4,100,0.5
1986,10,321,28.6,21,98,2.4
1986,11,21,27.1,17.7,53,2.6
1986,12,6,24,13.6,41,2.8
1987,1,8,23.9,12.2,38,2.5
1987,2,11,27.1,14.5,39,2.5
1987,3,106,29.3,17.3,101,3.5
1987,4,180,30.4,21.1,137,3.6
1987,5,344,31.4,22.7,154,2.7
1987,6,739,31.2,25.7,115,2.4
1987,7,641,30.6,26,111,2
1987,8,647,30.1,26.2,110,3.2
1987,9,357,30.6,25.8,107,3.6
1987,10,221,29.9,21.9,97,4
1987,11,7,27.7,17.3,52,3.5
1987,12,1,25.2,13.9,36,3.1
1988,1,5,24.8,13.3,33,2.6
1988,2,18,27.5,15.6,41,2.6
1988,3,64,29.6,18.2,75,2.5
1988,4,226,31.4,21.8,139,3.3
1988,5,732,30.3,23.3,135,4.2
1988,6,837,31,24.4,125,4.2
1988,7,876,30.8,25.9,108,4.7
1988,8,666,30.2,26.3,86,5.9
1988,9,302,31.3,25.4,101,5.5
1988,10,122,31.1,21.9,109,4.4
1988,11,39,27.5,18,68,5
1988,12,8,25,15.1,40,5
1989,1,16,22.9,12.1,37,4.9
1989,2,27,25.5,14.1,50,5.4
1989,3,43,29.9,17.7,68,4.7
1989,4,80,31.7,21.1,93,3.1
1989,5,658,32,23.6,142,3.4
1989,6,817,30.5,24.7,104,3.4
1989,7,825,30.9,25.6,103,3.8
1989,8,261,31,26.2,111,2.3
1989,9,354,30.7,25.8,88,2.9
1989,10,176,30.3,22.7,104,2.8
1989,11,4,26.3,17.3,49,2.3
1989,12,1,23.4,12.5,35,2.1
1990,1,3,26.1,13.3,30,1.6
1990,2,26,25.2,14.6,42,2.2
1990,3,96,27.3,16.5,94,3.1
1990,4,260,29.1,20.2,111,4.7
1990,5,483,30.7,23.5,126,4.8
1990,6,702,31.1,24.9,90,4.3
1990,7,631,30.6,25.8,104,3.6
1990,8,503,31.2,26.2,113,3.7
1990,9,337,30.9,25.3,91,4
1990,10,275,29.2,22.1,98,5
1990,11,2,28.5,17.9,54,4.1
1990,12,0,24.9,13.9,36,3.5
1991,1,31,21.8,10.8,43,3.9
1991,2,11,27,14.4,37,3.6
1991,3,47,30.6,17.8,66,3
1991,4,167,30.7,20.9,129,3
1991,5,643,30.2,21.8,116,3.5
1991,6,740,29.5,24.3,103,3.2
1991,7,431,31,25.7,123,1.6
1991,8,477,30.4,26.1,110,1.8
1991,9,541,30.1,24.5,101,4.5
1991,10,241,30,21.9,102,5
1991,11,2,26.8,15.9,50,4.2
1991,12,8,22.8,12.8,37,4
1992,1,13,22.9,11.4,34,3.8
1992,2,12,23.9,12.4,35,3.7
1992,3,34,31.1,17.4,57,2.8
1992,4,120,31.8,20.9,120,2.1
1992,5,453,29.1,22.1,126,1.6
1992,6,623,30.6,24,122,0.9
1992,7,649,30.3,24.9,123,0.6
1992,8,465,30.7,25.7,119,0.7
1992,9,350,31,24.3,108,1.3
1992,10,125,29.5,21.9,98,0.8
1992,11,3,26.7,16.4,53,-0.3
1992,12,2,22.7,12.3,35,-0.9
1993,1,32,23.2,12.7,44,0.8
1993,2,16,26.4,14.1,40,1.2
1993,3,68,28.3,15.8,82,1.4
1993,4,137,29.6,20.2,122,1.3
1993,5,621,30,22.1,117,1.8
1993,6,919,30.1,23.7,100,2.4
1993,7,598,31.4,24.8,110,1.8
1993,8,538,30.9,26.3,95,2.5
1993,9,347,30.1,24.6,105,2.8
1993,10,69,30,22.2,81,1.7
1993,11,12,27.4,17.1,49,1.5
1993,12,0,25.5,14.1,33,1.2
1994,1,26,24.5,12.7,44,1.6
1994,2,18,24.5,13.3,39,1.8
1994,3,76,29.7,17.7,81,2.2
1994,4,126,30.1,20.9,123,1.8
1994,5,346,31.2,23.7,144,0.8
1994,6,719,30.9,24.5,110,0.7
1994,7,435,32.3,25.2,133,-2.1
1994,8,421,31.5,26.1,124,-2
1994,9,145,31.9,25.3,114,-3.6
1994,10,120,30.4,21.3,97,-3.7
1994,11,11,25.6,17.5,56,-3.2
1994,12,0,24.1,12.6,35,-3
1995,1,20,22.2,11.6,39,-2.3
1995,2,10,25.4,14.4,34,-1.9
1995,3,26,30.8,17.9,48,-2.3
1995,4,73,31.8,21,81,-3.1
1995,5,330,32.6,24.4,137,-3.7
1995,6,820,31.2,25.3,97,-2.9
1995,7,797,30.6,25.6,125,-2.1
1995,8,557,31,25.8,116,-1.1
1995,9,482,30.7,25.2,106,3.6
1995,10,52,31,22.3,84,2.1
1995,11,36,27.2,18,61,2.6
1995,12,1,24,13.6,32,2.1
1996,1,22,24,12.4,39,2.3
1996,2,11,25.7,12.9,37,2.1
1996,3,49,30.6,18.2,64,1.7
1996,4,141,31.8,21.1,138,1.1
1996,5,469,31.1,23.5,124,0.8
1996,6,650,30.6,23.8,104,-0.3
1996,7,663,30.6,25.8,108,-0.9
1996,8,404,30.7,25.9,113,-1
1996,9,239,30.6,25.5,114,-1.7
1996,10,224,29.8,22.6,102,-0.8
1996,11,0,27.9,17.4,50,-1.1
1996,12,0,25.4,12.3,35,-1.1
1997,1,15,23.1,11.2,36,-0.8
1997,2,10,24,13.7,32,-0.7
1997,3,50,29.9,17.8,67,-0.8
1997,4,213,28.4,20.4,117,1.2
1997,5,383,30.4,23.2,139,0.9
1997,6,695,30.2,24.2,96,0.7
1997,7,640,31.2,25.6,123,-0.2
1997,8,475,31.2,25.7,115,0.6
1997,9,337,30,24.8,97,1.2
1997,10,28,28.7,20.9,82,-1.4
1997,11,4,26.8,17.7,44,-2.2
1997,12,10,23.1,13.2,32,-2.3
1998,1,4,23.9,11.9,25,-2.7
1998,2,10,27,14.8,25,-3
1998,3,113,28.8,16.6,108,-1.5
1998,4,207,30.6,21.6,124,1.9
1998,5,352,31.9,23.9,132,1.4
1998,6,792,31.4,25.1,92,1.6
1998,7,662,30.4,26,97,1.4
1998,8,562,30.6,26.7,82,2.3
1998,9,267,31.8,25.4,110,1.7
1998,10,256,31.7,24.4,103,2.6
1998,11,16,27.8,18.2,61,2.5
1998,12,0,24.8,13.8,38,2.2
1999,1,3,24.4,12.1,34,1.6
1999,2,1,29.2,15.4,29,0.7
1999,3,17,32.1,17.7,29,-2.2
1999,4,143,33.8,22.9,131,-2.1
1999,5,622,30.6,23.9,130,-1.4
1999,6,648,30.8,25.1,118,-1.6
1999,7,825,30.3,25.5,116,-0.8
1999,8,608,30.3,26,105,1.9
1999,9,268,30.8,24.8,110,1.3
1999,10,293,29.4,23.1,99,2.7
1999,11,9,27.4,18.3,55,2.4
1999,12,0,24.4,15,37,2.1
2000,1,16,22.6,12,38,2
2000,2,12,24.7,13.2,37,2
2000,3,78,27.9,16.9,86,2.2
2000,4,274,29.7,20.8,125,3.8
2000,5,802,30.3,23.5,118,5.3
2000,6,746,30.8,24.7,107,4.8
2000,7,345,31.1,25.6,126,2.7
2000,8,532,30.8,26,105,3.2
2000,9,298,30.3,24.6,102,2.9
2000,10,84,30.2,22.4,96,1.8
2000,11,1,27.7,17.6,46,1.2
2000,12,0,25.4,12.6,33,0.8
2001,1,3,26.2,12.1,31,-1.9
2001,2,9,28.6,15.1,33,-2.1
2001,3,32,30,17.2,43,-2.8
2001,4,239,30.8,21.2,134,-1.3
2001,5,863,30.4,23.8,132,3
2001,6,737,30.5,24.7,108,2.7
2001,7,582,31.7,25.7,129,1.9
2001,8,431,31,26.8,122,1.6
2001,9,276,31.3,25.9,111,1.2
2001,10,248,30.1,23.3,103,2
2001,11,3,28.5,17.5,51,1.6
2001,12,0,25.8,13.4,36,1.3
2002,1,20,23.4,12.5,41,1.5
2002,2,4,28,14.5,35,1.2
2002,3,88,30.6,17.9,92,1.7
2002,4,230,30.8,21,114,2.9
2002,5,457,30.2,23.4,135,2.8
2002,6,849,30.8,24.8,102,3.1
2002,7,654,30.3,26.1,96,2.7
2002,8,369,30.9,26.1,109,2
2002,9,211,30.6,25.4,112,0.8
2002,10,82,30,22.1,94,-2.1
2002,11,18,28,18,55,-1.7
2002,12,1,25.3,14.2,32,-1.6
2003,1,17,24.6,11,39,-1.2
2003,2,21,25.4,14.2,42,-0.6
2003,3,63,29.1,17.3,72,1
2003,4,177,31.4,21.8,116,1.6
2003,5,394,30.1,23.4,135,1.2
2003,6,1004,29.7,24.9,98,2.3
2003,7,844,30.9,25.9,99,2.9
2003,8,290,32.2,26.8,108,1.7
2003,9,268,31.3,26.2,106,1.2
2003,10,165,31,23.3,95,1.2
2003,11,5,28.4,17.8,52,0.9
2003,12,5,23.8,13.8,37,0.9
2004,1,15,23,11.9,39,1
2004,2,4,26.8,13.7,32,0.8
2004,3,31,33.2,18.8,49,-1.2
2004,4,271,30.2,21.5,113,2
2004,5,501,31.8,24.5,131,2.4
2004,6,733,30.1,25.1,105,2.1
2004,7,687,29.5,25.5,98,2
2004,8,206,31.8,26.4,117,-1.5
2004,9,156,32.1,25,99,-2.9
2004,10,226,29.1,22.1,104,-1.9
2004,11,13,26,17.6,57,-1.6
2004,12,1,26.4,13.9,36,-1.4
2005,1,24,23.6,13.2,42,-0.8
2005,2,5,26.9,15.7,39,-0.8
2005,3,106,30.8,18.4,105,1.9
2005,4,138,31.2,21.5,132,1.6
2005,5,547,29.7,23.1,118,1.7
2005,6,387,31.4,25.2,110,-1.5
2005,7,519,31,26.3,128,-2.2
2005,8,258,31.5,27,112,-3.1
2005,9,228,31.8,25.5,127,-3.8
2005,10,241,29.1,23.5,103,-2.5
2005,11,0,28.6,16.7,53,-2.7
2005,12,0,26,13.3,37,-2.6
2006,1,0,26.8,12.1,32,-2.9
2006,2,10,30.5,15.7,34,-3
2006,3,42,31,18.5,52,-3.4
2006,4,399,30.3,21.6,135,3.4
2006,5,565,31.1,24.3,145,4
2006,6,548,30.9,25.2,113,2.7
2006,7,439,32.4,26.4,140,1.2
2006,8,253,32.3,26.3,146,-3.2
2006,9,240,31.8,25.4,107,-3.5
2006,10,110,30,22.9,110,-3.8
2006,11,15,26.5,19,54,-3.2
2006,12,2,26.9,14.2,36,-2.8
2007,1,5,26.3,12.1,35,-2.7
2007,2,29,24.9,14.2,45,-1.6
2007,3,24,31.5,17.4,45,-2.2
2007,4,307,32,21.6,119,2.4
2007,5,377,32.5,24.4,148,2.3
2007,6,719,31.5,24.6,96,2
2007,7,598,31.2,26.1,103,1.5
2007,8,656,31.7,26.8,118,2.8
2007,9,414,31.1,26,105,3.9
2007,10,150,31.4,23.5,101,3.4
2007,11,14,28,18.1,61,3.1
2007,12,0,26.8,13.5,37,2.7
2008,1,35,24.2,13.6,50,3.3
2008,2,5,25.6,13,32,2.9
2008,3,118,30.3,18.5,109,4
2008,4,101,31.9,22.7,105,3.2
2008,5,498,30.9,24.9,136,2.9
2008,6,895,29.7,25.5,98,3.3
2008,7,721,31,26,107,3.2
2008,8,398,30.5,26.6,92,2.8
2008,9,155,31.5,25.6,115,0.8
2008,10,183,29.9,22.1,108,0.9
2008,11,3,27.5,17.5,55,-1.6
2008,12,1,26.8,14.8,32,-1.5
2009,1,3,26.8,13.2,33,-1.7
2009,2,7,28.8,15.4,36,-1.9
2009,3,51,31.1,18,62,-2.1
2009,4,149,33.4,22.3,127,-1.8
2009,5,308,31.2,23.9,136,-2.5
2009,6,352,31.8,25.3,104,-3.9
2009,7,694,32.6,26.3,124,-3.5
2009,8,443,31.8,26.8,107,-3
2009,9,241,32.1,25.7,117,-3.4
2009,10,233,31.9,22.6,107,-2.3
2009,11,4,29.3,17.7,54,-2.3
2009,12,2,25.6,14,35,-2.1
2010,1,0,25.6,11.5,32,-2.3
2010,2,1,28.4,13.4,29,-2.7
2010,3,123,32.7,19.3,118,-1.2
2010,4,263,33.3,22.5,133,2.7
2010,5,605,31.3,24.3,136,3.4
2010,6,815,31.4,25.4,103,3.4
2010,7,582,31.7,26.8,113,2.6
2010,8,401,31.6,27.4,111,2.1
2010,9,395,31.1,26.3,98,3.2
2010,10,246,30.4,24.1,108,3.8
2010,11,10,29,19.4,54,3.4
2010,12,1,25.2,13.6,39,3
2011,1,11,24,11.6,37,2.7
2011,2,20,27.6,13,43,2.8
2011,3,45,30.4,18.1,62,2.1
2011,4,70,30.7,21.6,76,0.8
2011,5,549,30.9,24,124,0.9
2011,6,828,30.7,25.2,120,1.2
2011,7,665,30.7,26.4,102,1
2011,8,810,31.1,26,111,3.5
2011,9,289,31.8,25.4,118,2.9
2011,10,23,30.8,22.3,79,1.2
2011,11,9,27.4,17.2,46,-2.1
2011,12,0,27.1,13.7,28,-2.8
2012,1,21,21.5,10.3,34,-2.4
2012,2,6,26.1,13.4,23,-2.9
2012,3,36,31,17.3,44,-3.4
2012,4,178,29.9,20.6,124,-2.5
2012,5,503,31.5,23.5,154,-2.2
2012,6,684,30.7,24.8,97,-2.2
2012,7,718,30.9,26,108,-1.8
2012,8,409,31.7,26.4,118,-1.8
2012,9,264,31.1,24.9,99,-1.8
2012,10,131,29.8,20.6,107,-2
2012,11,1,28,15.6,54,-2.2
2012,12,0,26.3,12.9,35,-2.2
2013,1,1,24.5,11.1,31,-2.4
2013,2,14,26.8,14.1,38,-2.3
2013,3,30,31,17.9,43,-2.8
2013,4,163,30.7,21.2,131,-2.3
2013,5,653,30.1,23.2,119,-1.3
2013,6,714,31.7,25.4,115,-1.3
2013,7,631,31.5,26.1,114,-1.4
2013,8,290,31.3,25.4,122,-2.2
2013,9,181,31.2,24.8,116,-3.4
2013,10,347,29.3,22.8,99,-0.9
2013,11,0,27.1,15.7,54,-1.2
2013,12,1,23.5,13.1,34,-1.3
2014,1,1,22.8,11.9,30,-1.6
2014,2,21,24.8,13.4,39,-1.1
2014,3,13,29.7,17.3,29,-2
2014,4,66,32.6,21.8,72,-3.1
2014,5,399,30.9,23.1,132,-3.3
2014,6,618,31.3,24.8,108,-3.5
2014,7,450,31.7,26.4,129,-4.3
2014,8,562,31.1,26,102,-2.9
2014,9,432,31.1,25.1,107,-1
2014,10,76,30.3,21.8,99,-1.9
2014,11,1,27.6,16.7,45,-2.2
2014,12,0,24.5,13.6,31,-2.5
2015,1,18,22.7,12.5,38,-2.2
2015,2,15,25.9,13.7,35,-2
2015,3,30,29.9,17.7,42,-2.6
2015,4,207,29,20.7,116,-1.3
2015,5,439,31,23.2,118,-1.1
2015,6,739,30.9,24.6,104,-0.9
2015,7,431,31.9,25.4,123,-2
2015,8,634,31.1,25.9,91,1.5
2015,9,379,31.4,24.8,108,2.3
2015,10,48,30.6,22,87,0.9
2015,11,1,27.9,17.1,42,-1.8
2015,12,2,24.1,13.2,28,-2
2016,1,17,21.9,12,33,-2.1
2016,2,3,26.6,15.9,26,-2.5
2016,3,80,29.7,18.6,84,-1.4
2016,4,153,31.6,21.5,132,-1.1
2016,5,485,30.3,22.8,129,-1.5
2016,6,548,31.3,24.9,114,-2.3
2016,7,772,31.1,25.7,96,-1.7
2016,8,230,32.4,26.5,139,-3.2
2016,9,237,31.5,25.6,95,-2.8
2016,10,163,31.1,23.2,104,-2
2016,11,7,27.3,17.6,54,-2.1
2016,12,1,25.4,14.6,36,-2
2017,1,1,23.7,12.5,34,-1.9
2017,2,8,26.9,15.2,34,-2.1
2017,3,118,27.7,17.3,100,2.6
2017,4,246,29.6,21.4,113,3.8
2017,5,383,31.3,23.6,132,3.5
2017,6,544,31.1,24.6,115,2.4
2017,7,735,31.4,26,124,1.1
2017,8,536,31.9,26.5,107,1.5
2017,9,255,31.7,25.4,97,1.8
2017,10,250,30.5,23.1,102,1.9
2017,11,3,28.1,18.3,55,1.4
2017,12,6,25.5,15.3,37,1.2
2018,1,1,23.2,12.1,27,1.1
2018,2,9,26.4,15.4,32,1.3
2018,3,48,29.5,18.3,61,2.8
2018,4,185,29.8,20.8,111,4.4
2018,5,456,29.9,22.7,125,4.6
2018,6,546,31.8,24.8,112,3.4
2018,7,492,31.8,26.1,123,2.4
2018,8,313,32.1,26.7,118,1.4
2018,9,190,32.1,25.5,108,1.4
2018,10,54,29.3,21.6,86,-2.5
2018,11,1,27.1,16.9,44,-2.5
2018,12,5,23.9,13.5,32,-2.3
2019,1,2,24,12.4,28,-4.2
2019,2,39,26,13.9,47,-2.9
2019,3,29,29.1,16.5,43,-3.3
2019,4,111,31.7,21.8,111,-3.5
2019,5,484,30.6,22.9,117,-3.2
2019,6,418,32.4,26.1,130,-4.2
2019,7,1019,31.7,26.2,111,-2.2
2019,8,477,33.3,28.1,131,-1.8
2019,9,488,31.7,25.8,95,3.7
2019,10,124,30.7,22.9,96,2.9
2019,11,25,29.2,19.5,58,3.2
2019,12,2,24.2,13,37,3.1
