Product: Historical Climate - TerraClimate(http://www.climatologylab.org/terraclimate.html) 
Location (Lat/Lon of 4-km Grid Cell Center): 26.4375 North,91.4375 East 
Data Source: NW Climate Toolbox(https://climatetoolbox.org/tool/point-data-download)
Download Date: 07/24/2020
Variable List: 
ppt: ppt (Precipitation)
tmax: tmax (Maximum Temperature)
tmin: tmin (Minimum Temperature)
aet: aet (Actual Evapotranspiration)
PDSI: pdsi (Palmer Drought Severity Index (PDSI))
********************************************************
Year,Month,ppt(mm),tmax(degC),tmin(degC),aet(mm),PDSI(unitless)
1958,1,19,25,12.2,39,0.3
1958,2,32,25.7,13.4,47,0.9
1958,3,22,31.1,16.6,38,-0.9
1958,4,225,31.9,20.7,125,0.6
1958,5,365,31.2,23,128,0.9
1958,6,220,32.7,24.8,120,-2.2
1958,7,339,32.8,25.8,118,-2.4
1958,8,330,31.4,25.8,91,-1
1958,9,154,32.3,25.3,99,-1.2
1958,10,72,31.5,22.7,85,-1.4
1958,11,6,28.7,17,47,-1.6
1958,12,2,25.3,13.3,29,-1.5
1959,1,41,23.8,11.7,50,0.8
1959,2,7,25.2,12.5,33,-0.1
1959,3,93,30,16.4,94,1.1
1959,4,195,31.9,20.8,128,1.3
1959,5,515,30.8,22.6,125,2.2
1959,6,473,31,24.4,103,2
1959,7,281,32.1,25.5,121,0.7
1959,8,183,32.3,25.4,118,-1.7
1959,9,170,31,24.2,96,-1.6
1959,10,213,28.8,22.3,88,1.7
1959,11,1,27.5,16.9,49,1.2
1959,12,0,26.2,12.6,32,0.9
1960,1,1,24.2,10.4,32,-0.4
1960,2,9,28.4,14.6,31,-1.1
1960,3,60,29.4,16,68,-1.2
1960,4,48,34,20.9,52,-2.5
1960,5,304,32.6,23.5,140,-2.9
1960,6,461,31.9,24.5,125,-3
1960,7,400,30.9,25.2,102,-2.4
1960,8,181,32.3,25.9,113,-2.9
1960,9,239,30.9,24.9,97,-1.6
1960,10,52,30.9,21.7,85,-2.1
1960,11,9,27.3,16.8,47,-2.3
1960,12,1,26.2,12.5,29,-2.5
1961,1,4,25.5,12.2,26,-2.7
1961,2,9,25.8,12.8,25,-2.8
1961,3,72,30,17.6,78,-2.6
1961,4,93,32.2,20.7,94,-3.1
1961,5,326,31.2,23.2,135,-3.4
1961,6,439,31.2,24.4,138,-3.6
1961,7,272,32.3,25.5,132,-4.5
1961,8,251,32.4,26.3,120,-4.1
1961,9,160,31.8,25.2,115,-4.1
1961,10,83,30.9,22.4,94,-4
1961,11,12,25.7,16.5,51,-3.7
1961,12,1,23.4,10.8,30,-3.5
1962,1,22,23.7,9.7,40,-2.8
1962,2,21,25.9,12.9,38,-2.2
1962,3,22,30.8,15.9,38,-2.8
1962,4,107,32.2,20.8,109,-3.2
1962,5,334,30.8,22.3,135,-3.4
1962,6,697,30.9,24.1,109,-1.2
1962,7,294,32.4,25.7,128,-2.2
1962,8,247,31.1,25.9,98,-1.8
1962,9,95,32,25.1,103,-2.8
1962,10,67,30.6,21.2,90,-3.1
1962,11,1,27.7,16.6,42,-3.4
1962,12,1,25.2,12.5,27,-3.5
1963,1,2,24.4,9.9,28,-3.7
1963,2,4,27.7,13.1,15,-4.2
1963,3,85,29.8,16.6,88,-3.7
1963,4,139,30.2,19.4,130,-3.6
1963,5,389,29.9,22.1,129,-3.3
1963,6,490,30.7,24.2,110,-2.9
1963,7,398,31.5,25.6,109,-2.4
1963,8,275,31.6,26,103,-1.8
1963,9,167,32.3,25,111,-1.9
1963,10,98,29.9,21.6,99,-1.8
1963,11,12,25.9,17.3,53,-1.7
1963,12,2,24.6,13,35,-1.5
1964,1,5,23.9,10.4,34,-1.6
1964,2,14,26.3,12.8,36,-1.7
1964,3,97,30.6,17.2,101,-1.3
1964,4,210,30.1,20.3,135,-0.8
1964,5,413,30.4,21.9,140,0.4
1964,6,485,31.3,24.1,112,0.8
1964,7,360,30.9,25,114,-0.2
1964,8,192,32.3,25.5,127,-1
1964,9,161,31.6,25,107,-1.2
1964,10,138,31.2,23,106,-0.7
1964,11,7,27.8,17.9,58,-0.9
1964,12,0,25.4,12.1,37,-1
1965,1,0,24.7,10.2,25,-1.3
1965,2,30,25.6,12.1,43,-0.9
1965,3,85,28.7,14.7,90,-0.6
1965,4,135,30.9,19.8,128,-0.9
1965,5,418,31.4,22.8,133,-0.7
1965,6,456,31,23.9,119,-0.9
1965,7,345,31.2,24.7,120,-1.2
1965,8,297,30.7,24.6,116,-0.6
1965,9,146,31.4,24.3,105,-1.1
1965,10,43,29.6,21,78,-1.7
1965,11,40,25.8,16.2,58,-1
1965,12,1,25.8,12.9,29,-1
1966,1,21,23.4,10.6,38,-0.6
1966,2,3,28.1,14,29,-0.8
1966,3,20,31.4,15.8,33,-1.8
1966,4,68,32.2,19.9,73,-2.7
1966,5,311,32.4,23.3,140,-3.1
1966,6,716,30.2,23.8,117,-1
1966,7,330,31.9,25.4,118,-1.4
1966,8,338,31.4,26,111,2
1966,9,159,31,24.3,115,1.3
1966,10,70,28.8,20.4,86,0.8
1966,11,23,28.2,18.3,50,0.9
1966,12,5,25.1,13.3,32,0.9
1967,1,18,24.4,11.8,40,1
1967,2,9,27,13.5,36,0.8
1967,3,151,28,16.2,115,2.2
1967,4,153,30.1,18.8,131,2
1967,5,355,30.7,22.2,135,1.8
1967,6,316,30.9,23.8,124,-1.4
1967,7,365,31.8,25,118,-1.5
1967,8,165,32.6,25.5,134,-2.5
1967,9,207,31.2,24.3,110,-1.9
1967,10,35,29.5,20.3,78,-2.6
1967,11,14,24.8,15.7,47,-2.6
1967,12,0,24.6,12.5,26,-2.8
1968,1,15,22.7,11,32,-2.6
1968,2,13,25.1,11.6,30,-2.6
1968,3,51,29.5,16.9,58,-2.8
1968,4,201,30.5,19.2,131,-2.2
1968,5,412,30.6,22.2,129,-1.6
1968,6,551,30.1,23.6,115,-0.9
1968,7,376,30.8,25.2,112,-0.9
1968,8,227,32.3,25.5,124,-1.1
1968,9,138,31.7,25.2,103,-1.6
1968,10,99,29.4,20.9,96,-1.5
1968,11,4,26.5,17.2,47,-1.6
1968,12,1,24.6,12.1,32,-1.5
1969,1,19,23.8,10.8,39,-1.1
1969,2,1,27.3,12.8,29,-1.3
1969,3,110,31,17.3,108,0.6
1969,4,111,31.6,20,112,-0.6
1969,5,255,32,23.2,135,-1.3
1969,6,506,31,24.3,121,-1.4
1969,7,441,31.8,25.5,115,-0.6
1969,8,265,31.4,25.2,112,0.2
1969,9,149,31.5,24.8,110,-0.5
1969,10,59,29.5,21.2,85,-1.1
1969,11,16,27.1,17.7,47,-1
1969,12,1,25.2,12.9,30,-1.2
1970,1,36,22.9,10.7,46,0.7
1970,2,18,25.7,13.1,38,0.8
1970,3,62,29.9,16.5,74,0.6
1970,4,84,31.8,20.2,89,-0.9
1970,5,221,31.7,23.2,136,-1.7
1970,6,828,31.2,24.4,125,2
1970,7,464,31.1,25.3,110,2.7
1970,8,341,31.8,25.6,118,3.3
1970,9,249,31.5,25,105,4
1970,10,178,29.5,21.7,99,4.7
1970,11,17,26.2,17.4,54,4.3
1970,12,0,25.6,12.3,33,3.8
1971,1,13,23.4,11.3,36,3.5
1971,2,5,26.1,12.3,34,3
1971,3,80,29.9,15.9,86,2.9
1971,4,136,29.8,20.1,124,2.4
1971,5,162,30.2,22.7,134,1.1
1971,6,498,30.5,24.5,118,-1.9
1971,7,309,31.1,24.6,123,-2.6
1971,8,236,31.2,24.6,112,-2.4
1971,9,128,31.6,24.3,107,-3
1971,10,121,30,22,94,-2.4
1971,11,67,25.3,17.1,70,-0.6
1971,12,2,24.4,12.2,42,2
1972,1,7,25.1,11.9,38,2
1972,2,21,25.5,12.6,44,2.3
1972,3,94,30.7,16.8,99,2.7
1972,4,160,30.7,19.1,131,2.4
1972,5,277,31.5,23,135,1.6
1972,6,425,31.3,23.6,134,0.9
1972,7,303,32.4,25.3,121,-1.8
1972,8,220,32.1,24.9,138,-2.2
1972,9,139,31.6,24,107,-2.6
1972,10,48,31,21.1,84,-3.1
1972,11,12,26.6,17,48,-3.1
1972,12,0,25.5,12.5,26,-3.2
1973,1,11,24.8,11.9,31,-3.1
1973,2,47,26.9,14.2,55,-2.2
1973,3,76,29.8,16,82,-2
1973,4,156,32.5,20.6,141,-2
1973,5,632,30.5,22.6,132,1.6
1973,6,568,30.5,24.1,108,2.2
1973,7,325,32.5,24.8,128,1.2
1973,8,192,32.3,25.4,131,-1.5
1973,9,200,31.6,24.9,109,-1.1
1973,10,125,29.6,22,102,-0.7
1973,11,51,25.9,17.8,67,1.5
1973,12,26,23.9,13.4,46,2.4
1974,1,17,22.8,11.3,43,2.8
1974,2,1,27.3,13.4,40,2.6
1974,3,79,29.5,16.7,89,2.6
1974,4,152,31,20.5,135,2.2
1974,5,435,30.6,22.6,131,2.3
1974,6,441,30.9,23.9,109,1.8
1974,7,525,30.5,24.6,123,2.9
1974,8,218,31.7,25.3,128,2.1
1974,9,177,30.9,24.1,107,1.8
1974,10,189,32,23,104,2.8
1974,11,5,28.5,17.4,54,2.2
1974,12,0,24.3,11.7,33,1.8
1975,1,5,23.6,11.3,31,1.5
1975,2,17,26.2,13.3,38,1.3
1975,3,39,30.9,16.2,50,-1.2
1975,4,155,32.3,20.1,132,-1.2
1975,5,350,31,22.3,131,-1.3
1975,6,521,31.8,24.5,124,-1
1975,7,451,30.6,24.9,105,1
1975,8,220,32.4,25.2,115,0.6
1975,9,274,30.9,24.5,106,1.9
1975,10,88,31.4,23,95,1.4
1975,11,9,27.8,16.1,53,1.1
1975,12,1,25,10.8,32,0.8
1976,1,15,23.8,11,35,0.7
1976,2,15,26.7,14.5,37,-0.1
1976,3,64,30.6,17.5,73,-0.8
1976,4,121,31.4,20.3,120,-1.3
1976,5,327,30.4,22.5,135,-1.7
1976,6,628,30.1,23.5,117,1.2
1976,7,324,31.6,24.6,111,-0.6
1976,8,235,31.4,24.9,124,-0.8
1976,9,120,32.2,23.8,108,-1.6
1976,10,52,30.1,20.9,82,-2.1
1976,11,7,29,18.5,48,-2.4
1976,12,0,25.6,12,29,-2.6
1977,1,9,24,11,28,-2.6
1977,2,10,27.2,13.5,25,-2.9
1977,3,95,31.2,18,98,-2.4
1977,4,350,28.9,19.4,132,1.9
1977,5,508,28.9,21.4,131,3.2
1977,6,484,29.8,23.1,109,2.9
1977,7,383,31.9,25.4,123,2.5
1977,8,258,31.9,25.4,116,2.4
1977,9,140,32.1,25.1,113,1.4
1977,10,163,28.6,21.1,102,2.1
1977,11,29,26.4,18.3,57,2.3
1977,12,7,23.7,13,37,2.4
1978,1,3,22.1,9.6,33,2.1
1978,2,5,25.6,12.9,34,1.8
1978,3,47,29.3,15.6,63,1.1
1978,4,125,30.6,19.7,119,0.7
1978,5,426,30,22.9,126,0.8
1978,6,477,30.4,23.9,119,0.6
1978,7,330,31.5,24.9,113,-1.1
1978,8,219,32.4,25.9,109,-1.3
1978,9,182,31,24.7,109,-1.2
1978,10,64,30.9,22.8,85,-1.6
1978,11,21,26.9,18.4,52,-1.3
1978,12,0,25.4,12.6,32,-1.4
1979,1,2,24.7,11.6,30,-1.6
1979,2,13,25.9,12.9,32,-1.8
1979,3,34,30,16.6,42,-2.7
1979,4,130,32.3,21,129,-3
1979,5,233,33.4,22.9,152,-3.6
1979,6,550,32.2,24.6,142,-3.6
1979,7,362,31.4,25.1,115,-3.5
1979,8,190,32.2,25.8,125,-3.9
1979,9,308,31.2,24.2,111,-1.7
1979,10,119,29.8,21.7,99,-1.3
1979,11,12,28.6,19,46,-1.2
1979,12,23,23.7,14.2,46,2.2
1980,1,7,23.3,10.7,35,2.1
1980,2,24,26.1,13.6,44,2.3
1980,3,67,29.3,17,83,2
1980,4,109,32.1,20.8,112,1.2
1980,5,409,29.4,21.9,122,1.1
1980,6,432,31.4,24.5,117,0.6
1980,7,345,32.2,25.3,121,-1.3
1980,8,283,32.2,25.7,108,-0.7
1980,9,136,32,25.2,112,-1.4
1980,10,93,29.4,21.3,95,-1.4
1980,11,0,27.9,17,49,-1.6
1980,12,0,26.1,13.8,32,-1.7
1981,1,42,22.6,11.9,50,-0.6
1981,2,14,26.9,13.9,36,0.1
1981,3,65,29,16.7,78,-0.1
1981,4,298,29.3,19.6,118,2
1981,5,379,30.4,22.2,134,2.5
1981,6,331,32.1,24.6,125,0.9
1981,7,461,31.2,25.5,119,1.6
1981,8,215,32.7,26,118,1
1981,9,157,31.9,24.6,119,-1.2
1981,10,7,32,21.6,65,-2.3
1981,11,1,27.8,17.3,42,-3
1981,12,28,24.2,12.3,41,-2.5
1982,1,2,25,12,23,-2.9
1982,2,10,25.3,13.4,21,-3.1
1982,3,54,29,16,58,-3.3
1982,4,202,29.9,19.7,110,-2.5
1982,5,256,31.9,22.2,152,-2.8
1982,6,506,31,24.3,113,-2.3
1982,7,255,32.2,25.5,114,-3.4
1982,8,370,32.8,25.4,130,-1.9
1982,9,144,32.4,24.5,109,-2.3
1982,10,46,30.4,21.1,84,-2.8
1982,11,29,26.1,17,52,-2.3
1982,12,2,24.6,12.5,28,-2.3
1983,1,10,22.4,10.8,32,-2.2
1983,2,25,24.6,11.9,40,-1.7
1983,3,103,28.9,16.5,102,-1
1983,4,147,30,19.1,137,-1.2
1983,5,385,29.9,22,129,-1.1
1983,6,320,32.2,24.3,116,-2.3
1983,7,369,32.8,25.5,117,-2.2
1983,8,266,32.5,25.5,109,-1.8
1983,9,225,31.5,25,98,-0.8
1983,10,153,30.6,22.3,107,1.5
1983,11,1,27.6,17,54,0.9
1983,12,9,24.5,11.8,35,0.9
1984,1,25,23.3,10.9,39,1.3
1984,2,5,26.5,13.4,35,1
1984,3,30,31.7,17.4,43,-0.8
1984,4,256,32,20.6,143,0.7
1984,5,414,29.9,22.6,102,1.5
1984,6,524,31.4,24.8,124,1.6
1984,7,498,30.9,25.1,111,2.6
1984,8,207,32.3,25.5,125,1.8
1984,9,266,30.5,23.9,96,3
1984,10,92,31.3,22.6,91,2.6
1984,11,8,26.7,16.8,56,2.1
1984,12,9,25.5,13.1,36,2
1985,1,5,23.4,11.8,33,1.6
1985,2,21,26.1,13.6,38,1.7
1985,3,100,31.5,18.2,99,2.1
1985,4,154,31.6,20.7,139,1.7
1985,5,381,30.5,22.7,141,1.4
1985,6,431,31.3,24.5,123,0.8
1985,7,526,30.3,24.7,113,2.2
1985,8,170,32.6,26,128,0.9
1985,9,201,31.4,24.6,104,1.1
1985,10,50,30.5,21.5,85,-1.3
1985,11,4,26.6,16.8,43,-1.7
1985,12,11,25.5,13.7,32,-1.7
1986,1,5,24.6,12,27,-1.9
1986,2,4,26.7,13.4,20,-2.3
1986,3,62,30.7,16.7,68,-2.5
1986,4,210,29.4,19.6,115,-1.8
1986,5,220,30.5,22,154,-2.3
1986,6,392,32.2,24.8,118,-3
1986,7,437,31.3,25,115,-2.1
1986,8,248,32.4,25.6,119,-2
1986,9,193,30.4,24.1,101,-1.5
1986,10,237,28.8,20.6,97,2.5
1986,11,33,27,17.8,58,2.8
1986,12,5,24.2,13,41,2.8
1987,1,11,24.1,11.7,41,2.7
1987,2,20,27.2,14,44,2.7
1987,3,116,29.2,16.7,104,3.4
1987,4,197,30.3,20.1,134,3.4
1987,5,255,31.5,22.4,155,2.5
1987,6,462,31.7,25.5,118,2
1987,7,386,31.2,25.6,113,1.9
1987,8,367,30.9,25.8,115,3
1987,9,254,31.2,25.4,106,3.7
1987,10,103,30.3,21.5,99,3.3
1987,11,9,28.1,17.5,52,2.9
1987,12,3,25.7,13.2,37,2.5
1988,1,8,25.1,12.6,35,2.2
1988,2,26,27.8,15,45,2.1
1988,3,84,29.8,17.5,89,2.1
1988,4,267,31.3,20.7,136,2.8
1988,5,674,30.4,22.8,133,4.9
1988,6,512,31.6,24.2,128,4.5
1988,7,503,31.5,25.6,109,5.3
1988,8,410,31.2,25.8,90,6.8
1988,9,176,31.8,24.9,105,6
1988,10,121,31.2,21.6,108,5.6
1988,11,71,27.4,18,78,6.5
1988,12,14,25,14.7,45,6.6
1989,1,11,23,11.5,38,6.3
1989,2,42,25.7,13.6,60,6.8
1989,3,56,30.2,17.1,78,6.1
1989,4,122,31.5,20.1,127,4.9
1989,5,484,32.2,23.2,151,4.8
1989,6,534,31.3,24.5,108,4.8
1989,7,403,31.5,25.3,107,4.6
1989,8,172,31.9,25.7,116,3.3
1989,9,231,31.3,25.4,93,3.8
1989,10,134,30.5,22.4,101,3.9
1989,11,5,26.4,17.2,49,3.2
1989,12,2,23.5,11.7,36,2.9
1990,1,4,26.1,12.6,29,2.3
1990,2,25,25.4,14.1,42,2.5
1990,3,105,27.4,15.8,99,3
1990,4,315,29.1,19,103,4.5
1990,5,321,30.9,23.2,134,4.4
1990,6,443,31.5,24.8,92,3.8
1990,7,384,31.2,25.5,106,3.5
1990,8,289,32.2,25.8,120,3.5
1990,9,191,31.4,25,96,3.4
1990,10,197,29.5,21.7,100,4.4
1990,11,3,28.4,18,52,3.6
1990,12,0,25.1,13.4,35,3.1
1991,1,27,22.1,10.4,42,3.2
1991,2,19,27.1,13.9,39,3
1991,3,56,30.6,17.4,70,2.5
1991,4,236,30.6,19.9,127,2.9
1991,5,524,30.1,21.4,104,4
1991,6,444,30,24,103,3.4
1991,7,276,31.6,25.3,122,1.9
1991,8,308,31.3,25.7,115,2.3
1991,9,281,30.6,24.3,102,3.6
1991,10,240,30.2,21.6,101,5.2
1991,11,2,26.6,16.3,50,4.3
1991,12,15,22.8,12.2,39,4.2
1992,1,15,22.7,10.9,35,4
1992,2,21,23.9,11.9,39,3.9
1992,3,53,30.9,16.7,70,3.3
1992,4,149,31.6,20.1,142,2.7
1992,5,292,29.3,21.7,130,1.8
1992,6,456,31.1,23.9,124,1.3
1992,7,386,31,24.7,126,1.1
1992,8,278,31.7,25.3,123,1.2
1992,9,182,31.7,24.2,111,1
1992,10,88,29.7,21.4,93,0.7
1992,11,4,26.6,16.5,51,-1.2
1992,12,6,22.6,11.7,36,-1.1
1993,1,33,23.4,12,44,0.6
1993,2,39,26.3,13.7,51,1.4
1993,3,78,28.5,15.4,87,1.5
1993,4,164,29.6,19.3,118,1.4
1993,5,505,30.1,21.8,115,2.3
1993,6,572,30.5,23.4,99,2.9
1993,7,326,31.9,24.6,114,2
1993,8,291,31.8,25.9,98,2.5
1993,9,231,30.7,24.3,105,3
1993,10,46,30.5,21.7,73,2
1993,11,13,27.1,17.3,47,1.6
1993,12,0,25.7,13.5,32,1.1
1994,1,29,24.8,12.3,42,1.4
1994,2,27,24.8,12.8,41,1.6
1994,3,114,29.6,16.9,99,2.3
1994,4,151,30.2,20.1,131,2
1994,5,262,31.3,23.2,148,1.1
1994,6,433,31.4,24.3,107,-1.1
1994,7,292,32.9,25.1,134,-2.1
1994,8,286,32.4,25.8,123,-1.6
1994,9,72,32.7,25,96,-2.9
1994,10,84,30.6,21,89,-2.8
1994,11,12,25.7,17.7,48,-2.8
1994,12,1,24.3,12.2,29,-2.9
1995,1,22,22.4,11.2,38,-2.4
1995,2,14,25.4,13.8,32,-2.4
1995,3,38,31,17.4,46,-2.8
1995,4,118,31.5,20.2,116,-3
1995,5,301,32.7,24,131,-3.4
1995,6,602,31.7,25.1,97,-2
1995,7,472,31.1,25.2,126,-1
1995,8,340,31.9,25.6,114,2.6
1995,9,265,31.3,25,103,3.6
1995,10,33,31.5,22,76,2.3
1995,11,55,27.5,18.4,65,2.8
1995,12,2,24.6,13.3,31,2.4
1996,1,15,24.2,11.9,34,2.3
1996,2,20,26.2,13,41,2.1
1996,3,71,30.7,17.7,81,1.8
1996,4,156,32,20.5,150,1.3
1996,5,406,31.1,23,127,1.2
1996,6,418,31,23.5,109,0.6
1996,7,373,31.1,25.3,110,-0.1
1996,8,231,31.7,25.7,114,-0.9
1996,9,129,31.4,25.2,116,-1.7
1996,10,193,30.3,22.1,102,1.3
1996,11,0,28,17.8,48,0.7
1996,12,0,25.7,12.2,35,-0.2
1997,1,16,23.2,11,36,0.5
1997,2,17,24.2,13,36,0.6
1997,3,56,29.9,17.4,69,-0.3
1997,4,247,28.3,19.4,119,0.9
1997,5,302,30.7,22.7,133,0.8
1997,6,441,30.7,23.8,96,-0.2
1997,7,372,31.7,25.3,124,-0.2
1997,8,286,32.3,25.6,118,0.6
1997,9,204,30.6,24.4,97,1
1997,10,18,29.3,20.7,79,-1.2
1997,11,5,26.9,17.8,40,-1.9
1997,12,16,23.6,12.8,34,-1.9
1998,1,5,24,11.3,24,-2.2
1998,2,19,27.1,14.5,28,-2.4
1998,3,122,28.8,16.1,112,-1.3
1998,4,259,30.7,20.8,123,1.7
1998,5,202,32.1,23.7,134,1
1998,6,534,31.8,24.6,90,1.5
1998,7,360,31,25.7,98,1.3
1998,8,324,31.6,26.2,86,2.3
1998,9,163,32.4,25.1,111,1.7
1998,10,147,32.1,24,101,2.1
1998,11,25,28.1,18.6,62,2.2
1998,12,0,25.2,13.6,40,1.9
1999,1,5,24.7,11.8,35,1.5
1999,2,0,29.3,15.3,25,0.6
1999,3,16,32.1,17.4,27,-2.2
1999,4,82,33.6,22,85,-2.8
1999,5,494,30.8,23.6,126,-2
1999,6,382,31.6,25.1,114,-2.6
1999,7,507,30.9,25.3,118,-1.1
1999,8,319,31.3,25.6,104,2
1999,9,156,31.5,24.8,113,1.3
1999,10,169,30.1,22.9,98,2.1
1999,11,14,27.7,18.6,53,1.9
1999,12,4,24.9,14.3,39,1.7
2000,1,20,23.1,11.5,41,1.8
2000,2,15,25.1,13,39,1.7
2000,3,85,28.3,16.3,91,1.8
2000,4,234,29.8,19.6,124,2.3
2000,5,616,30.4,23.3,120,4
2000,6,570,31.2,24.6,107,4.3
2000,7,196,31.8,25.3,125,1.9
2000,8,349,31.6,25.6,103,2.9
2000,9,177,31,24.3,102,2.6
2000,10,72,30.8,22,90,1.9
2000,11,2,27.7,17.8,43,1.3
2000,12,1,25.6,12.3,33,0.8
2001,1,3,26.3,11.3,28,-1.7
2001,2,13,28.5,14.6,30,-1.9
2001,3,37,30,16.8,44,-2.6
2001,4,225,30.7,20.2,130,-1.8
2001,5,590,30.4,23.3,133,2
2001,6,484,31,24.6,101,1.9
2001,7,297,32.3,25.4,126,0.7
2001,8,235,31.9,26.4,123,-1.1
2001,9,191,31.9,25.5,111,-1
2001,10,186,30.2,22.7,99,1.2
2001,11,8,28.5,17.3,49,1
2001,12,0,26,12.8,37,0.8
2002,1,21,23.6,12,41,1
2002,2,5,28.3,14.1,34,0.6
2002,3,125,30.5,17.3,116,1.4
2002,4,274,30.6,20,112,2.5
2002,5,338,30.2,23,129,2.7
2002,6,614,31,24.6,101,3.6
2002,7,334,30.8,25.8,98,2.9
2002,8,191,31.7,25.7,109,2.1
2002,9,129,31.3,25.2,115,0.9
2002,10,53,30.2,21.7,83,-2.2
2002,11,40,27.8,18.1,60,-1.4
2002,12,5,25.4,13.7,32,-1.3
2003,1,11,24.8,10.6,35,-1.1
2003,2,31,25.7,13.9,47,-0.5
2003,3,96,29.1,16.5,95,1.4
2003,4,234,31.1,20.8,112,2.1
2003,5,272,30.2,22.9,140,1.7
2003,6,715,30.2,24.7,97,3.5
2003,7,472,31.3,25.6,103,4.2
2003,8,177,33.1,26.4,112,3
2003,9,168,31.8,26,103,2.5
2003,10,78,31.4,22.9,86,2
2003,11,9,28.5,17.7,48,1.6
2003,12,9,24.4,13.4,38,1.6
2004,1,14,23.4,11.6,37,1.5
2004,2,8,27,13.3,33,1.2
2004,3,42,33.2,18.1,53,-1.4
2004,4,379,29.8,20.5,109,2.3
2004,5,339,31.7,23.9,130,2.5
2004,6,480,30.6,24.8,109,2.3
2004,7,388,30,25.3,102,2.3
2004,8,108,32.8,26.1,110,-1.5
2004,9,93,32.6,24.7,96,-2.6
2004,10,202,29.3,21.7,101,-0.9
2004,11,12,26.1,17.7,55,-0.9
2004,12,2,26.4,13.1,36,-0.9
2005,1,23,23.8,12.6,42,1.3
2005,2,6,27.1,15.1,37,0.8
2005,3,141,30.7,17.7,116,2
2005,4,163,31.1,20.6,131,1.8
2005,5,470,29.6,22.6,119,2.4
2005,6,245,31.8,24.9,113,-1.9
2005,7,273,31.7,26,132,-3
2005,8,115,32.3,26.5,111,-4.1
2005,9,123,32.6,25.5,125,-4.9
2005,10,166,29.6,23.1,102,-3.5
2005,11,1,28.7,16.7,51,-3.5
2005,12,0,26.4,12.7,37,-3.4
2006,1,0,26.8,11.4,29,-3.5
2006,2,25,30.5,15.1,43,-3.2
2006,3,40,31.2,18,48,-3.8
2006,4,431,30.1,20.7,138,-0.9
2006,5,459,31.1,23.8,147,3.4
2006,6,369,31.1,25,116,2.1
2006,7,243,32.9,26.2,139,-2.5
2006,8,137,33.5,26.1,143,-3.8
2006,9,134,32.4,25,112,-4.3
2006,10,90,30.4,22.5,104,-4.2
2006,11,16,26.6,18.9,50,-3.8
2006,12,4,27,13.4,35,-3.5
2007,1,5,26.3,11.3,32,-3.4
2007,2,53,25.1,13.8,59,-2
2007,3,31,31.6,16.7,46,-2.6
2007,4,405,31.7,20.6,115,2.6
2007,5,227,32.6,24,150,2
2007,6,514,31.8,24.3,97,2.2
2007,7,333,31.7,25.8,106,1.6
2007,8,358,32.7,26.4,119,2.5
2007,9,261,31.6,25.6,109,3.4
2007,10,119,31.8,23,102,3.2
2007,11,23,28.1,18.2,62,3.1
2007,12,0,27,12.7,37,2.7
2008,1,47,24.3,13.1,56,3.5
2008,2,8,25.8,12.5,37,3.1
2008,3,146,30.2,17.9,111,4.2
2008,4,140,31.8,21.5,124,3.7
2008,5,333,31,24.6,143,3.2
2008,6,560,30.4,25.1,92,3.7
2008,7,392,31.6,25.8,105,3.5
2008,8,239,31.4,26.2,92,3.2
2008,9,109,32.3,25.3,112,1.7
2008,10,125,30.2,21.9,108,1.8
2008,11,5,27.2,17.5,56,1.3
2008,12,3,27,14.1,33,1
2009,1,2,26.8,12.4,31,0.6
2009,2,11,29,15.1,34,-1.6
2009,3,58,31.1,17.5,66,-1.8
2009,4,181,33.2,21.2,124,-1.5
2009,5,152,31.5,23.5,143,-2.3
2009,6,235,32.4,25,107,-4.8
2009,7,391,33.1,25.9,122,-4.3
2009,8,255,32.7,26.3,109,-3.8
2009,9,153,32.8,25.4,118,-4
2009,10,163,32.5,22.1,106,-2.8
2009,11,5,29.5,17.6,51,-2.8
2009,12,4,25.9,13.2,34,-2.5
2010,1,0,26,11.2,33,-2.6
2010,2,1,28.5,13.1,25,-3
2010,3,140,32.5,18.4,120,-1.6
2010,4,374,32.9,21.2,120,3.2
2010,5,494,31.3,23.8,130,4.3
2010,6,555,31.8,24.9,99,4.6
2010,7,316,32.2,26.3,112,3.4
2010,8,204,32.6,26.9,115,2.6
2010,9,236,31.7,26,97,3.2
2010,10,180,30.7,23.6,110,3.9
2010,11,8,28.9,19.1,51,3.3
2010,12,2,25.5,13,39,2.9
2011,1,14,24.1,11,38,2.6
2011,2,22,27.8,12.8,43,2.4
2011,3,62,30.5,17.4,73,1.9
2011,4,58,30.9,20.8,63,0.6
2011,5,323,31.2,23.7,128,-1.8
2011,6,515,31.3,25.1,119,-1.4
2011,7,329,31.2,26,107,-1.7
2011,8,481,32.1,25.6,117,2.5
2011,9,166,32.7,25.1,119,1.8
2011,10,13,31.3,21.9,77,-1.7
2011,11,14,27.3,16.8,46,-2.1
2011,12,1,27.2,12.8,26,-2.7
2012,1,21,22.2,10.1,32,-2.5
2012,2,5,26.7,13.1,15,-3
2012,3,34,31,16.7,39,-3.6
2012,4,174,30,19.7,121,-3.1
2012,5,400,31.8,23.2,159,-2.8
2012,6,555,31.1,24.5,102,-1.9
2012,7,444,31.4,25.8,111,-1
2012,8,220,32.7,26.1,125,-1.3
2012,9,130,31.7,24.7,105,-1.9
2012,10,113,30.5,20.4,109,-1.7
2012,11,2,28,15.6,53,-1.9
2012,12,0,26.5,12.2,34,-2
2013,1,1,24.7,10.6,29,-2.2
2013,2,21,27.5,14.1,40,-2.2
2013,3,44,31.2,17.7,52,-2.6
2013,4,208,30.9,20.3,133,-2
2013,5,542,30.3,22.8,122,-0.5
2013,6,514,32.4,25.3,124,1.5
2013,7,398,32.1,25.7,118,1.5
2013,8,149,32.4,25.1,125,-1.2
2013,9,118,31.7,24.4,116,-2.2
2013,10,254,29.8,22.3,103,2.1
2013,11,0,27.6,15.8,54,1.5
2013,12,6,24.2,12.5,35,1.3
2014,1,1,23.8,11.6,30,0.8
2014,2,28,25.5,13.1,43,0.9
2014,3,25,30.1,16.9,37,-1.4
2014,4,88,32.7,21.1,92,-2.2
2014,5,321,30.9,22.5,132,-2.6
2014,6,393,32,24.7,110,-3
2014,7,300,32.4,26.3,133,-3.7
2014,8,356,31.9,25.5,105,-2
2014,9,266,31.7,24.8,109,-0.6
2014,10,55,30.9,21.7,93,-1.4
2014,11,2,28.1,17.1,41,-1.8
2014,12,0,25.3,13.3,29,-2.2
2015,1,14,23.4,12.3,32,-2.2
2015,2,19,26.5,13.4,32,-2.2
2015,3,33,30.5,17.4,39,-2.9
2015,4,197,29.2,19.9,118,-2.2
2015,5,327,31,22.7,122,-2
2015,6,431,31.3,24.3,105,-2.2
2015,7,226,32.5,25.3,126,-3.6
2015,8,341,31.9,25.4,95,-2
2015,9,233,32,24.5,108,-1.1
2015,10,44,31.1,21.9,86,-1.9
2015,11,2,27.9,17.3,41,-2.3
2015,12,7,24.4,12.9,30,-2.4
2016,1,19,22.1,11.6,33,-2.4
2016,2,6,26.6,15.2,24,-2.7
2016,3,84,29.5,17.8,87,-1.4
2016,4,186,31.2,20.4,121,1.6
2016,5,369,30.2,22.3,132,1.1
2016,6,367,31.7,24.6,114,-1.6
2016,7,420,31.5,25.2,99,-0.9
2016,8,116,33.4,26.3,131,-2.4
2016,9,149,32,25.2,101,-2.9
2016,10,101,31.5,22.9,102,-2.3
2016,11,12,27.5,17.9,53,-2.3
2016,12,2,25.7,14.1,36,-2.1
2017,1,1,24,12.1,32,-2
2017,2,18,27.1,14.8,38,-2.2
2017,3,125,27.7,16.7,102,2.2
2017,4,245,29.6,20.6,110,3
2017,5,273,31.3,23.1,134,2.7
2017,6,398,31.5,24.4,111,2.5
2017,7,409,32,25.7,124,0.9
2017,8,310,32.6,26.1,112,1.1
2017,9,159,32.1,24.9,97,1.2
2017,10,165,30.8,22.8,100,1.4
2017,11,3,28.2,18.7,54,1
2017,12,13,25.8,14.9,40,0.8
2018,1,1,23.7,11.9,26,1.1
2018,2,15,26.5,14.9,35,1.4
2018,3,64,29.5,17.7,73,2.3
2018,4,175,29.9,20,114,2.5
2018,5,309,30,22.4,122,2.5
2018,6,342,32.1,24.6,110,1.3
2018,7,297,32.4,25.7,127,-1.6
2018,8,192,32.9,26.4,122,-1.8
2018,9,119,32.6,25.2,106,-1.7
2018,10,32,29.7,21.3,77,-2.4
2018,11,3,27,17,40,-2.2
2018,12,11,24.4,13.3,33,-1.4
2019,1,4,24.8,12.5,28,-4.1
2019,2,45,26.7,14,50,-3.1
2019,3,73,29.7,16.5,78,-2.8
2019,4,114,31.2,20.5,112,-3.1
2019,5,431,30.5,22.4,120,-2.6
2019,6,278,32.8,25.9,128,-4
2019,7,476,32.2,25.8,114,-2.6
2019,8,214,34.3,27.9,130,-2.9
2019,9,267,32.3,25.5,94,-1.2
2019,10,105,31.1,22.6,97,-1
2019,11,14,29.2,19.5,52,-0.9
2019,12,3,25,13,36,-0.8
