Product: Historical Climate - TerraClimate(http://www.climatologylab.org/terraclimate.html) 
Location (Lat/Lon of 4-km Grid Cell Center): 26.3125 North,91.6042 East 
Data Source: NW Climate Toolbox(https://climatetoolbox.org/tool/point-data-download)
Download Date: 07/24/2020
Variable List: 
ppt: ppt (Precipitation)
tmax: tmax (Maximum Temperature)
tmin: tmin (Minimum Temperature)
aet: aet (Actual Evapotranspiration)
PDSI: pdsi (Palmer Drought Severity Index (PDSI))
********************************************************
Year,Month,ppt(mm),tmax(degC),tmin(degC),aet(mm),PDSI(unitless)
1958,1,17,25.1,12,36,0.3
1958,2,29,25.7,13.2,44,1
1958,3,16,31.3,16.6,28,-0.8
1958,4,191,32.1,20.8,124,0.6
1958,5,313,31.2,23.1,129,0.8
1958,6,179,33.1,25.1,121,-1.8
1958,7,279,33.1,26.1,120,-2.1
1958,8,279,31.5,25.9,93,-0.8
1958,9,129,32.3,25.3,99,-1
1958,10,69,31.3,22.6,84,-1.2
1958,11,5,28.7,17.1,47,-1.3
1958,12,2,25.4,13.2,28,-1.3
1959,1,39,23.8,11.4,48,0.8
1959,2,6,25.3,12.3,31,0
1959,3,82,30.2,16.4,86,1.1
1959,4,169,32,20.9,127,1.3
1959,5,436,30.8,22.6,126,2.3
1959,6,388,31.3,24.7,105,2.3
1959,7,228,32.3,25.8,123,0.9
1959,8,159,32.4,25.4,119,-1.7
1959,9,142,31,24.3,96,-1.5
1959,10,191,28.8,22.3,89,1.6
1959,11,1,27.6,16.8,50,1.1
1959,12,0,26.1,12.4,32,0.9
1960,1,1,24.3,10.2,30,-0.3
1960,2,7,28.5,14.5,26,-1
1960,3,51,29.6,16,58,-1.1
1960,4,42,34.1,20.9,46,-2.3
1960,5,259,32.7,23.5,142,-2.7
1960,6,388,32.2,24.8,127,-2.9
1960,7,326,31.3,25.5,104,-2.3
1960,8,153,32.4,26,114,-2.8
1960,9,195,31,24.9,98,-1.7
1960,10,49,30.9,21.7,84,-2.2
1960,11,11,27.3,16.8,47,-2.3
1960,12,1,26.2,12.4,28,-2.4
1961,1,4,25.6,11.9,25,-2.6
1961,2,8,25.8,12.6,20,-2.7
1961,3,64,30.2,17.5,69,-2.5
1961,4,79,32.3,20.8,80,-3
1961,5,284,31.3,23.3,136,-3.2
1961,6,354,31.5,24.7,140,-3.5
1961,7,224,32.7,25.8,135,-4.4
1961,8,220,32.5,26.4,121,-4
1961,9,132,31.8,25.2,117,-4
1961,10,74,30.8,22.5,91,-3.9
1961,11,13,25.8,16.4,50,-3.6
1961,12,1,23.4,10.6,29,-3.4
1962,1,21,23.6,9.5,37,-2.8
1962,2,20,26,12.8,35,-2.2
1962,3,17,31,15.9,29,-2.8
1962,4,90,32.4,20.8,93,-3.2
1962,5,278,30.9,22.4,137,-3.3
1962,6,557,31.3,24.5,110,-1.5
1962,7,243,32.7,26,130,-2.3
1962,8,209,31.2,26,100,-2
1962,9,72,32.1,25.2,96,-3
1962,10,61,30.5,21.3,86,-3.2
1962,11,1,27.6,16.5,39,-3.7
1962,12,0,25.2,12.3,23,-3.9
1963,1,2,24.4,9.7,18,-4.3
1963,2,3,27.8,13,11,-4.7
1963,3,75,30.1,16.4,76,-4.1
1963,4,119,30.4,19.4,115,-4
1963,5,331,29.9,22.1,131,-3.7
1963,6,397,31,24.6,113,-3.1
1963,7,327,31.8,25.9,111,-2.6
1963,8,239,31.7,26,104,-1.9
1963,9,139,32.4,25,112,-2
1963,10,89,29.9,21.6,96,-1.9
1963,11,11,26.2,17.2,53,-1.8
1963,12,2,24.6,12.9,34,-1.7
1964,1,5,23.9,10.1,32,-1.7
1964,2,13,26.4,12.6,30,-1.9
1964,3,89,30.8,17.2,94,-1.5
1964,4,187,30.1,20.3,135,-0.9
1964,5,356,30.5,22,142,0.4
1964,6,397,31.6,24.4,115,1.1
1964,7,291,31.2,25.3,116,0.7
1964,8,167,32.4,25.6,129,-1
1964,9,135,31.7,25,108,-1.2
1964,10,132,31.1,23.1,108,-0.6
1964,11,8,27.8,17.9,60,-0.8
1964,12,0,25.3,12,37,-0.9
1965,1,0,24.6,10.1,24,-1.2
1965,2,25,25.6,12.1,38,-0.8
1965,3,76,28.9,14.6,83,0.2
1965,4,116,31,19.9,113,-0.3
1965,5,358,31.4,22.8,133,0.1
1965,6,382,31.3,24.2,119,0.1
1965,7,285,31.6,25,121,-0.5
1965,8,252,30.8,24.6,117,0
1965,9,124,31.4,24.3,104,-0.4
1965,10,40,29.5,21.1,77,-1.1
1965,11,40,25.9,16.2,57,0.5
1965,12,1,25.8,12.8,28,-0.1
1966,1,21,23.5,10.4,36,0.6
1966,2,2,28.3,13.7,26,-0.2
1966,3,17,31.6,15.7,27,-1.1
1966,4,57,32.4,19.9,61,-2.1
1966,5,264,32.4,23.4,141,-2.4
1966,6,594,30.5,24.2,118,-0.6
1966,7,275,32.2,25.7,119,-1.1
1966,8,296,31.5,26,112,1.8
1966,9,134,31.1,24.4,115,1.2
1966,10,65,28.8,20.6,85,0.7
1966,11,25,28.2,18.3,51,0.9
1966,12,4,25,13.2,31,0.9
1967,1,18,24.3,11.6,39,1
1967,2,8,27,13.4,33,0.8
1967,3,131,28,16.2,117,2
1967,4,129,30.2,18.8,125,1.8
1967,5,311,30.8,22.4,137,1.4
1967,6,258,31.3,24.1,127,-1.3
1967,7,298,32,25.4,120,-1.4
1967,8,144,32.6,25.5,135,-2.4
1967,9,173,31.3,24.4,111,-1.8
1967,10,29,29.6,20.4,75,-2.6
1967,11,16,25.1,15.6,47,-2.6
1967,12,0,24.6,12.4,25,-2.8
1968,1,14,22.8,10.8,29,-2.6
1968,2,12,25.1,11.4,25,-2.6
1968,3,45,29.8,16.9,51,-2.7
1968,4,174,30.6,19.3,131,-2.1
1968,5,358,30.7,22.2,130,-1.5
1968,6,446,30.4,24,117,-0.7
1968,7,310,31.1,25.6,114,-0.7
1968,8,201,32.3,25.5,124,-0.9
1968,9,113,31.7,25.2,104,-1.4
1968,10,80,29.5,21,90,-1.4
1968,11,4,26.7,17.2,45,-1.5
1968,12,0,24.7,11.9,30,-1.5
1969,1,18,23.8,10.5,37,-1.1
1969,2,0,27.4,12.6,23,-1.3
1969,3,97,31.2,17.3,98,-0.6
1969,4,94,31.7,20,98,-1.1
1969,5,208,32.1,23.2,136,-1.8
1969,6,415,31.3,24.6,122,-2.1
1969,7,366,32.2,25.9,115,-1.3
1969,8,230,31.4,25.2,113,-1
1969,9,121,31.6,24.9,112,-1.4
1969,10,55,29.5,21.3,84,-1.8
1969,11,16,27.1,17.6,47,-1.7
1969,12,1,25.1,12.8,28,-1.8
1970,1,34,22.9,10.5,44,-0.9
1970,2,15,25.8,12.9,35,-0.7
1970,3,54,30.1,16.5,64,-0.7
1970,4,70,31.9,20.1,74,-1.5
1970,5,185,31.8,23.3,138,-2.3
1970,6,686,31.6,24.8,128,1.6
1970,7,392,31.4,25.6,111,2.4
1970,8,300,31.8,25.7,120,3.1
1970,9,212,31.6,25.1,106,3.8
1970,10,167,29.4,21.9,99,4.5
1970,11,19,26.2,17.5,55,4.2
1970,12,0,25.4,12.3,33,3.8
1971,1,12,23.4,11.1,35,3.6
1971,2,4,26.1,12.2,32,3.2
1971,3,70,30.1,15.9,78,3
1971,4,121,30,20.2,117,2.5
1971,5,142,30.4,22.8,135,1.2
1971,6,398,30.9,24.8,120,-2.3
1971,7,248,31.4,24.9,125,-3
1971,8,203,31.3,24.7,113,-2.8
1971,9,101,31.7,24.3,104,-3.3
1971,10,107,30,22,94,-2.7
1971,11,71,25.4,17.1,71,-0.9
1971,12,2,24.3,12.1,42,2.1
1972,1,7,25,11.7,37,2.1
1972,2,19,25.5,12.4,42,2.5
1972,3,81,30.8,16.7,91,2.8
1972,4,137,30.8,19.1,131,2.5
1972,5,234,31.5,23.1,137,1.6
1972,6,359,31.6,23.9,135,0.8
1972,7,253,32.7,25.6,124,-1.9
1972,8,191,32.1,25,140,-2.3
1972,9,112,31.6,24,108,-2.7
1972,10,43,30.9,21.1,82,-3.2
1972,11,11,26.8,16.9,46,-3.2
1972,12,0,25.5,12.3,25,-3.3
1973,1,10,24.8,11.7,28,-3.2
1973,2,42,27,14.1,51,-2.4
1973,3,68,29.9,15.9,73,-2.1
1973,4,135,32.6,20.7,130,-2.1
1973,5,548,30.5,22.6,133,1.9
1973,6,446,30.9,24.5,111,2.4
1973,7,267,32.9,25.2,130,1.4
1973,8,165,32.3,25.4,132,-1.5
1973,9,164,31.6,24.9,109,-1.2
1973,10,102,29.7,22,100,-0.9
1973,11,55,25.9,17.7,68,1.3
1973,12,22,23.9,13.3,44,2.3
1974,1,16,22.8,11,41,2.7
1974,2,1,27.3,13.2,37,2.6
1974,3,65,29.7,16.6,79,2.6
1974,4,127,31.1,20.6,124,2.1
1974,5,375,30.7,22.7,132,2.3
1974,6,363,31.2,24.2,111,2
1974,7,434,30.7,24.9,124,3.1
1974,8,190,31.8,25.4,129,2.3
1974,9,147,31,24.1,108,2
1974,10,176,31.9,23,104,2.9
1974,11,6,28.6,17.5,54,2.4
1974,12,0,24.2,11.4,33,2.1
1975,1,5,23.6,11,29,1.7
1975,2,16,26.4,13.1,36,1.5
1975,3,34,31.1,16.2,43,0.7
1975,4,129,32.4,20.2,124,-1.1
1975,5,293,31,22.4,132,-1.4
1975,6,432,32.1,24.9,126,-0.8
1975,7,374,30.8,25.2,106,1.2
1975,8,193,32.4,25.3,116,0.8
1975,9,229,31,24.5,107,1.9
1975,10,81,31.3,23,93,1.5
1975,11,10,27.7,16.1,53,1.2
1975,12,0,25,10.6,31,0.9
1976,1,15,23.8,10.8,34,0.8
1976,2,14,26.7,14.3,33,0.6
1976,3,56,30.7,17.4,63,-0.3
1976,4,99,31.5,20.4,100,-1.2
1976,5,278,30.5,22.5,136,-1.6
1976,6,524,30.4,23.8,119,1.1
1976,7,265,31.8,25,112,-0.5
1976,8,200,31.4,25,125,-0.8
1976,9,101,32.3,23.9,104,-1.5
1976,10,49,30.1,20.9,80,-2
1976,11,7,28.9,18.4,46,-2.3
1976,12,0,25.4,11.9,26,-2.5
1977,1,8,23.9,10.7,25,-2.5
1977,2,9,27.2,13.3,20,-2.8
1977,3,85,31.3,18,88,-2.3
1977,4,309,29,19.4,132,2
1977,5,431,29,21.5,133,3.5
1977,6,391,30.2,23.4,111,3.4
1977,7,321,32.2,25.7,125,3
1977,8,225,31.9,25.5,117,2.8
1977,9,115,32.1,25.2,112,1.8
1977,10,150,28.7,21.1,103,2.4
1977,11,31,26.4,18.3,58,2.7
1977,12,6,23.7,12.8,37,2.8
1978,1,2,22.1,9.3,32,2.4
1978,2,5,25.7,12.7,32,2.2
1978,3,38,29.5,15.5,52,1.4
1978,4,99,30.9,19.7,99,0.9
1978,5,360,30.1,23,127,1
1978,6,384,30.7,24.3,121,1
1978,7,266,31.9,25.2,113,-0.5
1978,8,188,32.5,26,111,-1.2
1978,9,148,31.1,24.8,111,-1.1
1978,10,58,30.9,22.8,84,-1.5
1978,11,21,27,18.2,51,-1.3
1978,12,0,25.3,12.4,30,-1.4
1979,1,2,24.6,11.4,28,-1.6
1979,2,11,26,12.7,26,-1.9
1979,3,29,30.2,16.6,36,-2.6
1979,4,111,32.4,21.1,111,-3
1979,5,202,33.3,23,155,-3.6
1979,6,459,32.5,25,145,-3.9
1979,7,294,31.7,25.4,117,-3.7
1979,8,156,32.2,25.9,127,-4.2
1979,9,262,31.3,24.2,112,-2.1
1979,10,110,29.8,21.7,100,-1.6
1979,11,11,28.6,18.9,46,-1.5
1979,12,19,23.7,14,44,-0.6
1980,1,7,23.3,10.5,34,2
1980,2,22,26.2,13.5,42,2.3
1980,3,58,29.5,17,74,2
1980,4,90,32.2,20.8,95,1.1
1980,5,345,29.6,21.9,122,1.1
1980,6,349,31.8,24.9,118,0.8
1980,7,284,32.5,25.7,122,-1.1
1980,8,246,32.3,25.8,110,0.4
1980,9,111,32.1,25.2,110,-0.7
1980,10,87,29.4,21.3,93,-0.7
1980,11,0,27.9,17,49,-1.1
1980,12,0,26,13.9,30,-1.1
1981,1,39,22.7,11.7,48,0.8
1981,2,12,26.8,13.8,32,0.8
1981,3,57,29.1,16.6,66,0.6
1981,4,259,29.4,19.6,118,2
1981,5,315,30.4,22.3,135,2.4
1981,6,266,32.4,24.9,126,1.1
1981,7,381,31.4,25.7,121,1.7
1981,8,186,32.8,26.1,119,1.1
1981,9,131,31.9,24.6,119,-1.1
1981,10,7,31.9,21.7,66,-2.2
1981,11,0,27.9,17.2,41,-2.9
1981,12,23,24.3,12.3,37,-2.5
1982,1,2,25,11.9,18,-2.9
1982,2,9,25.4,13.3,17,-3.1
1982,3,46,29.1,16,50,-3.3
1982,4,176,30,19.8,110,-2.4
1982,5,221,32,22.4,154,-2.8
1982,6,412,31.3,24.6,114,-2.5
1982,7,210,32.5,25.8,116,-3.5
1982,8,330,32.8,25.5,130,-1.9
1982,9,121,32.3,24.4,109,-2.2
1982,10,42,30.4,21.2,82,-2.8
1982,11,32,26.2,16.9,52,-2.2
1982,12,1,24.5,12.3,27,-2.2
1983,1,10,22.4,10.6,30,-2.1
1983,2,23,24.7,11.8,38,-1.6
1983,3,93,29,16.5,94,-0.9
1983,4,127,30.2,19.2,124,-1.1
1983,5,327,30,22.1,130,-1
1983,6,259,32.5,24.6,118,-2
1983,7,308,33,25.8,119,-1.9
1983,8,233,32.4,25.6,108,-1.4
1983,9,191,31.5,25.1,98,1.1
1983,10,139,30.5,22.4,107,1.6
1983,11,1,27.6,17,54,1
1983,12,8,24.4,11.7,34,1
1984,1,23,23.2,10.7,37,1.3
1984,2,4,26.5,13.3,32,1
1984,3,24,31.7,17.4,35,-0.8
1984,4,224,32,20.6,143,0.8
1984,5,340,29.8,22.7,103,1.4
1984,6,406,31.7,25.1,126,1.5
1984,7,416,31.3,25.4,114,2.5
1984,8,175,32.4,25.5,125,1.6
1984,9,221,30.5,23.9,97,2.8
1984,10,82,31.2,22.6,88,2.4
1984,11,9,26.8,16.7,56,1.9
1984,12,8,25.3,12.9,34,1.8
1985,1,4,23.5,11.6,30,1.4
1985,2,19,26.1,13.5,34,1.4
1985,3,90,31.5,18.1,91,1.8
1985,4,124,31.7,20.8,122,1.3
1985,5,320,30.6,22.7,143,1
1985,6,350,31.6,24.8,124,0.6
1985,7,431,30.7,24.9,115,1.9
1985,8,147,32.6,26.1,130,0.7
1985,9,166,31.5,24.6,104,0.9
1985,10,37,30.6,21.5,81,-1.4
1985,11,4,26.7,16.8,42,-1.9
1985,12,8,25.6,13.5,29,-1.9
1986,1,5,24.5,11.7,25,-2.1
1986,2,3,26.7,13.2,15,-2.5
1986,3,54,30.9,16.7,58,-2.8
1986,4,176,29.6,19.6,115,-2
1986,5,184,30.6,22,156,-2.6
1986,6,308,32.5,25.1,121,-3.7
1986,7,354,31.5,25.2,116,-2.9
1986,8,218,32.4,25.6,119,-2.6
1986,9,157,30.5,24.1,101,-2.1
1986,10,218,28.8,20.7,97,2.4
1986,11,36,27,17.8,59,2.8
1986,12,4,24.1,12.8,40,2.9
1987,1,11,24.2,11.5,40,2.7
1987,2,17,27.3,13.8,41,2.8
1987,3,101,29.4,16.6,99,3.4
1987,4,168,30.5,20.2,134,3.3
1987,5,215,31.6,22.5,158,2.3
1987,6,385,32.1,25.9,120,1.6
1987,7,323,31.6,25.9,115,1.5
1987,8,323,31,25.8,117,2.7
1987,9,214,31.2,25.5,106,3.4
1987,10,88,30.2,21.5,94,3
1987,11,10,28.1,17.5,51,2.5
1987,12,3,25.7,13,35,2.2
1988,1,8,25.2,12.3,32,1.9
1988,2,23,27.8,14.8,40,1.8
1988,3,76,29.9,17.4,82,1.8
1988,4,231,31.5,20.7,136,2.5
1988,5,589,30.4,22.9,133,4.8
1988,6,411,31.9,24.5,130,4.6
1988,7,419,31.8,25.9,110,5.4
1988,8,365,31.3,25.9,91,6.9
1988,9,145,31.8,24.9,105,6.1
1988,10,114,31.1,21.8,107,5.7
1988,11,76,27.5,17.9,80,6.8
1988,12,12,24.9,14.7,44,6.8
1989,1,9,22.9,11.2,37,6.5
1989,2,37,25.7,13.4,57,7.1
1989,3,49,30.3,17,74,6.4
1989,4,104,31.7,20.2,113,5.2
1989,5,399,32.3,23.3,153,4.9
1989,6,423,31.7,24.8,110,4.9
1989,7,325,31.8,25.6,109,4.6
1989,8,151,32.1,25.8,117,3.3
1989,9,191,31.3,25.4,94,3.8
1989,10,127,30.5,22.4,100,4
1989,11,6,26.5,17.1,50,3.3
1989,12,2,23.5,11.5,35,3
1990,1,4,25.9,12.4,28,2.5
1990,2,21,25.5,14,38,2.6
1990,3,92,27.5,15.8,90,3.1
1990,4,278,29.2,18.9,101,4.6
1990,5,267,31,23.3,135,4.5
1990,6,357,31.8,25.1,95,4.1
1990,7,317,31.5,25.8,108,3.8
1990,8,255,32.3,25.9,121,3.8
1990,9,157,31.5,25.1,97,3.7
1990,10,177,29.5,21.8,100,4.6
1990,11,4,28.4,18.1,53,3.8
1990,12,0,25,13.3,35,3.3
1991,1,23,22.1,10.2,38,3.3
1991,2,16,27.1,13.8,36,3.1
1991,3,49,30.7,17.3,60,2.5
1991,4,210,30.7,19.9,127,3
1991,5,455,30.1,21.4,104,4.4
1991,6,348,30.3,24.4,105,3.8
1991,7,226,31.9,25.5,124,2.3
1991,8,267,31.4,25.7,117,2.6
1991,9,231,30.7,24.3,102,3.7
1991,10,226,30.1,21.7,101,5.3
1991,11,2,26.6,16.3,51,4.5
1991,12,13,22.8,12,38,4.3
1992,1,14,22.6,10.6,33,4.1
1992,2,19,23.9,11.8,36,4.1
1992,3,45,31,16.6,60,3.4
1992,4,123,31.7,20.1,122,2.7
1992,5,243,29.4,21.8,133,1.8
1992,6,375,31.4,24.3,125,1.1
1992,7,324,31.3,25,128,1
1992,8,240,31.7,25.4,124,1.1
1992,9,152,31.7,24.2,112,0.9
1992,10,79,29.7,21.4,91,0.6
1992,11,4,26.6,16.5,51,-1.4
1992,12,5,22.6,11.6,34,-1.3
1993,1,30,23.2,11.6,40,-0.7
1993,2,35,26.3,13.6,47,1.2
1993,3,68,28.6,15.3,79,1.3
1993,4,139,29.7,19.3,118,1.2
1993,5,439,30.1,21.8,115,2.2
1993,6,472,30.8,23.7,101,3
1993,7,273,32.2,25,116,2.2
1993,8,249,31.8,25.9,99,2.6
1993,9,192,30.8,24.3,106,3
1993,10,41,30.4,21.7,71,2.1
1993,11,13,27.1,17.2,46,1.6
1993,12,0,25.6,13.4,31,1.2
1994,1,27,24.7,12,40,1.4
1994,2,24,24.8,12.6,38,1.5
1994,3,102,29.7,16.8,97,2.2
1994,4,126,30.3,20.1,122,1.8
1994,5,223,31.4,23.3,150,0.9
1994,6,352,31.7,24.6,109,-1.7
1994,7,239,33.1,25.5,135,-2.6
1994,8,248,32.5,25.9,125,-2.1
1994,9,58,32.7,25,92,-3.3
1994,10,78,30.5,21.1,86,-3.2
1994,11,12,25.8,17.7,45,-3.2
1994,12,0,24.3,12.1,26,-3.4
1995,1,20,22.4,10.9,34,-3
1995,2,13,25.4,13.6,24,-2.9
1995,3,33,31.1,17.3,39,-3.2
1995,4,100,31.6,20.2,100,-3.4
1995,5,260,32.6,24,133,-3.7
1995,6,498,32,25.3,99,-2.4
1995,7,391,31.4,25.5,127,-1.4
1995,8,302,32,25.6,114,2.5
1995,9,218,31.4,25.1,104,3.3
1995,10,30,31.4,22.1,75,2.1
1995,11,59,27.5,18.4,66,2.8
1995,12,2,24.4,13,30,2.4
1996,1,13,24.1,11.6,32,2.2
1996,2,18,26.3,13,38,2.1
1996,3,63,30.8,17.7,71,1.8
1996,4,135,32.1,20.5,133,1.3
1996,5,354,31.1,23,129,1.3
1996,6,342,31.4,23.9,111,0.9
1996,7,305,31.3,25.5,112,0.7
1996,8,198,31.8,25.7,115,-0.2
1996,9,104,31.5,25.3,110,-1.4
1996,10,179,30.3,22.1,102,1.3
1996,11,0,28,17.8,48,0.7
1996,12,0,25.6,12.1,35,-0.1
1997,1,15,23.2,10.8,34,0.6
1997,2,15,24.2,12.8,33,0.7
1997,3,47,30,17.2,58,-0.3
1997,4,206,28.5,19.4,119,0.8
1997,5,261,30.8,22.7,133,0.7
1997,6,355,31.1,24.1,99,0.6
1997,7,305,31.9,25.5,124,-0.2
1997,8,247,32.4,25.6,119,0.6
1997,9,169,30.7,24.5,98,1
1997,10,17,29.4,20.8,79,-1.2
1997,11,5,27,17.8,39,-1.9
1997,12,12,23.6,12.7,31,-1.9
1998,1,5,23.9,11,20,-2.3
1998,2,17,27.1,14.3,24,-2.4
1998,3,106,28.9,16.1,103,-1.4
1998,4,219,30.9,20.9,123,1.6
1998,5,160,32.2,23.8,135,0.7
1998,6,430,32.1,24.8,92,0.9
1998,7,298,31.3,25.9,101,0.8
1998,8,282,31.6,26.2,87,1.8
1998,9,137,32.4,25.1,112,1.3
1998,10,133,32,24,101,1.7
1998,11,28,28.2,18.6,63,1.9
1998,12,0,25.2,13.5,40,1.8
1999,1,4,24.8,11.7,34,1.4
1999,2,0,29.3,15.2,21,0.6
1999,3,13,32.2,17.4,23,-2
1999,4,60,33.7,22,63,-2.7
1999,5,425,30.8,23.6,127,-1.7
1999,6,301,32,25.4,116,-2.2
1999,7,426,31.3,25.6,119,-0.7
1999,8,273,31.3,25.7,105,2
1999,9,125,31.6,24.9,113,1.2
1999,10,151,30.2,23,98,2
1999,11,15,27.7,18.6,54,1.8
1999,12,3,25,14.2,39,1.7
2000,1,20,23,11.2,39,1.9
2000,2,13,25.2,12.9,36,1.8
2000,3,76,28.5,16.2,84,1.8
2000,4,196,29.9,19.6,123,2.3
2000,5,529,30.5,23.3,122,4.1
2000,6,465,31.5,24.8,110,4.6
2000,7,159,32.2,25.6,127,2.2
2000,8,307,31.6,25.6,104,3.2
2000,9,147,31,24.3,102,2.9
2000,10,68,30.7,22,88,2.2
2000,11,2,27.7,17.7,43,1.6
2000,12,0,25.4,12.1,32,1.1
2001,1,2,26.2,11,26,0.6
2001,2,12,28.5,14.4,25,-1.7
2001,3,31,30.2,16.8,37,-2.4
2001,4,186,30.9,20.3,130,-1.7
2001,5,492,30.5,23.4,134,1.9
2001,6,387,31.4,25,101,2
2001,7,240,32.6,25.8,126,0.8
2001,8,201,32,26.4,123,-1.2
2001,9,160,31.9,25.6,111,-1
2001,10,171,30.1,22.8,98,1.3
2001,11,8,28.6,17.3,48,1
2001,12,0,25.9,12.6,36,0.9
2002,1,20,23.6,11.8,39,1.1
2002,2,4,28.3,13.9,30,0.7
2002,3,112,30.7,17.2,109,1.6
2002,4,235,30.7,20,112,2.6
2002,5,281,30.2,23,129,2.7
2002,6,513,31.3,24.9,102,3.9
2002,7,272,31.1,26,99,3.2
2002,8,161,31.8,25.8,109,2.2
2002,9,106,31.3,25.3,110,1.2
2002,10,47,30.1,21.8,79,-2.1
2002,11,44,27.9,18.1,61,-1.4
2002,12,4,25.3,13.5,29,-1.3
2003,1,10,24.8,10.3,32,-1.2
2003,2,26,25.8,13.8,41,-0.7
2003,3,88,29.2,16.4,89,1.2
2003,4,199,31.2,20.9,111,1.9
2003,5,228,30.3,23,141,1.3
2003,6,579,30.5,25,98,3.2
2003,7,391,31.6,25.9,106,3.9
2003,8,154,33.2,26.4,113,2.7
2003,9,136,31.9,26,102,2.3
2003,10,66,31.3,22.9,82,1.8
2003,11,10,28.6,17.6,47,1.4
2003,12,8,24.3,13.2,35,1.4
2004,1,12,23.4,11.3,34,1.2
2004,2,7,27,13.1,27,0.8
2004,3,38,33.3,17.9,46,-1.5
2004,4,321,29.9,20.5,108,2.2
2004,5,280,31.7,23.9,132,2.5
2004,6,390,30.9,25.2,112,2.5
2004,7,315,30.3,25.6,103,2.4
2004,8,89,32.8,26.2,104,0.7
2004,9,77,32.7,24.7,90,-2.5
2004,10,186,29.3,21.8,101,-1
2004,11,10,26.2,17.7,54,-1
2004,12,2,26.3,12.9,35,-0.9
2005,1,22,23.8,12.4,39,1.2
2005,2,5,27.1,14.9,32,0.8
2005,3,125,30.8,17.6,115,1.9
2005,4,135,31.2,20.5,129,1.7
2005,5,404,29.6,22.6,120,2.2
2005,6,194,32.1,25.2,115,-1.6
2005,7,221,32,26.3,134,-2.8
2005,8,90,32.4,26.5,103,-3.9
2005,9,98,32.7,25.6,115,-4.8
2005,10,148,29.5,23.1,102,-3.6
2005,11,1,28.8,16.6,51,-3.6
2005,12,0,26.3,12.6,37,-3.4
2006,1,0,26.6,11,27,-3.5
2006,2,22,30.4,14.9,37,-3.2
2006,3,32,31.3,18,39,-3.8
2006,4,361,30.3,20.8,139,-1.1
2006,5,382,31.1,23.8,149,3.3
2006,6,296,31.4,25.3,118,2.2
2006,7,197,33.1,26.4,141,-2.3
2006,8,120,33.6,26.2,138,-3.5
2006,9,108,32.4,25.1,109,-4.2
2006,10,83,30.4,22.5,99,-4.1
2006,11,16,26.6,18.8,45,-3.9
2006,12,3,26.9,13.2,29,-3.8
2007,1,4,26.2,11,25,-3.8
2007,2,48,25.2,13.7,53,-2.7
2007,3,26,31.7,16.6,33,-3.2
2007,4,350,31.8,20.6,116,2.4
2007,5,181,32.6,24,152,1.8
2007,6,425,32.1,24.6,100,2.2
2007,7,266,32,26.1,108,1.5
2007,8,316,32.7,26.4,120,2.5
2007,9,218,31.6,25.5,110,3.3
2007,10,113,31.7,23,102,3.2
2007,11,24,28.2,18.2,63,3
2007,12,0,27,12.5,37,2.7
2008,1,45,24.3,12.8,54,3.5
2008,2,7,25.8,12.3,35,3.3
2008,3,129,30.3,17.9,111,4.3
2008,4,121,31.8,21.4,118,3.8
2008,5,273,31.1,24.7,144,2.9
2008,6,444,30.8,25.5,94,3.4
2008,7,320,32,26.1,106,3.3
2008,8,206,31.5,26.3,94,3.1
2008,9,92,32.3,25.3,106,1.7
2008,10,109,30.1,22,106,1.7
2008,11,6,27.3,17.4,53,1.2
2008,12,2,26.9,13.9,29,0.8
2009,1,2,26.7,12.1,26,-1.4
2009,2,10,29,14.9,23,-1.8
2009,3,49,31.2,17.4,54,-2
2009,4,159,33.3,21.2,124,-1.6
2009,5,133,31.6,23.6,132,-2.6
2009,6,192,32.8,25.3,111,-4.4
2009,7,325,33.4,26.2,123,-4.7
2009,8,220,32.7,26.3,110,-4.1
2009,9,128,32.9,25.4,118,-4.2
2009,10,151,32.5,22.1,107,-3
2009,11,5,29.6,17.5,51,-3
2009,12,4,25.9,13.1,33,-2.6
2010,1,0,26,10.9,31,-2.7
2010,2,1,28.6,13,21,-3
2010,3,123,32.5,18.2,118,-1.6
2010,4,335,32.9,21.2,119,3.2
2010,5,424,31.4,23.8,130,4.6
2010,6,457,32.1,25.2,100,5
2010,7,256,32.5,26.6,115,3.8
2010,8,174,32.6,26.9,116,2.9
2010,9,196,31.7,26,98,3.5
2010,10,161,30.6,23.6,111,4
2010,11,7,29,19,51,3.4
2010,12,2,25.5,12.8,38,3
2011,1,13,24,10.8,36,2.8
2011,2,18,27.9,12.7,39,2.6
2011,3,55,30.6,17.3,64,2.1
2011,4,45,31,20.8,50,0.7
2011,5,267,31.3,23.8,130,-1.8
2011,6,420,31.7,25.4,121,-1.5
2011,7,261,31.6,26.3,110,-1.9
2011,8,431,32.1,25.7,118,2.6
2011,9,137,32.8,25.1,120,1.9
2011,10,11,31.3,22,76,-1.7
2011,11,14,27.3,16.7,45,-2.1
2011,12,1,27.1,12.6,25,-2.6
2012,1,20,22.2,9.9,30,-2.5
2012,2,4,26.7,12.9,11,-3
2012,3,28,31.1,16.6,32,-3.6
2012,4,145,30.1,19.7,120,-3.1
2012,5,348,31.8,23.2,161,-2.9
2012,6,457,31.3,24.7,105,-1.7
2012,7,371,31.7,26.1,114,-0.9
2012,8,191,32.7,26.1,127,-1.2
2012,9,103,31.6,24.6,103,-1.8
2012,10,108,30.4,20.4,108,-1.5
2012,11,2,28.1,15.5,52,-1.7
2012,12,0,26.4,12,33,-1.7
2013,1,0,24.7,10.4,27,-1.9
2013,2,18,27.6,14,32,-2
2013,3,37,31.4,17.7,44,-2.4
2013,4,176,31,20.3,134,-1.8
2013,5,464,30.3,22.8,122,1.6
2013,6,414,32.8,25.6,128,1.7
2013,7,335,32.4,25.9,120,1.7
2013,8,126,32.5,25.1,123,-1.2
2013,9,98,31.8,24.4,109,-2
2013,10,226,29.8,22.3,103,1.9
2013,11,0,27.6,15.7,55,1.3
2013,12,5,24.1,12.3,34,1.1
2014,1,1,23.9,11.5,29,0.7
2014,2,24,25.6,13,39,0.8
2014,3,21,30.3,16.9,30,-1.3
2014,4,74,32.9,21.1,77,-2.2
2014,5,275,31,22.5,135,-2.4
2014,6,311,32.3,25,114,-3
2014,7,251,32.7,26.5,134,-3.6
2014,8,317,32,25.5,106,-1.9
2014,9,219,31.8,24.7,110,-0.7
2014,10,49,30.9,21.8,91,-1.4
2014,11,2,28.1,17.1,40,-1.9
2014,12,0,25.3,13.1,27,-2.2
2015,1,13,23.4,12.1,29,-2.2
2015,2,16,26.6,13.4,26,-2.3
2015,3,28,30.7,17.3,33,-2.9
2015,4,161,29.4,20,118,-2.3
2015,5,276,31.1,22.7,124,-2.3
2015,6,345,31.6,24.6,107,-2.2
2015,7,185,32.8,25.6,127,-3.7
2015,8,296,31.9,25.4,96,-2.1
2015,9,194,32.1,24.6,109,-1.2
2015,10,41,31,21.9,85,-1.9
2015,11,3,28,17.3,40,-2.4
2015,12,6,24.3,12.8,28,-2.4
2016,1,18,22.1,11.5,31,-2.4
2016,2,6,26.6,15.1,20,-2.7
2016,3,73,29.6,17.8,77,-1.5
2016,4,162,31.3,20.4,119,1.7
2016,5,294,30.3,22.4,133,1
2016,6,282,32.1,24.9,117,-1.7
2016,7,341,31.8,25.5,101,-1
2016,8,101,33.4,26.3,126,-2.5
2016,9,121,32.1,25.2,103,-3.1
2016,10,92,31.5,23,98,-2.5
2016,11,14,27.6,17.9,50,-2.5
2016,12,2,25.7,14,32,-2.3
2017,1,1,24,11.9,27,-2.1
2017,2,18,27.2,14.7,29,-2.3
2017,3,105,27.9,16.7,100,1.9
2017,4,205,29.7,20.7,110,2.9
2017,5,231,31.4,23.2,136,2.6
2017,6,315,31.9,24.8,113,2.7
2017,7,338,32.3,26,125,1.2
2017,8,270,32.7,26.1,113,1.3
2017,9,136,32.1,25,98,1.4
2017,10,152,30.8,22.9,100,1.6
2017,11,3,28.3,18.6,54,1.2
2017,12,12,25.7,14.8,39,1
2018,1,1,23.7,11.7,24,1.4
2018,2,12,26.5,14.7,32,1.7
2018,3,52,29.7,17.6,62,2.4
2018,4,143,30.1,20.1,115,2.6
2018,5,254,30,22.5,123,2.5
2018,6,273,32.5,24.9,114,1.6
2018,7,246,32.7,26,128,0.8
2018,8,165,33,26.4,124,-1.3
2018,9,101,32.7,25.2,104,-1.6
2018,10,30,29.7,21.4,75,-2.2
2018,11,3,27.1,17,39,-2
2018,12,9,24.3,13.1,30,-1.2
2019,1,5,24.7,12.2,24,-4.1
2019,2,37,26.8,13.9,43,-3.2
2019,3,60,29.9,16.6,64,-3
2019,4,117,31.3,20.4,115,-3
2019,5,339,30.6,22.4,123,-2.7
2019,6,245,33.1,26.2,129,-3.7
2019,7,295,32.5,26.2,117,-3.6
2019,8,170,34.4,28,133,-4
2019,9,247,32.3,25.5,94,-1.9
2019,10,126,31,22.5,96,-1.2
2019,11,18,29.1,19.4,54,-0.9
2019,12,3,24.8,12.8,36,-0.6
