Product: Historical Climate - TerraClimate(http://www.climatologylab.org/terraclimate.html) 
Location (Lat/Lon of 4-km Grid Cell Center): 26.3125 North,91.0208 East 
Data Source: NW Climate Toolbox(https://climatetoolbox.org/tool/point-data-download)
Download Date: 07/24/2020
Variable List: 
ppt: ppt (Precipitation)
tmax: tmax (Maximum Temperature)
tmin: tmin (Minimum Temperature)
aet: aet (Actual Evapotranspiration)
PDSI: pdsi (Palmer Drought Severity Index (PDSI))
********************************************************
Year,Month,ppt(mm),tmax(degC),tmin(degC),aet(mm),PDSI(unitless)
1958,1,19,25,12.4,39,0.2
1958,2,24,25.4,13.5,42,0.7
1958,3,22,30.9,16.8,37,-0.8
1958,4,199,32.1,21.2,125,0.5
1958,5,350,31.1,23.2,129,0.6
1958,6,198,32.6,25,118,-2.2
1958,7,358,32.6,26,119,-2.5
1958,8,364,31.1,26,90,-1
1958,9,173,32.1,25.4,99,-1.2
1958,10,82,31.5,23,89,-1.5
1958,11,7,28.5,17.4,50,-1.5
1958,12,2,25,13.4,30,-1.5
1959,1,45,23.6,11.8,52,1
1959,2,5,24.9,12.5,32,0.9
1959,3,85,29.8,16.6,89,1.2
1959,4,183,32,21.3,129,1.4
1959,5,510,30.9,22.8,127,2.4
1959,6,448,30.9,24.7,103,2.3
1959,7,298,31.8,25.7,123,0.9
1959,8,222,31.9,25.6,116,-1.4
1959,9,178,30.9,24.4,96,-1.4
1959,10,262,28.7,22.4,89,1.9
1959,11,1,27.2,17.1,50,1.3
1959,12,0,25.8,12.8,32,1
1960,1,1,24.2,10.6,31,-0.4
1960,2,4,28.3,14.7,25,-1.3
1960,3,66,29.2,16.2,73,-1.2
1960,4,45,34.2,21.3,49,-2.5
1960,5,317,32.5,23.7,140,-2.8
1960,6,411,31.8,24.7,126,-2.9
1960,7,425,30.8,25.5,101,-2.3
1960,8,188,32,26.2,113,-2.9
1960,9,266,30.8,25,97,-1.6
1960,10,64,30.8,22.1,89,-2.1
1960,11,8,27.1,17,48,-2.2
1960,12,1,25.8,12.6,29,-2.4
1961,1,6,25.2,12.3,27,-2.5
1961,2,10,25.4,12.8,27,-2.5
1961,3,64,29.8,17.9,70,-2.4
1961,4,93,32.3,21.1,94,-2.9
1961,5,305,31.1,23.4,135,-3.2
1961,6,413,31,24.5,138,-3.4
1961,7,286,32.2,25.7,133,-4.4
1961,8,260,32.1,26.4,120,-4.1
1961,9,154,31.7,25.3,116,-4.4
1961,10,119,30.8,22.5,103,-4
1961,11,10,25.5,16.6,53,-3.7
1961,12,1,23.2,10.9,32,-3.4
1962,1,22,23.6,9.9,41,-2.7
1962,2,15,25.7,12.9,36,-2.1
1962,3,17,30.8,16,36,-2.7
1962,4,88,32.3,21.1,94,-3.2
1962,5,354,30.8,22.5,135,-3.2
1962,6,593,30.9,24.3,109,-1.5
1962,7,310,32.3,25.9,129,-2.4
1962,8,265,30.8,26,98,-2
1962,9,86,32,25.1,100,-3.2
1962,10,72,30.5,21.3,91,-3.5
1962,11,1,27.4,16.7,42,-3.8
1962,12,0,24.9,12.6,26,-3.9
1963,1,1,24.4,10,24,-4.2
1963,2,2,27.7,13,13,-4.6
1963,3,82,29.7,16.8,85,-4.1
1963,4,135,30.4,19.9,129,-3.9
1963,5,360,29.8,22.2,129,-3.8
1963,6,460,30.6,24.5,109,-3.2
1963,7,435,31.4,25.8,108,-2.6
1963,8,276,31.4,26.1,103,-2.1
1963,9,190,32.1,25.1,110,-2
1963,10,107,29.7,21.9,102,-2.1
1963,11,10,25.9,17.5,54,-1.9
1963,12,2,24.5,13.2,36,-1.8
1964,1,6,23.7,10.6,35,-1.9
1964,2,11,26.2,12.8,34,-2
1964,3,82,30.5,17.5,90,-1.7
1964,4,192,30.3,20.8,137,-1.2
1964,5,417,30.3,22.1,139,-0.7
1964,6,472,31.1,24.3,110,0.3
1964,7,395,30.7,25.3,114,-0.1
1964,8,195,32,25.8,127,-1
1964,9,174,31.5,25.2,106,-1.2
1964,10,179,31,23.3,105,0.7
1964,11,6,27.5,18,58,-0.3
1964,12,0,25.2,12.3,37,-0.5
1965,1,0,24.7,10.4,26,-0.9
1965,2,22,25.6,12,38,-0.6
1965,3,80,28.6,14.9,86,0.2
1965,4,121,31,20.3,118,-0.4
1965,5,379,31.5,23,133,-0.5
1965,6,422,30.8,24.2,119,-0.7
1965,7,360,31.1,25.1,120,-1.1
1965,8,331,30.4,24.8,115,0.7
1965,9,157,31.1,24.4,105,-0.6
1965,10,47,29.6,21.2,79,-1.3
1965,11,32,25.9,16.5,55,-0.9
1965,12,1,25.6,13.1,29,-1
1966,1,26,23.2,10.8,40,0.4
1966,2,3,27.8,14.1,28,-0.2
1966,3,20,31.2,16.1,32,-1.1
1966,4,66,32.5,20.4,70,-2.1
1966,5,292,32.3,23.5,140,-2.6
1966,6,594,30.2,24.1,117,-1.2
1966,7,348,31.8,25.7,118,-1.7
1966,8,355,31.2,26.2,111,-0.5
1966,9,159,31,24.4,116,-1.2
1966,10,74,28.9,20.6,88,-1.6
1966,11,24,27.9,18.5,51,-1.1
1966,12,6,24.8,13.4,33,-0.9
1967,1,18,24.3,11.9,41,-0.6
1967,2,6,26.9,13.5,34,0
1967,3,148,27.9,16.3,115,2
1967,4,142,30.3,19.2,132,1.8
1967,5,351,30.8,22.4,135,1.6
1967,6,290,30.8,24.1,127,-1.5
1967,7,408,31.6,25.3,119,-1.4
1967,8,171,32.1,25.6,133,-2.4
1967,9,223,31.1,24.4,110,-1.9
1967,10,53,29.4,20.7,84,-2.5
1967,11,11,24.8,15.8,47,-2.5
1967,12,0,24.6,12.8,27,-2.7
1968,1,16,22.6,11.3,33,-2.4
1968,2,4,24.8,11.7,23,-2.5
1968,3,49,29.4,17.1,57,-2.7
1968,4,189,30.7,19.7,132,-2.1
1968,5,382,30.6,22.4,129,-1.7
1968,6,518,30.1,23.9,115,-0.8
1968,7,406,30.7,25.5,113,-0.8
1968,8,236,31.9,25.7,123,-1.1
1968,9,152,31.6,25.4,104,-1.6
1968,10,129,29.4,21.2,98,-1.3
1968,11,4,26.2,17.4,48,-1.4
1968,12,1,24.3,12.4,32,-1.4
1969,1,21,23.6,10.8,40,-1
1969,2,0,27,12.8,28,-1.1
1969,3,98,30.9,17.6,100,0.5
1969,4,113,31.8,20.3,114,-0.5
1969,5,260,32,23.4,133,-1.2
1969,6,460,30.9,24.6,122,-1.3
1969,7,470,31.7,25.7,116,-0.6
1969,8,284,31,25.4,111,0.2
1969,9,167,31.4,25,110,-0.5
1969,10,64,29.6,21.3,87,-1.1
1969,11,18,26.9,17.9,49,-1
1969,12,0,25,13.1,30,-1.1
1970,1,38,22.8,10.9,47,0.7
1970,2,14,25.5,13.2,36,0.9
1970,3,61,29.7,16.7,73,0.7
1970,4,79,32,20.7,84,-0.8
1970,5,207,31.7,23.5,137,-1.7
1970,6,752,31.2,24.7,126,1.8
1970,7,493,31,25.6,110,2.4
1970,8,371,31.5,25.9,119,3.2
1970,9,276,31.3,25.2,105,3.9
1970,10,183,29.7,21.8,99,4.3
1970,11,15,26.2,17.5,54,3.9
1970,12,0,25.4,12.3,33,3.4
1971,1,16,23.3,11.4,37,3.2
1971,2,3,25.9,12.2,32,2.8
1971,3,61,29.8,16,73,2.4
1971,4,114,29.9,20.6,111,1.8
1971,5,148,30.2,22.8,135,-1.6
1971,6,420,30.4,24.7,118,-3
1971,7,322,30.9,24.9,124,-3.6
1971,8,256,30.9,24.8,111,-3.3
1971,9,157,31.3,24.5,107,-3.5
1971,10,147,29.8,22.4,93,-2.8
1971,11,60,25.4,17.2,68,-1.1
1971,12,2,24.3,12.4,41,-0.6
1972,1,8,24.9,12,38,1.9
1972,2,19,25,12.6,41,2.2
1972,3,91,30.5,17,97,2.5
1972,4,136,31,19.5,131,2.1
1972,5,261,31.6,23.3,137,1.2
1972,6,390,31.3,23.9,133,-1.5
1972,7,321,32.1,25.5,120,-2.3
1972,8,223,31.7,25.1,137,-2.7
1972,9,147,31.4,24.2,106,-3.1
1972,10,65,30.9,21.3,90,-3.5
1972,11,10,26.5,17.2,49,-3.4
1972,12,0,25,12.8,28,-3.4
1973,1,12,24.7,12.2,33,-3.2
1973,2,37,26.7,14.3,49,-2.4
1973,3,72,29.5,16.2,80,-2.1
1973,4,140,32.6,21,135,-2.1
1973,5,633,30.4,22.7,131,1.7
1973,6,560,30.4,24.4,107,2.6
1973,7,342,32.3,25,129,1.6
1973,8,190,31.9,25.6,131,-1.6
1973,9,239,31.4,25.1,108,-1
1973,10,164,29.5,22.2,101,0.5
1973,11,44,25.6,18.1,65,1.8
1973,12,23,23.6,13.5,45,2.6
1974,1,20,22.7,11.5,44,2.9
1974,2,0,27,13.5,38,2.8
1974,3,96,29.3,16.9,99,3.1
1974,4,159,31.1,21,135,2.9
1974,5,445,30.5,22.8,130,3.1
1974,6,402,30.8,24.1,108,2.5
1974,7,560,30.4,24.8,123,3.6
1974,8,231,31.5,25.4,128,2.7
1974,9,200,30.8,24.1,106,2.4
1974,10,231,31.9,23.2,103,3.5
1974,11,4,28.4,17.6,54,2.9
1974,12,0,24.1,11.8,33,2.4
1975,1,6,23.5,11.4,31,1.9
1975,2,8,25.9,13.4,31,1.5
1975,3,38,30.7,16.4,48,0.7
1975,4,161,32.5,20.7,133,0.6
1975,5,364,31,22.6,131,-1.2
1975,6,458,31.7,24.7,124,-1
1975,7,492,30.4,25.1,105,0.9
1975,8,222,32,25.4,114,-0.4
1975,9,300,30.8,24.6,105,1.7
1975,10,104,31.2,23.3,100,1.2
1975,11,8,27.4,16.3,55,0.9
1975,12,0,24.7,11,33,0.7
1976,1,11,23.8,11.1,34,0.6
1976,2,12,26.4,14.6,35,-0.1
1976,3,61,30.3,17.7,70,-0.7
1976,4,122,31.5,20.8,121,-1.1
1976,5,331,30.4,22.7,135,-1.5
1976,6,556,30.1,23.6,116,1
1976,7,357,31.5,24.9,111,-0.5
1976,8,261,30.9,25.1,123,-0.5
1976,9,131,31.9,24.1,108,-1.4
1976,10,61,30.2,21.2,85,-2
1976,11,6,28.7,18.7,49,-2.2
1976,12,0,25.2,12.1,30,-2.4
1977,1,10,23.9,11.2,29,-2.4
1977,2,7,26.9,13.5,24,-2.7
1977,3,89,31,18.3,94,-2.2
1977,4,312,29,19.8,132,1.8
1977,5,478,28.9,21.6,130,3.1
1977,6,446,29.8,23.3,109,2.8
1977,7,410,31.8,25.6,123,2.4
1977,8,267,31.6,25.7,116,2.2
1977,9,133,32,25.2,113,1
1977,10,193,28.7,21.4,103,1.8
1977,11,23,26.3,18.7,56,1.9
1977,12,8,23.6,13.1,37,2
1978,1,3,22,9.7,33,1.7
1978,2,4,25.4,13,32,1.4
1978,3,45,29.1,15.7,59,0.8
1978,4,131,30.8,20.1,122,-0.2
1978,5,431,29.9,23.1,124,0.3
1978,6,458,30.4,24.1,119,0.1
1978,7,350,31.4,25.1,113,-0.8
1978,8,215,32.2,26,110,-1.2
1978,9,202,30.9,24.8,109,-1
1978,10,61,31,23,84,-1.7
1978,11,20,26.7,18.7,52,-1.4
1978,12,0,25.2,12.8,31,-1.6
1979,1,3,24.6,11.8,29,-1.8
1979,2,10,25.6,12.9,29,-2
1979,3,23,29.8,17,32,-2.9
1979,4,129,32.3,21.5,128,-3.1
1979,5,228,33.4,23.1,153,-3.7
1979,6,502,32.1,24.7,142,-3.9
1979,7,403,31.3,25.4,113,-3.6
1979,8,223,31.9,26,124,-3.8
1979,9,349,31.1,24.3,111,-1.4
1979,10,126,29.9,21.9,99,-1.3
1979,11,13,28.3,19.3,48,-1.1
1979,12,23,23.4,14.5,46,2.3
1980,1,3,23.2,10.9,33,2
1980,2,18,25.9,13.7,40,2.2
1980,3,63,29.2,17.2,80,1.9
1980,4,107,32.2,21.4,111,1
1980,5,390,29.5,22,122,0.9
1980,6,409,31.4,24.7,117,-0.3
1980,7,357,32.1,25.5,121,-1.4
1980,8,301,31.9,25.8,108,-0.8
1980,9,148,31.9,25.3,113,-1.5
1980,10,105,29.3,21.6,99,-1.5
1980,11,0,27.8,17.2,50,-1.8
1980,12,0,26,14,33,-1.8
1981,1,45,22.6,12.2,53,-0.7
1981,2,11,26.5,13.9,36,1
1981,3,62,28.8,16.9,76,0.8
1981,4,274,29.4,20,116,2.2
1981,5,371,30.3,22.4,133,2.7
1981,6,292,32,24.8,126,0.9
1981,7,487,31.1,25.7,118,1.5
1981,8,230,32.4,26.2,117,1
1981,9,184,31.7,24.7,118,-1.2
1981,10,8,31.9,21.9,64,-2.3
1981,11,1,27.6,17.5,43,-3
1981,12,26,23.9,12.5,40,-2.6
1982,1,2,25,12.3,22,-3
1982,2,8,25.1,13.5,18,-3.2
1982,3,52,28.8,16.2,56,-3.3
1982,4,171,30,20.1,113,-2.7
1982,5,249,32,22.5,154,-3.1
1982,6,484,31,24.5,113,-2.7
1982,7,291,32,25.7,114,-3.5
1982,8,400,32.4,25.6,131,-1.9
1982,9,166,32.1,24.7,109,-2.2
1982,10,53,30.4,21.3,85,-2.8
1982,11,23,25.9,17.3,50,-2.4
1982,12,1,24.3,12.9,28,-2.4
1983,1,10,22.5,11,31,-2.3
1983,2,18,24.6,11.9,35,-1.9
1983,3,98,28.8,16.7,99,-1.2
1983,4,124,30.2,19.5,122,-1.5
1983,5,387,30,22.2,129,-1.4
1983,6,300,32.1,24.5,116,-2.6
1983,7,412,32.5,25.8,116,-2.3
1983,8,280,32.2,25.7,109,-1.8
1983,9,239,31.3,25.1,97,-1
1983,10,187,30.5,22.5,107,1.5
1983,11,1,27.5,17.2,54,0.9
1983,12,11,24.2,11.9,36,1
1984,1,29,23.1,11.1,42,1.4
1984,2,5,26,13.4,34,1.3
1984,3,29,31.5,17.5,44,-0.7
1984,4,237,32.1,21,144,0.7
1984,5,452,29.8,22.9,102,1.7
1984,6,561,31.3,25,124,2.5
1984,7,553,30.7,25.4,111,3.6
1984,8,224,32,25.7,125,2.7
1984,9,298,30.3,24.1,96,3.9
1984,10,116,31.1,23,92,3.4
1984,11,7,26.5,17.1,56,2.9
1984,12,9,25.1,13.3,36,2.7
1985,1,4,23.4,12.1,33,2.2
1985,2,17,26,13.7,35,2.2
1985,3,95,31.4,18.4,97,2.5
1985,4,157,31.7,21.1,140,2.2
1985,5,381,30.4,22.9,138,1.9
1985,6,428,31.1,24.6,123,1.5
1985,7,549,30.2,25,113,2.7
1985,8,185,32.1,26.3,128,1.4
1985,9,225,31.2,24.9,103,1.7
1985,10,74,30.4,21.8,93,0.9
1985,11,3,26.4,17.2,46,-1.3
1985,12,11,25.3,14,34,-1.2
1986,1,6,24.3,12.3,29,-1.4
1986,2,3,26.4,13.5,23,-1.7
1986,3,53,30.6,17,61,-2.1
1986,4,191,29.6,20.1,116,-1.4
1986,5,234,30.4,22.1,151,-2
1986,6,361,32,25,118,-2.6
1986,7,447,31.1,25.3,115,-2
1986,8,261,32,25.7,118,-1.9
1986,9,217,30.3,24.3,101,-1.4
1986,10,269,28.9,20.8,97,2.4
1986,11,31,26.9,18.1,57,2.7
1986,12,7,24,13.3,42,2.8
1987,1,12,24.1,12,41,2.6
1987,2,15,27,14.1,40,2.6
1987,3,114,29.1,17,105,3.3
1987,4,187,30.5,20.6,135,3.4
1987,5,252,31.5,22.6,157,2.4
1987,6,450,31.6,25.7,119,2.1
1987,7,408,31,25.9,112,1.9
1987,8,401,30.7,26,114,3.1
1987,9,270,31,25.6,106,3.7
1987,10,136,30.2,21.8,98,3.5
1987,11,10,27.7,17.8,52,3.1
1987,12,3,25.5,13.5,37,2.7
1988,1,8,25,12.8,35,2.3
1988,2,22,27.5,15.1,42,2.3
1988,3,80,29.5,17.7,86,2.3
1988,4,257,31.5,21.2,137,3.1
1988,5,636,30.3,23,133,5
1988,6,503,31.5,24.5,128,4.9
1988,7,541,31.3,25.9,109,5.6
1988,8,430,30.9,26,89,7
1988,9,197,31.7,25.2,104,6.3
1988,10,130,31.2,21.8,108,5.6
1988,11,58,27.3,18.3,74,6.3
1988,12,15,24.8,14.9,44,6.4
1989,1,14,22.8,11.6,38,6.1
1989,2,33,25.5,13.7,54,6.5
1989,3,51,29.9,17.4,74,5.7
1989,4,100,31.7,20.6,111,4.4
1989,5,493,32.2,23.4,151,4.4
1989,6,500,31.2,24.7,108,4.5
1989,7,454,31.3,25.6,107,4.5
1989,8,174,31.6,25.9,115,3.1
1989,9,247,31.1,25.6,92,3.6
1989,10,165,30.5,22.6,102,3.8
1989,11,5,26.3,17.5,49,3.2
1989,12,2,23.4,12,35,2.8
1990,1,4,25.9,12.9,29,2.3
1990,2,23,25.2,14.3,40,2.5
1990,3,103,27.1,16.1,98,3.1
1990,4,298,29.2,19.5,105,4.6
1990,5,322,30.8,23.3,132,4.5
1990,6,415,31.5,25.1,92,4
1990,7,399,31,25.8,107,3.6
1990,8,320,31.8,26,118,3.7
1990,9,217,31.3,25.2,95,3.7
1990,10,224,29.5,22,99,4.7
1990,11,4,28.2,18.3,53,3.9
1990,12,0,24.9,13.6,35,3.3
1991,1,29,22,10.6,42,3.4
1991,2,14,26.8,14,36,3.2
1991,3,52,30.4,17.6,65,2.6
1991,4,214,30.8,20.4,129,2.9
1991,5,530,30.1,21.6,109,4.1
1991,6,410,29.9,24.3,104,3.5
1991,7,279,31.4,25.6,123,1.8
1991,8,305,31,25.9,114,2.1
1991,9,333,30.4,24.4,101,3.7
1991,10,257,30.2,21.9,101,5
1991,11,2,26.5,16.5,50,4.2
1991,12,16,22.7,12.4,39,4.1
1992,1,16,22.8,11.1,35,3.9
1992,2,16,23.7,12,35,3.8
1992,3,43,30.7,16.9,61,3
1992,4,121,31.8,20.5,122,2.2
1992,5,303,29.2,22,131,1.4
1992,6,415,31,24.1,124,0.9
1992,7,411,30.8,25,126,0.7
1992,8,288,31.3,25.6,123,0.8
1992,9,221,31.5,24.2,110,1
1992,10,96,29.7,21.7,96,-1.1
1992,11,4,26.5,16.9,53,-1.3
1992,12,5,22.4,11.9,36,-1.2
1993,1,36,23.3,12.2,46,0.7
1993,2,27,26.1,13.8,44,1.3
1993,3,74,28.2,15.5,85,1.4
1993,4,133,29.7,19.7,119,1.2
1993,5,501,30,21.9,116,1.9
1993,6,562,30.4,23.7,100,2.9
1993,7,363,31.7,24.9,114,2.2
1993,8,316,31.5,26.1,97,2.7
1993,9,248,30.6,24.5,105,3.1
1993,10,54,30.3,22,75,2.1
1993,11,13,27,17.6,48,1.8
1993,12,0,25.6,13.8,32,1.3
1994,1,31,24.6,12.4,44,1.5
1994,2,22,24.5,12.9,38,1.7
1994,3,101,29.4,17.1,97,2.4
1994,4,125,30.3,20.5,122,1.8
1994,5,257,31.3,23.4,148,0.8
1994,6,418,31.2,24.5,109,-1.5
1994,7,289,32.7,25.4,135,-2.7
1994,8,283,32.1,26,125,-2.3
1994,9,86,32.5,25.1,102,-3.5
1994,10,105,30.5,21.3,96,-3.3
1994,11,11,25.5,18,52,-3.1
1994,12,0,24.1,12.3,32,-3
1995,1,23,22.4,11.4,39,-2.4
1995,2,12,25.2,14,32,-2.1
1995,3,34,30.8,17.7,45,-2.5
1995,4,91,31.8,20.7,94,-3
1995,5,278,32.7,24.3,135,-3.4
1995,6,541,31.6,25.3,98,-2.3
1995,7,510,31,25.6,127,-1.3
1995,8,364,31.6,25.8,115,2.4
1995,9,310,31.1,25.1,105,3.6
1995,10,42,31.4,22.3,80,2.3
1995,11,49,27.2,18.6,64,2.8
1995,12,2,24.2,13.3,31,2.4
1996,1,19,24,12.1,36,2.3
1996,2,16,25.8,12.9,38,2.2
1996,3,62,30.5,18,72,1.8
1996,4,151,32,20.8,146,1.3
1996,5,400,31.1,23.2,128,1.2
1996,6,397,31,23.8,107,0.7
1996,7,394,30.9,25.7,111,-0.1
1996,8,240,31.4,25.9,115,-0.9
1996,9,148,31.2,25.3,117,-1.7
1996,10,201,30.2,22.3,101,1
1996,11,0,27.7,17.9,49,-0.4
1996,12,0,25.4,12.2,35,-0.5
1997,1,18,23.2,11.1,36,-0.4
1997,2,13,23.9,13.2,32,-0.2
1997,3,50,29.7,17.6,63,-0.4
1997,4,215,28.5,19.9,118,0.8
1997,5,304,30.7,22.9,136,0.6
1997,6,413,30.6,24.1,97,-0.1
1997,7,386,31.6,25.6,124,-0.3
1997,8,294,31.9,25.7,118,0.3
1997,9,227,30.5,24.7,97,0.8
1997,10,22,29.2,20.9,81,-1.2
1997,11,4,26.7,18,41,-1.9
1997,12,17,23.3,13,34,-1.9
1998,1,6,23.8,11.5,24,-2.2
1998,2,13,26.9,14.6,23,-2.4
1998,3,120,28.6,16.3,113,-1.2
1998,4,223,30.8,21.2,123,1.6
1998,5,213,32,23.8,134,0.8
1998,6,483,31.8,25,92,1.3
1998,7,394,30.8,26,99,1.2
1998,8,343,31.3,26.5,86,2.1
1998,9,183,32.3,25.3,112,1.6
1998,10,189,32,24.3,102,2.2
1998,11,22,27.8,18.7,62,2.3
1998,12,0,24.9,13.7,39,2
1999,1,3,24.6,12,34,1.4
1999,2,0,29.1,15.3,23,0.6
1999,3,16,31.9,17.6,26,-2.1
1999,4,100,33.7,22.5,101,-2.5
1999,5,483,30.7,23.8,128,-1.8
1999,6,364,31.5,25.3,116,-2.3
1999,7,532,30.8,25.5,117,-1
1999,8,350,31,25.9,106,2
1999,9,168,31.4,24.9,113,1.2
1999,10,212,30,23.1,99,2.2
1999,11,13,27.4,18.8,54,2
1999,12,2,24.7,14.6,38,1.8
2000,1,22,22.9,11.7,41,1.9
2000,2,13,24.8,13,37,1.8
2000,3,89,28,16.6,94,2
2000,4,250,29.8,20.1,124,2.8
2000,5,601,30.3,23.4,120,4.7
2000,6,486,31.2,24.7,108,4.6
2000,7,205,31.6,25.5,126,2.1
2000,8,355,31.3,25.8,104,2.9
2000,9,198,30.8,24.5,103,2.7
2000,10,81,30.7,22.3,93,1.9
2000,11,2,27.5,18.1,45,1.3
2000,12,0,25.4,12.4,33,0.9
2001,1,3,26.2,11.5,29,-1.8
2001,2,11,28.4,14.7,28,-1.9
2001,3,32,29.8,17,40,-2.6
2001,4,228,30.8,20.6,132,-1.6
2001,5,585,30.4,23.5,133,2.3
2001,6,445,30.9,24.9,104,2.2
2001,7,323,32.1,25.7,128,1.1
2001,8,252,31.6,26.6,123,0.7
2001,9,202,31.7,25.7,111,0.6
2001,10,213,30.2,23,100,1.7
2001,11,6,28.4,17.7,50,1.3
2001,12,0,25.8,13,36,1.1
2002,1,24,23.5,12.2,42,1.3
2002,2,4,28,14.1,33,0.9
2002,3,112,30.3,17.5,109,1.6
2002,4,254,30.8,20.5,111,2.7
2002,5,325,30.2,23.2,131,2.8
2002,6,575,31,24.8,101,3.8
2002,7,371,30.6,26,99,3.2
2002,8,202,31.4,25.9,109,2.3
2002,9,142,31.1,25.4,114,1.1
2002,10,59,30.2,22,85,-2.2
2002,11,31,27.7,18.3,57,-1.6
2002,12,4,25.2,13.9,31,-1.5
2003,1,14,24.8,10.8,36,-1.3
2003,2,24,25.4,13.9,41,-0.8
2003,3,87,28.9,16.8,88,1
2003,4,200,31.3,21.3,112,1.6
2003,5,279,30.2,23.2,139,1.1
2003,6,641,30.1,25,98,2.9
2003,7,515,31.2,25.9,103,3.7
2003,8,182,32.8,26.6,111,2.5
2003,9,178,31.7,26.1,104,2
2003,10,103,31.3,23.1,93,1.6
2003,11,8,28.3,18,51,1.3
2003,12,9,23.9,13.5,38,1.4
2004,1,15,23.3,11.7,39,1.4
2004,2,6,26.8,13.4,33,1.2
2004,3,38,33,18.3,51,-1.2
2004,4,326,30.1,21,109,2
2004,5,344,31.7,24.1,132,2.4
2004,6,456,30.5,25.2,109,2.3
2004,7,403,29.9,25.5,101,2.2
2004,8,112,32.4,26.3,112,-1.5
2004,9,103,32.5,24.8,100,-2.7
2004,10,213,29.4,22,102,-1.2
2004,11,12,25.9,18,55,-1.2
2004,12,2,26.3,13.4,36,-1.1
2005,1,26,23.7,12.8,43,-0.6
2005,2,5,26.8,15.1,36,-0.7
2005,3,130,30.6,18,117,1.8
2005,4,143,31.3,21,132,1.6
2005,5,444,29.7,22.8,119,2
2005,6,225,31.7,25.2,113,-1.9
2005,7,293,31.5,26.3,132,-3
2005,8,125,32,26.7,112,-4.1
2005,9,140,32.3,25.5,129,-4.8
2005,10,188,29.5,23.4,102,-3.4
2005,11,1,28.5,17,52,-3.5
2005,12,0,26.1,13,37,-3.4
2006,1,0,26.7,11.6,29,-3.6
2006,2,15,30.3,15.2,32,-3.5
2006,3,38,31,18.3,45,-4
2006,4,409,30.3,21.2,137,-0.9
2006,5,428,31.1,24,148,3.4
2006,6,330,31.1,25.2,116,2
2006,7,253,32.8,26.5,141,-2.6
2006,8,149,33.1,26.3,147,-3.9
2006,9,149,32.2,25.2,112,-4.2
2006,10,99,30.4,22.8,107,-4.2
2006,11,15,26.4,19.2,51,-3.8
2006,12,4,26.8,13.7,36,-3.4
2007,1,5,26.3,11.6,33,-3.3
2007,2,40,24.8,13.8,50,-2.1
2007,3,28,31.4,17,43,-2.7
2007,4,369,31.9,21,116,2.4
2007,5,228,32.5,24.2,151,1.9
2007,6,471,31.8,24.6,98,2.1
2007,7,338,31.5,26.1,106,1.3
2007,8,409,32.3,26.6,120,2.6
2007,9,284,31.5,25.8,109,3.4
2007,10,141,31.7,23.3,102,3.2
2007,11,20,27.9,18.5,62,3.1
2007,12,0,26.8,13,37,2.6
2008,1,48,24.3,13.3,57,3.4
2008,2,6,25.6,12.6,34,3.1
2008,3,137,30.1,18.2,112,4.1
2008,4,120,31.9,22,118,3.5
2008,5,328,30.9,24.7,142,2.8
2008,6,502,30.2,25.5,95,3.3
2008,7,425,31.5,26,106,3.1
2008,8,246,31.1,26.4,92,2.9
2008,9,115,32.1,25.5,114,1.3
2008,10,137,30.2,22.1,108,1.2
2008,11,4,27.2,17.8,56,0.8
2008,12,3,26.8,14.4,32,0.6
2009,1,2,26.7,12.7,31,-1.5
2009,2,9,28.7,15.1,31,-1.7
2009,3,53,30.9,17.7,62,-2
2009,4,174,33.4,21.7,124,-1.5
2009,5,167,31.3,23.7,142,-2.3
2009,6,221,32.2,25.2,107,-4.9
2009,7,426,32.9,26.1,123,-4.3
2009,8,269,32.3,26.5,109,-3.8
2009,9,167,32.6,25.5,119,-4
2009,10,194,32.3,22.4,106,-2.7
2009,11,4,29.3,17.9,53,-2.7
2009,12,4,25.7,13.6,34,-2.5
2010,1,0,25.9,11.4,32,-2.6
2010,2,1,28.3,13.1,23,-3
2010,3,138,32.4,18.7,122,-1.5
2010,4,341,33.1,21.7,124,3.1
2010,5,469,31.3,24,133,4.2
2010,6,519,31.7,25.3,101,4.6
2010,7,335,32.1,26.7,114,3.4
2010,8,221,32.2,27.1,114,2.6
2010,9,258,31.5,26.2,98,3.2
2010,10,200,30.7,23.9,110,3.8
2010,11,8,28.8,19.5,52,3.2
2010,12,2,25.3,13.2,39,2.8
2011,1,15,24,11.2,38,2.6
2011,2,19,27.5,12.8,41,2.4
2011,3,55,30.3,17.7,65,1.9
2011,4,57,31,21.2,62,-1.4
2011,5,350,31.1,23.8,128,-1.6
2011,6,503,31.2,25.3,120,-0.9
2011,7,357,31.1,26.3,106,-1.3
2011,8,534,31.7,25.8,116,2.8
2011,9,184,32.5,25.3,119,2.1
2011,10,16,31.2,22.2,77,0.6
2011,11,12,27.2,17.3,46,-2.1
2011,12,1,27.1,13.2,26,-2.7
2012,1,24,21.9,10.2,34,-2.4
2012,2,5,26.2,13.1,15,-2.9
2012,3,34,30.9,17,39,-3.5
2012,4,176,30.1,20.1,122,-2.8
2012,5,389,31.7,23.4,159,-2.5
2012,6,492,31,24.8,103,-1.7
2012,7,459,31.2,26,111,-1.1
2012,8,242,32.3,26.2,124,-1.3
2012,9,152,31.6,24.8,104,-1.8
2012,10,128,30.3,20.7,109,-1.6
2012,11,2,27.8,15.9,54,-1.8
2012,12,0,26.3,12.4,34,-1.9
2013,1,1,24.6,10.8,29,-2.1
2013,2,15,27,14,34,-2.2
2013,3,34,31,17.7,43,-2.7
2013,4,174,30.9,20.7,133,-2.3
2013,5,521,30.2,22.9,122,-1
2013,6,454,32.3,25.5,122,-0.9
2013,7,407,32,26,119,-0.8
2013,8,163,32,25.3,125,-1.9
2013,9,127,31.6,24.6,118,-2.8
2013,10,275,29.7,22.6,102,-0.6
2013,11,0,27.2,16,54,-1
2013,12,3,23.7,12.7,34,-1
2014,1,1,23.3,11.7,29,-1.3
2014,2,23,24.9,13.1,39,-1
2014,3,19,29.8,17.1,30,-1.9
2014,4,78,32.8,21.4,81,-2.7
2014,5,308,31,22.7,133,-3.1
2014,6,375,31.8,24.9,110,-3.3
2014,7,302,32.2,26.4,133,-4.2
2014,8,367,31.6,25.6,105,-2.6
2014,9,294,31.5,24.8,109,-1.1
2014,10,63,30.8,21.9,95,-1.8
2014,11,1,27.7,17.3,42,-2.2
2014,12,0,24.7,13.3,29,-2.5
2015,1,17,23.1,12.4,35,-2.3
2015,2,16,26,13.5,31,-2.3
2015,3,32,30,17.5,39,-2.9
2015,4,197,29.2,20.3,117,-2
2015,5,327,31,22.9,122,-1.8
2015,6,414,31.2,24.5,105,-1.8
2015,7,253,32.3,25.5,126,-3.2
2015,8,370,31.6,25.6,94,-1.6
2015,9,259,31.8,24.6,108,-0.7
2015,10,47,30.9,22.1,87,-1.5
2015,11,2,27.6,17.5,41,-2
2015,12,7,24,13,29,-2.1
2016,1,21,21.9,11.7,34,-2.2
2016,2,4,26.3,15.3,22,-2.5
2016,3,85,29.3,18.1,88,-1.1
2016,4,167,31.3,20.8,124,1.7
2016,5,360,30.2,22.6,132,0.9
2016,6,332,31.7,24.8,116,-1.8
2016,7,461,31.4,25.5,99,-1.1
2016,8,129,33.1,26.5,136,-2.6
2016,9,159,31.9,25.3,100,-2.8
2016,10,125,31.4,23.1,105,-2.1
2016,11,10,27.2,18.1,54,-2.1
2016,12,2,25.4,14.2,36,-2
2017,1,1,23.8,12.2,32,-1.9
2017,2,12,26.8,14.8,34,-2.1
2017,3,128,27.5,16.9,101,2.3
2017,4,246,29.6,21,110,3.3
2017,5,274,31.3,23.3,135,2.9
2017,6,344,31.5,24.6,113,2.5
2017,7,444,31.8,26,124,0.9
2017,8,334,32.3,26.2,111,1.2
2017,9,174,32,25.1,97,1.4
2017,10,197,30.8,23,101,1.6
2017,11,3,28,18.9,54,1.2
2017,12,12,25.5,15,40,0.9
2018,1,0,23.4,12,26,1.1
2018,2,11,26.2,14.9,32,1.3
2018,3,53,29.4,18,64,1.8
2018,4,181,30,20.5,115,2.4
2018,5,327,29.9,22.5,125,2.6
2018,6,326,32,24.8,113,1.3
2018,7,303,32.2,26,127,-1.5
2018,8,197,32.6,26.5,122,-1.7
2018,9,128,32.5,25.3,108,-1.9
2018,10,39,29.6,21.5,80,-2.6
2018,11,2,26.9,17.2,41,-2.5
2018,12,11,24.1,13.4,33,-1.7
2019,1,5,24.5,12.5,28,-4.1
2019,2,36,26.2,13.8,43,-3.2
2019,3,51,29.1,16.3,58,-3.2
2019,4,102,31.3,20.9,103,-3.5
2019,5,407,30.4,22.5,119,-3.1
2019,6,253,32.9,26.3,131,-4.5
2019,7,542,32,26.1,111,-2.8
2019,8,285,33.9,28.1,131,-2.5
2019,9,269,32.1,25.6,95,-1.2
2019,10,137,30.9,22.7,96,-0.8
2019,11,18,28.8,19.5,54,-0.6
2019,12,3,24.4,12.9,36,1.9
