Product: Historical Climate - TerraClimate(http://www.climatologylab.org/terraclimate.html) 
Location (Lat/Lon of 4-km Grid Cell Center): 24.8542 North,92.3542 East 
Data Source: NW Climate Toolbox(https://climatetoolbox.org/tool/point-data-download)
Download Date: 07/24/2020
Variable List: 
ppt: ppt (Precipitation)
tmax: tmax (Maximum Temperature)
tmin: tmin (Minimum Temperature)
aet: aet (Actual Evapotranspiration)
PDSI: pdsi (Palmer Drought Severity Index (PDSI))
********************************************************
Year,Month,ppt(mm),tmax(degC),tmin(degC),aet(mm),PDSI(unitless)
1958,1,21,26.1,12.1,44,0.2
1958,2,88,26.4,13,82,2.2
1958,3,40,32.2,17.3,73,0.7
1958,4,435,32.9,21.8,133,0.7
1958,5,400,31.8,23.3,126,0.6
1958,6,387,33.3,25.2,125,0
1958,7,528,33.2,25.7,118,-1.1
1958,8,657,31.6,25.1,100,-1
1958,9,357,32.6,25.2,102,-1.2
1958,10,231,31.7,22.8,101,-0.7
1958,11,8,29.5,16.3,53,-1.4
1958,12,8,26,12.9,38,-1.4
1959,1,48,24.5,11.3,57,1.3
1959,2,36,25.8,12,54,1.5
1959,3,246,30.2,16.8,116,2.8
1959,4,401,32.6,21.7,131,2.5
1959,5,855,31.5,22.9,124,2.3
1959,6,751,31.5,24.9,110,2
1959,7,466,32.7,25.6,118,1.1
1959,8,487,32,25.1,121,1
1959,9,402,31.3,24.7,93,1.1
1959,10,382,29.8,21.8,87,3
1959,11,1,28.2,15.4,53,1.6
1959,12,0,26.7,11.6,36,0.8
1960,1,0,25.5,10.2,31,-2.4
1960,2,4,29.5,13.9,29,-3.4
1960,3,115,30.2,16,113,-3.6
1960,4,125,34.7,22.6,126,-3.2
1960,5,352,33.4,23.9,143,-2.9
1960,6,972,32,25,118,-2.6
1960,7,574,31.3,25.2,107,-2.2
1960,8,358,32.8,25.6,116,-1.9
1960,9,505,31.9,24.7,101,-0.8
1960,10,142,31.7,22,111,-1.4
1960,11,38,28.2,16.1,66,-1.2
1960,12,1,26.5,12.4,41,-1.4
1961,1,4,26.5,11.5,36,-1.8
1961,2,11,25.6,11.7,39,-2.3
1961,3,99,30.6,19,102,-2.7
1961,4,183,32.9,22.2,141,-2.5
1961,5,324,32.1,23.4,133,-2.2
1961,6,911,31.4,24.7,127,-2
1961,7,367,32.6,25.5,128,-3.2
1961,8,510,32.2,25.5,120,-2.9
1961,9,277,32.1,24.8,113,-3.7
1961,10,150,31.3,22.4,109,-3.8
1961,11,21,28,15.3,59,-3.9
1961,12,1,24.9,9.9,39,-3.9
1962,1,33,24.3,9,50,-2.9
1962,2,56,26.9,12.7,63,-1.6
1962,3,12,32.1,16.6,43,-3.2
1962,4,211,33.2,22.1,144,-2.9
1962,5,381,32,22.7,133,-2.6
1962,6,890,31.5,24.3,111,-2.3
1962,7,549,33.3,25.8,135,-2.3
1962,8,486,31.7,25.5,107,-2.1
1962,9,147,33.1,25,110,-4
1962,10,144,31.3,21.7,111,-4.2
1962,11,2,28.2,15.4,53,-4.8
1962,12,0,26.1,11.4,36,-5
1963,1,0,25.5,9.5,33,-5.4
1963,2,5,28.9,13.3,29,-6.3
1963,3,120,31.2,16.8,116,-6.1
1963,4,220,31.6,20.4,136,-5.4
1963,5,309,30.6,22.5,137,-4.9
1963,6,706,31.1,24.9,110,-4.4
1963,7,590,32,25.7,114,-3.7
1963,8,477,32.1,25.5,105,-3.3
1963,9,405,33,25.1,115,-3
1963,10,264,30.5,21.9,102,-2
1963,11,14,28.5,16,59,-2.5
1963,12,2,25.8,12.4,39,-2.8
1964,1,21,24,10,43,-2.5
1964,2,44,27.1,12.7,59,-2
1964,3,137,31.5,18.3,130,-2
1964,4,492,30.6,21.1,134,-1.8
1964,5,625,31.7,22.6,138,-1.6
1964,6,747,31.2,24.3,116,-1.4
1964,7,542,31.2,24.9,112,-1.4
1964,8,425,32.5,25.3,121,-1.2
1964,9,439,32.2,24.9,106,-0.8
1964,10,365,30.9,23,108,1.9
1964,11,29,29.1,17.1,69,1.4
1964,12,0,26.3,12.1,42,0.7
1965,1,1,25.3,10.8,33,-1.6
1965,2,78,26.7,12.4,77,1.4
1965,3,141,30,15.6,127,1.2
1965,4,147,31.6,21.2,140,1.1
1965,5,351,32.3,23.3,135,1
1965,6,773,31.2,24.3,114,0.9
1965,7,529,31.8,24.8,123,-0.3
1965,8,609,31,24.2,115,0
1965,9,360,31.9,24.4,104,-0.6
1965,10,107,31,21.9,104,-1.5
1965,11,74,28.9,15.5,81,1
1965,12,9,26.6,12.9,48,1.3
1966,1,28,25.1,11.5,51,1.9
1966,2,1,29,13.7,42,0.9
1966,3,28,31.3,16.5,51,-2.4
1966,4,124,33.3,21.4,126,-2.1
1966,5,324,33,23.7,149,-1.9
1966,6,1163,30.2,24.4,108,-1.7
1966,7,471,32.4,25.4,118,-2.2
1966,8,634,31.5,25.3,112,-2
1966,9,431,31.9,24.6,114,-1.6
1966,10,184,30,21,112,-1.6
1966,11,31,28.8,17.7,63,-1.7
1966,12,18,25.2,12.7,48,-1
1967,1,63,24.6,12,67,2.5
1967,2,17,27,13.9,49,2.1
1967,3,289,28.5,17.1,120,3.9
1967,4,253,31.4,20.1,137,3.5
1967,5,544,31.7,22.9,137,3.2
1967,6,503,31.5,24.2,122,2.8
1967,7,601,32.2,25.4,116,2.8
1967,8,353,32.5,25.1,134,2.5
1967,9,452,31.3,24.4,107,2.7
1967,10,92,30.5,21.3,101,1.3
1967,11,16,27.6,14.5,56,0.6
1967,12,0,25.7,12,34,-2
1968,1,18,24.4,10.8,39,-1.9
1968,2,12,25.7,11.5,36,-2.4
1968,3,113,30.5,17.1,111,-2.7
1968,4,413,31.4,20.6,133,-2.4
1968,5,531,31.3,22.4,131,-2.1
1968,6,899,30.4,23.9,106,-1.9
1968,7,669,31.7,25.4,112,-1
1968,8,559,32.1,25.1,118,-0.9
1968,9,299,32,24.9,105,-1.6
1968,10,127,31,22,108,-2.2
1968,11,17,28.4,16.8,57,-2.6
1968,12,1,26.3,11.8,39,-2.8
1969,1,16,24.5,10.3,41,-2.6
1969,2,0,27.6,12.5,32,-3.6
1969,3,191,31.4,18.1,124,-2.7
1969,4,299,32.3,21.2,138,-2.4
1969,5,228,33,23.5,144,-2.2
1969,6,699,31.4,24.4,118,-2
1969,7,736,32.5,25.6,121,-0.6
1969,8,603,31.1,24.7,109,0
1969,9,244,32.5,24.9,116,-1.4
1969,10,106,30.6,21.8,106,-2.2
1969,11,31,27.9,16.6,61,-2.2
1969,12,1,25.8,12.2,38,-2.2
1970,1,76,23.8,10.5,68,2.6
1970,2,30,26.7,13.3,53,2.7
1970,3,156,30.2,17.7,123,2.8
1970,4,184,32.3,21.8,134,2.5
1970,5,218,32.1,23.6,136,2.2
1970,6,1517,31.5,25,122,2
1970,7,730,31.5,25.2,111,3
1970,8,702,31.9,25.2,118,2.7
1970,9,702,31.5,25,106,4.9
1970,10,365,29.8,22.2,104,6.1
1970,11,53,27.5,17,69,5.9
1970,12,0,25.7,12.1,41,5.2
1971,1,23,24,11.4,45,5.1
1971,2,9,26.2,12,41,4
1971,3,63,30.9,15.9,81,2.5
1971,4,178,30.7,21.2,130,2.3
1971,5,212,31.4,23.2,138,2
1971,6,486,30.8,24.6,111,1.8
1971,7,357,31.2,24.9,116,-2.4
1971,8,427,31,24.4,111,-2.2
1971,9,251,31.7,24.4,109,-3.2
1971,10,227,30.5,22.5,104,-2.6
1971,11,131,27.4,15.9,80,3
1971,12,1,25.6,11.9,47,2.8
1972,1,5,25.2,11.4,39,2.3
1972,2,40,24.8,11.5,56,2.6
1972,3,154,30.6,17.3,126,2.5
1972,4,262,30.8,20.5,134,2.3
1972,5,291,31.9,23.6,139,2
1972,6,630,31.5,24.1,129,1.8
1972,7,536,32.6,25.3,129,1.4
1972,8,410,31.7,24.7,134,1.2
1972,9,244,32.5,24.5,115,-1.6
1972,10,113,31.3,21.6,113,-2.4
1972,11,9,28.8,16.5,55,-3
1972,12,0,26.1,11.8,37,-3.4
1973,1,11,25.3,11.3,37,-3.5
1973,2,119,27.9,14.3,89,2.7
1973,3,173,29.8,16.7,122,3
1973,4,276,32.5,22.6,143,2.7
1973,5,1135,30.6,22.5,131,2.4
1973,6,623,31.1,24.7,113,2.2
1973,7,555,32.8,25.5,129,1.8
1973,8,341,32.2,25.2,124,1.6
1973,9,358,31.5,24.8,109,1.1
1973,10,143,31.1,22.5,108,-1
1973,11,130,27.7,17.5,87,2.6
1973,12,43,24.5,12.7,61,4.5
1974,1,8,23.7,10.8,46,4.4
1974,2,0,26.9,12,43,3.3
1974,3,181,29.9,17.2,121,3.5
1974,4,335,30.9,21.3,134,3.1
1974,5,777,31.2,22.8,131,2.8
1974,6,560,31.1,24.2,113,2.5
1974,7,647,30.6,24.7,123,2.8
1974,8,468,31.8,25,121,2.5
1974,9,474,31.4,24.1,108,2.9
1974,10,409,31.8,22.9,108,4.7
1974,11,20,29,18.5,61,3.6
1974,12,0,24.7,11.1,39,2.8
1975,1,3,24.3,11,33,1.8
1975,2,24,27.2,13,45,1.1
1975,3,69,31.7,17.1,82,-2.9
1975,4,291,32.4,21.8,137,-2.6
1975,5,374,31.4,22.9,136,-2.3
1975,6,939,32,24.9,121,-2.1
1975,7,644,30.7,25.1,107,-1.2
1975,8,475,32.1,25.2,113,-1.1
1975,9,632,31.5,24.4,109,2.4
1975,10,150,31.2,23,106,1.7
1975,11,64,27.5,15.9,76,2.2
1975,12,1,25.4,10.3,44,1.9
1976,1,11,24.6,11.2,41,1.7
1976,2,19,26.7,14,47,1.2
1976,3,150,30.4,18.3,131,1
1976,4,118,31.7,21.8,124,0.9
1976,5,618,31.4,22.5,140,0.8
1976,6,1077,30.2,24,113,0.8
1976,7,507,31.9,25.1,110,-0.3
1976,8,446,31.3,24.7,123,-0.5
1976,9,319,32.5,24.4,111,-1.2
1976,10,137,30.7,21.4,104,-1.7
1976,11,17,28.7,17.9,59,-2.2
1976,12,0,25.3,12,39,-2.4
1977,1,10,24.2,10.6,37,-2.6
1977,2,53,26,13.2,64,-1.8
1977,3,189,31,19.1,131,-1.2
1977,4,739,29,20.1,134,-1
1977,5,609,29.8,21.8,136,-0.9
1977,6,519,30.2,23.8,103,-0.8
1977,7,506,32.1,25.7,118,-1.2
1977,8,468,31.7,25.2,113,-1
1977,9,207,32.5,25.2,118,-2.7
1977,10,277,29.9,21,112,-1.6
1977,11,72,27.8,17.7,77,1.6
1977,12,10,25.3,12.5,47,2
1978,1,0,22.9,9.5,38,1.5
1978,2,10,26.4,12.8,42,0.8
1978,3,61,30.4,16.2,83,-1.9
1978,4,119,31.8,20.8,116,-1.7
1978,5,612,30.5,22.6,128,-1.5
1978,6,631,30.5,24,110,-1.4
1978,7,433,32.2,25.3,115,-2.1
1978,8,376,33.1,25.7,113,-1.9
1978,9,317,31.6,24.6,112,-2.4
1978,10,105,31.9,23.1,108,-3.2
1978,11,16,28.6,17.3,56,-3.5
1978,12,0,26.6,12.2,38,-3.7
1979,1,10,25.5,11.7,38,-3.9
1979,2,19,26.8,12.5,42,-4.2
1979,3,50,30.7,17.1,61,-5.3
1979,4,246,33.2,22.1,154,-4.7
1979,5,295,33.5,24,170,-4.2
1979,6,1221,32.2,25.3,135,-3.8
1979,7,455,32,25.5,122,-4.2
1979,8,388,32.1,25.4,117,-3.7
1979,9,879,31.7,24.6,109,4
1979,10,181,30.9,21.7,111,3.3
1979,11,21,29.3,18.3,58,2.5
1979,12,37,25.2,13.9,55,3.6
1980,1,1,24.1,11.1,38,2.8
1980,2,48,26.2,13.3,60,3.2
1980,3,127,29.8,17.9,119,2.7
1980,4,184,32.9,21.9,141,2.4
1980,5,502,30.6,21.7,120,2.2
1980,6,448,31.8,24.9,111,2
1980,7,477,32.6,25.3,118,1.2
1980,8,435,32.2,25.2,112,1.1
1980,9,309,32.6,25.2,106,-1.3
1980,10,234,30.4,21.7,100,-0.8
1980,11,0,29.2,16.4,57,-1.9
1980,12,1,26.3,13.6,38,-2.4
1981,1,52,24.2,12.1,57,-0.9
1981,2,30,26.3,13.7,49,-0.9
1981,3,150,29.4,17.1,115,-0.7
1981,4,942,29.5,20.2,116,-0.6
1981,5,404,30.8,22.7,134,0
1981,6,852,32.4,25,120,0
1981,7,604,31.2,25.4,117,1
1981,8,439,32.4,25.5,114,0.9
1981,9,334,31.9,24.9,116,-0.6
1981,10,23,31.8,22.3,83,-2.1
1981,11,1,29.4,16.7,44,-3.4
1981,12,40,25.2,12.6,49,-2.5
1982,1,3,25.7,12,26,-3.5
1982,2,28,26.1,13.7,40,-3.6
1982,3,91,29.7,16.4,94,-4.1
1982,4,389,30.6,20.4,111,-3.7
1982,5,376,33,23.2,158,-3.3
1982,6,691,31.1,24.7,107,-2.9
1982,7,505,32.4,25.4,123,-3.1
1982,8,941,32.1,25.3,119,-2.8
1982,9,366,31.9,24.8,105,-2.8
1982,10,65,31.6,22.2,96,-3.7
1982,11,44,27.7,15.9,63,-3.2
1982,12,5,24.8,11.8,36,-3.2
1983,1,14,23.7,11.4,36,-3.1
1983,2,49,25.4,12.3,59,-2.1
1983,3,387,28.7,17.8,108,4
1983,4,333,31.2,20.5,136,3.6
1983,5,523,30.9,22.4,126,3.2
1983,6,461,32.1,24.9,115,2.9
1983,7,649,32.6,25.7,115,3.2
1983,8,568,32,25.3,101,2.9
1983,9,480,31.7,25,98,3.3
1983,10,250,31.3,22.6,99,3.5
1983,11,6,29.1,17.5,56,2.2
1983,12,18,24.8,12,44,2.2
1984,1,24,23.5,10.5,43,2.3
1984,2,6,26.5,12.5,37,1.2
1984,3,32,31.7,17.5,50,-2.6
1984,4,670,32.9,21.7,148,-2.4
1984,5,533,30.2,22.6,106,-2.1
1984,6,564,31.9,24.9,114,-1.9
1984,7,783,31.7,25.1,118,1.5
1984,8,445,32.6,25.3,120,1.4
1984,9,560,31.2,24,105,2.6
1984,10,181,31.5,22.8,105,2.1
1984,11,14,28.5,16.5,62,1.1
1984,12,20,25.7,12.4,46,1.4
1985,1,7,24.6,11.6,37,0.8
1985,2,36,26.7,12.9,51,0.9
1985,3,332,30.3,19.1,110,3.4
1985,4,194,31.7,21.8,135,3.1
1985,5,597,31.5,22.6,147,2.7
1985,6,570,31.5,24.6,113,2.5
1985,7,607,31.3,24.7,115,2.5
1985,8,382,32.5,25.5,122,2.3
1985,9,444,31.8,24.6,105,2.4
1985,10,57,31.9,21.9,93,0.9
1985,11,3,28.4,16.2,49,-2.4
1985,12,9,26.4,13.4,35,-2.9
1986,1,12,24.6,12.1,32,-3.3
1986,2,6,27.2,13.2,23,-4.4
1986,3,119,31.6,17.5,118,-4.6
1986,4,351,31,20.4,120,-4.1
1986,5,272,32.1,22.3,153,-3.7
1986,6,456,32.7,25.1,122,-3.3
1986,7,609,31.9,25.2,112,-2.6
1986,8,514,32.6,25.3,116,-2.3
1986,9,413,31,24.1,96,-1.9
1986,10,408,30.2,21,101,2.6
1986,11,141,28.3,17.2,81,5.4
1986,12,2,25.9,12.9,45,4.9
1987,1,15,25.7,11.7,47,4.7
1987,2,16,28.2,14,47,3.9
1987,3,183,29.7,17,113,4.1
1987,4,367,31.4,21,136,3.7
1987,5,265,32.6,23.2,168,3.3
1987,6,1171,32.1,26,121,3
1987,7,495,31.8,25.6,119,2.2
1987,8,892,31.6,25.4,115,2
1987,9,536,31.7,25.2,105,2.9
1987,10,148,31.6,22.2,116,2
1987,11,36,29.2,18.1,68,1.7
1987,12,14,26.6,13,47,1.8
1988,1,7,25.6,12,39,1.3
1988,2,50,28.1,14.3,62,1.7
1988,3,225,29.9,18.1,126,2.6
1988,4,674,32.3,21.9,142,2.3
1988,5,791,30.7,23.1,127,2.1
1988,6,676,32,24.8,117,1.9
1988,7,788,32,25.5,111,3.3
1988,8,828,31.4,25.2,94,2.9
1988,9,406,32.4,24.9,109,2.6
1988,10,319,31.6,22.4,106,3.6
1988,11,120,29.5,18,86,5.5
1988,12,30,26.5,14.5,54,6.4
1989,1,14,23.6,10.4,46,6.3
1989,2,68,26.2,13.3,76,7.3
1989,3,109,30.6,17.1,114,6.4
1989,4,194,32.4,21.8,153,5.7
1989,5,591,32.8,24,151,5.1
1989,6,572,32,24.6,119,4.6
1989,7,524,32.1,25.3,111,3.9
1989,8,307,32.7,25.4,121,3.5
1989,9,361,31.7,25.1,101,2.8
1989,10,342,30.6,22.8,91,4.1
1989,11,13,28.3,16.1,58,3
1989,12,3,25.3,11.5,40,2.2
1990,1,8,25.8,12.7,34,1.5
1990,2,55,26,14.4,60,2.3
1990,3,222,28.2,17.3,96,3.3
1990,4,760,29.8,20.1,107,3
1990,5,398,31.6,23.6,131,2.7
1990,6,798,31.6,25.2,116,2.4
1990,7,442,31.8,25.6,103,1.4
1990,8,860,32.3,25.6,116,1.3
1990,9,423,31.8,25.1,106,1.3
1990,10,299,30.1,22,102,2.3
1990,11,33,29.4,18.1,63,1.9
1990,12,8,25.8,13.4,44,1.7
1991,1,25,23.1,10.6,45,2
1991,2,56,27.4,13.8,65,2.8
1991,3,108,31.1,18.4,109,2.1
1991,4,825,31.1,20.8,127,1.9
1991,5,664,30.5,21.8,104,1.7
1991,6,478,30.4,24.4,109,1.5
1991,7,373,32.1,25.2,119,-1.5
1991,8,486,31.5,25.4,117,-1.4
1991,9,678,30.9,24.2,104,2.4
1991,10,383,30.5,21.9,98,4
1991,11,20,27.7,15.8,61,3.1
1991,12,36,23.9,11.9,52,4.1
1992,1,14,23,10.6,39,3.8
1992,2,64,24.5,12.1,65,4.9
1992,3,86,30.4,16.9,102,3.7
1992,4,116,32.6,21.5,125,3.3
1992,5,342,30.6,22.5,149,3
1992,6,473,31.7,24.6,130,2.7
1992,7,653,31.5,24.9,124,3
1992,8,428,32,25.1,124,2.7
1992,9,352,31.9,24.2,115,1.9
1992,10,163,30.4,21.9,102,1.4
1992,11,4,28.2,16.4,54,-1.7
1992,12,4,23.8,11.4,39,-1.9
1993,1,28,23.5,11.1,45,-1.4
1993,2,102,26.4,13.7,74,3
1993,3,154,28.7,16,117,3.1
1993,4,230,30.4,20.5,126,2.8
1993,5,952,30.5,22,118,2.5
1993,6,825,30.9,24,112,2.2
1993,7,547,32,24.7,121,1.9
1993,8,503,31.6,25.3,103,1.7
1993,9,500,31.3,24.3,99,2.4
1993,10,129,30.8,21.7,94,1.5
1993,11,20,28.2,16.6,56,0.9
1993,12,0,26.3,13,40,-1.3
1994,1,37,25.2,11.7,51,0.8
1994,2,54,25.4,12.9,64,1.6
1994,3,334,29.6,17.4,104,4.3
1994,4,225,31.2,21.3,133,3.8
1994,5,290,32.2,23.7,151,3.4
1994,6,520,31.5,24.6,111,3.1
1994,7,432,33.1,25.7,125,1.8
1994,8,513,32.5,25.6,116,1.6
1994,9,189,32.9,24.8,118,-2.6
1994,10,130,31,21.5,104,-3
1994,11,12,27.7,17.5,53,-3.4
1994,12,1,24.9,11.7,39,-3.5
1995,1,20,23.5,11.3,42,-3.1
1995,2,40,26,13.7,51,-2.4
1995,3,64,31,17.7,82,-3.2
1995,4,139,32.9,21.9,134,-2.9
1995,5,377,32.8,24.2,147,-2.6
1995,6,719,32,25.4,108,-2.3
1995,7,645,31.7,25.4,118,-1.5
1995,8,740,32.1,25.4,107,-1.4
1995,9,415,31.8,25.1,102,-1.1
1995,10,77,31.9,22.4,88,-2
1995,11,138,28.5,17.8,74,3
1995,12,1,25,12.4,42,2.7
1996,1,14,24.4,11.3,44,2.8
1996,2,45,27.2,13.5,61,3.3
1996,3,232,31,18.6,118,4.3
1996,4,379,32.6,21.7,149,3.8
1996,5,428,31.8,23.2,136,3.4
1996,6,663,31.8,24.4,113,3.1
1996,7,581,31.8,25.4,110,2.9
1996,8,435,31.6,25.2,107,2.6
1996,9,272,32.2,25.5,105,1.3
1996,10,314,30.9,22,103,2.4
1996,11,4,28.9,16.9,54,1.1
1996,12,0,26.5,12.4,37,-1.5
1997,1,13,24.1,11,36,-1.7
1997,2,30,24.7,12.7,44,-1.5
1997,3,147,30.3,18.1,116,-1.3
1997,4,271,29.3,20.5,120,-1.2
1997,5,396,31.9,23.1,136,-1
1997,6,686,31.5,24.4,110,-0.9
1997,7,692,32.2,25.4,103,1
1997,8,525,32.5,25.6,110,0.9
1997,9,520,31.3,24.4,98,1.9
1997,10,47,30.7,21.4,89,-1.4
1997,11,11,28.5,17.4,50,-2.2
1997,12,25,24.5,12.6,44,-1.9
1998,1,26,23.8,10.7,42,-1.7
1998,2,40,27.1,14.2,51,-1.4
1998,3,268,29,16.5,115,1.9
1998,4,406,31.5,22,121,1.7
1998,5,255,32.5,23.9,132,1.5
1998,6,1051,32.3,25.1,106,1.3
1998,7,607,31.6,25.6,106,1.6
1998,8,586,31.6,25.8,96,1.4
1998,9,331,32.9,25.2,108,0.7
1998,10,148,32.6,24.1,105,-1.1
1998,11,102,29.3,18,84,1.9
1998,12,0,26.4,13.4,48,1.7
1999,1,2,25.4,11.7,41,1.2
1999,2,0,29.6,15.1,39,-1.4
1999,3,36,32.1,18.3,55,-2.9
1999,4,87,33.9,23.1,93,-2.6
1999,5,550,31.1,23.5,120,-2.3
1999,6,441,32,25.3,112,-2.1
1999,7,940,31.8,25.6,110,2.6
1999,8,463,31.3,25.2,103,2.4
1999,9,329,31.9,24.8,106,1.5
1999,10,372,31.1,23.2,98,3.2
1999,11,14,28.8,17.6,58,2.1
1999,12,1,26.1,13.7,38,1.4
2000,1,66,23.8,11,66,3.3
2000,2,32,25.5,13,51,3.2
2000,3,277,28.8,17,111,4.8
2000,4,398,30.6,20.6,133,4.3
2000,5,1009,31,23.1,132,3.9
2000,6,597,31.8,24.4,116,3.5
2000,7,287,32.8,25.4,131,1.1
2000,8,731,32,25,97,1
2000,9,390,31.6,24.3,98,0.9
2000,10,219,31.2,22.4,95,1.1
2000,11,3,28.6,16.8,55,-2.1
2000,12,1,25.9,11.7,38,-2.5
2001,1,3,26.4,11,34,-3.1
2001,2,25,28.4,14.3,42,-3.3
2001,3,31,30.5,17.8,44,-4.6
2001,4,209,32.1,22.1,135,-4.1
2001,5,709,30.8,23.6,119,-3.7
2001,6,517,31.3,25,95,-3.3
2001,7,424,32.6,25.7,110,-3.9
2001,8,540,32,26,109,-3.5
2001,9,402,32.4,25.8,104,-3.1
2001,10,339,30.8,23.2,93,-1.2
2001,11,20,29.7,17.3,56,-1.6
2001,12,0,26.4,12.7,41,-1.8
2002,1,42,24.2,12.3,53,-0.6
2002,2,4,28.5,14.2,39,-1.5
2002,3,266,30.6,18.1,119,1.9
2002,4,521,31.1,21.4,122,1.7
2002,5,232,30.9,23.4,115,1.5
2002,6,1296,31.3,24.9,102,1.4
2002,7,599,31.2,25.8,101,1.6
2002,8,209,31.9,25.3,98,1.4
2002,9,293,32,25.3,109,-0.9
2002,10,62,31,22.3,84,-2
2002,11,100,29,17.7,77,1.8
2002,12,3,25.9,13.6,42,1.7
2003,1,9,25,10.4,43,1.6
2003,2,34,26.3,14,54,1.8
2003,3,110,29.2,17.2,106,1.4
2003,4,250,31.7,22.1,120,1.3
2003,5,334,30.9,23.4,138,1.1
2003,6,706,30.7,25.1,89,1
2003,7,987,32.1,25.9,111,3.9
2003,8,193,32.8,26,110,3.5
2003,9,253,32.4,25.9,94,2
2003,10,244,31.9,23.3,100,2.3
2003,11,16,29.5,16.6,60,1.4
2003,12,13,25.3,12.9,41,1.3
2004,1,11,24.1,11.6,38,0.9
2004,2,13,27.2,13.1,40,-1.6
2004,3,141,32.8,18.4,129,-1.6
2004,4,617,30.4,21.5,110,-1.4
2004,5,483,32,24.1,144,-1.3
2004,6,1096,31.1,25.3,108,-1.2
2004,7,263,31,25.5,100,-3
2004,8,158,32.8,25.7,104,-2.7
2004,9,207,32.5,24.8,96,-3.9
2004,10,478,30.3,21.9,104,-0.7
2004,11,8,27.9,17.1,53,-1.4
2004,12,8,26.9,12.8,40,-1.5
2005,1,31,24.4,12.2,47,-0.8
2005,2,17,27.5,14.9,45,-1.3
2005,3,172,30.5,18.4,111,-0.7
2005,4,184,31.8,21.8,144,-0.6
2005,5,591,31,23.2,136,-0.6
2005,6,372,32.2,25.4,124,0
2005,7,421,32.3,26,134,-1.1
2005,8,99,32.1,26,100,-1
2005,9,261,33.1,25.1,116,-2.1
2005,10,278,30.2,23.5,100,-1.1
2005,11,3,29.5,16,55,-2
2005,12,0,26.7,13,38,-2.5
2006,1,0,26.5,11.1,32,-3.3
2006,2,42,30.1,14.9,54,-3.1
2006,3,28,31.6,19,42,-4.5
2006,4,1180,31,22.2,136,-4.1
2006,5,305,31.6,23.9,137,-3.7
2006,6,568,31.3,25.1,118,-3.3
2006,7,196,33.1,26.2,131,-5.6
2006,8,232,33.4,25.8,137,-5
2006,9,298,32.7,25.2,115,-5.4
2006,10,97,31.3,23.2,103,-5.9
2006,11,26,28,18.2,59,-5.6
2006,12,4,27.3,12.9,40,-5.3
2007,1,3,26.1,11.1,34,-5.5
2007,2,110,25.5,13.9,74,-2.1
2007,3,29,31.2,17,71,-3.2
2007,4,1104,31.9,21.6,123,-2.9
2007,5,152,32.2,23.7,134,-2.6
2007,6,974,31.9,24.7,112,-2.3
2007,7,225,31.9,25.9,105,-4.3
2007,8,1590,32.7,26,112,-3.9
2007,9,446,32,25.5,105,-3.1
2007,10,339,32.1,23.1,103,-1.3
2007,11,47,29.2,17.8,69,-1
2007,12,0,27.2,12.2,44,-1
2008,1,66,24.6,12.5,67,3.5
2008,2,32,25.7,12.3,53,3.5
2008,3,172,30.1,18.4,99,3.9
2008,4,184,32.2,22.5,142,3.5
2008,5,372,31.3,24.6,130,3.1
2008,6,471,30.6,25.3,94,2.8
2008,7,694,32.2,25.9,99,3.5
2008,8,352,31.4,25.8,96,3.2
2008,9,258,32.9,25.5,108,1.6
2008,10,204,30.9,22.7,102,1.5
2008,11,15,28.7,17.1,64,0.6
2008,12,5,27.3,14,37,-1.9
2009,1,2,26.9,12.4,34,-2.5
2009,2,55,29.3,14.9,66,-2
2009,3,49,31.3,18.3,65,-3.1
2009,4,763,33.2,22.4,129,-2.8
2009,5,109,32.1,23.9,129,-2.5
2009,6,482,32.5,25.4,114,-2.2
2009,7,641,33.3,26,115,-1.5
2009,8,311,32.5,25.9,104,-1.3
2009,9,276,33.4,25.5,104,-2.2
2009,10,270,32.9,22.4,112,-1.3
2009,11,7,30.4,16.9,60,-2.2
2009,12,7,26.5,12.9,41,-2.3
2010,1,0,26.5,10.9,33,-3.1
2010,2,1,29,13.2,25,-4.3
2010,3,501,32.4,18.7,131,4.6
2010,4,1086,33.1,22,126,4.1
2010,5,477,32.2,24,131,3.7
2010,6,757,31.5,25.1,92,3.3
2010,7,323,32.6,26.5,120,1.3
2010,8,261,32.7,26.4,111,1.2
2010,9,412,32.1,26,95,1.2
2010,10,333,31.4,24,109,2.4
2010,11,18,30,18.4,60,1.5
2010,12,8,26.2,13,44,1.2
2011,1,17,24.2,10.7,43,1
2011,2,35,28.4,13,54,0.9
2011,3,70,30.6,18.1,83,-1.7
2011,4,64,31.6,22.1,73,-1.5
2011,5,497,31.7,23.7,125,-1.3
2011,6,1201,31.7,25.5,112,-1.2
2011,7,461,32,26.1,117,-1.8
2011,8,1716,32.1,25.3,108,-1.6
2011,9,182,33.2,25.2,109,-3.3
2011,10,19,32,22.7,82,-4.5
2011,11,5,28.9,16.3,47,-5.5
2011,12,1,27.3,12.6,28,-6.5
2012,1,30,23,10.1,39,-5.9
2012,2,3,26.6,12.2,14,-7
2012,3,101,31.2,17.4,102,-7.1
2012,4,349,30.4,20.4,122,-6.3
2012,5,728,32.7,23.3,154,-5.7
2012,6,536,31.1,24.6,109,-5.1
2012,7,717,31.7,25.7,114,-3.5
2012,8,577,32.5,25.6,115,-3.1
2012,9,216,31.8,24.6,105,-4.3
2012,10,311,30.8,21.1,112,-2.8
2012,11,15,29.4,15.4,61,-3.3
2012,12,1,26.9,11.6,40,-3.5
2013,1,0,24.9,10,32,-4.1
2013,2,16,27.8,13.5,39,-4.7
2013,3,26,31.3,18,37,-6
2013,4,343,31.8,21.2,137,-5.3
2013,5,501,30.5,22.7,110,-4.8
2013,6,603,33.1,25.2,130,-4.3
2013,7,705,32.9,25.4,122,-2.9
2013,8,313,32.2,24.8,111,-2.6
2013,9,278,32.1,24.4,108,-3.4
2013,10,342,30.5,22.2,105,-1.6
2013,11,0,28.2,15.2,60,-2.6
2013,12,0,24.5,12,36,-3.2
2014,1,1,23.8,11,30,-3.9
2014,2,54,25.2,12.4,60,-3
2014,3,45,30.4,17,60,-4.2
2014,4,180,33.8,21.8,153,-3.7
2014,5,317,32.3,23.3,145,-3.4
2014,6,383,31.9,24.6,118,-3
2014,7,542,32.9,26.1,125,-2.9
2014,8,907,32,24.9,102,-2.6
2014,9,475,32.2,24.5,110,-1.7
2014,10,59,31.7,21.8,96,-2.9
2014,11,0,28.8,16.2,50,-3.9
2014,12,0,25.2,12.5,29,-4.8
2015,1,22,24.1,11.7,36,-4.6
2015,2,32,26.5,13.2,44,-4.5
2015,3,44,30.8,17.4,52,-5.6
2015,4,325,30.4,20.6,121,-5
2015,5,266,32,22.8,137,-4.5
2015,6,601,31.7,24.3,106,-4
2015,7,530,32.4,25.2,106,-3.8
2015,8,724,32,24.8,97,-3.4
2015,9,499,32.5,24.5,106,-2.2
2015,10,79,31.6,22,99,-3.1
2015,11,5,28.5,16.4,51,-3.8
2015,12,7,24.3,12.3,34,-4
2016,1,24,22.1,11.2,39,-3.9
2016,2,17,26.8,15.2,37,-4.5
2016,3,121,30.3,18.7,115,-3.6
2016,4,366,31.8,21.7,121,-3.2
2016,5,395,31.1,22.7,141,-2.9
2016,6,444,32.6,25,119,-2.6
2016,7,604,32.1,25.3,110,-2.3
2016,8,334,33.2,25.6,134,-2.1
2016,9,311,32.6,25,113,-2
2016,10,185,31.8,22.7,105,-2.1
2016,11,46,28.1,16.8,68,-0.9
2016,12,2,26.1,13.4,42,-0.7
2017,1,1,24.5,11.4,36,-0.7
2017,2,32,27.2,13.8,51,-0.6
2017,3,228,27.7,17,97,5
2017,4,588,29.9,21.2,111,4.5
2017,5,304,32.2,23.4,136,4.1
2017,6,606,32,24.6,107,3.6
2017,7,732,32.3,25.5,114,2.6
2017,8,649,32.6,25.3,108,2.3
2017,9,454,32.4,24.9,98,1.7
2017,10,325,31,22.6,100,2.8
2017,11,7,29.2,17.6,58,1.9
2017,12,29,26.1,14.4,50,2.4
2018,1,1,23.5,11.1,29,3.1
2018,2,20,26.4,14,41,2.7
2018,3,74,30.1,18.2,82,2.9
2018,4,330,30.8,20.8,120,2.6
2018,5,415,30.6,22.2,115,2.3
2018,6,508,32.4,24.6,117,2.1
2018,7,504,32.8,25.5,118,1
2018,8,365,33,25.6,119,0.9
2018,9,256,32.8,24.7,113,-2
2018,10,98,30.1,21.3,99,-2.5
2018,11,5,28,15.7,52,-2
2018,12,16,25,12.4,41,-1
2019,1,1,25.5,12.3,34,-3.7
2019,2,29,27.5,14.2,45,-3.5
2019,3,60,30.9,18.1,75,-4.3
2019,4,169,32.9,22.6,143,-3.9
2019,5,439,32.4,23.9,143,-3.5
2019,6,404,33.1,26.2,131,-3.1
2019,7,583,32.8,26.2,118,-2.7
2019,8,406,34.2,27.4,130,-2.4
2019,9,401,33,25.9,106,-2.1
2019,10,249,32,23.2,99,-1.4
2019,11,39,29.6,18.2,65,-1.2
2019,12,5,25.5,12.4,43,-1
