Product: Historical Climate - TerraClimate(http://www.climatologylab.org/terraclimate.html) 
Location (Lat/Lon of 4-km Grid Cell Center): 25.0625 North,84.0208 East 
Data Source: NW Climate Toolbox(https://climatetoolbox.org/tool/point-data-download)
Download Date: 07/24/2020
Variable List: 
ppt: ppt (Precipitation)
tmax: tmax (Maximum Temperature)
tmin: tmin (Minimum Temperature)
aet: aet (Actual Evapotranspiration)
PDSI: pdsi (Palmer Drought Severity Index (PDSI))
********************************************************
Year,Month,ppt(mm),tmax(degC),tmin(degC),aet(mm),PDSI(unitless)
1958,1,29,24.8,11.8,52,-0.9
1958,2,3,26.9,13.5,40,-1.1
1958,3,16,34.6,18.1,42,-1
1958,4,4,40.3,24.9,18,-1
1958,5,1,42.1,28.3,10,-1.4
1958,6,65,41.3,29.7,68,-2.4
1958,7,325,33.9,26.8,130,-2.2
1958,8,382,32.1,26.3,113,-1.5
1958,9,194,31.9,25,108,-1.4
1958,10,69,31.6,21.4,94,1.1
1958,11,0,28.6,14,51,1.1
1958,12,1,25.3,11.7,40,1
1959,1,86,22.9,10.7,70,3
1959,2,2,26,12.2,44,3.1
1959,3,6,33.9,18,52,3.2
1959,4,4,39.2,24.4,24,3.1
1959,5,14,41.1,27.3,24,3
1959,6,66,39,28.3,70,1.8
1959,7,236,33.1,26.9,142,0.6
1959,8,319,32.3,26.4,124,-2.3
1959,9,152,31.1,25,112,-2.6
1959,10,101,30,22.3,103,-0.8
1959,11,1,27.9,13.7,56,1.6
1959,12,0,24.7,10.7,40,1.8
1960,1,4,22.7,9.7,37,1.2
1960,2,0,28.9,13.6,38,1
1960,3,29,32.1,17.4,58,1.6
1960,4,1,39.7,23.4,17,1.3
1960,5,4,41.5,27.3,14,0.9
1960,6,82,39.6,28.8,84,-1.3
1960,7,357,32.5,26.6,127,-0.8
1960,8,375,32.2,26.8,124,0.6
1960,9,175,31.1,25.6,106,-0.2
1960,10,30,30.8,20.9,87,-0.5
1960,11,0,27.4,12.2,45,-0.8
1960,12,0,24.8,9.4,32,-0.9
1961,1,36,23.1,11.1,49,0.4
1961,2,19,24.7,11.8,47,0.7
1961,3,3,33.5,19.4,30,-0.3
1961,4,0,39.7,23.9,15,-0.2
1961,5,3,41.2,27.6,12,-0.8
1961,6,153,37.9,27.4,147,0.6
1961,7,194,33.3,26.4,136,-1.4
1961,8,346,32.3,26.5,120,-1.9
1961,9,150,31.3,25.2,113,-2.3
1961,10,78,30.6,20.5,97,-1.1
1961,11,1,26.3,12.6,51,-0.8
1961,12,4,22,7.9,38,1.2
1962,1,29,22.1,8.4,50,1.5
1962,2,8,26.2,12.3,40,1.6
1962,3,6,33.7,16.6,43,1.6
1962,4,5,38.5,23.4,23,1.7
1962,5,4,40.3,26.9,15,1.3
1962,6,114,39.1,28.9,115,1.2
1962,7,272,34.2,26.9,140,-0.6
1962,8,365,31.7,25.9,116,-0.7
1962,9,231,31.2,24.7,112,0.4
1962,10,15,30.3,19.6,76,-0.8
1962,11,0,28.3,12.6,46,-1.1
1962,12,3,24.6,10.3,35,-1.2
1963,1,10,22.6,8,35,-1.5
1963,2,3,28.7,12.3,31,-1.7
1963,3,18,32.2,17.3,38,-1.4
1963,4,3,37.4,22.9,14,-1.4
1963,5,18,39.1,26,25,-1
1963,6,130,37.8,27.3,129,-0.8
1963,7,321,32.8,26.4,119,-0.7
1963,8,454,32.2,26.4,119,1.2
1963,9,203,31.8,24.5,120,1.1
1963,10,79,30.9,21.3,100,1.8
1963,11,9,28,15.2,58,2.2
1963,12,0,25.2,10.7,39,2.1
1964,1,7,22.8,9.6,39,1.5
1964,2,4,26.8,13,38,1.2
1964,3,2,34.7,19.2,30,0.7
1964,4,4,38.7,24.7,19,0.6
1964,5,12,39.8,25.9,21,0.6
1964,6,141,39.2,27.7,141,0.6
1964,7,343,31.7,25.6,127,0.7
1964,8,306,32.3,26.4,124,0.6
1964,9,192,31.3,25.2,113,-0.1
1964,10,53,31.9,21.5,92,0.2
1964,11,8,27.6,13.5,50,0.6
1964,12,0,24.9,10.2,38,0.5
1965,1,0,24.1,10.1,34,-0.2
1965,2,0,26.9,12.2,33,-0.5
1965,3,13,32.1,16.5,36,-0.5
1965,4,6,37.8,22.8,19,-0.5
1965,5,3,41.4,27.1,11,-0.8
1965,6,47,40.4,28.8,50,-2
1965,7,394,33.1,26.5,142,-1.3
1965,8,315,32.4,25.9,124,-0.9
1965,9,174,31.8,24.3,118,-1.1
1965,10,25,31.1,20.6,80,-1.4
1965,11,8,28.3,14,53,-1.3
1965,12,1,24.2,9.3,34,-1.3
1966,1,35,22.9,10.6,49,-0.8
1966,2,6,28.4,14.2,38,-0.8
1966,3,0,34,18.2,26,-1.3
1966,4,0,39.8,23.9,14,-1.4
1966,5,5,42,27.4,13,-1.6
1966,6,160,38.9,28.1,158,-1
1966,7,248,34.2,26.9,153,-1.9
1966,8,258,32,26.1,118,-2.7
1966,9,57,32,24.8,98,-4.2
1966,10,7,31.3,20.2,66,-4.9
1966,11,18,29,14.3,49,-4.9
1966,12,6,23.9,10,30,-5
1967,1,1,22.5,10,22,-5.4
1967,2,0,28.7,13.2,15,-6
1967,3,34,31.4,17.1,42,-4.9
1967,4,6,37.6,21.9,12,-4.7
1967,5,4,41,26.7,9,-4.7
1967,6,75,40,28.6,75,-5.2
1967,7,257,33.7,26.5,146,-5.5
1967,8,499,31.9,25.9,124,-4.4
1967,9,272,31.3,24.4,111,-3
1967,10,7,31,19.9,75,-3.6
1967,11,0,27,12.7,44,-3.6
1967,12,5,25.1,11.2,34,-3.4
1968,1,45,21.5,10.1,54,-2.3
1968,2,3,25.6,11.6,34,-2.3
1968,3,3,32.8,18.2,28,-2.5
1968,4,0,38,23,14,-2.4
1968,5,3,41,26.8,11,-2.5
1968,6,158,36.8,27.4,152,-1.7
1968,7,206,32.4,26.3,131,-2.7
1968,8,300,32.7,26,132,-3.4
1968,9,129,32.5,25.4,123,-4.1
1968,10,36,30,20.5,82,-3.8
1968,11,0,27.7,14.1,44,-3.6
1968,12,3,24.8,11,36,-3.3
1969,1,9,22.9,9.4,35,-3.4
1969,2,4,28.1,12.9,33,-3.3
1969,3,12,35,19.3,31,-3.2
1969,4,4,39.1,23.9,14,-3
1969,5,17,40.2,26.1,23,-2.4
1969,6,108,39.4,28.4,108,-2.4
1969,7,404,32.9,26.5,129,-1.5
1969,8,330,31.7,25.6,117,-0.8
1969,9,207,31.2,24.9,111,-0.6
1969,10,4,31.6,21,74,-1.5
1969,11,16,29.2,14.9,53,-1.2
1969,12,0,24.8,10.6,30,-1.3
1970,1,43,22.7,10.7,53,-0.6
1970,2,13,26,12.3,36,0.3
1970,3,14,32.6,18,44,1
1970,4,0,39.8,24.2,16,0.8
1970,5,19,41.6,27.4,27,1.1
1970,6,147,37.5,26.8,143,1.4
1970,7,336,33,26.3,130,1.4
1970,8,272,32.5,26.4,133,0.9
1970,9,350,30.9,24.8,106,2.7
1970,10,27,31.5,21.3,80,2.1
1970,11,0,27.7,13.2,48,1.6
1970,12,0,25.2,9.4,33,1.2
1971,1,40,22.2,9.9,50,1.7
1971,2,6,25.6,11,34,1.5
1971,3,5,32.9,17,34,1.2
1971,4,14,36.6,22.5,28,1.7
1971,5,30,38.3,25.2,38,2.5
1971,6,297,35.6,26.3,147,5
1971,7,378,31.6,25.2,124,6.1
1971,8,548,31,25.1,108,7.5
1971,9,140,32,24.3,110,6.1
1971,10,88,30.3,21,101,6.6
1971,11,1,26.9,13.1,51,6.2
1971,12,0,25,9.7,39,5.7
1972,1,20,23.1,9.5,41,5.3
1972,2,28,24.4,10.7,53,5.7
1972,3,3,33.4,17.7,44,5.5
1972,4,4,39,22.4,23,5.1
1972,5,1,42.5,27.2,12,4.2
1972,6,33,40.7,28.4,39,2
1972,7,220,34.5,26.5,148,0.6
1972,8,295,32.5,25.5,128,-3.7
1972,9,171,31.7,24,123,-3.9
1972,10,67,30.9,19.7,92,-2.8
1972,11,15,27.3,13.2,54,-1.9
1972,12,0,24.8,10.3,41,-1.5
1973,1,31,23.2,10.7,52,-1
1973,2,6,27.5,13.9,40,-0.7
1973,3,4,32.8,16.8,39,1.5
1973,4,1,40.6,24.3,18,1.3
1973,5,7,40.6,26.9,17,1.1
1973,6,135,37.8,27.9,134,1.2
1973,7,207,34,26.5,149,-1.3
1973,8,386,32.1,26,122,-1.6
1973,9,239,30.9,25.1,104,-0.9
1973,10,104,29.6,21.6,106,2.1
1973,11,4,26.2,14.2,53,2.3
1973,12,0,23.3,10.2,39,2.4
1974,1,2,21.9,9.5,38,1.8
1974,2,1,26.1,11.3,36,1.6
1974,3,8,33.1,18.9,43,1.7
1974,4,1,39,24.4,18,1.4
1974,5,4,40.5,26.9,14,1.1
1974,6,81,39.1,28.1,84,-0.5
1974,7,457,32.4,26.2,146,1.1
1974,8,330,32,26.1,120,1.4
1974,9,160,31.8,24.7,105,1
1974,10,33,32.5,22.1,85,0.6
1974,11,1,28.1,13.1,48,-0.2
1974,12,1,23.4,9,31,-0.7
1975,1,40,22,9.7,52,0.6
1975,2,6,25.9,12.6,38,0.6
1975,3,16,33.4,17.6,45,0.7
1975,4,1,40.2,23.4,17,-0.1
1975,5,5,42,27,14,-0.2
1975,6,133,38.7,27.6,133,-0.1
1975,7,379,32.2,25.5,125,0.5
1975,8,156,32.3,25.6,121,-0.3
1975,9,316,30.6,25.2,123,1
1975,10,50,32,22.3,91,1.1
1975,11,0,27.6,12.6,50,0.9
1975,12,0,24.2,9.3,37,0.7
1976,1,13,23.2,9.9,38,-0.3
1976,2,5,26.8,13.9,36,-0.6
1976,3,0,33.4,18.7,24,-1.1
1976,4,5,38.6,22.9,18,-1
1976,5,9,40,26.3,17,-1.1
1976,6,92,38.6,28,93,-1.6
1976,7,278,33.5,26.1,135,-2
1976,8,305,31.7,25.6,123,-2.3
1976,9,352,31.2,24.6,115,1.8
1976,10,17,31.8,20.4,74,1.1
1976,11,0,30.1,15.2,51,0.6
1976,12,0,24.9,9.5,34,-1
1977,1,23,22.4,9.7,41,-0.9
1977,2,3,27.4,12.4,37,-1.3
1977,3,1,34.8,19.5,20,-1.9
1977,4,9,37.9,23.7,20,-1.6
1977,5,27,38.7,25.2,33,-0.8
1977,6,88,37.6,27.1,89,-1.3
1977,7,432,32.6,26.2,133,1
1977,8,342,32.6,26.3,119,1.4
1977,9,178,31.7,24.8,112,1.1
1977,10,79,30.5,20.9,103,1.8
1977,11,18,28.9,15.8,58,2.4
1977,12,6,23.7,11,41,2.6
1978,1,31,21.5,8.9,51,2.8
1978,2,27,25.2,12.2,51,3.5
1978,3,24,31.3,16.1,64,4.4
1978,4,8,38,22.8,29,4.4
1978,5,7,41,27.6,19,4
1978,6,268,38,27.8,181,5.6
1978,7,264,32.9,25.9,124,5.1
1978,8,348,32.2,26.2,125,5
1978,9,278,30.6,25,122,5.3
1978,10,52,30.6,21.4,89,5.1
1978,11,2,28.6,15.5,51,4.6
1978,12,6,24.3,10.7,41,4.3
1979,1,21,23.5,10.8,40,3.9
1979,2,7,24.7,12.2,36,3.5
1979,3,2,32.3,17.7,33,2.9
1979,4,5,39,24.2,20,2.8
1979,5,1,42.6,26.5,11,2
1979,6,112,39.1,28,113,1.4
1979,7,359,33.8,26.6,143,1.4
1979,8,198,33.1,26.7,142,-1.4
1979,9,96,32.6,25.2,123,-2.7
1979,10,37,31.8,21.9,84,-2.6
1979,11,22,30.4,16.8,54,-2.1
1979,12,7,24,13,36,-1.9
1980,1,7,22.6,10.4,31,-2.2
1980,2,2,26.6,13.5,30,-2.4
1980,3,7,32.3,18.5,26,-2.5
1980,4,1,40.1,24.9,12,-2.6
1980,5,9,40.7,27.7,16,-2.5
1980,6,118,37.4,27.6,118,-2.2
1980,7,377,32.7,26.3,115,-1.4
1980,8,392,32.4,26,104,1.5
1980,9,144,31.8,25.5,121,0.6
1980,10,17,30.7,21.2,79,-1.2
1980,11,0,28.6,13.4,48,-1.5
1980,12,1,25.2,11.4,33,-1.6
1981,1,34,21.2,10.8,44,-1
1981,2,2,26.7,13.1,34,-1.2
1981,3,21,32,18.1,44,-0.8
1981,4,4,37.2,23,17,-0.7
1981,5,12,39.1,26.2,20,-0.5
1981,6,76,38.9,28.3,78,-1.3
1981,7,446,32.3,26.5,130,1.2
1981,8,313,32.8,26.3,117,1.4
1981,9,171,31.6,24.9,116,0.9
1981,10,0,32.2,19.9,79,-1.4
1981,11,7,27.9,12.9,49,-1.6
1981,12,2,23.8,10.2,32,-1.8
1982,1,16,23.7,10.9,34,-1.9
1982,2,7,25.3,13,31,-1.9
1982,3,39,30.8,16.5,57,-0.9
1982,4,8,37.7,23,19,-0.7
1982,5,20,41.1,25.9,27,1.1
1982,6,107,38.1,27.2,107,0.9
1982,7,183,35.3,27.7,152,-1.8
1982,8,308,32.6,25.9,123,-2.6
1982,9,228,32.5,24.5,131,-2.6
1982,10,23,31.4,20.8,79,-2.8
1982,11,14,27.6,14.1,51,-2.2
1982,12,2,24.4,10.4,37,-2
1983,1,19,21.7,9.6,39,-1.8
1983,2,0,25.9,12.6,33,-1.9
1983,3,6,32.6,17.8,32,-2
1983,4,13,37.3,22,27,-1.3
1983,5,21,39.4,25.6,29,-0.7
1983,6,78,40,28.2,80,-1.5
1983,7,298,34.2,26.3,134,-1.7
1983,8,206,33.5,26.1,128,-2.5
1983,9,133,31.7,25.6,111,-3.1
1983,10,75,30.7,20.8,94,-1.9
1983,11,0,28,12.7,53,-1.5
1983,12,5,24.6,10.2,38,-1.1
1984,1,49,22.2,9.9,55,2.1
1984,2,25,25,12.1,49,2.9
1984,3,1,34.7,18.2,48,3
1984,4,2,39.4,24.1,23,2.9
1984,5,5,41.5,27.7,16,2.4
1984,6,167,36.9,27.3,145,3.1
1984,7,298,32.2,26.4,129,2.7
1984,8,292,32.2,25.7,121,2.3
1984,9,208,31.1,24.2,125,2
1984,10,15,32,21.4,77,1.2
1984,11,0,27.6,12.6,49,0.7
1984,12,0,25.3,11.4,34,-1.4
1985,1,32,22.3,11.3,44,-1
1985,2,1,27,12.6,34,-1.2
1985,3,1,35.3,20,22,-1.9
1985,4,3,39.9,24.3,15,-1.9
1985,5,7,40.9,26.9,15,-1.9
1985,6,82,39.3,28.5,83,-2.3
1985,7,411,31.9,26,124,-1.2
1985,8,369,32.5,26.4,123,1.5
1985,9,251,31.1,25.2,118,1.9
1985,10,118,30.6,20.3,107,3.6
1985,11,1,28.3,13.7,56,3.5
1985,12,5,25.7,12.1,43,3.7
1986,1,4,23,10.8,36,3
1986,2,14,26.6,12.6,45,3.2
1986,3,1,33.5,17.9,41,2.9
1986,4,5,38.3,23.6,23,2.8
1986,5,18,39.4,25,28,3
1986,6,120,39.1,27.5,121,2.6
1986,7,298,32.5,25.5,131,2
1986,8,376,32.5,25.5,122,2
1986,9,166,31.6,24.5,119,1.4
1986,10,32,30.2,20.2,80,1.1
1986,11,3,28.4,14.7,49,0.9
1986,12,12,23.8,11.3,37,1.2
1987,1,4,22.5,10,32,0.6
1987,2,7,27.5,13.9,35,0
1987,3,8,32.9,18.5,36,-0.5
1987,4,4,38.4,23.8,19,-0.5
1987,5,5,40.8,26,14,-0.6
1987,6,61,40.2,29.3,64,-1.7
1987,7,368,33,26.3,134,-1.2
1987,8,470,31.8,26.1,123,1.5
1987,9,389,31.7,25.6,118,3.6
1987,10,50,31.3,21.3,91,3.4
1987,11,6,28.1,14.4,52,3.2
1987,12,2,24.9,11,35,2.8
1988,1,6,23.7,11,35,2.1
1988,2,11,27.3,13.8,39,2
1988,3,32,33,18.6,56,2.4
1988,4,6,39.4,24.4,19,2.3
1988,5,8,41.1,27.9,17,1.9
1988,6,169,37.4,27.1,161,2.5
1988,7,267,32.3,26.7,119,1.8
1988,8,330,31.9,26.6,104,1.5
1988,9,135,32.7,25.8,125,-1.3
1988,10,18,31.8,20.6,83,-1.8
1988,11,1,28.4,14.5,48,-2
1988,12,10,25.3,12.5,37,-1.7
1989,1,11,21.7,9.4,34,-1.9
1989,2,3,26.1,13.3,34,-2.1
1989,3,8,32.6,18.3,27,-2.3
1989,4,0,39.6,23.5,11,-2.5
1989,5,14,41.7,27.2,21,-2.3
1989,6,122,37.5,27.2,122,-2
1989,7,331,33.1,25.9,123,-1.8
1989,8,228,32.2,26.2,114,-2.1
1989,9,179,31.6,25.7,105,-2
1989,10,23,31.5,21.9,79,-2.2
1989,11,4,28.2,14.7,50,-2.2
1989,12,9,23.9,10.5,37,-1.8
1990,1,7,24.4,10.6,36,-2.1
1990,2,23,25.9,14.2,42,-1.4
1990,3,9,31.5,18,36,-1.2
1990,4,3,38.1,24.1,17,-1.2
1990,5,17,39.6,26.6,25,-0.6
1990,6,215,38.5,27.8,159,2.1
1990,7,446,31.8,25.9,103,3.8
1990,8,303,32.5,26.5,117,3.7
1990,9,187,31.4,25.5,107,3.2
1990,10,27,30.7,20.9,75,2.7
1990,11,0,29.4,14.7,50,2.2
1990,12,0,24.8,11.2,34,1.8
1991,1,25,21.5,10.2,42,1.8
1991,2,4,27.8,14.3,34,1.4
1991,3,24,33.9,18.7,49,1.7
1991,4,7,38.4,23.3,21,1.7
1991,5,6,41.5,27.1,14,1.2
1991,6,198,36.8,27.6,160,2.3
1991,7,179,33.7,27.2,141,0.8
1991,8,506,31.8,26.2,109,1.3
1991,9,124,31.5,24.9,114,-1.4
1991,10,0,31.7,20.5,75,-2.3
1991,11,0,28.5,13.5,47,-2.6
1991,12,11,23.9,10.8,34,-2.3
1992,1,18,21.7,9.7,37,-2.2
1992,2,3,24.5,11.7,31,-2.3
1992,3,1,34.7,19.4,21,-3
1992,4,1,39.8,23.7,13,-3
1992,5,4,39.5,26.2,12,-3.1
1992,6,34,39.1,27.5,38,-4.2
1992,7,168,33.5,26.8,136,-5.4
1992,8,149,32.1,26.1,129,-6.5
1992,9,98,31.8,24.2,103,-8.3
1992,10,14,31.2,20.9,26,-9.4
1992,11,2,28.5,14.1,10,-10.5
1992,12,0,24,10.8,6,-10.9
1993,1,6,22.8,11.3,10,-10.9
1993,2,1,28.2,14.5,5,-11.1
1993,3,16,31.6,16.7,18,-10.5
1993,4,1,37.3,22.9,3,-10.1
1993,5,11,40.4,26.5,13,-9.2
1993,6,46,39.2,28.7,45,-9.5
1993,7,74,34.4,26.5,71,-11.2
1993,8,173,32.1,26.3,122,-11.7
1993,9,228,31,24.9,106,-11.8
1993,10,27,31.8,21.3,66,-11.3
1993,11,9,29.4,14,38,-10.9
1993,12,0,25.3,11,23,-10.5
1994,1,58,23.2,10.9,59,-8.5
1994,2,7,25.4,13.1,25,-8
1994,3,1,34.8,19.7,11,-8.1
1994,4,4,38,23,11,-7.4
1994,5,3,41.3,27.1,8,-7.1
1994,6,223,38.5,28.1,165,-4.9
1994,7,281,33.5,25.4,142,-4.5
1994,8,330,32.6,26.1,126,-4
1994,9,95,32.5,25.3,118,-5
1994,10,45,32,20.2,87,-4.5
1994,11,1,27.3,14.9,45,-4.4
1994,12,0,25,10.9,32,-4.3
1995,1,24,21.1,9.6,40,-3.9
1995,2,9,26.8,14.2,33,-3.6
1995,3,16,32.8,17.6,36,-3.2
1995,4,2,39.4,23.4,14,-3.1
1995,5,5,42.3,27.8,13,-3.1
1995,6,66,39.9,29.5,68,-3.7
1995,7,222,33.6,26.8,144,-4.5
1995,8,237,32.4,26.3,118,-5.1
1995,9,180,31.8,25,113,-5.4
1995,10,9,32.6,21.4,73,-5.6
1995,11,10,28,14.4,50,-5.1
1995,12,0,24.8,11.8,32,-4.8
1996,1,54,23,11.1,59,-3.3
1996,2,7,26.2,12.5,36,-3
1996,3,1,34.6,19.8,28,-3.1
1996,4,1,39.2,23,15,-2.9
1996,5,2,41.9,27.4,11,-3
1996,6,176,37.9,27,167,-1.9
1996,7,240,33.2,26.8,132,-2.5
1996,8,315,31.7,25.4,110,-2.6
1996,9,98,31.7,26,105,-3.5
1996,10,98,31.2,21.2,106,-1.8
1996,11,0,29.6,13.8,56,-1.4
1996,12,0,25.6,9.5,40,-1.2
1997,1,6,22.5,9.6,33,-1.4
1997,2,0,25.3,12.3,35,-1.5
1997,3,1,33.4,18.7,27,-1.8
1997,4,3,36.5,22.6,17,-1.7
1997,5,22,40,26.4,29,-1
1997,6,46,39.6,29,50,-2
1997,7,235,33.1,26.3,118,-2.6
1997,8,362,33,26.1,111,-2.5
1997,9,111,31.1,25.3,107,-3.2
1997,10,16,30,20.5,75,-3.4
1997,11,18,28.2,15.1,51,-2.7
1997,12,11,23,11.6,35,-2
1998,1,3,22.1,10,32,-2.3
1998,2,6,27.4,13.7,36,-2.1
1998,3,11,31.9,17.4,38,-1.8
1998,4,4,38.6,23.8,18,-1.6
1998,5,22,42.1,27.6,30,-0.9
1998,6,54,40.5,29.4,58,-1.9
1998,7,215,33,26.9,124,-2.7
1998,8,312,32.2,27.5,108,-3
1998,9,171,32.4,25.8,111,-3
1998,10,76,33,23.1,88,-1.7
1998,11,17,29.7,16.3,58,-0.7
1998,12,0,25.4,11.6,40,1.9
1999,1,2,23.1,10,36,1.3
1999,2,4,28.1,13.9,41,1.2
1999,3,0,35.2,18.5,34,0.8
1999,4,0,40.9,24.6,17,-0.2
1999,5,13,40.8,27.8,22,0.2
1999,6,121,38.2,28.2,122,0.1
1999,7,357,33,26.5,122,0.6
1999,8,278,31.8,26.7,108,0.5
1999,9,159,31.5,25.1,117,0
1999,10,31,31.2,22.5,79,-0.2
1999,11,0,29.7,15.8,52,-0.4
1999,12,1,25.2,12.5,34,-0.6
2000,1,2,23,11.2,31,-1.2
2000,2,6,25.4,13.2,33,-1.3
2000,3,1,32.3,18.5,22,-1.7
2000,4,3,39.1,24.7,15,-1.7
2000,5,7,40.3,27.1,15,-1.7
2000,6,120,37.5,27.6,119,-1.4
2000,7,170,33.5,27,126,-2.8
2000,8,182,33,26.9,129,-4
2000,9,247,31,24.8,108,-4.3
2000,10,0,32.5,22.4,70,-5
2000,11,0,29.8,15.5,43,-5.3
2000,12,0,26,10.8,29,-5.3
2001,1,5,24.4,10.2,27,-5.5
2001,2,1,27.9,13.4,20,-5.9
2001,3,22,33,18.4,32,-5.3
2001,4,4,38.4,23.5,11,-5
2001,5,3,40.1,27.4,8,-4.9
2001,6,169,36.7,27.1,131,-3.3
2001,7,308,32.8,25.8,127,-2.9
2001,8,323,32.7,27.3,118,-2.4
2001,9,71,32.7,25.9,99,-3.6
2001,10,56,32.3,22.8,87,-3
2001,11,1,30.6,15.2,48,-3
2001,12,0,25.8,11.1,33,-3
2002,1,5,22.7,10.8,29,-3.3
2002,2,7,27.9,13.7,33,-3.2
2002,3,7,34.4,19.4,26,-3.3
2002,4,0,39.7,24.4,11,-3.3
2002,5,2,41.2,28.2,9,-3.4
2002,6,24,39.2,28.8,28,-4.4
2002,7,179,33.9,28.5,147,-5.6
2002,8,342,32.5,26.5,115,-5.9
2002,9,171,31.4,25.3,116,-5.6
2002,10,57,32.2,21.2,90,-4.7
2002,11,4,29.5,14.8,53,-4.1
2002,12,0,26.2,12.1,36,-3.7
2003,1,11,24,9.6,38,-3.6
2003,2,18,26.7,13.9,41,-2.8
2003,3,14,32.5,18.2,44,-2.3
2003,4,2,40.1,24.7,18,-2.1
2003,5,0,40.7,27.1,10,-2.3
2003,6,68,39.3,30.1,71,-2.8
2003,7,178,33.4,27.1,131,-4
2003,8,223,33.3,26.8,110,-4.8
2003,9,282,31.4,25.9,107,-4.1
2003,10,67,32.4,21.8,90,-3
2003,11,0,30.1,15.2,55,-2.5
2003,12,0,24.8,12,35,-2.2
2004,1,21,21.6,10,41,-1.9
2004,2,0,27.9,12.8,36,-1.9
2004,3,1,36.7,19.9,32,-2
2004,4,5,39.9,25.5,20,-1.8
2004,5,3,41.6,28,13,-1.9
2004,6,124,37.4,28,125,-1.7
2004,7,171,32.8,27.6,143,-3.2
2004,8,422,32.8,26.5,120,-3.3
2004,9,337,33.3,25.5,133,-1.5
2004,10,24,30.9,21.5,80,-1.8
2004,11,4,28.1,15.1,50,-1.7
2004,12,0,26.7,12.1,33,-1.8
2005,1,30,22.5,12.5,43,-1.3
2005,2,8,27.1,14.9,40,-1.2
2005,3,28,34.2,20.2,51,-0.6
2005,4,1,38.7,23.7,15,-0.7
2005,5,9,40.4,26.8,17,-0.7
2005,6,68,40.4,29.7,71,-1.7
2005,7,189,32.7,26.8,138,-2.9
2005,8,325,32.8,27.2,125,-3.5
2005,9,105,32.3,25.2,119,-4.4
2005,10,18,31,22,68,-4.5
2005,11,0,29.2,13.8,47,-4.5
2005,12,4,25.3,10.3,32,-4.4
2006,1,0,25.5,10.9,30,-4.9
2006,2,0,30.5,15,23,-5.3
2006,3,34,33,18.7,46,-4.3
2006,4,6,37.8,24.2,14,-4
2006,5,32,40.5,27.5,37,-2.6
2006,6,110,38.2,28.2,109,-2.4
2006,7,337,33.1,25.8,132,-2.1
2006,8,130,32.5,26.4,126,-3.1
2006,9,92,32.3,25.6,106,-4.3
2006,10,4,32.1,22.8,63,-5.1
2006,11,0,28.2,16.6,36,-5.7
2006,12,1,26.6,12,25,-5.9
2007,1,0,24.3,10.1,20,-6.3
2007,2,42,26.1,14.1,48,-5.1
2007,3,19,33.3,17.6,27,-4.8
2007,4,1,39.6,24.4,7,-4.8
2007,5,13,40.5,26.6,17,-4.3
2007,6,84,38.6,27.3,84,-4.5
2007,7,232,32.8,26.7,122,-4.9
2007,8,329,33,26.9,121,-5
2007,9,225,32,26.6,115,-4.2
2007,10,3,32.3,22.3,74,-4.7
2007,11,0,29.5,15.3,45,-4.7
2007,12,0,25.8,11.5,34,-4.6
2008,1,36,22.5,12.9,49,-3.8
2008,2,2,26.1,12.2,31,-3.7
2008,3,13,34.4,20,33,-3.5
2008,4,3,38.8,24.3,15,-3.3
2008,5,21,39.8,27.8,28,-2.5
2008,6,314,35.5,27.8,128,3.7
2008,7,242,31.6,25.7,116,3.9
2008,8,337,32.3,26.7,107,4.1
2008,9,75,32.2,25.3,106,2.2
2008,10,4,32.1,21.5,67,0.9
2008,11,0,30.2,15,41,-2.9
2008,12,0,27.1,12.3,27,-3.2
2009,1,7,25.7,11.9,30,-3.6
2009,2,0,29,14.8,23,-4.3
2009,3,2,34,19.4,14,-4.7
2009,4,0,41,24.6,8,-4.8
2009,5,16,40.7,27.7,21,-4.2
2009,6,23,40,29.4,26,-5.4
2009,7,216,34.4,26.5,133,-6
2009,8,167,33.5,26.7,114,-6.7
2009,9,216,32.3,25.4,125,-7
2009,10,30,32.5,21.1,80,-6.7
2009,11,7,30.1,15.4,47,-6.4
2009,12,1,25.5,12.4,30,-6.1
2010,1,2,22.8,8.6,25,-6.2
2010,2,5,28.7,13.1,27,-6.1
2010,3,2,35.6,20.2,14,-6.4
2010,4,0,41.8,25.9,9,-6.2
2010,5,9,41.2,28,14,-5.7
2010,6,51,39.6,28.9,52,-6.3
2010,7,166,34.5,27.8,136,-7.3
2010,8,183,33,27.7,124,-8
2010,9,96,31.9,26.6,101,-9.4
2010,10,20,31.7,23.2,45,-9.8
2010,11,2,30.1,16.8,17,-10.5
2010,12,8,25.1,11.3,16,-10.4
2011,1,1,22.3,10.5,8,-10.5
2011,2,2,28.1,13.4,7,-10.6
2011,3,1,34.1,19.9,4,-10.6
2011,4,6,38.1,24.1,9,-9.8
2011,5,12,40.1,28.2,14,-8.9
2011,6,332,37.3,27.9,164,-4.9
2011,7,235,32.8,27.4,133,-4.3
2011,8,325,32.7,26.5,105,-3.3
2011,9,308,31.7,25.6,106,-1.6
2011,10,28,32,21.5,82,-1.8
2011,11,0,29.6,15,49,-1.9
2011,12,0,26.3,10.8,33,-1.9
2012,1,77,21.2,10.3,66,3.7
2012,2,2,26.7,14,41,3.5
2012,3,2,33.9,18.5,35,2.9
2012,4,2,38.5,24.5,18,2.6
2012,5,1,41.8,27.7,11,1.9
2012,6,81,40.8,30.2,84,0.8
2012,7,408,33.1,27.1,130,1.5
2012,8,429,33,26.3,117,2.5
2012,9,279,32.2,25.2,118,3.2
2012,10,4,31.6,20.3,72,2
2012,11,0,28.8,13,47,1.3
2012,12,0,25.7,10.5,33,0.8
2013,1,2,23,9.5,28,-2
2013,2,15,26.4,13.3,37,-1.8
2013,3,11,33.6,18.3,29,-2
2013,4,2,38.4,24.1,13,-2.1
2013,5,0,41.2,28.1,8,-2.4
2013,6,171,37.8,27.7,163,-1.4
2013,7,307,33.3,27.1,138,-1.5
2013,8,418,32.8,25.8,121,-0.8
2013,9,199,32.7,25.7,123,-0.8
2013,10,63,30.1,22,84,1.3
2013,11,0,28,12.9,52,1.4
2013,12,0,24.3,11.1,36,1.3
2014,1,88,21.4,10.3,65,3.4
2014,2,27,25.3,12.8,54,4.6
2014,3,18,32.5,17.9,70,5.8
2014,4,0,39.3,23.7,30,5.4
2014,5,28,40.8,27.1,42,5.7
2014,6,8,39.8,28.6,17,3.4
2014,7,164,33.6,27,134,1.5
2014,8,224,33.1,26.7,123,-4.1
2014,9,33,31.8,25.2,69,-6.2
2014,10,6,31.4,20.8,41,-7.1
2014,11,0,28.8,13.9,21,-8.2
2014,12,1,23.7,10.7,13,-8.5
2015,1,27,20.5,9.8,32,-7.8
2015,2,14,26.6,13.3,20,-7.6
2015,3,13,31.7,17.6,17,-7.3
2015,4,5,36.2,22.9,8,-6.8
2015,5,6,41.6,27.6,9,-6.5
2015,6,120,39.4,28.6,116,-5.9
2015,7,321,33.7,25.9,132,-5.4
2015,8,464,33.1,26.6,118,-4
2015,9,65,32.9,25.1,110,-5.2
2015,10,27,32.2,21.5,77,-5.3
2015,11,2,29.4,14.5,42,-5.5
2015,12,2,24.6,10.9,28,-5.4
2016,1,29,22.4,10.3,40,-5.4
2016,2,9,27.7,14.9,34,-5.7
2016,3,8,33.9,19.6,23,-5.2
2016,4,3,40,24.3,13,-5.2
2016,5,13,40.7,26.7,19,-4.5
2016,6,146,39.4,28.4,143,-4.8
2016,7,394,33.1,26.2,124,-4.2
2016,8,262,32.9,26.5,123,-3.6
2016,9,274,32,25.3,100,-3
2016,10,47,31.6,21.3,85,-2.6
2016,11,0,28.2,14,53,-2.5
2016,12,0,24.8,11.1,34,-2.3
2017,1,60,22.1,9.9,63,-2.4
2017,2,6,26.7,13.4,41,-2.4
2017,3,10,32.1,18.3,43,-2.5
2017,4,5,38.6,24.4,21,-2.4
2017,5,6,41.1,27.1,16,-2.4
2017,6,82,39.1,28.2,85,-3
2017,7,478,32.9,26.2,116,-2.3
2017,8,260,33,26.7,123,-2.4
2017,9,84,32.4,25.5,103,-3.2
2017,10,16,31.6,21.6,71,-3.6
2017,11,0,28.6,14.5,45,-3.5
2017,12,0,24.9,11.5,30,-3.4
2018,1,2,21.8,9.8,28,-3.8
2018,2,5,27.1,14.1,29,-3.7
2018,3,1,33.6,19.2,17,-3.8
2018,4,3,37.5,23.1,12,-3.1
2018,5,8,40.3,26.6,15,-2.6
2018,6,97,38.8,27.8,97,-2.8
2018,7,365,33.3,26.4,136,-2.6
2018,8,340,32.6,26.2,109,-1.9
2018,9,180,32,25,119,-2.1
2018,10,13,31,20.8,77,-2.4
2018,11,0,28.3,13.9,46,-2.4
2018,12,0,23.8,10.1,31,-2.4
2019,1,15,21.9,9.6,32,-2.5
2019,2,8,26.2,12.8,33,-2.3
2019,3,6,32,17.1,31,-2.3
2019,4,4,38.6,23.4,17,-1.9
2019,5,4,41.9,27.9,12,-2.1
2019,6,43,40.5,29.9,47,-3.2
2019,7,408,34.1,27.3,138,-2.2
2019,8,308,33.4,27.3,131,-1.7
2019,9,330,32.2,25.6,113,2.3
2019,10,33,31.4,21.2,73,2
2019,11,0,29.4,15.3,50,1.7
2019,12,11,23.1,9.4,36,1.9
