Product: Historical Climate - TerraClimate(http://www.climatologylab.org/terraclimate.html) 
Location (Lat/Lon of 4-km Grid Cell Center): 25.9375 North,86.8125 East 
Data Source: NW Climate Toolbox(https://climatetoolbox.org/tool/point-data-download)
Download Date: 07/24/2020
Variable List: 
ppt: ppt (Precipitation)
tmax: tmax (Maximum Temperature)
tmin: tmin (Minimum Temperature)
aet: aet (Actual Evapotranspiration)
PDSI: pdsi (Palmer Drought Severity Index (PDSI))
********************************************************
Year,Month,ppt(mm),tmax(degC),tmin(degC),aet(mm),PDSI(unitless)
1958,1,22,25.6,11.3,42,0.6
1958,2,2,26.8,12.6,33,0.6
1958,3,1,33.2,16.1,17,-0.5
1958,4,27,36.6,22.1,35,0.1
1958,5,26,36.2,25.2,30,-1.1
1958,6,180,35.2,26.2,158,-1.6
1958,7,201,32.8,26,133,-2.6
1958,8,594,31.1,25.8,105,-0.8
1958,9,157,31.9,25,104,-1.2
1958,10,126,32,22.4,108,-0.7
1958,11,1,29.5,14.4,53,-0.7
1958,12,0,26.2,11.4,35,1.1
1959,1,38,23.8,10.3,49,2.1
1959,2,0,26.2,11.6,33,2.1
1959,3,22,32.6,16,40,2.3
1959,4,26,35.9,21.8,35,2.3
1959,5,25,35.5,24.3,31,1.3
1959,6,229,33.1,24.9,133,1.5
1959,7,183,31.7,25.8,131,-1.2
1959,8,218,31.8,25.8,117,-2.1
1959,9,200,30.6,24,104,-1.7
1959,10,176,29.5,22.8,101,1.4
1959,11,0,28.2,14.2,52,1.2
1959,12,0,25.8,10.7,34,1.2
1960,1,0,23.7,9.1,30,0.9
1960,2,0,29,13,29,0.7
1960,3,43,31,15.3,55,1.6
1960,4,1,36.9,20.8,9,0.6
1960,5,37,36,24.3,41,-1.1
1960,6,174,33.6,25.2,152,-1.6
1960,7,303,31.2,25.7,118,-1.9
1960,8,255,31.8,26.3,122,-2.2
1960,9,232,30.6,24.9,99,-1.2
1960,10,54,30.4,21.4,88,-1.7
1960,11,0,28,12.9,45,-1.9
1960,12,0,26.7,10.5,29,-2
1961,1,7,24.4,10.9,27,-2
1961,2,16,25.5,11.2,35,-1.6
1961,3,4,32.6,17.4,16,-1.9
1961,4,10,36.5,21.2,17,-2.2
1961,5,47,35.4,24.4,49,-2.1
1961,6,261,32.8,24.6,140,-1.3
1961,7,149,32.3,25.6,138,-2.2
1961,8,360,32,26.1,124,-2
1961,9,119,31,24.8,116,-3.1
1961,10,208,30.6,21.2,105,-1.1
1961,11,4,26.3,13.1,52,-0.9
1961,12,1,22.8,8.1,34,1.7
1962,1,24,23.5,8.3,42,2.2
1962,2,10,26.3,11.6,37,2.6
1962,3,18,32.6,14.9,40,2.7
1962,4,28,35.2,20.6,38,2.7
1962,5,47,34.3,23.6,52,2.4
1962,6,252,32.7,25.1,126,2.9
1962,7,211,32.4,25.6,131,1.9
1962,8,562,30.9,25.4,106,3.8
1962,9,163,31.2,24.6,108,2.9
1962,10,64,30.3,20.1,89,2.2
1962,11,0,28.7,13.1,47,1.7
1962,12,1,25,9.9,30,1.5
1963,1,3,24,7.9,29,1
1963,2,0,28.8,11.3,22,-1.5
1963,3,25,31.4,15.9,35,-1.1
1963,4,37,33.8,20.2,42,0.5
1963,5,63,33.6,23.1,65,0.9
1963,6,302,32.6,24.6,134,2.1
1963,7,289,31.6,25.5,114,2.3
1963,8,326,31.5,25.9,121,2.2
1963,9,195,31.6,24.4,111,2
1963,10,171,30.3,21.6,109,2.8
1963,11,36,27.3,14.9,65,3.8
1963,12,0,26,10.6,39,3.9
1964,1,1,24.3,9.4,35,3.4
1964,2,0,27.1,12.2,34,3.2
1964,3,4,33.5,17.1,21,2.5
1964,4,26,35.1,21.9,35,2.3
1964,5,63,34,23,66,2.3
1964,6,134,33.9,25,131,0.8
1964,7,493,30.7,25,124,1.6
1964,8,214,31.7,25.8,124,0.7
1964,9,188,31.1,25.1,110,-1.1
1964,10,86,31.8,22.1,99,-1.1
1964,11,0,28.3,14.2,51,-1.1
1964,12,0,25.6,9.9,34,-1.1
1965,1,0,25.2,9.1,29,-1.4
1965,2,1,26.9,11.1,22,-1.7
1965,3,29,30.8,14.5,39,-1.2
1965,4,10,35,20.5,16,-1.5
1965,5,16,35.9,24.2,20,-2.3
1965,6,199,33.9,25.1,152,-2.4
1965,7,295,31.2,25.1,125,-2.6
1965,8,491,31.2,25.1,118,-0.9
1965,9,169,31.2,23.8,107,-1.2
1965,10,75,30,20.3,93,-1.4
1965,11,25,27.8,13.9,59,1.2
1965,12,0,25,8.8,34,1.2
1966,1,45,23.4,9.5,52,2.4
1966,2,6,28.2,13.2,37,2.7
1966,3,1,33.2,16.3,21,2
1966,4,7,36.3,21.1,17,1.3
1966,5,36,36.5,24.6,41,0.6
1966,6,90,33.5,25.4,90,-2.9
1966,7,306,32.1,25.4,131,-3.4
1966,8,583,31.2,25.7,114,-1
1966,9,83,30.8,23.6,104,-2.5
1966,10,34,29.7,19.5,76,-3.1
1966,11,22,29.2,14.5,50,-2.9
1966,12,1,25.1,10.2,28,-2.9
1967,1,2,24.3,9.7,23,-3.2
1967,2,2,28.8,12,16,-3.5
1967,3,42,30.7,15.3,48,-2.3
1967,4,32,34.2,19.3,36,-1.8
1967,5,30,35.2,23.5,32,-2.3
1967,6,169,33.7,25,153,-2.8
1967,7,245,32.3,25.3,131,-3.5
1967,8,300,31.5,25.5,126,-3.7
1967,9,129,31.1,23.9,112,-4.4
1967,10,26,29.9,19.7,77,-4.9
1967,11,0,26.2,12.5,43,-5
1967,12,0,25.8,10.8,26,-4.8
1968,1,33,22.5,9.7,42,-3.7
1968,2,1,26,11,22,-3.7
1968,3,21,31.9,16.5,31,-3.2
1968,4,6,34.7,20.5,12,-3.4
1968,5,24,35.4,23.9,28,-3.9
1968,6,277,31.3,24.3,125,-2.4
1968,7,269,31,25.4,119,-2
1968,8,239,31.9,25.4,125,-2.4
1968,9,177,32.1,25.1,109,-2.4
1968,10,249,29,20.3,105,2.4
1968,11,0,27.6,14.3,50,2.1
1968,12,0,25.2,10.7,34,2.1
1969,1,2,23.9,9,31,1.7
1969,2,3,28.1,11.6,33,1.6
1969,3,35,33.8,17,47,2
1969,4,18,35.7,20.9,26,1.7
1969,5,52,34.9,23.6,55,1.7
1969,6,259,33.6,25.1,142,2.1
1969,7,359,31.6,25.6,130,2.5
1969,8,279,31.3,25,112,2
1969,9,208,31.1,24.6,113,2
1969,10,13,30.5,20.8,74,0.6
1969,11,18,29.2,14.8,49,-1.2
1969,12,0,25.8,10.5,26,-1.5
1970,1,15,23.6,9.9,31,-1.4
1970,2,6,26.2,11.7,23,-1.5
1970,3,13,32.3,16.4,22,-1.6
1970,4,7,36.5,21.2,13,-2
1970,5,45,36.4,24.9,47,-2.1
1970,6,227,32.7,24.4,135,-1.6
1970,7,374,31.6,25.5,119,-0.8
1970,8,284,31.8,25.8,124,-1
1970,9,201,31.1,24.7,104,-0.7
1970,10,57,31.1,21.4,89,-1.2
1970,11,2,27.9,13.6,48,-1.4
1970,12,0,26.2,9,28,-1.4
1971,1,6,23.8,9.5,28,-1.5
1971,2,4,26.1,10.2,24,-1.5
1971,3,11,32.3,15.6,22,-1.6
1971,4,89,33.2,19.9,91,2.2
1971,5,76,32.9,22.7,77,2.7
1971,6,389,31.2,24.6,121,5
1971,7,295,30.8,24.4,121,5.2
1971,8,407,30.7,24.2,107,5.5
1971,9,170,31.9,24,104,4.6
1971,10,168,30.1,21.5,101,5.3
1971,11,11,27,13.4,54,5.1
1971,12,0,25.9,9.6,36,4.9
1972,1,7,24.9,9.6,33,4.4
1972,2,13,25.3,10.3,38,4.5
1972,3,6,33.2,16.4,26,3.9
1972,4,10,36,19.8,20,3.2
1972,5,22,37.3,24.5,28,1.9
1972,6,159,34.4,24.6,153,0.8
1972,7,258,33,25.4,126,-2.9
1972,8,167,31.9,24.8,134,-4
1972,9,263,31.6,23.9,108,-3
1972,10,44,30.7,20.2,83,-3.4
1972,11,9,27.3,13.4,47,-3.2
1972,12,0,25.3,10,30,-3
1973,1,40,24.5,10.4,49,-1.8
1973,2,5,27.3,12.9,31,-1.6
1973,3,13,31.8,14.8,25,-1.5
1973,4,8,36.9,21.2,15,-1.9
1973,5,58,34.4,23.3,61,-1.5
1973,6,351,32,24.7,124,2.3
1973,7,188,32.7,25.1,134,1.7
1973,8,300,31.6,25.3,128,1.4
1973,9,223,31,25,105,1.8
1973,10,252,29.3,22,103,4
1973,11,13,26.7,14.7,55,4
1973,12,0,24.6,10.4,35,3.9
1974,1,9,23.2,9.5,34,3.6
1974,2,0,27.1,11.4,32,3.4
1974,3,28,32.1,16.7,44,3.6
1974,4,16,35.6,21.4,26,3
1974,5,54,34.8,23.8,58,2.8
1974,6,204,33.4,24.8,129,2.6
1974,7,491,31,25,132,3.7
1974,8,475,31.5,25.5,127,4.5
1974,9,235,31.2,23.9,105,4.7
1974,10,85,32.6,22.9,99,4
1974,11,1,29,13.4,51,3.5
1974,12,1,24.4,9.1,30,3.1
1975,1,23,23.5,9.6,41,3.3
1975,2,5,26.3,12.1,32,3.1
1975,3,4,32.7,15.9,18,2.2
1975,4,14,36.9,20.9,22,1.7
1975,5,59,35.8,23.5,62,1.6
1975,6,246,33.5,24.8,153,1.7
1975,7,411,30.9,24.7,111,2.5
1975,8,171,32,25,116,1.3
1975,9,374,30.4,24.8,106,3.9
1975,10,100,31.9,23.1,105,3.4
1975,11,0,28.9,13.5,53,3
1975,12,0,25.2,9.3,33,2.7
1976,1,8,24.4,9.3,32,2.4
1976,2,13,27.3,13.4,36,2.5
1976,3,1,32.9,17.1,16,1.7
1976,4,17,35.9,20.8,25,1.3
1976,5,83,34.1,23.5,85,1.9
1976,6,289,32.9,24.8,145,2.7
1976,7,244,32,24.8,117,2.3
1976,8,386,31,24.9,129,2.6
1976,9,178,31,24.1,105,2.1
1976,10,41,31.1,20.6,83,1.1
1976,11,2,30.9,15.6,49,-1.3
1976,12,0,25.8,9.4,29,-1.5
1977,1,1,24,9.6,24,-1.9
1977,2,2,28.1,12,17,-2.4
1977,3,4,34.2,17.8,13,-2.8
1977,4,33,34.5,21.2,37,-2.3
1977,5,81,32.8,22.2,81,-1.3
1977,6,121,32,24.1,118,-2.3
1977,7,277,31.5,25.4,130,-3
1977,8,332,31.9,25.8,115,-2.8
1977,9,119,31.8,24.7,112,-3.7
1977,10,170,29.6,21.2,110,-2.3
1977,11,23,29,15.9,61,-1.3
1977,12,3,24.1,10.6,38,-0.7
1978,1,9,22.4,8.3,36,2
1978,2,8,25.6,11.6,35,2.3
1978,3,36,30.7,14.7,56,3
1978,4,34,34.4,20.1,44,3.1
1978,5,72,34.6,24.1,76,3.4
1978,6,234,32.5,24.7,149,3.3
1978,7,322,31.6,25,118,3.1
1978,8,252,31.9,25.8,117,2.4
1978,9,187,30.5,24.6,113,1.9
1978,10,124,30.7,22,107,2.1
1978,11,15,28.9,16.1,57,2.4
1978,12,1,25.4,10.7,37,2.5
1979,1,11,24.9,10.2,38,2.4
1979,2,13,25.1,11.6,39,2.8
1979,3,2,32,16.6,22,2.1
1979,4,35,35.7,21.7,44,2.4
1979,5,16,38,24.2,22,1
1979,6,176,34.2,25.2,161,-1.7
1979,7,347,32.3,25.5,131,-1.8
1979,8,320,32.4,26,134,-1.7
1979,9,148,31.6,24.1,122,-2.4
1979,10,154,30.9,22.1,109,-1.3
1979,11,27,30.7,17.1,62,1.6
1979,12,3,24.4,12.7,39,2
1980,1,3,23.8,9.8,36,1.8
1980,2,4,27,12.7,34,1.9
1980,3,25,31.7,16.8,43,2.1
1980,4,8,36.7,22.3,17,1.4
1980,5,66,34.1,23.9,69,1.6
1980,6,189,32.9,25.4,134,1.3
1980,7,308,31.9,25.7,127,0.8
1980,8,333,32.2,25.7,116,1
1980,9,177,31.8,25.3,115,-0.4
1980,10,41,29.8,21.4,83,-1.3
1980,11,2,29.2,13.8,46,-1.6
1980,12,0,26.7,11.4,29,-1.8
1981,1,13,22.3,10.1,28,-1.6
1981,2,7,27.3,12.3,26,-1.7
1981,3,35,31.1,16.1,44,-0.9
1981,4,42,33.5,20,46,1.2
1981,5,65,33.6,23.1,66,1.5
1981,6,188,33.7,25.3,149,0.9
1981,7,406,31.2,25.7,123,1.3
1981,8,389,32.4,25.7,116,1.8
1981,9,177,31.5,24.5,112,1.3
1981,10,0,32.4,20.8,72,-1.7
1981,11,6,28.6,13.9,46,-2.3
1981,12,0,24.8,9.9,24,-2.7
1982,1,1,25,10.2,19,-3.2
1982,2,3,26,12.4,13,-3.5
1982,3,28,30.8,15.2,33,-2.9
1982,4,20,34.8,20.9,24,-2.8
1982,5,25,36.4,23.9,27,-3.4
1982,6,202,33.2,24.8,135,-3.1
1982,7,262,33.3,26,141,-3.5
1982,8,129,32.4,25.3,129,-4.6
1982,9,224,32.8,24.5,126,-4.2
1982,10,36,30.6,20.9,83,-4.6
1982,11,20,27.8,14.7,50,-4
1982,12,0,25.1,10.4,29,-3.7
1983,1,14,23.2,9.4,32,-3.3
1983,2,0,26.3,11.4,23,-3.2
1983,3,5,32.3,16.2,16,-3.4
1983,4,32,34.5,20,37,-2.8
1983,5,89,34.2,23.2,89,-1.5
1983,6,176,34.6,25.2,162,-2.1
1983,7,472,33.1,25.5,122,-1
1983,8,195,33,25.2,125,-1.8
1983,9,147,31.7,25.4,109,-2.4
1983,10,109,30.8,21.6,108,-2
1983,11,0,29,13.5,55,-1.9
1983,12,4,25.5,9.8,36,-1.4
1984,1,23,23.6,9.5,41,-0.7
1984,2,8,26.5,11.9,36,1.1
1984,3,4,34.4,16.9,20,0.6
1984,4,14,36.2,21.6,23,-0.2
1984,5,47,35.8,24.7,50,-0.6
1984,6,329,32.1,24.8,120,2
1984,7,443,30.8,25.6,120,3.8
1984,8,188,31.6,25.1,124,2.5
1984,9,405,30.9,24.1,115,5.3
1984,10,15,32.2,22.5,75,3.5
1984,11,1,27.8,13.2,45,2.4
1984,12,0,26.4,11.4,25,1.6
1985,1,4,23.6,10.9,23,0.9
1985,2,4,27.5,12.1,15,-2.8
1985,3,4,35,18.3,11,-3.2
1985,4,10,36.8,21.9,15,-3.5
1985,5,64,34.5,23.6,65,-2.8
1985,6,117,33.6,25.4,114,-3.9
1985,7,429,30.2,25,118,-3.2
1985,8,279,32,26,125,-3.1
1985,9,231,30.8,24.9,107,-2.2
1985,10,146,30.7,21.4,102,-1.2
1985,11,4,28.5,14.3,54,-1
1985,12,4,26.2,11.8,37,-0.6
1986,1,2,24.6,10.6,32,-0.7
1986,2,2,27.2,12.1,33,-0.6
1986,3,1,32.9,16.4,15,-1.2
1986,4,34,34.4,20.9,40,-0.7
1986,5,79,33.9,22.5,80,1.3
1986,6,125,34.2,25.2,123,-1.2
1986,7,230,31.4,24.8,122,-2.2
1986,8,245,32.2,25.3,124,-3.1
1986,9,175,31,24.1,108,-3.1
1986,10,125,29.6,20.5,103,-2.3
1986,11,10,28.9,15.1,52,-1.8
1986,12,3,24.7,11.1,36,-1.2
1987,1,0,23.9,9.7,32,-1.2
1987,2,9,28,13.3,37,-0.6
1987,3,29,32.1,16.8,46,1.7
1987,4,28,34.8,21,37,1.7
1987,5,28,35.3,23.1,33,0.8
1987,6,196,34.2,26.1,152,-1
1987,7,324,31.2,25.3,126,-1.1
1987,8,518,30.7,25.4,112,1.7
1987,9,265,31.3,25.4,116,2.4
1987,10,142,30.8,21.7,108,2.8
1987,11,5,28.4,14.5,55,2.6
1987,12,1,26.1,11.3,35,2.6
1988,1,3,25.2,11,33,2.1
1988,2,13,27.8,13.4,38,2.3
1988,3,46,32.4,17.1,59,3.1
1988,4,47,36,21.8,54,3.6
1988,5,36,35.2,24.6,40,2.7
1988,6,178,32.4,24.5,135,2.1
1988,7,293,31,25.9,118,1.4
1988,8,419,31.2,26.1,100,2.3
1988,9,155,32.1,25.2,111,1.4
1988,10,24,32,21.2,83,-1.7
1988,11,9,28.8,14.9,50,-2
1988,12,2,26.3,12.3,27,-2.2
1989,1,16,23.2,9.3,31,-2
1989,2,6,26.6,12.8,20,-2.4
1989,3,7,32.6,17.3,15,-2.6
1989,4,3,36.9,21.6,9,-3.2
1989,5,65,36.2,24.4,65,-2.6
1989,6,183,32.4,24.8,138,-2.6
1989,7,345,31.8,25.1,113,-2.3
1989,8,209,31.4,25.5,116,-2.8
1989,9,259,31.5,25.7,97,-1.4
1989,10,33,31.4,22.5,81,-2.2
1989,11,3,28.4,15.2,46,-2.5
1989,12,1,24.4,10.1,27,-2.5
1990,1,0,25.7,10.2,23,-2.8
1990,2,8,26,13.2,23,-2.7
1990,3,16,30.7,16.3,24,-2.5
1990,4,22,34.5,21.3,27,-2.3
1990,5,71,34.3,24,71,-1.3
1990,6,169,33.6,25.5,127,-1.6
1990,7,279,31,25.5,105,-1.9
1990,8,221,31.9,25.9,115,-2.3
1990,9,193,31.5,25.4,104,-2.1
1990,10,67,30.3,21.4,89,-2.3
1990,11,3,30.1,15.4,53,-2.2
1990,12,0,25.7,11.1,31,-2.1
1991,1,21,22.6,9.5,35,-1.6
1991,2,2,28.1,13.4,27,-1.7
1991,3,17,33.4,17.3,29,-1.5
1991,4,19,35.5,21.1,26,-1.5
1991,5,35,35.8,24,39,-1.8
1991,6,172,31.8,25,134,-2
1991,7,177,31.9,25.8,136,-3.1
1991,8,353,31.3,25.8,121,-3.2
1991,9,293,31,24.4,106,-1.4
1991,10,24,31.6,21.3,76,-2.2
1991,11,3,28.8,13.7,46,-2.6
1991,12,1,24.5,10.5,26,-2.6
1992,1,9,23.2,9.4,27,-2.6
1992,2,6,25,11,22,-2.6
1992,3,4,34.2,17.8,13,-3.2
1992,4,20,36.7,21.2,25,-3.1
1992,5,43,33.7,23.2,46,-3
1992,6,85,33.4,24.4,84,-4.6
1992,7,228,31.2,25,134,-5.3
1992,8,196,31.4,25.5,130,-6.1
1992,9,148,31.8,24.1,123,-7
1992,10,45,30.8,21.5,82,-7
1992,11,4,28.2,13.9,43,-6.7
1992,12,0,24.5,10.2,24,-6.4
1993,1,15,24.5,11.4,31,-5.7
1993,2,2,28.4,13.5,16,-5.6
1993,3,15,31,15.2,23,-5.2
1993,4,16,34,20.2,21,-4.9
1993,5,65,34.5,23.3,66,-4
1993,6,160,33.2,25.1,140,-4.2
1993,7,171,32.8,25.3,133,-5.2
1993,8,211,31.4,25.7,107,-6
1993,9,226,30.6,24.5,107,-5.4
1993,10,23,31.4,21.9,73,-5.8
1993,11,6,29.5,14.4,43,-5.6
1993,12,0,26.2,10.9,29,-5.4
1994,1,34,24.3,10.3,45,-4.2
1994,2,12,25.5,12.1,32,-3.6
1994,3,5,33.3,17.3,16,-3.7
1994,4,10,34.6,20.6,16,-3.8
1994,5,27,35.6,24.3,31,-4.1
1994,6,152,33.3,25.4,141,-4.5
1994,7,182,32.6,24.8,140,-5.4
1994,8,261,31.9,25.5,128,-6.2
1994,9,155,32.2,24.8,125,-6.5
1994,10,33,31.6,20.5,82,-6.8
1994,11,9,26.9,14.6,48,-6.4
1994,12,0,25.4,10.3,29,-6.1
1995,1,19,22.4,9.2,34,-5.3
1995,2,7,27.4,13.8,25,-5
1995,3,10,33,17,19,-4.9
1995,4,5,36.4,21,11,-5
1995,5,21,37.1,25.3,24,-5.5
1995,6,153,34.1,26.3,136,-5.6
1995,7,242,31.8,25.6,134,-6
1995,8,256,31.6,25.5,121,-6.3
1995,9,236,31.5,24.8,112,-5.1
1995,10,20,31.9,21.6,78,-5.7
1995,11,32,28.1,14.5,58,-4.7
1995,12,0,25.1,11.1,29,-4.5
1996,1,32,24.4,10.8,43,-3.4
1996,2,7,26.3,11.4,29,-3.1
1996,3,6,33.7,17.9,17,-3.3
1996,4,17,35.8,20.5,24,-3.2
1996,5,31,36.3,24.7,34,-3.5
1996,6,139,32.6,24.2,131,-3.9
1996,7,235,31.8,25.9,125,-4.6
1996,8,234,31.1,25,119,-5.2
1996,9,118,30.8,25.1,112,-5.9
1996,10,91,30.9,21.9,99,-5.4
1996,11,0,30.2,14.6,55,-4.9
1996,12,0,26.3,9.3,35,-4.5
1997,1,20,23.7,9,36,-3.7
1997,2,4,25.9,12.1,29,-3.3
1997,3,12,32.6,16.9,25,-3.1
1997,4,46,32.8,19.8,52,-1.9
1997,5,56,34.5,23.7,58,-1.6
1997,6,151,33.3,25.4,141,-2.3
1997,7,333,31.7,25.4,121,-2.4
1997,8,320,32.1,25.2,116,-2
1997,9,234,30.6,24.7,106,-1.2
1997,10,16,29.2,20.3,80,-2.3
1997,11,8,28.4,15.3,46,-2.6
1997,12,5,23.5,10.9,28,-2.6
1998,1,6,24.2,10.2,25,-2.8
1998,2,6,27.8,13,19,-3
1998,3,31,31.5,16.1,37,-2.3
1998,4,29,35,21,33,-1.9
1998,5,55,36.3,24.7,56,-1.7
1998,6,190,34.8,26.3,150,-1.9
1998,7,351,31.6,26,120,-1.7
1998,8,414,31.2,26.5,101,-0.6
1998,9,191,32,25.3,109,-0.6
1998,10,145,32.9,23.9,102,1.4
1998,11,15,29.2,15.9,61,1.7
1998,12,0,25.8,11,38,1.8
1999,1,3,24.9,10.1,34,1.5
1999,2,1,29.2,13.6,30,1.1
1999,3,2,34.9,17.3,16,-0.7
1999,4,17,38.1,22.6,24,-1.1
1999,5,75,35.3,25.1,76,0.7
1999,6,205,33,25.6,129,0.7
1999,7,398,31.2,25.3,125,1.3
1999,8,449,31,25.8,109,2.3
1999,9,228,31.4,24.7,115,2.4
1999,10,160,30.3,22.6,106,3.1
1999,11,4,29,15.4,56,2.9
1999,12,0,25.7,12.4,33,2.8
2000,1,6,23.8,10.6,33,2.4
2000,2,6,25.4,11.9,34,2.4
2000,3,15,31.2,16.5,30,2.2
2000,4,40,34.9,21.4,47,2.5
2000,5,97,34.8,24.3,98,3.6
2000,6,221,32.8,25.4,135,3.4
2000,7,233,31.9,25.9,135,2.3
2000,8,326,31.7,25.8,120,2.2
2000,9,238,30.6,24.4,104,2.7
2000,10,22,31.5,22.1,78,1.3
2000,11,1,29.9,15.7,43,-1.7
2000,12,0,26.7,10.5,28,-2
2001,1,5,26.5,10.5,26,-2.4
2001,2,4,29,13.3,16,-2.8
2001,3,19,32.4,16.5,26,-2.6
2001,4,25,35.3,21.2,29,-2.4
2001,5,118,34.5,24.5,116,1.9
2001,6,243,32.2,25.1,128,2.2
2001,7,364,31.9,25.2,136,2.5
2001,8,347,31.8,26.5,122,2.5
2001,9,114,32.2,25.4,113,1
2001,10,78,31.6,22.8,95,0.6
2001,11,1,30.4,15.3,51,-1.4
2001,12,0,26.5,10.8,32,-1.4
2002,1,14,24,10.4,34,-1.2
2002,2,3,28.5,13,25,-1.3
2002,3,25,33.6,17.5,35,-1
2002,4,20,35.9,21.3,26,-1
2002,5,54,34.9,24.5,56,-0.8
2002,6,114,33.6,25.7,112,-1.9
2002,7,367,31.4,26.4,127,-1.9
2002,8,427,31.9,25.8,121,-0.8
2002,9,153,31,24.9,115,-1.5
2002,10,81,31.4,21.3,97,-1.6
2002,11,19,29.7,15,58,-0.9
2002,12,0,26.5,11.4,33,-0.7
2003,1,17,25,9,39,0.3
2003,2,13,26.8,12.9,35,1.2
2003,3,24,31.9,16.7,39,1.5
2003,4,17,36.5,21.8,26,1.2
2003,5,29,34.7,24,34,-0.6
2003,6,204,33,26.3,129,0
2003,7,358,31.8,25.9,120,0.3
2003,8,252,32.8,26.3,116,-0.6
2003,9,248,31.6,26,108,0.8
2003,10,119,32.1,22.3,103,1.1
2003,11,3,30.1,15.4,57,1
2003,12,2,24.6,10.9,35,1.1
2004,1,14,23.5,10.2,37,1.2
2004,2,0,28.3,12.2,30,1.2
2004,3,11,36,18.3,26,0.9
2004,4,36,35.6,22,43,1.3
2004,5,71,36.2,25.3,74,1.6
2004,6,138,32.5,25.7,131,0.6
2004,7,390,30.7,25.9,120,0.6
2004,8,285,32.3,26,121,-0.2
2004,9,218,32.8,24.9,111,0.3
2004,10,128,30.3,21.5,110,0.7
2004,11,24,27.9,14.9,61,1.4
2004,12,0,27.4,11.7,35,1.7
2005,1,30,23.7,12,45,2.4
2005,2,3,27.7,14.4,43,2.7
2005,3,30,33.5,18.4,49,3
2005,4,19,35.6,21.3,29,2.7
2005,5,36,34.7,24,41,2
2005,6,149,34.2,26.1,144,0.7
2005,7,254,31.6,26.2,137,-2.3
2005,8,282,32.2,26.7,121,-2.8
2005,9,172,32.1,24.9,127,-3.2
2005,10,99,30.5,22.5,99,-2.8
2005,11,0,29.6,14.3,55,-2.6
2005,12,0,26.4,10.5,37,-2.2
2006,1,0,27.3,10.9,34,-2.4
2006,2,0,31.3,14.6,21,-2.6
2006,3,24,33.1,17.7,34,-2.2
2006,4,39,34.5,21.6,43,-1.4
2006,5,102,35.2,25,102,1.9
2006,6,199,33.2,25.6,133,1.7
2006,7,299,32.5,25.5,140,1.1
2006,8,250,32.2,26,138,-1
2006,9,193,32,25.2,110,-1
2006,10,46,31.1,22.7,88,-1.6
2006,11,17,28.4,16.8,54,-1.4
2006,12,1,27.6,11.9,31,-1.5
2007,1,3,26.2,10.3,27,-1.8
2007,2,20,26.2,13.1,33,-1.2
2007,3,13,33.4,16.6,23,-1.3
2007,4,9,36.6,21.8,15,-1.6
2007,5,60,36,24.7,62,-1.2
2007,6,185,33.9,25,139,-1.4
2007,7,318,31.6,25.8,106,-1.4
2007,8,299,32.4,26.4,117,-1.3
2007,9,305,31.6,26,105,1.7
2007,10,21,32.3,23,73,-1
2007,11,6,29.7,15.4,45,-1.3
2007,12,0,26.8,11.4,29,-1.6
2008,1,13,24,12.5,32,-1.6
2008,2,1,26.6,11.5,17,-1.9
2008,3,20,33.5,18,28,-1.7
2008,4,16,36.2,22.3,21,-1.8
2008,5,90,34.7,25.4,90,1.1
2008,6,390,31.4,25.7,116,3.6
2008,7,304,30.9,25.5,116,4.1
2008,8,297,31.6,26.2,106,3.7
2008,9,153,31.9,25.1,115,2.6
2008,10,53,31.3,21.5,88,1.7
2008,11,0,30.2,15.1,45,1.1
2008,12,0,27.7,12,27,0.8
2009,1,3,27.4,11.8,29,-1.8
2009,2,1,29.3,13.9,20,-2.3
2009,3,15,33.5,17.7,24,-2.2
2009,4,5,38,22.3,11,-2.7
2009,5,117,34.9,24.6,115,-0.7
2009,6,83,34.2,26.1,83,-2.4
2009,7,261,33.2,25.9,131,-3.2
2009,8,321,32.7,26.1,110,-3.2
2009,9,162,32.4,25.4,122,-3.5
2009,10,80,32.4,21.9,100,-3.5
2009,11,9,30.4,15.6,58,-3
2009,12,1,26.2,11.9,33,-2.8
2010,1,0,25.1,9,29,-3
2010,2,3,29.1,12.3,22,-3.2
2010,3,15,35.3,18.8,24,-3.2
2010,4,10,38.1,22.8,16,-3.4
2010,5,80,35.6,25.1,80,-2.4
2010,6,137,34.1,25.9,132,-3.1
2010,7,284,32.8,26.6,129,-3.7
2010,8,394,32.1,26.9,121,-2.9
2010,9,350,31.6,26.2,108,2.6
2010,10,85,31.4,23.6,98,2.2
2010,11,7,30.4,17.1,51,2.1
2010,12,1,25.9,11,35,2
2011,1,4,24,10.4,32,1.5
2011,2,15,28.2,12,38,1.6
2011,3,10,33.1,18,22,1.1
2011,4,24,34.9,21.6,30,1.1
2011,5,101,34.5,25.1,102,2.4
2011,6,275,32.7,25.8,137,3
2011,7,359,31.3,26.5,122,3.5
2011,8,312,31.9,25.7,111,3.2
2011,9,332,31.5,25.3,110,4.9
2011,10,32,31.3,21.6,79,3.5
2011,11,2,29.5,15,42,2.7
2011,12,0,27.6,11.3,28,2.1
2012,1,23,22.2,9.4,36,2.2
2012,2,8,26.9,13,28,1.7
2012,3,11,33.6,17.1,21,1.2
2012,4,28,34.9,21.4,33,1.2
2012,5,28,36,24.7,32,-1.7
2012,6,157,34.6,26.5,150,-2.5
2012,7,312,31.9,26.2,121,-2.9
2012,8,320,32.5,26,122,-2.6
2012,9,274,31.8,24.7,111,-1.1
2012,10,31,30.7,20.1,82,-2
2012,11,2,29.1,13.3,47,-2.4
2012,12,1,26.6,10.3,28,-2.6
2013,1,5,24.5,9.3,25,-2.8
2013,2,8,26.4,12,21,-2.9
2013,3,6,33.2,16.8,14,-3.2
2013,4,20,35,21.5,24,-3
2013,5,51,35,24.7,52,-2.7
2013,6,219,33.4,25.8,133,-2.3
2013,7,248,32,26.3,132,-2.7
2013,8,317,32,25.2,125,-2.4
2013,9,143,31.9,24.8,119,-3.1
2013,10,230,29.7,22.4,96,-0.6
2013,11,0,28.3,13.3,54,-0.6
2013,12,0,24.7,10.6,34,1.8
2014,1,6,22.9,10.1,33,1.6
2014,2,12,25.6,12,37,1.8
2014,3,7,32.2,16.6,22,1.3
2014,4,4,36.6,21.8,13,-0.6
2014,5,48,35.8,24.7,51,-1
2014,6,137,33.8,25.2,131,-1.8
2014,7,129,32.2,26.1,124,-3.2
2014,8,199,32.1,25.7,118,-4.3
2014,9,179,31.4,24.7,114,-5.6
2014,10,26,30.9,21,72,-6
2014,11,0,28.7,13.8,37,-6.5
2014,12,0,24.9,10.8,20,-6.5
2015,1,23,22.3,10,32,-5.8
2015,2,12,26.5,12.1,19,-5.5
2015,3,12,31.5,16.5,17,-5.3
2015,4,48,33.1,20.6,49,-4
2015,5,44,35.7,24.4,45,-3.8
2015,6,192,33.8,25.6,138,-3.6
2015,7,289,32.3,24.8,131,-3.8
2015,8,463,32,25.6,108,-2.2
2015,9,165,32.1,24.3,124,-2.6
2015,10,51,31.3,21.4,91,-3
2015,11,1,29.1,14.3,44,-3.2
2015,12,0,24.7,10.1,27,-3.1
2016,1,11,22.9,9.9,29,-3
2016,2,4,27.4,14.3,25,-3.2
2016,3,21,32.7,18.3,30,-2.5
2016,4,13,36.1,21.3,19,-3.1
2016,5,59,34.8,23.7,61,-2.2
2016,6,208,34,25.4,133,-2.5
2016,7,389,31.8,25.3,109,-2.7
2016,8,203,32.8,25.9,134,-3.4
2016,9,234,31.8,25,98,-0.8
2016,10,113,32,22.3,107,-0.7
2016,11,4,28.6,14.4,55,-0.6
2016,12,1,26.1,11.7,34,1.8
2017,1,10,23.7,10.1,37,1.6
2017,2,2,27.4,13.1,31,1.4
2017,3,39,30.2,16.5,52,1.6
2017,4,37,34,21.6,43,1.5
2017,5,60,35.4,24.2,62,1.4
2017,6,131,33.8,25.3,127,-0.8
2017,7,321,31.8,25.5,125,-1.5
2017,8,348,32.3,25.8,111,-1.4
2017,9,138,32.4,25.2,117,-1.8
2017,10,108,31,22.1,105,-1.3
2017,11,5,29.4,15.2,57,-1.2
2017,12,1,25.8,12.2,36,-0.9
2018,1,4,23.2,9.8,31,-1.1
2018,2,5,26.9,13.5,31,-1
2018,3,12,32.2,17.4,26,-1.1
2018,4,34,33.8,20.6,41,3.3
2018,5,67,33.9,23.2,69,4.3
2018,6,180,34,25,144,2.9
2018,7,262,32.3,25.7,129,1.4
2018,8,248,32.4,25.9,120,-3.2
2018,9,134,32.4,24.8,121,-3.9
2018,10,52,30,20.5,88,-4.3
2018,11,3,28.5,13.9,46,-4.3
2018,12,1,24.7,10.5,30,-4.2
2019,1,3,24.1,10.1,26,-3
2019,2,17,26.8,12.3,33,-2.4
2019,3,7,31.6,15.7,18,-2.6
2019,4,33,34.4,20,38,-1.9
2019,5,15,36.3,25,19,-2.7
2019,6,75,35.6,27.5,75,-4.6
2019,7,323,33,26.6,139,-4.8
2019,8,298,33.7,27.5,138,-4.7
2019,9,398,31.7,25.1,106,-1.2
2019,10,35,31.4,22.1,74,-1.8
2019,11,2,30.2,16.1,46,-2
2019,12,3,23.8,9,29,-2
