Product: Historical Climate - TerraClimate(http://www.climatologylab.org/terraclimate.html) 
Location (Lat/Lon of 4-km Grid Cell Center): 25.5625 North,83.9792 East 
Data Source: NW Climate Toolbox(https://climatetoolbox.org/tool/point-data-download)
Download Date: 07/24/2020
Variable List: 
ppt: ppt (Precipitation)
tmax: tmax (Maximum Temperature)
tmin: tmin (Minimum Temperature)
aet: aet (Actual Evapotranspiration)
PDSI: pdsi (Palmer Drought Severity Index (PDSI))
********************************************************
Year,Month,ppt(mm),tmax(degC),tmin(degC),aet(mm),PDSI(unitless)
1958,1,26,24.4,11.5,47,-0.9
1958,2,2,26.8,13.3,37,-0.9
1958,3,14,34.2,17.7,36,-0.9
1958,4,3,40,25,15,-0.9
1958,5,2,42.1,28.5,10,-1.4
1958,6,68,40.7,29.4,70,-2.3
1958,7,256,33.9,26.7,136,-2.5
1958,8,360,32,26.6,109,-1.8
1958,9,163,32.5,25.5,111,-1.8
1958,10,71,32.3,21.8,95,-1
1958,11,0,29.3,14,49,-0.8
1958,12,0,25.1,11,37,-0.6
1959,1,78,22.6,10.4,67,2.8
1959,2,2,26.1,12,40,3
1959,3,9,33.7,17.5,46,3.1
1959,4,3,39,24.4,20,3.1
1959,5,15,41.2,27.5,25,3
1959,6,72,38.5,28.1,75,1.9
1959,7,189,33.1,26.9,147,-2
1959,8,288,32.4,26.7,126,-2.7
1959,9,144,31.7,25.4,116,-3.2
1959,10,105,30.7,22.9,107,-1.4
1959,11,1,28.4,14.1,53,-1
1959,12,0,24.6,10.3,35,-0.6
1960,1,3,22.5,9.3,32,-0.9
1960,2,0,29,13.5,32,-0.8
1960,3,32,32,16.9,52,1.7
1960,4,1,39.3,23.3,13,1.4
1960,5,7,41.6,27.5,14,1
1960,6,84,39,28.5,85,-1.1
1960,7,308,32.5,26.5,128,-0.7
1960,8,302,32.4,27,125,0.2
1960,9,170,31.6,26.1,106,0
1960,10,32,31.4,21.4,88,-0.4
1960,11,0,28,12.5,44,-0.6
1960,12,0,24.7,9.1,30,-0.7
1961,1,31,22.9,10.7,44,0.4
1961,2,15,24.9,11.6,42,0.6
1961,3,4,33.2,18.8,25,-0.3
1961,4,1,39.4,23.9,12,-0.2
1961,5,3,41.3,27.8,11,-0.7
1961,6,142,37.5,27.3,138,0.5
1961,7,162,33.3,26.4,144,-1.8
1961,8,300,32.5,26.8,126,-2.4
1961,9,133,31.9,25.9,119,-3.2
1961,10,89,31.4,21,100,-1.9
1961,11,1,26.6,12.9,46,-1.7
1961,12,3,21.6,7.6,31,-1.4
1962,1,29,22,8.1,45,-0.9
1962,2,8,26.2,12.1,34,1.3
1962,3,8,33.4,16.2,29,1.2
1962,4,4,38.2,23.5,16,1.2
1962,5,6,40.4,27.2,13,0.9
1962,6,119,38.5,28.8,118,1
1962,7,232,34.1,26.8,142,-0.8
1962,8,346,31.7,26.2,117,0
1962,9,195,31.7,25.2,114,0.2
1962,10,17,31.2,20.1,77,-0.9
1962,11,0,28.8,12.8,45,-1.2
1962,12,2,24.2,9.8,31,-1.3
1963,1,9,22.5,7.7,32,-1.5
1963,2,2,28.7,12,28,-1.7
1963,3,17,31.8,16.9,33,-1.5
1963,4,2,37,23.1,12,-1.4
1963,5,16,39.3,26.3,22,-1.1
1963,6,133,37.3,27.1,131,-0.8
1963,7,282,32.8,26.2,120,-0.7
1963,8,395,32.3,26.7,121,1.2
1963,9,183,32.3,25,122,1
1963,10,70,31.6,21.9,98,1.5
1963,11,16,28.2,15.5,58,2
1963,12,0,24.9,10.2,36,1.9
1964,1,7,22.7,9.1,36,1.4
1964,2,2,26.7,12.7,34,1.2
1964,3,3,34.5,18.6,25,0.7
1964,4,3,38.5,24.9,15,0.6
1964,5,13,39.8,26.1,20,0.6
1964,6,127,38.8,27.5,126,-0.2
1964,7,301,31.8,25.6,129,0.2
1964,8,232,32.4,26.7,129,-0.9
1964,9,171,31.7,25.7,114,-0.9
1964,10,57,32.8,22,96,-0.6
1964,11,7,28.1,13.7,49,0.1
1964,12,0,24.7,9.7,35,0
1965,1,0,24.2,9.5,31,-0.6
1965,2,0,27,12,31,-0.8
1965,3,15,31.7,16.1,32,-0.7
1965,4,4,37.6,22.7,14,-0.7
1965,5,3,41.5,27.2,10,-1.1
1965,6,53,39.8,28.5,56,-2.2
1965,7,401,33,26.4,141,-0.8
1965,8,312,32.6,26.1,119,1.9
1965,9,155,32.2,24.7,119,1.3
1965,10,27,31.7,21,81,0.8
1965,11,14,28.6,14.3,55,0.9
1965,12,0,24,8.6,33,0.7
1966,1,34,22.7,10.1,47,1.1
1966,2,5,28.4,14.1,35,1
1966,3,0,33.7,17.8,22,-0.6
1966,4,0,39.5,24,12,-0.7
1966,5,6,42.3,27.7,14,-0.9
1966,6,141,38.5,28,139,-0.7
1966,7,293,34.2,26.7,153,-0.9
1966,8,243,32.1,26.4,115,-1.3
1966,9,62,32.5,25.3,103,-2.7
1966,10,10,31.9,20.6,72,-3.5
1966,11,23,29.5,14.4,53,-3.4
1966,12,3,23.7,9.6,29,-3.5
1967,1,2,22.5,9.5,23,-4
1967,2,0,28.8,12.8,17,-4.5
1967,3,36,31.2,16.7,44,-3.5
1967,4,4,37.4,22.1,11,-3.3
1967,5,4,41.1,26.9,9,-3.4
1967,6,75,39.3,28.4,75,-4.1
1967,7,225,33.7,26.3,145,-4.6
1967,8,399,31.9,26.2,128,-3.9
1967,9,244,31.8,24.9,115,-2.5
1967,10,6,31.6,20.3,75,-3.2
1967,11,0,27.2,13,43,-3.3
1967,12,3,24.8,10.7,30,-3.1
1968,1,40,21.2,9.8,49,-2.2
1968,2,3,25.6,11.4,31,-2.1
1968,3,5,32.5,17.8,24,-2.3
1968,4,0,37.7,23.2,11,-2.2
1968,5,4,41.1,27,11,-2.3
1968,6,180,36.3,27.2,166,-1.1
1968,7,190,32.4,26.3,130,-2
1968,8,260,32.8,26.3,131,-2.7
1968,9,147,33,25.8,121,-3.2
1968,10,48,30.6,21,85,-2.8
1968,11,0,28.1,14.4,42,-2.6
1968,12,2,24.4,10.5,32,-2.3
1969,1,8,22.8,9.2,31,-2.5
1969,2,3,28.1,12.6,29,-2.3
1969,3,19,34.8,18.9,33,-2
1969,4,3,38.8,24,12,-1.8
1969,5,16,40.3,26.3,22,-1.4
1969,6,113,38.9,28.2,112,-1.4
1969,7,352,32.9,26.3,133,-0.6
1969,8,280,32,25.7,114,1.1
1969,9,188,31.7,25.3,115,1.1
1969,10,6,32.3,21.5,75,-0.9
1969,11,19,29.7,15.1,53,0.2
1969,12,0,24.6,10.2,28,-0.7
1970,1,35,22.5,10.3,46,0.5
1970,2,11,25.9,12.1,33,0.7
1970,3,15,32.4,17.5,39,0.9
1970,4,0,39.6,24.2,14,0.7
1970,5,22,41.8,27.7,29,1.1
1970,6,136,37.2,26.7,134,1.4
1970,7,314,33,26.3,128,1.6
1970,8,240,32.7,26.8,133,1
1970,9,318,31.5,25.4,107,3
1970,10,29,32.3,21.8,81,2.3
1970,11,1,28.1,13.5,47,1.9
1970,12,0,25.1,8.9,30,1.5
1971,1,27,22.2,9.4,41,1.6
1971,2,5,25.7,10.8,31,1.5
1971,3,7,32.7,16.6,29,1.3
1971,4,11,36.5,22.6,23,1.6
1971,5,31,38.4,25.5,37,2.4
1971,6,268,35.2,26.3,143,4.7
1971,7,312,31.7,25.1,126,5.5
1971,8,466,31.2,25.3,108,7.2
1971,9,137,32.5,24.7,112,5.9
1971,10,103,31,21.6,106,6.7
1971,11,1,27.3,13.4,51,6.3
1971,12,0,24.8,9.3,37,6
1972,1,16,23.1,9.3,38,5.6
1972,2,20,24.7,10.6,47,5.9
1972,3,4,33.3,17.4,41,5.7
1972,4,2,38.7,22.4,19,5.4
1972,5,2,42.7,27.4,12,4.4
1972,6,56,40.2,28.1,60,2.5
1972,7,181,34.6,26.4,145,0.9
1972,8,241,32.7,25.8,134,-3.8
1972,9,171,32.1,24.5,122,-4.3
1972,10,62,31.5,20.2,87,-3.6
1972,11,16,27.7,13.5,48,-2.9
1972,12,0,24.5,9.8,30,-2.7
1973,1,35,23,10.4,48,-2
1973,2,6,27.4,13.6,30,-1.7
1973,3,7,32.7,16.3,23,-1.6
1973,4,1,40.4,24.3,11,-1.6
1973,5,10,40.8,27.1,16,-1.5
1973,6,145,37.3,27.9,141,-0.8
1973,7,191,34.2,26.4,152,-2.1
1973,8,338,32.3,26.2,124,-2.4
1973,9,226,31.5,25.7,106,-1.4
1973,10,116,30.2,22.1,111,2.4
1973,11,7,26.6,14.5,54,2.6
1973,12,0,23.2,9.7,37,2.8
1974,1,3,21.8,9.3,37,2.3
1974,2,1,26.3,11.4,34,2.2
1974,3,11,33,18.5,43,2.3
1974,4,1,39,24.5,17,2.1
1974,5,5,40.7,27.1,14,1.7
1974,6,88,38.5,27.8,90,1.1
1974,7,391,32.4,26.1,148,2
1974,8,318,32.1,26.4,123,2.6
1974,9,170,32.4,25.2,107,2.4
1974,10,32,33.3,22.6,85,1.8
1974,11,1,28.6,13.1,46,1.3
1974,12,1,23.1,8.7,28,1.1
1975,1,35,21.8,9.3,47,1.5
1975,2,5,25.9,12.5,34,1.4
1975,3,14,33.1,17.1,36,1.3
1975,4,1,39.9,23.5,14,1.1
1975,5,6,42.2,27.2,13,0.7
1975,6,168,38.3,27.4,165,1.1
1975,7,280,32.2,25.4,125,0.9
1975,8,148,32.5,25.8,119,-1.1
1975,9,298,31.1,25.8,122,1.1
1975,10,55,32.7,22.8,95,1.2
1975,11,0,28.3,12.9,49,0.9
1975,12,0,24.1,8.9,34,0.8
1976,1,14,23.1,9.5,36,-0.2
1976,2,4,26.8,13.7,33,-0.1
1976,3,0,33.2,18.2,20,-0.9
1976,4,3,38.4,22.9,14,-0.8
1976,5,12,40.2,26.6,19,-0.8
1976,6,104,38.1,27.8,104,-1.2
1976,7,237,33.5,26,132,-1.7
1976,8,287,31.9,25.8,126,-2
1976,9,278,31.7,25.1,117,1.4
1976,10,24,32.4,20.8,77,0.8
1976,11,0,30.7,15.3,50,-0.3
1976,12,0,24.7,9,31,-0.8
1977,1,14,22.4,9.3,34,-0.9
1977,2,2,27.6,12.2,34,-1.3
1977,3,1,34.7,18.9,16,-1.8
1977,4,6,37.6,23.8,15,-1.6
1977,5,23,38.7,25.4,28,-0.9
1977,6,73,37.2,27,74,-1.6
1977,7,349,32.6,26.1,134,-0.8
1977,8,300,32.7,26.6,118,1.1
1977,9,143,32.2,25.2,116,-0.5
1977,10,92,31.2,21.4,107,1.5
1977,11,21,29.5,16,59,2.3
1977,12,4,23.4,10.6,39,2.6
1978,1,30,21.3,8.5,49,2.9
1978,2,17,25.2,11.9,44,3.5
1978,3,27,31,15.6,64,4.6
1978,4,5,37.7,22.9,24,4.6
1978,5,10,41.3,28,20,4.2
1978,6,259,37.6,27.6,185,5.7
1978,7,246,32.9,25.8,124,5.3
1978,8,301,32.3,26.5,122,5.2
1978,9,226,31.1,25.5,125,5.2
1978,10,61,31.3,21.9,94,5.1
1978,11,3,28.9,15.7,51,4.6
1978,12,3,24.1,10.3,37,4.3
1979,1,20,23.5,10.3,38,4
1979,2,7,24.8,12,34,3.7
1979,3,2,32.2,17.2,28,3.1
1979,4,4,38.9,24.4,17,2.9
1979,5,1,42.7,26.6,10,2.1
1979,6,105,38.6,27.7,106,1.4
1979,7,328,33.7,26.5,143,1.5
1979,8,193,33.2,27,145,-1.4
1979,9,89,33.1,25.6,119,-2.8
1979,10,48,32.4,22.4,87,-2.6
1979,11,27,30.9,17,54,-2
1979,12,5,23.5,12.6,32,-1.8
1980,1,6,22.5,9.9,28,-2.1
1980,2,1,26.7,13.2,26,-2.3
1980,3,8,32.1,17.9,21,-2.4
1980,4,1,39.9,24.9,9,-2.5
1980,5,12,40.8,28,17,-2.2
1980,6,106,37,27.5,105,-2.2
1980,7,324,32.7,26.1,120,-1.5
1980,8,337,32.6,26.2,110,1.3
1980,9,143,32.4,26,120,-0.6
1980,10,21,31.3,21.7,81,-1.1
1980,11,0,29.2,13.7,47,-1.3
1980,12,1,25.1,10.8,30,-1.4
1981,1,32,21,10.3,42,-0.8
1981,2,1,27,12.8,31,-1
1981,3,21,31.9,17.6,40,0.3
1981,4,4,37.2,23.1,15,0
1981,5,14,39.3,26.4,21,0.5
1981,6,83,38.5,28.1,84,-0.2
1981,7,395,32.3,26.4,131,1
1981,8,294,33,26.4,118,1.6
1981,9,161,32.2,25.4,116,1.2
1981,10,0,33,20.3,79,-1.3
1981,11,10,28.3,13.1,49,-1.5
1981,12,1,23.7,9.6,29,-1.7
1982,1,17,23.6,10.4,33,-1.7
1982,2,5,25.4,12.8,28,-1.8
1982,3,39,30.7,15.9,52,-0.8
1982,4,5,37.5,23,14,-0.7
1982,5,17,41.1,26.1,22,0.2
1982,6,116,37.6,27.1,115,0
1982,7,186,35.4,27.6,153,-1.5
1982,8,229,33,26.1,127,-2.6
1982,9,202,33.1,24.9,131,-3
1982,10,18,31.9,21.3,72,-3.5
1982,11,19,28,14.5,47,-3.1
1982,12,1,24.2,10.1,28,-3
1983,1,18,21.5,9.1,32,-2.8
1983,2,0,26.1,12.3,22,-2.9
1983,3,7,32.5,17.1,19,-3.1
1983,4,9,36.9,22,16,-2.5
1983,5,21,39.5,25.8,26,-1.8
1983,6,77,39.5,27.9,77,-2.5
1983,7,278,34.2,26.1,132,-2.4
1983,8,188,33.8,26.2,129,-3.2
1983,9,122,32.3,26.1,112,-3.8
1983,10,72,31.4,21.2,92,-2.9
1983,11,0,28.5,12.8,47,-2.7
1983,12,4,24.5,9.7,31,-2.3
1984,1,42,22.1,9.5,49,-1.2
1984,2,17,25.3,12,40,1.8
1984,3,1,34.7,17.8,25,1.4
1984,4,2,39.1,24.2,15,1.4
1984,5,6,41.9,28,14,1.1
1984,6,170,36.6,27.3,146,2
1984,7,270,32.2,26.4,130,1.8
1984,8,233,32.4,25.9,127,1.2
1984,9,221,31.5,24.7,124,1.5
1984,10,14,32.8,21.9,79,0.6
1984,11,0,27.9,13,47,-1.1
1984,12,0,25.1,11,31,-1.3
1985,1,23,22.1,10.9,37,-1.1
1985,2,1,27.1,12.4,30,-1.5
1985,3,2,35.5,19.5,17,-2.1
1985,4,2,39.8,24.4,11,-2.1
1985,5,9,41,27.2,15,-2
1985,6,84,38.8,28.4,85,-2.4
1985,7,359,31.8,26,126,-1.3
1985,8,325,32.7,26.7,128,1.5
1985,9,267,31.6,25.8,117,2.6
1985,10,123,31.1,20.8,106,4.2
1985,11,1,28.6,14.1,56,4.1
1985,12,5,25.3,11.7,41,4.3
1986,1,4,22.9,10.4,34,3.6
1986,2,11,26.6,12.4,41,3.6
1986,3,1,33.1,17.4,34,3.2
1986,4,4,38,23.6,20,3.1
1986,5,20,39.3,25.2,29,3.3
1986,6,116,38.7,27.3,117,2.8
1986,7,258,32.5,25.3,132,2.1
1986,8,334,32.7,25.7,124,2
1986,9,163,32.1,25,119,1.6
1986,10,46,30.8,20.7,86,1.5
1986,11,3,28.9,14.9,49,1.3
1986,12,8,23.4,10.7,34,1.5
1987,1,4,22.4,9.6,30,1
1987,2,5,27.6,13.7,33,0.9
1987,3,9,32.8,18,33,0.9
1987,4,4,38.2,23.9,16,0.8
1987,5,5,40.8,26.1,13,-0.2
1987,6,66,39.6,29,68,-1.5
1987,7,339,32.9,26.2,135,-0.8
1987,8,406,31.8,26.3,124,1.8
1987,9,315,32.2,26.1,120,3.5
1987,10,62,31.7,21.8,96,3.5
1987,11,5,28.5,14.5,52,3.3
1987,12,1,24.7,10.5,34,3
1988,1,4,23.6,10.7,32,2.3
1988,2,9,27.4,13.6,36,2.2
1988,3,35,33,18.2,55,2.8
1988,4,5,39.2,24.5,17,2.6
1988,5,9,41.4,28.1,16,2.2
1988,6,152,37.1,26.9,148,2.5
1988,7,245,32.2,26.6,119,1.9
1988,8,316,32,26.8,105,1.8
1988,9,124,33.1,26.1,122,0.7
1988,10,18,32.6,21,82,-1.6
1988,11,1,28.8,14.6,47,-1.9
1988,12,7,25,11.9,33,-1.7
1989,1,13,21.7,9.1,32,-1.8
1989,2,3,26,13.1,31,-2
1989,3,9,32.5,18,23,-2.1
1989,4,0,39.3,23.5,9,-2.3
1989,5,14,41.9,27.4,20,-2
1989,6,104,37,27,103,-2.1
1989,7,306,33.2,25.8,121,-1.6
1989,8,182,32.2,26.5,118,-2.2
1989,9,179,32.1,26.3,104,-1.9
1989,10,22,32.1,22.3,79,-2.2
1989,11,4,28.5,14.8,49,-2.1
1989,12,5,23.6,10,32,-1.9
1990,1,9,24.5,10.1,34,-2.1
1990,2,18,25.9,13.9,36,-1.5
1990,3,10,31.4,17.5,30,-1.4
1990,4,3,38,24.1,14,-1.3
1990,5,19,39.7,26.8,25,-0.7
1990,6,183,38.1,27.7,161,1.6
1990,7,351,31.8,25.9,106,2.7
1990,8,272,32.5,26.7,118,2.9
1990,9,173,31.8,25.9,110,2.6
1990,10,33,31.4,21.4,79,2.1
1990,11,0,29.9,14.7,50,1.7
1990,12,0,24.4,10.7,32,1.4
1991,1,24,21.3,9.7,39,1.4
1991,2,3,27.8,14,32,1.2
1991,3,23,33.8,18.2,43,1.4
1991,4,5,38.2,23.3,17,1.4
1991,5,7,41.7,27.2,14,1
1991,6,196,36.3,27.6,165,2.1
1991,7,151,33.8,27.1,144,-1.5
1991,8,412,31.9,26.4,116,-1.1
1991,9,117,32,25.5,113,-1.8
1991,10,0,32.5,21,76,-2.7
1991,11,1,29,13.6,46,-3
1991,12,6,23.6,10.4,29,-2.8
1992,1,15,21.8,9.4,33,-2.8
1992,2,3,24.7,11.5,27,-2.8
1992,3,1,34.6,19,16,-3.5
1992,4,1,39.5,23.7,10,-3.5
1992,5,5,39.6,26.3,11,-3.4
1992,6,36,38.5,27.2,39,-4.6
1992,7,164,33.5,26.6,140,-5.7
1992,8,150,32.2,26.3,133,-6.8
1992,9,100,32.3,24.6,103,-8.5
1992,10,17,31.9,21.4,24,-9.6
1992,11,3,28.9,14.3,8,-10.6
1992,12,0,23.8,10.3,4,-10.9
1993,1,7,22.6,10.9,10,-10.8
1993,2,2,28.3,14.2,4,-10.9
1993,3,19,31.3,16.2,20,-10.1
1993,4,1,37.1,22.9,3,-9.6
1993,5,14,40.6,26.7,15,-8.7
1993,6,58,38.8,28.5,57,-8.9
1993,7,75,34.4,26.3,72,-10.7
1993,8,153,32.2,26.5,122,-11.4
1993,9,204,31.4,25.5,108,-11.4
1993,10,21,32.6,21.9,56,-11.3
1993,11,7,29.8,14.2,30,-11.1
1993,12,0,25.1,10.5,15,-10.9
1994,1,51,23.1,10.5,52,-9.1
1994,2,7,25.4,12.8,14,-8.9
1994,3,1,34.7,19.3,7,-8.8
1994,4,2,37.7,23.1,6,-8.2
1994,5,4,41.4,27.3,7,-7.8
1994,6,193,38.1,28,170,-5.9
1994,7,240,33.7,25.3,147,-5.9
1994,8,286,32.8,26.4,129,-5.8
1994,9,116,33,25.8,126,-6.3
1994,10,34,32.7,20.6,86,-5.9
1994,11,2,27.7,15.2,46,-5.7
1994,12,0,24.8,10.5,30,-5.4
1995,1,22,21,9.2,37,-4.8
1995,2,7,26.8,14,30,-4.4
1995,3,15,32.6,17.2,32,-3.9
1995,4,2,39.1,23.3,12,-3.7
1995,5,5,42.6,28,11,-3.7
1995,6,86,39.4,29.3,86,-4
1995,7,197,33.6,26.7,145,-4.8
1995,8,217,32.5,26.6,121,-5.5
1995,9,157,32.3,25.6,114,-5.9
1995,10,11,33.4,21.9,65,-6.2
1995,11,15,28.4,14.6,45,-5.8
1995,12,0,24.6,11.5,24,-5.6
1996,1,53,22.9,10.8,55,-4.1
1996,2,6,26.3,12.5,27,-3.8
1996,3,1,34.5,19.3,13,-4.1
1996,4,1,38.9,23.1,9,-3.9
1996,5,3,42.2,27.7,8,-3.9
1996,6,154,37.4,26.9,149,-3
1996,7,203,33.3,26.8,132,-3.7
1996,8,269,31.9,25.7,114,-4.1
1996,9,90,32.1,26.4,100,-4.9
1996,10,99,32,21.8,105,-3.2
1996,11,0,30,14.1,52,-2.9
1996,12,0,25.4,9.1,34,-2.6
1997,1,9,22.5,9.2,31,-2.6
1997,2,0,25.4,12.1,29,-2.6
1997,3,3,33.2,18.2,19,-2.8
1997,4,3,36.2,22.7,13,-2.5
1997,5,20,40,26.6,26,-1.8
1997,6,65,39,28.8,66,-2.5
1997,7,229,33.2,26.3,121,-2.8
1997,8,301,33.2,26.3,113,-2.7
1997,9,124,31.5,25.8,106,-3.1
1997,10,17,30.5,21,77,-3.4
1997,11,20,28.4,15.2,52,-2.7
1997,12,9,22.7,11.1,32,-2.1
1998,1,2,22.2,9.7,29,-2.4
1998,2,4,27.6,13.5,32,-2.2
1998,3,16,31.7,17,36,-1.8
1998,4,3,38.4,23.8,15,-1.6
1998,5,20,42.3,27.9,27,-1
1998,6,77,40,29.2,78,-1.7
1998,7,219,33,26.8,124,-2.3
1998,8,303,32.4,27.7,109,-2.3
1998,9,170,32.8,26.3,112,-2.2
1998,10,67,33.6,23.5,86,-1.3
1998,11,19,30.2,16.6,58,1.4
1998,12,0,25.3,11.3,37,1.6
1999,1,3,23.1,9.6,34,1.1
1999,2,3,28.3,13.8,37,1
1999,3,0,35.1,18.1,26,-0.5
1999,4,0,40.7,24.5,14,-0.8
1999,5,15,41,28.1,23,0.2
1999,6,134,37.6,28.1,132,0.5
1999,7,349,32.9,26.4,125,1.2
1999,8,253,32,26.9,109,1.4
1999,9,177,32,25.6,120,1.2
1999,10,46,31.8,23.1,86,1.1
1999,11,0,30.2,16.2,52,0.9
1999,12,1,25,12.1,32,0.7
2000,1,3,23,11,30,-0.5
2000,2,4,25.5,12.9,31,-0.8
2000,3,2,32.1,18,20,-1.2
2000,4,2,39,24.8,13,-1.3
2000,5,11,40.5,27.4,18,-1.1
2000,6,123,37,27.7,122,-0.9
2000,7,184,33.5,27,131,-2
2000,8,202,33.1,27.2,131,-3.1
2000,9,229,31.5,25.4,110,-3
2000,10,0,33.3,23,74,-3.8
2000,11,0,30.3,15.8,45,-4.1
2000,12,0,25.9,10.5,28,-4.1
2001,1,5,24.4,9.9,27,-4.4
2001,2,1,28.1,13.4,21,-4.7
2001,3,22,32.8,17.9,32,-4.2
2001,4,3,38.2,23.5,10,-3.9
2001,5,5,40.2,27.6,10,-3.9
2001,6,161,36.3,27.2,135,-2.5
2001,7,284,32.9,25.9,133,-2.1
2001,8,289,32.8,27.5,122,-1.8
2001,9,84,33.3,26.4,103,-2.8
2001,10,61,33.1,23.2,91,-2.3
2001,11,2,31,15.4,50,-2.2
2001,12,0,25.6,10.8,31,-2.2
2002,1,6,22.7,10.4,29,-2.4
2002,2,6,28.1,13.5,31,-2.3
2002,3,11,34.3,18.9,27,-2.3
2002,4,0,39.5,24.5,10,-2.3
2002,5,2,41.4,28.4,9,-2.5
2002,6,28,38.8,28.7,31,-3.6
2002,7,189,34,28.4,147,-4.6
2002,8,316,32.8,26.7,121,-4.8
2002,9,157,31.9,25.7,118,-4.7
2002,10,65,32.8,21.7,94,-3.7
2002,11,8,30,15.1,55,-3
2002,12,0,25.8,11.7,34,-2.6
2003,1,12,24,9.4,37,-2.5
2003,2,17,26.7,13.6,40,-1.8
2003,3,16,32.4,17.7,42,-1.2
2003,4,2,40,24.9,16,-1.1
2003,5,0,40.7,27.2,9,-1.5
2003,6,71,38.7,29.9,74,-2
2003,7,197,33.4,27,134,-2.9
2003,8,205,33.5,27,114,-3.7
2003,9,276,31.9,26.5,108,-2.6
2003,10,57,33.2,22.2,89,-2
2003,11,0,30.5,15.5,53,-1.8
2003,12,0,24.6,11.5,33,-1.7
2004,1,21,21.6,9.8,39,-1.3
2004,2,0,28.1,12.7,33,-1.3
2004,3,3,36.6,19.6,26,-1.6
2004,4,4,39.8,25.7,16,-1.4
2004,5,6,41.9,28.3,14,-1.5
2004,6,145,36.9,27.8,143,-1.1
2004,7,185,32.7,27.3,144,-2.3
2004,8,320,33.1,26.9,125,-2.7
2004,9,303,33.8,26.1,133,-1
2004,10,31,31.6,22,84,-1.2
2004,11,10,28.5,15.2,52,-1
2004,12,0,26.6,11.8,31,-1.1
2005,1,31,22.5,12.2,43,1.1
2005,2,5,27.3,14.7,38,1
2005,3,30,34.1,19.8,49,1.4
2005,4,1,38.6,23.8,12,1.1
2005,5,9,40.4,27,16,1
2005,6,66,39.9,29.5,68,-1.3
2005,7,174,32.7,26.7,141,-2.6
2005,8,287,33.1,27.5,127,-3.2
2005,9,100,32.8,25.7,115,-4.4
2005,10,30,31.7,22.4,68,-4.5
2005,11,0,29.7,14.2,40,-4.9
2005,12,2,25,9.9,25,-4.9
2006,1,0,25.6,10.9,21,-5.4
2006,2,0,30.6,15,12,-6
2006,3,39,32.8,18.2,45,-4.8
2006,4,5,37.6,24.3,10,-4.4
2006,5,29,40.7,27.8,32,-3.2
2006,6,101,37.8,28.1,99,-3.1
2006,7,301,33.2,25.8,138,-2.8
2006,8,126,32.7,26.7,127,-3.8
2006,9,97,32.8,26.1,107,-5
2006,10,8,32.8,23.3,58,-5.9
2006,11,1,28.7,16.8,30,-6.6
2006,12,1,26.3,11.5,19,-6.8
2007,1,0,24.2,9.8,11,-7.3
2007,2,29,26,13.7,35,-6.4
2007,3,23,33.2,17.2,27,-5.8
2007,4,1,39.4,24.5,4,-5.7
2007,5,14,40.6,26.8,16,-5.1
2007,6,88,38.2,27.1,86,-5.2
2007,7,196,32.9,26.7,123,-5.7
2007,8,271,33.1,27.2,126,-6
2007,9,218,32.6,27.1,116,-5.1
2007,10,4,33.2,22.8,75,-5.5
2007,11,1,30,15.5,44,-5.4
2007,12,0,25.5,11,31,-5.2
2008,1,24,22.5,12.7,40,-4.6
2008,2,1,26.3,12,28,-4.6
2008,3,12,34.4,19.6,27,-4.3
2008,4,2,38.7,24.3,11,-4
2008,5,23,39.9,28.1,28,-3
2008,6,304,35.2,27.7,132,3.7
2008,7,244,31.6,25.6,117,4.3
2008,8,292,32.5,26.9,110,4.5
2008,9,100,32.7,25.8,114,2.9
2008,10,6,32.7,21.9,70,1.7
2008,11,0,30.7,15.2,42,0.9
2008,12,0,26.9,11.9,26,-2.6
2009,1,5,25.6,11.5,28,-3
2009,2,0,29.1,14.7,21,-3.7
2009,3,3,33.9,19,15,-4
2009,4,0,40.8,24.7,8,-4
2009,5,19,40.9,28,23,-3.4
2009,6,27,39.5,29,29,-4.7
2009,7,179,34.5,26.5,135,-5.6
2009,8,158,33.8,27,115,-6.5
2009,9,184,32.8,25.7,125,-6.9
2009,10,34,33.3,21.7,72,-7
2009,11,8,30.6,15.7,37,-7.1
2009,12,1,25.3,12,20,-7.1
2010,1,2,22.8,8.3,15,-7.2
2010,2,5,28.7,12.9,13,-7.3
2010,3,3,35.6,19.8,9,-7.5
2010,4,1,41.6,26,5,-7.2
2010,5,10,41.4,28.2,13,-6.7
2010,6,46,39.3,28.8,47,-7.3
2010,7,153,34.6,27.7,137,-8.3
2010,8,189,33.1,27.9,128,-9
2010,9,115,32.5,27.1,113,-9.9
2010,10,22,32.5,23.6,43,-10.1
2010,11,2,30.6,17,14,-10.8
2010,12,4,24.9,10.8,11,-10.7
2011,1,2,22.3,10.3,7,-10.8
2011,2,3,28.1,13.1,7,-10.8
2011,3,2,33.9,19.5,5,-10.6
2011,4,4,38,24.2,6,-9.8
2011,5,16,40.3,28.4,17,-8.8
2011,6,317,36.8,27.8,168,-4.9
2011,7,238,32.8,27.4,135,-4
2011,8,285,32.8,26.6,111,-2.9
2011,9,299,32.3,26.1,110,-0.9
2011,10,24,32.6,21.8,82,-1.3
2011,11,0,30.1,15.1,46,-1.5
2011,12,0,26.1,10.5,30,-1.6
2012,1,60,21.2,10,60,3.6
2012,2,3,26.9,13.9,37,3.2
2012,3,4,33.8,18.1,26,2.5
2012,4,2,38.4,24.6,14,2.2
2012,5,1,42,28,9,1.5
2012,6,76,40.4,30,78,-1.7
2012,7,374,33.2,27.1,132,-0.5
2012,8,342,33.2,26.6,123,1.9
2012,9,296,32.8,25.7,121,3.3
2012,10,4,32.3,20.7,74,2
2012,11,0,29.2,13.3,46,1.3
2012,12,0,25.4,10.1,30,0.8
2013,1,4,22.9,9.2,26,-2.1
2013,2,13,26.4,13,33,-2
2013,3,12,33.5,17.9,26,-2.1
2013,4,2,38.2,24.3,10,-2.1
2013,5,0,41.5,28.5,6,-2.5
2013,6,201,37.3,27.8,170,-1
2013,7,286,33.2,27.2,143,-0.9
2013,8,356,33,26.1,127,1.7
2013,9,161,33.2,26.1,124,1.2
2013,10,81,30.8,22.6,92,2
2013,11,0,28.6,13.3,53,2
2013,12,0,24.2,10.7,35,2.1
2014,1,66,21.5,10,63,3.6
2014,2,18,25.5,12.6,46,4.2
2014,3,17,32.4,17.5,61,5
2014,4,0,39.1,23.9,19,4.6
2014,5,26,41,27.5,35,4.8
2014,6,8,39.4,28.5,15,2.6
2014,7,127,33.5,27,123,-3.5
2014,8,168,33.2,27,126,-4.8
2014,9,30,32.3,25.7,45,-7.4
2014,10,6,32,21.2,16,-8.7
2014,11,0,29.3,14.2,7,-10.1
2014,12,1,23.7,10.3,5,-10.4
2015,1,26,20.4,9.4,28,-9.6
2015,2,11,26.9,13.2,13,-9.3
2015,3,16,31.6,17.2,18,-8.8
2015,4,4,36.1,23,5,-8.2
2015,5,7,41.8,28,8,-7.8
2015,6,110,39.1,28.6,106,-7.2
2015,7,267,33.7,25.7,137,-6.9
2015,8,407,33.2,26.8,120,-5.5
2015,9,66,33.5,25.6,111,-6.6
2015,10,33,32.9,21.9,80,-6.5
2015,11,2,29.8,14.7,41,-6.5
2015,12,1,24.2,10.3,25,-6.3
2016,1,22,22.4,9.8,34,-6.2
2016,2,7,28,14.8,28,-6.4
2016,3,7,33.8,19.2,18,-5.6
2016,4,2,39.9,24.3,9,-5.5
2016,5,13,40.9,27,18,-4.7
2016,6,157,38.9,28.3,152,-4.9
2016,7,345,33.1,26.1,126,-4.5
2016,8,193,33.1,26.7,128,-4.6
2016,9,254,32.6,25.9,100,-4
2016,10,54,32.4,21.9,88,-3.7
2016,11,1,28.9,14.4,53,-3.5
2016,12,0,24.7,10.9,32,-3.2
2017,1,52,22.2,9.6,58,-3.2
2017,2,4,27,13.3,37,-3.2
2017,3,14,31.9,17.8,40,-3.1
2017,4,4,38.3,24.5,17,-3
2017,5,8,41.2,27.4,16,-3
2017,6,83,38.6,28,85,-3.5
2017,7,383,33,26.1,121,-3.2
2017,8,246,33.2,26.9,125,-3.4
2017,9,91,32.9,26.1,105,-4.1
2017,10,20,32.3,22.1,74,-4.5
2017,11,1,29.1,14.7,45,-4.6
2017,12,0,24.8,11.2,28,-4.5
2018,1,4,21.9,9.6,26,-4.7
2018,2,3,27.4,14.1,27,-4.7
2018,3,2,33.4,18.8,15,-4.7
2018,4,2,37.4,23.4,10,-4
2018,5,11,40.6,27,16,-3.5
2018,6,99,38.4,27.7,99,-3.7
2018,7,321,33.4,26.4,139,-3.6
2018,8,297,32.9,26.6,118,-3.4
2018,9,168,32.5,25.5,120,-3.4
2018,10,16,31.6,21.2,80,-3.6
2018,11,1,28.7,14.1,46,-3.5
2018,12,0,23.6,9.6,29,-3.4
2019,1,11,21.9,9.3,28,-2.5
2019,2,6,26.3,12.6,29,-2.3
2019,3,9,31.9,16.6,28,-2.1
2019,4,2,38.3,23.4,13,-1.9
2019,5,3,41.6,27.7,10,-2.1
2019,6,37,40,29.7,40,-3.3
2019,7,387,34,27.2,137,-1.9
2019,8,258,33.9,27.8,139,-1.5
2019,9,326,32.5,25.9,113,3
2019,10,45,32.1,21.8,79,2.9
2019,11,1,29.9,15.5,50,2.6
2019,12,8,22.9,8.9,33,2.7
