Product: Historical Climate - TerraClimate(http://www.climatologylab.org/terraclimate.html) 
Location (Lat/Lon of 4-km Grid Cell Center): 26.1458 North,87.4375 East 
Data Source: NW Climate Toolbox(https://climatetoolbox.org/tool/point-data-download)
Download Date: 07/24/2020
Variable List: 
ppt: ppt (Precipitation)
tmax: tmax (Maximum Temperature)
tmin: tmin (Minimum Temperature)
aet: aet (Actual Evapotranspiration)
PDSI: pdsi (Palmer Drought Severity Index (PDSI))
********************************************************
Year,Month,ppt(mm),tmax(degC),tmin(degC),aet(mm),PDSI(unitless)
1958,1,21,25.7,11.3,40,0.8
1958,2,2,26.8,12.3,25,0.7
1958,3,3,32.6,15.3,14,-0.5
1958,4,40,36.2,21.9,45,0.2
1958,5,62,35.3,25.2,63,-1.1
1958,6,263,34.5,26.2,147,-1.8
1958,7,319,33,26.1,134,-2.7
1958,8,733,31.3,25.9,103,2.1
1958,9,211,32.3,25.2,104,1.2
1958,10,118,32.4,22.5,108,1.1
1958,11,3,29.9,14.4,53,1
1958,12,1,26.3,11.2,32,1
1959,1,31,24.2,10.4,45,1.8
1959,2,1,26.2,11.5,27,1.9
1959,3,31,32,15.2,42,2.1
1959,4,34,35.5,21.8,39,2
1959,5,49,34.5,24.3,52,0.7
1959,6,363,32.4,25,125,1
1959,7,311,32,26,130,-1.4
1959,8,278,32,25.7,116,-2
1959,9,283,31,24.1,104,-1.6
1959,10,186,29.8,22.9,101,1.2
1959,11,0,28.4,14.4,51,1
1959,12,0,25.9,10.7,31,1
1960,1,0,23.8,8.9,28,0.7
1960,2,1,28.9,12.6,19,-0.2
1960,3,52,30.5,14.6,59,1.4
1960,4,7,36.6,20.7,13,-0.8
1960,5,84,35.2,24.3,84,-1.1
1960,6,282,33,25.2,142,-1.6
1960,7,449,31.4,25.8,117,-1.6
1960,8,311,32,26.2,123,-2
1960,9,331,30.9,25,99,-1
1960,10,61,30.8,21.6,90,-1.6
1960,11,0,28.2,13.1,44,-1.8
1960,12,0,26.8,10.6,26,-1.9
1961,1,4,24.6,10.8,23,-1.9
1961,2,18,25.8,11.1,29,-1.5
1961,3,13,32.2,16.5,19,-1.7
1961,4,20,36.1,21.1,24,-1.9
1961,5,102,34.6,24.4,101,-1.9
1961,6,428,32.5,25,140,-0.9
1961,7,255,32.4,25.7,138,-1.9
1961,8,487,32.1,26.1,123,-1.2
1961,9,172,31.5,25,120,-2.4
1961,10,217,30.9,21.3,104,-0.7
1961,11,5,26.3,13.2,51,1.5
1961,12,1,22.9,8.1,31,1.5
1962,1,21,24,8.4,39,2
1962,2,13,26.3,11.4,35,2.6
1962,3,23,32,14.1,37,2.6
1962,4,31,34.9,20.5,38,2.4
1962,5,101,33.3,23.5,101,2.1
1962,6,399,31.9,25.1,123,2.6
1962,7,331,32.5,25.7,132,1.6
1962,8,707,31,25.4,104,3.4
1962,9,231,31.6,24.8,108,2.5
1962,10,66,30.6,20.1,89,1.7
1962,11,0,29,13.3,45,1.2
1962,12,3,25.1,10,28,1
1963,1,3,24.3,7.9,27,0.7
1963,2,0,28.7,10.9,13,-1.6
1963,3,30,30.7,15.1,36,-1.2
1963,4,49,33.2,20.1,51,-0.6
1963,5,124,32.7,23.1,121,1
1963,6,451,32,24.7,129,2.1
1963,7,482,31.8,25.8,116,1.9
1963,8,413,31.6,25.9,119,1.8
1963,9,270,31.9,24.6,109,1.6
1963,10,169,30.5,21.6,108,2.2
1963,11,34,27.3,14.9,65,3
1963,12,0,25.9,10.4,37,3.1
1964,1,0,24.6,9.4,32,2.7
1964,2,1,27.1,11.7,24,2.3
1964,3,7,32.9,16.2,18,1.6
1964,4,33,34.8,21.8,38,1.4
1964,5,131,33,22.9,129,1.6
1964,6,209,33.5,25.2,151,-1.4
1964,7,780,31,25.4,127,1
1964,8,290,31.7,25.8,124,-0.7
1964,9,262,31.4,25.3,111,-0.8
1964,10,82,32,22.2,99,-1.2
1964,11,1,28.5,14.3,50,-1.2
1964,12,0,25.7,9.8,31,-1.4
1965,1,0,25.5,8.9,23,-1.7
1965,2,2,26.8,10.6,13,-2
1965,3,38,30.3,13.7,43,-1.4
1965,4,16,34.7,20.4,20,-1.7
1965,5,55,35,24.1,56,-2.5
1965,6,327,33.2,25.2,144,-2.5
1965,7,441,31.3,25.2,125,-2.4
1965,8,602,31.2,25,120,-1
1965,9,226,31.6,24,107,-1.4
1965,10,87,30.2,20.3,96,-1.6
1965,11,31,27.7,13.9,60,1
1965,12,0,25.4,8.7,34,1.2
1966,1,41,23.4,9.1,50,2.4
1966,2,8,28.1,12.9,36,2.9
1966,3,1,32.8,15.3,14,2.1
1966,4,13,35.8,20.9,20,1.3
1966,5,70,35.6,24.5,72,-1.7
1966,6,150,32.9,25.4,144,-3.1
1966,7,503,32.2,25.5,128,-3.4
1966,8,723,31.4,25.8,114,-1.1
1966,9,135,31,23.8,116,-2.7
1966,10,41,29.9,19.5,80,-3.3
1966,11,17,29.4,14.6,50,-2.9
1966,12,2,25.4,10.2,29,-2.8
1967,1,2,24.9,9.7,24,-2.9
1967,2,3,28.9,11.7,14,-3
1967,3,54,30.3,14.5,58,-1.6
1967,4,41,33.7,19.1,43,-1.2
1967,5,73,34.3,23.3,72,-1.7
1967,6,282,32.8,24.9,148,-2.2
1967,7,383,32.5,25.4,131,-2.6
1967,8,339,31.8,25.4,129,-2.8
1967,9,178,31.5,24,113,-3.7
1967,10,35,30,19.7,79,-4.2
1967,11,1,26.1,12.6,42,-4.3
1967,12,0,25.9,10.6,23,-4.3
1968,1,26,22.7,9.6,36,-3.4
1968,2,2,26.1,10.7,14,-3.4
1968,3,35,31.4,15.7,40,-2.6
1968,4,15,34.2,20.3,19,-2.9
1968,5,47,34.4,23.9,49,-3.7
1968,6,380,30.7,24.4,123,-2.9
1968,7,460,31.1,25.5,122,-2.6
1968,8,311,32.1,25.2,126,-2.9
1968,9,279,32.4,25.3,106,-2.5
1968,10,297,29.2,20.3,104,2.8
1968,11,1,27.7,14.2,49,2.4
1968,12,0,25.2,10.6,31,2.3
1969,1,3,24.1,9,30,2
1969,2,3,28.2,11.3,23,1.7
1969,3,47,33.4,15.9,54,2.3
1969,4,26,35.3,20.7,31,1.9
1969,5,91,34,23.5,90,1.6
1969,6,406,32.9,25.1,137,2.1
1969,7,570,31.7,25.7,130,2.3
1969,8,332,31.4,24.9,113,1.7
1969,9,271,31.5,24.8,114,1.4
1969,10,17,30.7,20.8,74,-1.6
1969,11,14,29.3,14.8,46,-1.7
1969,12,0,26.1,10.4,23,-2
1970,1,14,23.9,9.8,28,-1.9
1970,2,9,26.3,11.5,18,-1.9
1970,3,15,32,15.4,20,-1.9
1970,4,13,36.1,21,16,-2.4
1970,5,83,35.5,24.9,82,-2.7
1970,6,365,32.4,24.7,132,-2.2
1970,7,567,31.7,25.8,123,-1.5
1970,8,383,31.8,25.8,123,-1.5
1970,9,265,31.5,24.8,106,-1.4
1970,10,67,31.3,21.3,92,-1.8
1970,11,3,28,13.5,47,-1.9
1970,12,0,26.5,9,27,-1.9
1971,1,4,24.2,9.4,25,-1.9
1971,2,4,26.5,10,16,-2
1971,3,14,31.9,14.7,20,-2.1
1971,4,107,32.9,19.9,106,2.2
1971,5,129,32.1,22.8,126,2.5
1971,6,534,30.9,25,120,4.4
1971,7,421,31.2,24.7,124,3.7
1971,8,444,31,24.2,109,3.6
1971,9,251,32.3,24.1,104,3
1971,10,197,30.4,21.5,100,4
1971,11,16,27.2,13.4,56,4
1971,12,0,26,9.5,36,3.9
1972,1,5,25.5,9.7,31,3.5
1972,2,15,25.7,10.3,35,3.7
1972,3,12,32.9,15.6,23,3.1
1972,4,18,35.6,19.6,24,2.3
1972,5,62,36.4,24.5,64,1.1
1972,6,287,33.5,24.6,155,-2.1
1972,7,439,33.3,25.7,128,-2.2
1972,8,200,32.1,24.8,135,-3.3
1972,9,372,31.8,24.1,106,-1.8
1972,10,55,31.2,20.3,86,-2.3
1972,11,7,27.4,13.3,46,-2.2
1972,12,0,25.5,10.1,28,-2.2
1973,1,33,24.9,10.6,43,-1.2
1973,2,9,27.4,12.6,25,-1.1
1973,3,19,31.5,14.1,26,-1
1973,4,11,36.5,21,16,-1.6
1973,5,125,33.6,23.4,123,-1
1973,6,547,31.4,24.8,122,2.6
1973,7,272,33,25.1,134,1.3
1973,8,369,31.9,25.3,130,0.9
1973,9,286,31.4,25.2,106,1
1973,10,291,29.5,22.1,103,3.5
1973,11,17,26.8,14.7,55,3.6
1973,12,0,25,10.5,35,3.5
1974,1,11,23.6,9.5,34,3.4
1974,2,0,27.4,11.4,26,3.2
1974,3,35,31.5,15.9,45,3.4
1974,4,33,35.3,21.3,38,3
1974,5,127,33.8,23.8,125,3.1
1974,6,347,32.7,24.8,126,2.9
1974,7,788,31.1,25.1,132,4.2
1974,8,585,31.7,25.5,128,4.8
1974,9,311,31.6,24.1,106,4.8
1974,10,127,33,23,110,4.4
1974,11,2,29.3,13.3,54,3.9
1974,12,2,24.6,9.3,31,3.6
1975,1,19,23.8,9.5,38,3.8
1975,2,7,26.4,11.8,29,3.6
1975,3,4,32.3,15,14,2.7
1975,4,25,36.5,20.8,30,2.1
1975,5,131,34.9,23.5,129,2.2
1975,6,437,33,25,147,2.8
1975,7,640,31.2,24.9,113,3.4
1975,8,219,32.2,24.9,118,2
1975,9,505,30.7,24.9,105,4.5
1975,10,111,32.2,23.2,108,4
1975,11,0,29.3,13.6,54,3.4
1975,12,0,25.5,9.4,32,3.1
1976,1,8,24.7,9.2,31,2.8
1976,2,18,27.5,13.2,34,2.9
1976,3,3,32.5,16.2,12,2
1976,4,29,35.5,20.8,33,1.6
1976,5,158,33.2,23.5,154,2.2
1976,6,484,32.2,24.8,137,3.4
1976,7,388,32.1,24.9,117,2.7
1976,8,526,31.3,24.9,129,3.1
1976,9,196,31.5,24.2,105,1.9
1976,10,55,31.3,20.6,88,1
1976,11,1,31.3,15.7,48,-1.8
1976,12,0,26.2,9.5,28,-2.1
1977,1,1,24.5,9.8,19,-2.5
1977,2,2,28.4,11.9,11,-2.9
1977,3,7,33.9,17.1,13,-3.2
1977,4,52,34.1,21,54,-2.3
1977,5,144,31.8,22.1,140,-1.4
1977,6,202,31.3,24.1,131,-2.4
1977,7,365,31.7,25.6,135,-3.2
1977,8,434,32.2,25.9,117,-2.7
1977,9,159,32.1,24.8,114,-3.8
1977,10,185,29.7,21.2,108,-2.4
1977,11,27,29.2,16,63,-1.4
1977,12,6,24.3,10.7,38,-0.7
1978,1,7,22.9,8.2,34,2.1
1978,2,8,25.7,11.3,32,2.3
1978,3,42,30.4,13.9,52,2.8
1978,4,48,34,20,53,3
1978,5,158,33.6,24.2,151,3.7
1978,6,345,31.8,24.7,143,3.2
1978,7,489,31.8,25.2,121,3
1978,8,285,32,25.6,118,2
1978,9,261,30.9,24.8,112,1.6
1978,10,118,31.1,22.1,104,1.5
1978,11,21,29,16.2,58,2
1978,12,2,25.6,10.6,36,2.1
1979,1,5,25.3,10.1,33,2
1979,2,16,25.3,11.3,38,2.4
1979,3,2,31.5,16,13,1.4
1979,4,50,35.3,21.6,54,1.8
1979,5,41,37.2,24.2,43,-1.5
1979,6,303,33.6,25.4,154,-1.9
1979,7,548,32.3,25.6,129,-1.4
1979,8,441,32.3,25.9,133,-1.1
1979,9,219,31.9,24.2,116,-1.8
1979,10,180,31,22.1,105,-0.6
1979,11,25,30.9,17.1,59,1.6
1979,12,7,24.3,12.6,39,2
1980,1,3,24,9.7,34,1.9
1980,2,7,27,12.5,32,2.1
1980,3,31,31.3,15.8,41,2.2
1980,4,12,36.3,22.2,19,1.3
1980,5,124,32.9,23.8,123,1.5
1980,6,316,32.3,25.4,130,1.1
1980,7,478,32.1,25.8,131,1
1980,8,442,32.4,25.7,117,1.2
1980,9,255,32.1,25.4,114,0.7
1980,10,45,30,21.6,85,-1.2
1980,11,5,29.4,13.9,45,-1.5
1980,12,0,27.1,11.4,27,-1.7
1981,1,12,22.5,10,26,-1.5
1981,2,8,27.6,12.1,18,-1.7
1981,3,41,30.8,15.4,46,-0.9
1981,4,56,33.2,19.9,58,1.3
1981,5,128,32.8,23.2,125,1.7
1981,6,300,33.2,25.4,145,1
1981,7,592,31.5,26,123,1.4
1981,8,445,32.7,25.8,117,1.5
1981,9,227,31.9,24.6,114,0.8
1981,10,1,32.7,20.9,67,-1.9
1981,11,2,28.7,14,43,-2.7
1981,12,1,25,9.7,21,-3.1
1982,1,0,25.3,10.1,11,-3.6
1982,2,5,26,12,11,-3.7
1982,3,26,30.5,14.5,29,-3.3
1982,4,34,34.3,20.8,35,-3
1982,5,52,35.4,23.6,51,-3.9
1982,6,314,32.5,24.9,128,-3.8
1982,7,429,33.3,26,135,-3.6
1982,8,172,32.7,25.2,136,-4.7
1982,9,321,33.2,24.7,120,-3.8
1982,10,51,30.7,20.9,88,-4.2
1982,11,17,27.8,14.7,47,-3.7
1982,12,1,25.4,10.6,27,-3.4
1983,1,13,23.4,9.2,30,-2.9
1983,2,1,26.2,10.8,17,-2.9
1983,3,7,31.8,15.3,15,-3.1
1983,4,37,33.8,19.7,41,-2.7
1983,5,175,33.2,23.1,146,-1
1983,6,271,33.9,25.2,153,-1.5
1983,7,735,33.4,25.7,121,1.9
1983,8,243,33.3,25.2,124,0.7
1983,9,216,32,25.5,108,-1.5
1983,10,119,31.2,21.7,114,-1.4
1983,11,0,29,13.3,56,-1.4
1983,12,7,25.6,9.7,36,-0.9
1984,1,19,24.1,9.5,38,0.4
1984,2,8,26.9,11.7,28,0.8
1984,3,7,34.1,16.1,17,-0.5
1984,4,28,35.8,21.4,33,-0.6
1984,5,116,34.9,24.8,114,0.3
1984,6,490,31.8,25.1,122,1.9
1984,7,714,30.9,25.7,120,3
1984,8,224,31.7,24.9,125,1.6
1984,9,584,31.2,24.1,108,5.1
1984,10,34,32.5,22.6,79,3.6
1984,11,1,28,13.2,45,2.5
1984,12,1,26.7,11.6,24,1.8
1985,1,3,23.9,10.7,19,1.1
1985,2,8,27.7,12,16,0.7
1985,3,9,34.7,17.5,14,-2.6
1985,4,19,36.4,21.8,22,-2.9
1985,5,126,33.6,23.6,123,-2.2
1985,6,216,32.9,25.4,143,-3.1
1985,7,663,30.3,25.1,120,-2.3
1985,8,322,32.2,26.1,127,-2.6
1985,9,328,31.2,25.1,107,-1.7
1985,10,138,31,21.5,100,-1.1
1985,11,5,28.6,14.3,52,-0.9
1985,12,8,26.4,11.8,37,1.3
1986,1,1,25.2,10.6,30,1.1
1986,2,2,27.4,11.9,22,0.8
1986,3,2,32.4,15.5,12,-0.7
1986,4,45,33.8,20.7,49,0.4
1986,5,144,32.9,22.5,141,1.1
1986,6,183,33.6,25.4,144,-1.3
1986,7,346,31.6,25.1,125,-2.5
1986,8,291,32.4,25.2,124,-2.9
1986,9,270,31.3,24.3,108,-2.6
1986,10,130,29.8,20.5,102,-2.1
1986,11,14,29,15,52,-1.5
1986,12,6,24.8,10.9,38,-0.8
1987,1,0,24.2,9.7,31,-0.8
1987,2,13,28,12.8,36,1.2
1987,3,42,31.6,16,51,1.9
1987,4,39,34.3,20.9,43,1.9
1987,5,62,34.3,23,63,0.7
1987,6,300,33.4,26.1,137,-1.4
1987,7,436,31.6,25.7,127,-1.5
1987,8,670,30.8,25.4,113,1.7
1987,9,342,31.6,25.6,114,2.2
1987,10,174,30.9,21.6,102,2.9
1987,11,5,28.7,14.5,54,2.7
1987,12,1,26.3,11.2,33,2.5
1988,1,2,25.6,11.2,29,2.1
1988,2,16,28,13.2,34,2.2
1988,3,48,31.9,16.4,55,2.8
1988,4,62,35.5,21.7,65,3.4
1988,5,89,34.2,24.6,89,2.7
1988,6,262,32,24.6,135,1.7
1988,7,468,31.2,26.2,120,1.3
1988,8,564,31.3,26.1,98,2.3
1988,9,236,32.5,25.4,109,1.6
1988,10,22,32.4,21.2,82,-1.6
1988,11,14,28.9,15,51,-2
1988,12,3,26.4,12.1,24,-2.2
1989,1,16,23.9,9.7,28,-2.1
1989,2,9,26.7,12.7,16,-2.3
1989,3,9,32.1,16.5,14,-2.6
1989,4,7,36.2,21.4,10,-3.3
1989,5,122,35.3,24.3,119,-2.7
1989,6,305,31.8,25,129,-2.8
1989,7,555,32.1,25.4,111,-2.1
1989,8,281,31.5,25.5,115,-2.5
1989,9,372,31.9,25.9,94,-1
1989,10,41,31.7,22.5,84,-1.8
1989,11,5,28.5,15.2,45,-2
1989,12,1,24.5,10.1,25,-2.2
1990,1,0,26.4,10.4,18,-2.5
1990,2,13,26.1,12.9,22,-2.2
1990,3,22,30.2,15.4,26,-2
1990,4,31,33.9,21.1,34,-1.8
1990,5,141,33.5,24.1,133,-0.7
1990,6,255,33.1,25.7,116,-1.2
1990,7,380,31.3,25.9,107,-1.6
1990,8,306,32,25.9,113,-1.9
1990,9,287,31.8,25.6,103,-1.5
1990,10,80,30.6,21.5,94,-1.8
1990,11,3,30.3,15.3,54,-1.7
1990,12,0,26,11.1,30,-1.7
1991,1,24,22.9,9.3,36,-1
1991,2,4,28.3,13.2,20,-1.2
1991,3,21,32.9,16.4,29,-1.1
1991,4,23,35.1,21,28,-1.2
1991,5,88,34.7,23.9,88,-1.5
1991,6,323,31.3,25.2,126,-1.4
1991,7,285,32.1,26.1,138,-2.3
1991,8,431,31.4,25.7,121,-1.9
1991,9,466,31.3,24.5,104,2.5
1991,10,33,31.9,21.4,77,1.3
1991,11,5,28.9,13.6,44,0.7
1991,12,3,24.5,10.3,26,-1.4
1992,1,9,23.8,9.5,25,-1.4
1992,2,7,25.2,10.8,17,-1.5
1992,3,6,33.9,17,12,-2.2
1992,4,32,36.2,21.1,35,-2.1
1992,5,100,32.6,23.1,98,-2
1992,6,167,32.8,24.5,149,-3.2
1992,7,371,31.2,25,133,-4.2
1992,8,314,31.4,25.4,129,-4.4
1992,9,256,32.2,24.3,122,-4.3
1992,10,62,31.1,21.5,87,-4.4
1992,11,4,28.3,13.8,49,-4.2
1992,12,0,24.5,10.1,27,-4
1993,1,16,24.9,11.5,33,-3.4
1993,2,3,28.4,13,17,-3.3
1993,3,21,30.6,14.3,28,-3
1993,4,32,33.6,20.2,35,-2.6
1993,5,128,33.7,23.3,125,-1.8
1993,6,303,32.3,24.9,130,-2
1993,7,321,32.9,25.4,131,-2.6
1993,8,344,31.6,25.7,106,-2.6
1993,9,315,31,24.6,109,-1.8
1993,10,30,31.7,22,70,-2.6
1993,11,8,29.7,14.5,43,-2.6
1993,12,0,26.3,10.9,27,-2.6
1994,1,28,24.8,10.4,40,-2
1994,2,16,25.5,11.8,28,-1.5
1994,3,9,32.7,16.5,16,-1.8
1994,4,18,34.1,20.4,22,-2
1994,5,69,34.6,24.3,69,-2.6
1994,6,265,32.7,25.5,135,-3
1994,7,271,33,25.1,142,-4
1994,8,319,32,25.4,129,-4.1
1994,9,216,32.6,25,124,-4.6
1994,10,39,31.8,20.6,81,-5
1994,11,12,26.9,14.5,50,-4.7
1994,12,0,25.6,10.3,26,-4.6
1995,1,19,22.7,9.2,32,-4
1995,2,9,27.3,13.4,20,-3.7
1995,3,10,32.7,16.3,17,-3.8
1995,4,8,35.9,20.8,12,-4.2
1995,5,51,36.3,25.3,52,-5
1995,6,286,33.4,26.3,126,-5
1995,7,421,31.9,25.7,134,-4.8
1995,8,375,31.7,25.4,123,-4.5
1995,9,366,31.9,25,115,-3
1995,10,28,32.2,21.7,80,-3.8
1995,11,36,28.3,14.6,60,-3
1995,12,1,25.2,11.1,27,-2.9
1996,1,28,24.8,10.7,39,-2.1
1996,2,9,26.5,11.1,23,-1.9
1996,3,11,33.3,17.1,18,-2.2
1996,4,27,35.4,20.5,31,-2.2
1996,5,70,35.2,24.7,70,-2.7
1996,6,261,32.1,24.3,123,-3
1996,7,410,32,26.2,125,-3.2
1996,8,340,31.3,25.1,121,-3.2
1996,9,200,31.3,25.2,115,-3.9
1996,10,100,31.2,22,101,-3.6
1996,11,0,30.2,14.7,55,-3.4
1996,12,0,26.5,9.2,33,-3.1
1997,1,19,24.2,9.1,35,-2.3
1997,2,7,26,12,24,-2
1997,3,17,32.2,16.1,26,-1.9
1997,4,73,32.4,19.7,75,1.6
1997,5,92,33.5,23.8,91,1.1
1997,6,270,32.4,25.3,132,-0.6
1997,7,507,32,25.6,126,0
1997,8,375,32.2,25.2,119,-0.9
1997,9,371,30.9,24.9,105,1.2
1997,10,16,29.4,20.3,80,-1.2
1997,11,5,28.5,15.4,43,-2
1997,12,11,23.7,10.8,28,-2
1998,1,5,24.7,10.3,17,-2.4
1998,2,6,28,12.8,13,-2.6
1998,3,42,31.2,15.3,44,-1.8
1998,4,47,34.6,20.9,48,-1.2
1998,5,97,35.4,24.7,95,-1.3
1998,6,334,34,26.4,140,-1.3
1998,7,566,31.7,26.2,119,-0.7
1998,8,562,31.4,26.5,97,1.9
1998,9,272,32.4,25.4,111,1.6
1998,10,156,33.1,24,103,2
1998,11,13,29.3,15.9,61,2.1
1998,12,0,25.9,10.9,36,2.1
1999,1,3,25.3,10.1,32,1.7
1999,2,1,29.5,13.4,16,1
1999,3,4,34.5,16.5,12,-1.3
1999,4,32,37.9,22.7,36,-1.2
1999,5,156,34.4,25,151,0.9
1999,6,335,32.5,25.8,129,0
1999,7,621,31.4,25.6,129,1.5
1999,8,615,31.2,25.8,111,2.7
1999,9,321,31.7,24.8,118,2.8
1999,10,196,30.5,22.7,106,3.7
1999,11,6,29.1,15.6,56,3.4
1999,12,0,25.8,12.4,32,3.1
2000,1,8,24,10.5,33,2.9
2000,2,9,25.5,11.5,28,2.7
2000,3,21,30.7,15.7,30,2.5
2000,4,66,34.1,21.3,68,3.2
2000,5,214,33.9,24.4,144,5
2000,6,347,32.4,25.6,129,5.2
2000,7,359,31.8,26,138,4.1
2000,8,446,31.8,25.8,117,3.9
2000,9,346,30.9,24.5,103,4.4
2000,10,33,31.7,22.1,81,3
2000,11,1,29.9,15.6,42,2
2000,12,0,26.9,10.4,26,1.2
2001,1,4,27,10.6,19,-2.4
2001,2,6,29.3,13.2,13,-2.7
2001,3,19,31.9,15.7,23,-2.6
2001,4,42,34.9,21.1,44,-2.1
2001,5,256,33.7,24.5,143,3.1
2001,6,370,31.9,25.3,128,4
2001,7,548,32.2,25.6,139,3.9
2001,8,427,31.9,26.4,124,3.7
2001,9,180,32.4,25.5,116,2.1
2001,10,102,31.7,22.8,103,1.7
2001,11,2,30.4,15.2,53,1.4
2001,12,0,26.7,10.8,33,1.3
2002,1,15,24.2,10.5,35,1.4
2002,2,3,28.6,12.7,20,1.1
2002,3,30,33,16.6,37,1.3
2002,4,36,35.2,21,40,1.3
2002,5,118,33.8,24.2,116,1.5
2002,6,225,33,25.7,124,-0.9
2002,7,583,31.4,26.5,123,0.2
2002,8,515,31.9,25.8,122,0.9
2002,9,205,31.4,25.1,116,-0.9
2002,10,87,31.5,21.3,97,-1.1
2002,11,18,29.8,15,58,-0.6
2002,12,0,26.5,11.3,31,0.1
2003,1,18,25.4,9,39,0.8
2003,2,17,26.8,12.5,35,1.2
2003,3,26,31.5,16.1,35,1.4
2003,4,27,35.9,21.8,32,1.2
2003,5,74,33.7,24.1,74,-0.6
2003,6,357,32.3,26.3,123,0.2
2003,7,569,32,26.2,120,0.7
2003,8,310,33,26.4,118,-0.5
2003,9,326,32,26.1,109,0.7
2003,10,130,32.3,22.5,103,0.9
2003,11,4,30.1,15.5,56,0.8
2003,12,4,24.8,10.8,35,1
2004,1,13,23.9,10.2,35,1.1
2004,2,1,28.3,12,21,0.9
2004,3,13,35.5,17.5,23,0.6
2004,4,47,34.8,21.6,51,1.1
2004,5,147,35.2,25.4,144,1.6
2004,6,234,32,25.9,121,0.6
2004,7,622,30.7,26,118,1.1
2004,8,312,32.6,26,124,-0.6
2004,9,258,32.9,25,106,-0.8
2004,10,129,30.4,21.6,109,0.2
2004,11,24,27.9,14.9,61,0.9
2004,12,0,27.4,11.6,34,1.1
2005,1,25,24,11.9,42,1.8
2005,2,5,27.9,14.1,35,1.9
2005,3,38,33.1,17.5,49,2.3
2005,4,30,35.2,21.3,35,2
2005,5,82,33.7,23.9,83,1.3
2005,6,220,33.4,26.1,149,-1.5
2005,7,404,31.9,26.4,139,-2.3
2005,8,347,32.3,26.7,121,-2.4
2005,9,251,32.5,25.2,128,-2.6
2005,10,125,30.7,22.6,103,-2.2
2005,11,0,29.9,14.5,56,-2.1
2005,12,0,26.6,10.6,36,-1.8
2006,1,0,27.8,10.8,29,-2.1
2006,2,0,31.5,14.3,13,-2.4
2006,3,25,32.9,17.1,31,-2.2
2006,4,65,34.1,21.5,67,-1
2006,5,176,34.5,25.2,168,2.1
2006,6,300,32.6,25.8,126,1.5
2006,7,437,33,26.1,144,1.1
2006,8,303,32.6,26.1,143,-1.2
2006,9,267,32.5,25.4,110,-1.2
2006,10,58,31.2,22.5,91,-1.8
2006,11,21,28.4,16.9,55,-1.4
2006,12,1,27.9,12.1,30,-1.3
2007,1,3,27,10.7,26,-1.5
2007,2,23,26.2,12.8,34,-0.8
2007,3,14,33.3,16.2,20,-1
2007,4,21,36.3,21.9,25,-1.2
2007,5,119,35.5,25.3,116,-0.9
2007,6,292,33.4,25.3,129,-1.3
2007,7,506,31.8,26.1,106,-0.9
2007,8,396,32.6,26.5,117,-0.8
2007,9,426,31.8,26,106,2
2007,10,35,32.6,23.2,77,0.9
2007,11,9,29.7,15.5,48,-1.1
2007,12,0,27.2,11.4,28,-1.4
2008,1,14,24.5,12.4,31,-1.4
2008,2,1,26.6,11.4,11,-1.7
2008,3,30,32.9,17.2,34,-1.3
2008,4,21,35.9,22.6,24,-1.6
2008,5,174,33.9,25.6,157,1.3
2008,6,589,31,26,115,4.1
2008,7,499,31.5,25.9,121,3.8
2008,8,377,31.8,26.2,104,3.4
2008,9,190,32.3,25.2,114,2
2008,10,77,31.6,21.6,96,1.3
2008,11,1,30.1,15.2,47,0.9
2008,12,0,27.8,12,26,0.7
2009,1,3,27.6,11.7,28,-1.7
2009,2,2,29.5,13.7,15,-2
2009,3,20,33.2,17,26,-2
2009,4,10,37.6,22.4,14,-2.5
2009,5,225,34.1,24.7,157,2.2
2009,6,139,33.4,26.2,134,0.8
2009,7,430,33.4,26.2,134,-1.8
2009,8,424,32.9,26.2,109,-1.4
2009,9,222,32.8,25.5,124,-2.1
2009,10,106,32.8,22.1,107,-2
2009,11,9,30.5,15.6,60,-1.7
2009,12,1,26.4,12,33,-1.4
2010,1,0,25.8,9.4,29,-1.6
2010,2,3,29.2,11.9,16,-1.9
2010,3,24,35,18.2,30,-1.8
2010,4,20,37.6,22.7,24,-2
2010,5,164,34.8,25.2,158,-0.8
2010,6,255,33.4,26.1,131,-1.5
2010,7,454,32.9,26.9,128,-1.6
2010,8,502,32.3,27,118,-0.8
2010,9,492,31.9,26.2,104,3.2
2010,10,113,31.7,23.7,108,2.8
2010,11,10,30.6,17.2,54,2.7
2010,12,1,26,11,36,2.7
2011,1,5,24.7,10.6,33,2.4
2011,2,22,28.2,11.6,39,2.6
2011,3,14,32.6,17.1,23,2.1
2011,4,29,34.5,21.6,33,1.9
2011,5,204,33.8,25.2,152,3.6
2011,6,385,32.2,25.9,129,4.2
2011,7,570,31.5,26.7,118,4.3
2011,8,442,32.1,25.7,112,4.1
2011,9,438,32,25.6,117,5.5
2011,10,29,31.6,21.7,77,3.9
2011,11,3,29.3,15,40,3
2011,12,0,28.2,11.5,25,2.2
2012,1,19,22.4,9.2,31,2.2
2012,2,10,27,12.6,20,1.7
2012,3,14,33.3,16.4,20,1.1
2012,4,42,34.3,21.3,44,1.3
2012,5,67,35,24.7,67,-2.1
2012,6,249,33.7,26.5,148,-2.8
2012,7,467,32,26.4,120,-2.8
2012,8,388,32.8,26,123,-2.6
2012,9,368,32.1,24.9,110,-1.3
2012,10,33,30.9,20.2,81,-2.1
2012,11,1,29.2,13.4,46,-2.6
2012,12,1,27,10.5,25,-2.8
2013,1,4,25.1,9.5,18,-3.2
2013,2,12,26.7,11.8,19,-3.1
2013,3,8,32.8,16.2,13,-3.3
2013,4,32,34.4,21.4,34,-3
2013,5,110,34,24.6,108,-2.6
2013,6,350,33,26.2,126,-2.3
2013,7,381,32.2,26.5,132,-2.5
2013,8,355,32.2,25.2,126,-2.5
2013,9,178,32.1,24.7,121,-3.6
2013,10,257,30.1,22.6,96,-1
2013,11,0,28.4,13.3,54,-1.1
2013,12,0,24.8,10.5,32,-0.9
2014,1,2,23.2,9.9,28,-1
2014,2,16,25.6,11.6,32,-0.6
2014,3,5,31.9,15.9,13,-1.1
2014,4,8,36.2,21.7,13,-1.8
2014,5,84,34.7,24.7,84,-2.1
2014,6,247,33.3,25.4,121,-2.6
2014,7,203,32.4,26.3,136,-4
2014,8,296,32.2,25.7,115,-4.2
2014,9,301,31.8,24.8,115,-3.5
2014,10,35,31.2,21.1,85,-4.2
2014,11,0,28.8,13.8,43,-4.5
2014,12,0,25.1,10.8,24,-4.5
2015,1,20,23,10.2,33,-4.1
2015,2,15,26.7,11.8,22,-3.7
2015,3,14,31.4,16,19,-3.7
2015,4,64,32.8,20.5,65,-2.3
2015,5,96,34.6,24.3,94,-2.2
2015,6,322,33.1,25.6,129,-2.2
2015,7,407,32.7,25.2,131,-2.3
2015,8,599,32.1,25.6,104,-0.8
2015,9,272,32.5,24.4,120,-0.9
2015,10,48,31.6,21.4,89,-1.7
2015,11,0,29.3,14.3,42,-2.1
2015,12,0,25,10.2,24,-2.2
2016,1,10,23.3,9.9,25,-2.2
2016,2,5,27.5,14,15,-2.5
2016,3,30,32.3,17.4,35,-1.6
2016,4,17,35.8,21.5,21,-2.3
2016,5,123,33.9,23.7,120,-1.6
2016,6,322,33.4,25.6,121,-1.8
2016,7,635,32,25.6,106,-1.4
2016,8,238,33.2,26.1,138,-2.5
2016,9,323,32.2,25.3,97,1.8
2016,10,132,32.3,22.4,108,2.2
2016,11,4,28.8,14.4,56,1.9
2016,12,1,26.1,11.4,33,1.7
2017,1,4,24.3,10.3,31,1.5
2017,2,2,27.7,13,19,1.1
2017,3,60,29.8,15.7,66,1.5
2017,4,58,33.6,21.3,61,1.8
2017,5,131,34.4,24.1,129,1.9
2017,6,192,33.2,25.4,134,0.8
2017,7,486,32.1,25.9,130,-1.7
2017,8,469,32.4,25.8,107,-1.1
2017,9,191,32.7,25.3,116,-1
2017,10,151,31.6,22.3,106,1.1
2017,11,4,29.5,15.2,58,0.9
2017,12,3,26,12.1,35,0.8
2018,1,1,23.7,9.7,27,-0.3
2018,2,7,27.1,13.2,23,-0.6
2018,3,17,31.7,16.6,25,-0.8
2018,4,60,33.5,20.5,63,4.2
2018,5,149,33,23.1,141,6.7
2018,6,281,33.4,25.2,135,6.4
2018,7,359,32.4,25.9,128,5.3
2018,8,268,32.7,26.1,117,4.2
2018,9,164,33,25.2,120,3.5
2018,10,48,30.5,20.9,85,2.4
2018,11,2,28.6,14,45,1.8
2018,12,3,24.9,10.6,28,1.3
2019,1,2,24.7,10.3,21,-3.6
2019,2,24,26.8,12,33,-2.8
2019,3,6,31.4,15,12,-3.1
2019,4,46,34,19.9,48,-2.3
2019,5,78,34.7,24.4,77,-2.6
2019,6,219,34.3,26.9,156,-3.4
2019,7,518,33.2,26.8,139,-3.5
2019,8,419,34,27.6,141,-3.1
2019,9,545,32.2,25.3,105,3
2019,10,46,31.8,22.2,78,1.9
2019,11,1,30.5,16.3,45,1.3
2019,12,3,24.1,9.1,28,1
