Product: Historical Climate - TerraClimate(http://www.climatologylab.org/terraclimate.html) 
Location (Lat/Lon of 4-km Grid Cell Center): 26.1042 North,87.9375 East 
Data Source: NW Climate Toolbox(https://climatetoolbox.org/tool/point-data-download)
Download Date: 07/24/2020
Variable List: 
ppt: ppt (Precipitation)
tmax: tmax (Maximum Temperature)
tmin: tmin (Minimum Temperature)
aet: aet (Actual Evapotranspiration)
PDSI: pdsi (Palmer Drought Severity Index (PDSI))
********************************************************
Year,Month,ppt(mm),tmax(degC),tmin(degC),aet(mm),PDSI(unitless)
1958,1,17,25.4,11.5,37,0.7
1958,2,5,26.6,12.4,27,0.7
1958,3,6,32.6,15.7,16,-0.5
1958,4,39,36.1,21.9,44,0.1
1958,5,86,34.6,24.8,86,-1.2
1958,6,264,34.2,26.1,140,-2.3
1958,7,327,32.8,26.1,129,-3.2
1958,8,731,31.5,25.9,100,-0.7
1958,9,246,32.4,25.1,103,-1.2
1958,10,95,32.3,22.6,100,-1.4
1958,11,6,29.8,14.7,52,-1.2
1958,12,0,26.3,11.9,30,-1
1959,1,30,23.9,10.6,43,1.6
1959,2,1,26,11.6,27,1.6
1959,3,34,32,15.6,44,1.8
1959,4,34,35.4,21.8,39,1.7
1959,5,89,33.9,23.9,90,0.7
1959,6,427,32.3,25,121,0.9
1959,7,349,31.8,25.9,127,-1.2
1959,8,355,32.1,25.6,115,-1.4
1959,9,302,31.2,24.1,103,-1.2
1959,10,216,29.7,22.8,98,1.6
1959,11,0,28.4,14.7,51,1.3
1959,12,0,25.9,11.2,31,1.3
1960,1,0,23.6,9.1,28,0.9
1960,2,1,28.8,12.8,22,-0.3
1960,3,54,30.5,15,62,1
1960,4,5,36.7,20.8,11,-0.9
1960,5,112,34.7,24.1,110,-1.2
1960,6,315,32.9,25.1,140,-2
1960,7,465,31.2,25.8,113,-2
1960,8,291,32.1,26.2,122,-2.5
1960,9,393,31,25.1,99,-1.2
1960,10,56,30.7,21.7,87,-1.9
1960,11,0,28.1,13.4,44,-2.1
1960,12,0,26.7,11.2,26,-2.2
1961,1,4,24.4,11,23,-2.3
1961,2,21,25.5,11.2,34,-1.8
1961,3,14,32.1,16.8,21,-2
1961,4,21,36.1,21.1,26,-2.2
1961,5,126,34,24.1,123,-2.2
1961,6,472,32.3,24.9,138,-1.5
1961,7,268,32.2,25.7,136,-2.6
1961,8,471,32.3,26.1,123,-2
1961,9,193,31.6,25,120,-3.1
1961,10,208,30.9,21.4,103,-1.4
1961,11,4,26.3,13.5,50,-1.2
1961,12,1,22.9,8.7,31,-0.9
1962,1,17,23.8,8.8,37,1.7
1962,2,14,26.2,11.6,36,2.2
1962,3,22,32.1,14.5,37,2.2
1962,4,22,34.9,20.6,30,1.7
1962,5,135,32.7,23,133,1.6
1962,6,444,31.8,25,121,1.8
1962,7,325,32.3,25.7,131,0.7
1962,8,687,31.2,25.5,103,2.5
1962,9,223,31.8,24.9,110,1.3
1962,10,60,30.5,20.3,87,-1.5
1962,11,0,28.9,13.6,45,-1.7
1962,12,3,25.1,10.5,27,-1.7
1963,1,2,24.1,8.1,26,-1.8
1963,2,0,28.6,11,14,-2.3
1963,3,31,30.8,15.4,37,-1.9
1963,4,46,33.2,20,48,-1.4
1963,5,150,32.1,22.7,144,-0.9
1963,6,503,31.8,24.6,125,1.5
1963,7,531,31.7,25.9,113,1.5
1963,8,387,31.8,25.9,117,1.3
1963,9,291,32,24.6,110,1
1963,10,156,30.4,21.6,107,1.4
1963,11,25,27.3,15.1,62,2.1
1963,12,0,25.8,10.9,37,2.2
1964,1,1,24.3,9.5,32,1.9
1964,2,2,27.1,11.8,26,1.4
1964,3,10,32.9,16.6,20,0.8
1964,4,31,34.7,21.7,36,-0.2
1964,5,172,32.4,22.6,164,0.6
1964,6,300,33.2,25.2,143,-0.5
1964,7,761,30.8,25.4,124,0.8
1964,8,289,31.9,25.8,124,-0.8
1964,9,269,31.6,25.3,111,-1.1
1964,10,105,31.7,22.4,106,-1.2
1964,11,1,28.4,14.6,54,-1.2
1964,12,0,25.7,10.4,35,-1.1
1965,1,0,25.2,9.1,26,-1.3
1965,2,5,26.7,10.7,20,-1.5
1965,3,39,30.3,13.9,46,-0.9
1965,4,19,34.7,20.5,24,-1.3
1965,5,90,34.4,23.8,89,-1.9
1965,6,365,32.8,25.1,140,-2.3
1965,7,438,31.1,25.2,123,-2.4
1965,8,621,31.3,25,119,-0.8
1965,9,233,31.6,24.1,107,-1.5
1965,10,69,30.1,20.4,89,-1.9
1965,11,24,27.5,14.2,56,-1.1
1965,12,0,25.4,9.5,32,-0.9
1966,1,39,23.2,9.4,48,1.7
1966,2,8,28,13,34,1.9
1966,3,2,32.8,15.6,14,1
1966,4,15,35.8,20.9,21,-1.2
1966,5,87,35,24.2,87,-2.1
1966,6,187,32.7,25.2,143,-3.3
1966,7,490,32,25.5,125,-3.7
1966,8,681,31.6,25.8,112,-1.6
1966,9,150,31.2,23.9,117,-3.2
1966,10,41,29.8,19.7,80,-3.8
1966,11,16,29.2,14.9,49,-3.4
1966,12,2,25.4,10.8,30,-3.2
1967,1,3,24.7,10,25,-3.2
1967,2,3,28.8,11.7,16,-3.4
1967,3,70,30.3,14.8,74,-1.6
1967,4,46,33.7,19.1,48,-1.1
1967,5,96,33.7,23,95,-1.6
1967,6,321,32.5,24.7,146,-2.4
1967,7,420,32.2,25.4,128,-2.7
1967,8,313,31.9,25.3,129,-3
1967,9,229,31.6,24,113,-3.6
1967,10,53,29.8,19.8,85,-4
1967,11,1,26,12.9,44,-4
1967,12,0,25.9,11.1,26,-3.9
1968,1,23,22.4,9.8,35,-3.1
1968,2,2,26,10.8,19,-3.1
1968,3,36,31.4,16,43,-2.4
1968,4,21,34.2,20.3,25,-2.5
1968,5,68,33.8,23.5,69,-3.5
1968,6,459,30.6,24.3,120,-2.6
1968,7,508,30.9,25.5,120,-2.3
1968,8,321,32.3,25.3,126,-2.7
1968,9,319,32.5,25.3,106,-2.2
1968,10,291,29.2,20.4,103,2.8
1968,11,1,27.5,14.4,49,2.5
1968,12,0,25.1,11.1,32,2.3
1969,1,5,23.9,9.2,31,2.1
1969,2,2,28,11.4,26,1.8
1969,3,53,33.2,16.2,61,2.5
1969,4,31,35.2,20.6,36,2.1
1969,5,121,33.5,23.3,119,1.8
1969,6,445,32.7,25,133,1.9
1969,7,584,31.5,25.7,127,2.1
1969,8,376,31.6,25,112,1.7
1969,9,300,31.5,24.7,114,1.4
1969,10,25,30.6,20.8,77,-1.4
1969,11,17,29.1,15,48,-1.4
1969,12,0,26,11,25,-1.6
1970,1,16,23.6,9.9,31,-1.4
1970,2,11,26.2,11.7,23,-1.3
1970,3,16,31.9,15.6,23,-1.5
1970,4,14,35.9,20.9,19,-2
1970,5,95,34.9,24.6,94,-2.6
1970,6,427,32.4,24.8,131,-2.2
1970,7,571,31.6,25.8,120,-1.7
1970,8,408,32,25.8,122,-1.5
1970,9,290,31.6,24.8,107,-1.5
1970,10,75,31.1,21.3,94,-1.9
1970,11,3,27.9,13.8,49,-1.8
1970,12,0,26.5,9.5,28,-1.8
1971,1,7,24,9.7,28,-1.7
1971,2,4,26.4,10.2,20,-1.8
1971,3,12,31.8,15,20,-2.1
1971,4,86,32.9,20.1,87,1.6
1971,5,130,31.7,22.6,127,1.5
1971,6,529,31,25.1,121,2.5
1971,7,422,31,24.7,124,1.8
1971,8,444,31.2,24.3,108,1.9
1971,9,314,32.3,24.2,105,1.8
1971,10,198,30.3,21.6,100,2.9
1971,11,20,27.1,13.8,57,3.3
1971,12,0,26,10.1,37,3.3
1972,1,4,25.3,10,32,3
1972,2,18,25.5,10.5,38,3.3
1972,3,19,32.9,16,32,2.9
1972,4,21,35.6,19.6,28,2.2
1972,5,83,35.7,24.3,84,0.8
1972,6,333,33.1,24.4,149,-2.3
1972,7,447,33.1,25.7,125,-2.3
1972,8,225,32.2,24.8,135,-3.3
1972,9,387,31.9,24.1,106,-2.1
1972,10,64,31.2,20.4,90,-2.5
1972,11,6,27.4,13.6,47,-2.4
1972,12,0,25.5,10.7,29,-2.3
1973,1,27,24.7,10.8,40,-1.5
1973,2,14,27.2,12.8,32,-1.2
1973,3,19,31.4,14.5,28,-1.2
1973,4,15,36.4,21,20,-1.8
1973,5,165,33,23.1,156,-1
1973,6,691,31.4,24.8,119,3.2
1973,7,292,32.8,25.1,132,1.7
1973,8,350,32.1,25.3,130,1.1
1973,9,374,31.6,25,107,1.8
1973,10,287,29.5,22.1,102,4.2
1973,11,17,26.7,14.9,55,4.3
1973,12,1,24.9,11.1,36,4.2
1974,1,15,23.3,9.7,36,4.2
1974,2,0,27.2,11.6,30,3.8
1974,3,47,31.5,16.2,58,4.3
1974,4,44,35.1,21.3,49,4.1
1974,5,152,33.3,23.5,147,4
1974,6,406,32.5,24.7,123,3.6
1974,7,808,31,25.1,130,4.7
1974,8,531,31.9,25.4,128,4.9
1974,9,348,31.6,24,106,4.9
1974,10,131,32.8,23,109,4.6
1974,11,1,29.3,13.7,54,4.1
1974,12,1,24.6,9.8,31,3.7
1975,1,14,23.7,9.8,36,3.7
1975,2,7,26.3,12,30,3.4
1975,3,6,32.3,15.4,17,2.5
1975,4,32,36.4,20.8,37,2
1975,5,174,34.2,23.2,166,2.3
1975,6,471,32.8,25.1,143,2.5
1975,7,654,30.9,24.9,111,3.1
1975,8,207,32.4,25,118,1.5
1975,9,519,30.9,24.8,106,3.7
1975,10,112,32,23.3,108,3.2
1975,11,0,29.2,13.9,54,2.8
1975,12,0,25.5,9.9,33,2.5
1976,1,6,24.4,9.4,31,2.2
1976,2,19,27.3,13.4,36,2.2
1976,3,6,32.6,16.7,15,1.4
1976,4,35,35.4,20.9,40,1.2
1976,5,179,32.6,23.3,170,1.7
1976,6,540,32,24.7,134,2.7
1976,7,441,31.9,24.9,116,2.1
1976,8,555,31.4,24.9,128,2.8
1976,9,206,31.6,24.1,106,1.4
1976,10,52,31.1,20.7,87,-1.8
1976,11,2,31.1,16.1,48,-2.1
1976,12,0,26.1,10.1,29,-2.3
1977,1,2,24.3,10,22,-2.7
1977,2,2,28.2,12.1,12,-3.1
1977,3,9,33.8,17.5,15,-3.5
1977,4,55,33.9,20.9,57,-2.6
1977,5,187,31.2,21.9,158,-1.4
1977,6,314,31.2,24.1,128,-1.9
1977,7,404,31.5,25.7,132,-2.3
1977,8,411,32.2,25.9,116,-2
1977,9,167,32.3,24.8,114,-3.4
1977,10,179,29.5,21.3,108,-2.1
1977,11,19,28.9,16.3,59,-1.3
1977,12,6,24.3,11.3,38,-0.7
1978,1,6,22.6,8.4,33,1.7
1978,2,8,25.6,11.5,32,1.8
1978,3,43,30.4,14.4,54,2.3
1978,4,53,34,20.1,58,2.6
1978,5,203,32.9,23.9,153,3.5
1978,6,448,31.7,24.7,138,3.9
1978,7,518,31.7,25.2,119,3.5
1978,8,292,32.1,25.7,117,2.4
1978,9,329,31.1,24.8,112,2.4
1978,10,96,31,22.1,99,1.9
1978,11,19,28.8,16.4,56,2.3
1978,12,1,25.5,11.1,35,2.3
1979,1,5,25,10.4,32,2.1
1979,2,19,25.3,11.5,39,2.4
1979,3,4,31.5,16.4,15,1.5
1979,4,46,35.2,21.8,51,1.7
1979,5,54,36.5,23.8,56,-1.9
1979,6,347,33.5,25.4,151,-2.5
1979,7,594,32.1,25.6,126,-1.8
1979,8,496,32.5,25.9,130,-1.1
1979,9,263,31.9,24.1,116,-1.6
1979,10,158,30.9,22.1,103,-0.7
1979,11,16,30.7,17.4,55,1.3
1979,12,7,24.3,13.1,39,1.7
1980,1,4,23.8,9.9,33,1.6
1980,2,10,26.8,12.6,34,1.8
1980,3,33,31.2,16.2,44,1.9
1980,4,16,36.1,22.3,23,1
1980,5,157,32.3,23.3,151,1.3
1980,6,399,32.2,25.4,126,1.1
1980,7,469,32,25.8,128,0.8
1980,8,459,32.5,25.7,114,1.1
1980,9,278,32.2,25.4,116,0.6
1980,10,50,29.9,21.7,86,-1.2
1980,11,3,29.3,14.2,46,-1.5
1980,12,0,27,11.9,28,-1.7
1981,1,17,22.3,10.3,30,-1.4
1981,2,9,27.4,12.3,23,-1.5
1981,3,39,30.7,15.7,45,-0.9
1981,4,62,33,20,64,1.3
1981,5,171,32.3,22.8,149,1.9
1981,6,322,33.1,25.3,142,1
1981,7,597,31.3,26,121,1.3
1981,8,415,32.8,25.9,116,1.2
1981,9,260,32,24.7,116,-0.6
1981,10,1,32.5,21,66,-2
1981,11,1,28.7,14.3,43,-2.9
1981,12,3,24.9,10.4,23,-3.2
1982,1,0,25.1,10.3,13,-3.7
1982,2,6,25.9,12.1,13,-3.9
1982,3,27,30.5,14.9,30,-3.5
1982,4,37,34.1,20.7,39,-3.1
1982,5,65,34.8,23.4,65,-4.3
1982,6,398,32.3,24.9,125,-4
1982,7,448,32.9,25.9,129,-3.9
1982,8,228,32.8,25.3,134,-4.7
1982,9,340,33.2,24.7,118,-3.9
1982,10,51,30.6,20.8,88,-4.4
1982,11,12,27.7,15,45,-4
1982,12,0,25.4,11.2,27,-3.8
1983,1,11,23.1,9.5,30,-3.3
1983,2,2,25.9,10.8,18,-3.3
1983,3,16,31.7,15.7,24,-3.3
1983,4,32,33.7,19.7,36,-3.1
1983,5,214,32.6,22.8,142,-1.3
1983,6,309,33.7,25.1,146,-1.6
1983,7,717,33.1,25.8,119,1.9
1983,8,281,33.2,25.2,121,0.9
1983,9,245,32.1,25.4,107,-1.3
1983,10,137,31,21.8,114,-1
1983,11,0,28.9,13.7,56,-1
1983,12,7,25.5,10.3,36,-0.6
1984,1,21,23.8,9.8,39,0.5
1984,2,9,26.7,11.8,32,1
1984,3,10,34,16.5,21,-0.5
1984,4,33,35.7,21.4,38,-0.5
1984,5,172,34.1,24.4,147,0.3
1984,6,648,31.7,25.1,123,2.7
1984,7,748,30.7,25.7,117,3.6
1984,8,287,31.9,25,125,2.5
1984,9,634,31.2,24.1,106,5.8
1984,10,59,32.2,22.7,86,4.5
1984,11,1,28,13.6,49,3.6
1984,12,1,26.6,12.1,28,3
1985,1,2,23.7,10.9,24,2.2
1985,2,12,27.5,12.2,23,1.9
1985,3,14,34.6,17.8,20,1.2
1985,4,31,36.1,21.8,34,0.8
1985,5,152,32.9,23.3,146,1
1985,6,316,32.7,25.3,139,-2.2
1985,7,676,30.2,25.1,118,-1.1
1985,8,312,32.4,26.2,126,-1.7
1985,9,364,31.3,25,108,-0.8
1985,10,129,30.8,21.5,101,0.3
1985,11,4,28.4,14.5,52,0.9
1985,12,7,26.3,12.3,37,1.2
1986,1,1,24.9,10.8,30,1
1986,2,2,27.2,12.1,25,0.7
1986,3,2,32.5,15.8,13,-1.1
1986,4,52,33.7,20.8,56,0.6
1986,5,160,32.4,22.2,153,0.9
1986,6,250,33.5,25.4,140,-1.2
1986,7,388,31.5,25.1,123,-2
1986,8,296,32.5,25.3,122,-2.5
1986,9,330,31.3,24.3,108,-1.9
1986,10,155,29.7,20.5,102,-1.1
1986,11,16,28.9,15.3,53,1.3
1986,12,6,24.8,11.4,39,1.7
1987,1,1,24.1,10,32,1.5
1987,2,15,27.8,13,38,1.8
1987,3,49,31.5,16.4,59,2.5
1987,4,42,34.2,20.9,47,2.5
1987,5,84,33.9,22.7,85,1.1
1987,6,336,33.2,26,132,-1.7
1987,7,428,31.3,25.7,123,-2
1987,8,678,31,25.5,112,1.7
1987,9,336,31.6,25.6,115,1.8
1987,10,173,30.8,21.6,101,2.6
1987,11,5,28.6,14.7,53,2.4
1987,12,1,26.2,11.9,34,2.3
1988,1,2,25.3,11.4,29,1.9
1988,2,20,27.9,13.4,39,2.1
1988,3,50,31.8,16.7,59,2.7
1988,4,61,35.3,21.7,65,3.2
1988,5,125,33.6,24.2,123,2.6
1988,6,342,32,24.7,133,1.7
1988,7,508,31,26.2,117,1.5
1988,8,594,31.4,26.2,97,2.7
1988,9,282,32.5,25.4,110,2.1
1988,10,21,32.2,21.3,81,0.6
1988,11,17,28.8,15.4,53,-1.8
1988,12,2,26.4,12.7,25,-2.2
1989,1,16,23.6,9.9,28,-2
1989,2,13,26.6,12.8,22,-2.1
1989,3,10,32,16.8,15,-2.5
1989,4,9,36.1,21.4,12,-3.2
1989,5,170,34.6,24.1,162,-2.4
1989,6,362,31.8,25,124,-2.6
1989,7,606,31.9,25.5,109,-1.7
1989,8,277,31.7,25.6,113,-2.3
1989,9,401,31.9,25.8,94,-0.9
1989,10,53,31.6,22.5,88,-1.6
1989,11,5,28.4,15.4,47,-1.8
1989,12,1,24.5,10.7,27,-1.9
1990,1,0,26.2,10.9,22,-2.2
1990,2,21,25.9,13.1,32,-1.7
1990,3,31,29.9,15.6,37,-1.2
1990,4,40,33.6,21,43,-0.9
1990,5,181,33,23.9,132,1.7
1990,6,340,33,25.7,111,1.4
1990,7,395,31.2,25.9,107,0.8
1990,8,337,32.2,25.9,112,-0.4
1990,9,336,31.9,25.5,103,0.4
1990,10,120,30.4,21.6,104,0.1
1990,11,2,30.2,15.7,57,-0.1
1990,12,0,26,11.7,35,0
1991,1,27,22.7,9.5,40,1
1991,2,5,28.1,13.3,31,0.9
1991,3,21,32.8,16.7,32,0.8
1991,4,22,34.9,21,28,-0.4
1991,5,131,34,23.4,129,-0.1
1991,6,416,31.2,25.2,121,0.1
1991,7,305,32,26.1,135,-1.4
1991,8,431,31.6,25.8,119,-1.1
1991,9,567,31.4,24.5,104,3
1991,10,50,31.7,21.4,83,1.9
1991,11,3,28.8,13.9,46,1.4
1991,12,4,24.5,10.9,29,1.1
1992,1,10,23.6,9.8,27,0.9
1992,2,10,25,11,24,0.8
1992,3,7,33.7,17.2,15,-1.7
1992,4,34,36.1,21,38,-1.7
1992,5,134,32,22.8,132,-1.5
1992,6,227,32.7,24.6,144,-2.6
1992,7,389,31,25,130,-3.5
1992,8,348,31.6,25.4,127,-3.5
1992,9,328,32.2,24.3,121,-3.1
1992,10,76,30.9,21.6,91,-3.2
1992,11,3,28.3,14.1,51,-3
1992,12,1,24.4,10.5,29,-2.8
1993,1,19,24.5,11.6,35,-2.2
1993,2,4,28.1,13.1,24,-2.1
1993,3,26,30.5,14.7,35,-1.9
1993,4,35,33.4,20.2,40,-1.5
1993,5,154,33,22.9,145,-0.9
1993,6,417,31.9,24.7,125,-0.6
1993,7,380,32.6,25.3,126,-1.2
1993,8,416,31.8,25.8,104,-0.9
1993,9,348,31.1,24.6,109,0.5
1993,10,41,31.5,22.1,74,-0.8
1993,11,9,29.6,14.9,46,-0.9
1993,12,0,26.3,11.5,30,-1
1994,1,26,24.6,10.7,40,0.5
1994,2,20,25.3,11.8,36,0.8
1994,3,14,32.5,16.8,22,-0.3
1994,4,23,34,20.4,28,-0.6
1994,5,96,34,24,95,-1.3
1994,6,348,32.5,25.4,131,-1.8
1994,7,273,32.8,25.1,140,-2.9
1994,8,312,32.3,25.6,128,-3.2
1994,9,220,32.6,25,124,-4
1994,10,52,31.7,20.7,85,-4.4
1994,11,10,26.9,14.8,52,-4
1994,12,0,25.5,10.8,29,-3.9
1995,1,19,22.6,9.5,33,-3.3
1995,2,10,27.2,13.5,25,-3
1995,3,11,32.7,16.7,18,-3.2
1995,4,9,35.8,20.8,14,-3.8
1995,5,72,35.5,25,72,-4.7
1995,6,368,33.1,26.1,120,-4.5
1995,7,480,31.7,25.7,132,-4.3
1995,8,412,31.9,25.4,122,-3.8
1995,9,460,31.9,25,116,-1.8
1995,10,34,32.1,21.8,82,-2.7
1995,11,32,28.3,15,59,-2
1995,12,1,25.1,11.6,28,-2.1
1996,1,25,24.5,10.9,38,-1.4
1996,2,11,26.5,11.3,26,-1.3
1996,3,13,33.2,17.4,21,-1.6
1996,4,29,35.4,20.6,34,-1.7
1996,5,97,34.5,24.3,96,-2.3
1996,6,331,32.1,24.4,119,-2.7
1996,7,449,31.8,26.2,121,-2.7
1996,8,372,31.6,25.2,120,-2.6
1996,9,250,31.3,25.2,116,-3.1
1996,10,109,31,22,104,-2.8
1996,11,0,30,14.9,55,-2.6
1996,12,0,26.4,9.8,35,-2.4
1997,1,19,23.9,9.4,36,-1.7
1997,2,9,25.7,12.1,30,-1.4
1997,3,19,32.1,16.5,30,-1.3
1997,4,73,32.3,19.8,76,1.7
1997,5,110,33,23.6,109,0.9
1997,6,323,32.1,25.1,127,-1.3
1997,7,505,31.9,25.7,126,-1.2
1997,8,382,32.4,25.3,119,-1.2
1997,9,412,31,24.9,105,1.2
1997,10,17,29.4,20.4,81,-1.3
1997,11,4,28.3,15.6,43,-2.1
1997,12,10,23.6,11.3,28,-2.2
1998,1,6,24.5,10.6,20,-2.5
1998,2,8,28,13.1,15,-2.8
1998,3,47,31.2,15.7,50,-1.9
1998,4,51,34.5,21.1,52,-1.2
1998,5,118,34.9,24.5,115,-1.4
1998,6,392,33.7,26.1,133,-1.5
1998,7,581,31.5,26.2,114,-0.9
1998,8,580,31.6,26.5,95,1.8
1998,9,297,32.6,25.4,113,1.5
1998,10,179,32.9,24,104,2.3
1998,11,10,29.2,16.1,61,2.3
1998,12,0,25.9,11.5,37,2.2
1999,1,3,25.1,10.5,31,1.7
1999,2,1,29.6,13.8,18,0.9
1999,3,5,34.4,16.8,14,-1.5
1999,4,40,37.7,22.7,44,-1.3
1999,5,195,33.7,24.7,158,1.1
1999,6,400,32.4,25.8,128,1.3
1999,7,608,31.2,25.6,126,1.6
1999,8,653,31.3,25.8,110,3
1999,9,341,31.8,24.7,118,3
1999,10,202,30.5,22.7,106,4
1999,11,6,28.9,15.9,56,3.7
1999,12,0,25.8,13.1,33,3.4
2000,1,9,23.6,10.7,33,3.1
2000,2,13,25.4,11.7,34,3
2000,3,27,30.5,16,36,2.8
2000,4,76,33.8,21.1,79,3.8
2000,5,256,33.3,24.1,141,5.6
2000,6,403,32.4,25.6,126,6
2000,7,338,31.6,25.9,136,4.5
2000,8,441,31.9,25.8,115,4.3
2000,9,377,31.1,24.5,104,4.7
2000,10,37,31.6,22.1,82,3.2
2000,11,1,29.7,15.8,43,2.2
2000,12,0,26.9,10.9,27,1.4
2001,1,4,26.7,10.7,21,0.6
2001,2,7,29.2,13.3,16,-2.7
2001,3,19,31.8,16,24,-2.8
2001,4,50,34.8,21.1,52,-2.1
2001,5,317,33.1,24.2,140,3.5
2001,6,426,31.9,25.4,126,4.8
2001,7,539,32.1,25.6,136,4.4
2001,8,429,32,26.4,123,4.1
2001,9,215,32.3,25.4,117,2.6
2001,10,118,31.5,22.9,107,2.3
2001,11,2,30.2,15.5,53,2
2001,12,0,26.7,11.3,35,1.9
2002,1,17,24,10.8,37,2
2002,2,4,28.4,12.9,26,1.7
2002,3,32,32.9,16.9,41,1.8
2002,4,45,35,20.9,49,2
2002,5,145,33,23.8,141,2
2002,6,326,32.7,25.6,119,1.1
2002,7,596,31.2,26.4,117,1.5
2002,8,488,32,25.8,119,1.8
2002,9,225,31.5,25.1,116,0.7
2002,10,80,31.3,21.4,95,-1.3
2002,11,15,29.6,15.2,56,-0.8
2002,12,0,26.4,11.8,31,-0.8
2003,1,18,25.2,9.3,38,0.3
2003,2,21,26.5,12.6,37,1
2003,3,26,31.4,16.4,36,1.1
2003,4,31,35.7,21.7,36,1
2003,5,109,33.1,23.8,108,-0.5
2003,6,441,32,26,119,0.4
2003,7,610,31.8,26.1,116,0.9
2003,8,295,33.2,26.4,117,-0.7
2003,9,326,32.1,26.1,110,0.2
2003,10,141,32.1,22.6,102,0.7
2003,11,4,30,15.7,55,0.6
2003,12,4,24.7,11.5,36,0.8
2004,1,13,23.6,10.4,36,1
2004,2,1,28.1,12.2,24,0.8
2004,3,15,35.4,17.8,25,-0.3
2004,4,49,34.6,21.5,53,0.5
2004,5,178,34.6,25.1,168,1
2004,6,316,31.9,25.9,117,-0.6
2004,7,604,30.5,26,114,0.5
2004,8,287,32.7,26.1,122,-0.3
2004,9,253,32.9,24.9,106,-0.8
2004,10,128,30.2,21.6,109,-0.6
2004,11,18,27.8,15.2,59,0.6
2004,12,0,27.3,12,35,0.9
2005,1,24,23.8,12,41,1.5
2005,2,6,27.7,14.2,36,1.6
2005,3,43,33,17.7,54,2
2005,4,34,35.1,21.3,40,1.8
2005,5,114,33,23.6,113,1.3
2005,6,251,33.3,26,141,-1.5
2005,7,424,31.7,26.4,136,-2.2
2005,8,335,32.5,26.7,119,-2.4
2005,9,288,32.7,25.2,129,-2.6
2005,10,137,30.5,22.7,104,-2
2005,11,0,29.8,14.7,55,-1.9
2005,12,0,26.6,11.1,37,-1.7
2006,1,0,27.6,10.9,32,-2
2006,2,1,31.4,14.4,14,-2.4
2006,3,24,32.9,17.4,31,-2.3
2006,4,79,34,21.5,80,-0.7
2006,5,192,33.9,24.9,165,2
2006,6,334,32.6,25.9,124,1.4
2006,7,431,32.9,26.2,143,0.8
2006,8,298,32.8,26.2,143,-1.6
2006,9,301,32.6,25.4,111,-1.5
2006,10,62,31,22.5,93,-2.1
2006,11,18,28.3,17.1,54,-1.6
2006,12,1,27.9,12.5,31,-1.6
2007,1,4,26.8,10.9,27,-1.7
2007,2,27,26,12.8,37,-1
2007,3,13,33.3,16.5,22,-1.2
2007,4,34,36.1,21.8,38,-1
2007,5,147,35,25,143,-0.9
2007,6,352,33.2,25.2,122,-1.3
2007,7,525,31.7,26.1,106,-1
2007,8,479,32.7,26.5,117,0.5
2007,9,462,31.8,25.9,107,2.3
2007,10,51,32.4,23.2,84,1.2
2007,11,9,29.5,15.8,51,0.9
2007,12,0,27.2,11.9,30,-1.2
2008,1,17,24.3,12.5,34,-1
2008,2,3,26.4,11.5,15,-1.3
2008,3,36,32.8,17.4,41,-0.8
2008,4,22,35.8,22.6,26,-1.1
2008,5,203,33.3,25.3,154,1.2
2008,6,653,31,26,113,3.8
2008,7,534,31.4,26,119,3.5
2008,8,376,31.9,26.3,102,3.1
2008,9,194,32.3,25.2,114,1.5
2008,10,93,31.4,21.7,102,1
2008,11,1,29.9,15.4,50,0.8
2008,12,0,27.6,12.5,28,0.6
2009,1,4,27.3,11.8,30,-1.5
2009,2,4,29.3,13.8,21,-1.8
2009,3,23,33.1,17.2,31,-1.7
2009,4,17,37.4,22.3,22,-2.1
2009,5,254,33.4,24.4,153,2.1
2009,6,175,33.3,26.2,130,0.8
2009,7,474,33.2,26.2,131,-1.3
2009,8,428,32.9,26.2,107,-1
2009,9,250,32.8,25.5,124,-1.6
2009,10,118,32.6,22.2,110,-1.5
2009,11,8,30.3,15.8,61,-1.2
2009,12,1,26.4,12.5,35,-1
2010,1,0,25.6,9.7,30,-1.2
2010,2,3,29.1,12,20,-1.5
2010,3,34,35,18.5,42,-1.3
2010,4,29,37.4,22.6,34,-1.4
2010,5,200,34.1,24.9,164,1
2010,6,343,33.2,26.1,125,0.7
2010,7,465,32.5,26.8,125,-0.2
2010,8,487,32.5,27.1,115,0.9
2010,9,517,31.9,26.1,103,3.1
2010,10,127,31.5,23.7,110,2.9
2010,11,9,30.4,17.4,55,2.9
2010,12,1,26,11.5,37,2.8
2011,1,6,24.4,10.7,34,2.5
2011,2,27,28,11.6,45,2.9
2011,3,17,32.5,17.3,27,2.4
2011,4,27,34.4,21.5,33,2
2011,5,242,33.2,24.9,147,3.7
2011,6,451,32.1,25.9,125,4.6
2011,7,579,31.3,26.6,114,4.5
2011,8,537,32.2,25.8,111,4.9
2011,9,440,32.1,25.4,119,5.7
2011,10,25,31.5,21.7,76,4
2011,11,3,29,15.2,41,2.9
2011,12,0,28,11.9,25,2.1
2012,1,18,22.1,9.4,30,2
2012,2,11,26.7,12.5,22,1.5
2012,3,16,33.2,16.7,22,0.9
2012,4,48,34.2,21.2,50,1.2
2012,5,95,34.3,24.3,93,-2.2
2012,6,300,33.2,26.2,141,-3
2012,7,466,31.9,26.4,118,-3
2012,8,395,32.8,26,121,-2.8
2012,9,386,32.1,24.8,109,-1.6
2012,10,41,30.8,20.2,83,-2.4
2012,11,1,29.2,13.6,47,-2.8
2012,12,1,27,11.1,27,-3
2013,1,4,24.9,9.7,21,-3.3
2013,2,15,26.8,12.1,23,-3.2
2013,3,9,32.9,16.6,15,-3.4
2013,4,34,34.3,21.3,37,-3.1
2013,5,149,33.3,24.3,144,-2.5
2013,6,404,33.1,26.3,123,-2.3
2013,7,386,32.1,26.5,129,-2.7
2013,8,343,32.3,25.3,125,-2.9
2013,9,191,32.2,24.7,122,-4
2013,10,248,30.1,22.7,97,-1.5
2013,11,0,28.3,13.6,54,-1.4
2013,12,0,24.7,11.1,33,-1.3
2014,1,0,22.9,10.1,27,-1.4
2014,2,21,25.3,11.6,38,-0.9
2014,3,3,31.7,16.1,12,-1.5
2014,4,11,36.1,21.6,16,-2.1
2014,5,101,34.2,24.4,101,-2.6
2014,6,323,33,25.3,118,-3.1
2014,7,234,32.2,26.3,134,-4.2
2014,8,363,32.3,25.7,112,-4
2014,9,379,31.9,24.8,116,-2.8
2014,10,39,31.1,21.1,87,-3.6
2014,11,0,28.6,14,43,-4
2014,12,0,25,11.3,25,-4.1
2015,1,20,22.8,10.5,33,-3.6
2015,2,18,26.5,11.9,27,-3.3
2015,3,15,31.4,16.4,21,-3.3
2015,4,65,32.7,20.5,66,-2
2015,5,127,34,23.9,123,-1.8
2015,6,408,32.8,25.4,125,-1.7
2015,7,402,32.5,25.2,128,-2.1
2015,8,621,32.2,25.6,101,1.6
2015,9,336,32.5,24.4,118,1.6
2015,10,38,31.4,21.5,86,-1
2015,11,0,29.2,14.6,41,-1.6
2015,12,1,25,10.8,24,-1.9
2016,1,11,22.9,10.3,26,-1.9
2016,2,5,27.4,14.2,16,-2.4
2016,3,36,32.2,17.7,41,-1.4
2016,4,20,35.6,21.5,24,-2.1
2016,5,157,33.2,23.3,150,-1.4
2016,6,356,33.2,25.5,119,-1.7
2016,7,645,31.8,25.6,103,-1.1
2016,8,250,33.3,26.1,138,-2.4
2016,9,327,32.3,25.2,97,-0.7
2016,10,134,32.1,22.5,109,1.9
2016,11,4,28.7,14.8,56,1.6
2016,12,1,26.1,12.1,34,1.5
2017,1,2,24.1,10.6,31,1.2
2017,2,2,27.5,13.2,20,0.8
2017,3,68,29.8,16,74,1.5
2017,4,65,33.4,21.3,68,2
2017,5,160,33.8,23.8,153,2
2017,6,231,32.9,25.3,130,0.7
2017,7,531,32,25.9,128,-1.7
2017,8,493,32.6,25.8,105,-0.9
2017,9,220,32.7,25.2,114,-0.7
2017,10,178,31.4,22.4,106,1.5
2017,11,4,29.4,15.5,58,1.2
2017,12,3,26,12.7,36,1.1
2018,1,1,23.5,10.1,27,0.7
2018,2,8,27,13.5,27,-0.3
2018,3,18,31.6,16.9,27,-0.7
2018,4,66,33.5,20.6,69,3.4
2018,5,186,32.4,22.8,135,5.9
2018,6,328,33.3,25.2,131,6
2018,7,365,32.3,25.9,125,4.8
2018,8,260,32.9,26.2,116,3.7
2018,9,174,33.1,25.2,119,3.3
2018,10,44,30.4,21,82,2.2
2018,11,1,28.6,14.3,45,1.6
2018,12,4,24.8,11.2,29,1.2
2019,1,1,24.5,10.6,22,-3.9
2019,2,32,26.5,12,41,-2.9
2019,3,10,31,15.1,16,-3.1
2019,4,43,33.8,19.8,46,-2.4
2019,5,114,34,24,111,-2.5
2019,6,303,34,26.7,149,-3.2
2019,7,608,32.9,26.7,134,-2.6
2019,8,384,34.1,27.7,140,-2.6
2019,9,628,32.2,25.3,104,3.2
2019,10,56,31.6,22.2,81,2.2
2019,11,2,30.3,16.5,47,1.7
2019,12,2,24.3,9.9,29,1.3
