Product: Historical Climate - TerraClimate(http://www.climatologylab.org/terraclimate.html) 
Location (Lat/Lon of 4-km Grid Cell Center): 22.0625 North,82.1458 East 
Data Source: NW Climate Toolbox(https://climatetoolbox.org/tool/point-data-download)
Download Date: 07/24/2020
Variable List: 
ppt: ppt (Precipitation)
tmax: tmax (Maximum Temperature)
tmin: tmin (Minimum Temperature)
aet: aet (Actual Evapotranspiration)
PDSI: pdsi (Palmer Drought Severity Index (PDSI))
********************************************************
Year,Month,ppt(mm),tmax(degC),tmin(degC),aet(mm),PDSI(unitless)
1958,1,6,29.2,14.3,48,-0.2
1958,2,5,31.2,16.5,47,-0.7
1958,3,33,36.7,19.1,71,-0.6
1958,4,16,40.5,25.2,37,-0.6
1958,5,3,43.2,29.8,16,-1.1
1958,6,93,40.9,29.1,97,-2.3
1958,7,462,31.2,24.7,112,-1.7
1958,8,399,30.9,25,108,-1
1958,9,308,30.7,23.3,105,1.9
1958,10,84,30.8,21.6,101,2.8
1958,11,4,29.4,16.4,60,3.1
1958,12,0,28,13.4,42,2.5
1959,1,19,27.9,14,51,2.8
1959,2,4,30.9,15.4,49,2.4
1959,3,1,36.1,19.9,47,1.5
1959,4,24,39.7,24.7,44,1.8
1959,5,17,42.9,29.2,29,1.7
1959,6,165,37.8,27.9,160,1.5
1959,7,461,30.6,24.7,115,1.7
1959,8,351,30,24.5,103,1.7
1959,9,295,30.1,23.8,99,2.5
1959,10,80,30.4,22.5,91,3.3
1959,11,0,28.9,15.2,54,3.4
1959,12,1,27.5,13.1,42,2.9
1960,1,20,27.8,12.8,50,3.3
1960,2,0,32.8,15.5,45,2.9
1960,3,59,34.1,19.1,90,3.7
1960,4,19,40.2,23.8,52,3.8
1960,5,6,42.5,29.2,24,3.3
1960,6,144,38.5,28,146,2.6
1960,7,520,30.6,24.8,104,3.4
1960,8,371,30.2,24.7,103,3.4
1960,9,136,30.6,24.5,103,1.9
1960,10,59,31,20.9,91,2.2
1960,11,0,28.8,14.3,55,2.2
1960,12,0,28.8,12.4,39,1.6
1961,1,10,28.4,14.2,44,1.6
1961,2,18,28.8,15,51,1.6
1961,3,16,35.3,21.7,61,1.2
1961,4,9,40.1,24.6,31,1.1
1961,5,16,42.5,28.9,28,1.1
1961,6,190,36.8,26.6,181,1.3
1961,7,470,30.4,24.1,103,1.9
1961,8,459,30.4,24.7,103,2.8
1961,9,425,29.8,23.3,97,5.3
1961,10,72,30.3,20.4,94,5.6
1961,11,1,28.2,14.1,52,5.3
1961,12,15,26.5,10.6,48,5.1
1962,1,4,26.9,11,44,4.6
1962,2,17,30.5,14.8,52,4.5
1962,3,32,35.8,18,71,4.5
1962,4,27,38.7,23.8,55,4.8
1962,5,14,41.9,28.4,30,4.5
1962,6,91,38,27.8,96,3
1962,7,380,31.7,24.9,122,2.2
1962,8,369,30.3,24.2,107,1.8
1962,9,322,30.3,23.2,108,2.9
1962,10,6,30,20.5,74,1.8
1962,11,1,29.4,14.4,48,1.4
1962,12,53,27.9,12.6,63,2.4
1963,1,1,27.1,11.3,40,2
1963,2,13,32.2,15,48,1.8
1963,3,29,35,18.4,70,1.7
1963,4,31,38.1,22.5,51,2.3
1963,5,15,41.3,27.5,27,2.1
1963,6,190,36.7,26.5,181,2.1
1963,7,390,30.6,24.5,120,1.6
1963,8,448,30.4,24.4,101,2.3
1963,9,252,30.7,23.6,112,2.4
1963,10,86,31.1,21.8,101,3.2
1963,11,0,30.1,16.7,57,3.3
1963,12,0,27.5,13.4,43,2.8
1964,1,0,27.7,13.8,45,2.3
1964,2,12,30.9,16.7,50,2.1
1964,3,9,36.5,20.7,52,1.3
1964,4,6,39.8,25.7,26,0.8
1964,5,3,42.3,28.6,15,-1.5
1964,6,168,37.8,27.3,163,-1.3
1964,7,344,30.3,24.2,118,-1.8
1964,8,551,30.2,24.4,98,1.4
1964,9,206,30.5,23.7,104,1.1
1964,10,36,30.9,22.4,84,0.9
1964,11,2,28.3,15.3,58,0.8
1964,12,0,27.6,12.9,42,-0.5
1965,1,10,28,14,43,-0.7
1965,2,3,31.3,15.5,44,-1.1
1965,3,35,35.1,18.5,65,-1.1
1965,4,20,38.3,23.8,36,-0.8
1965,5,5,42.8,29.1,16,-1.1
1965,6,133,39.4,28.3,134,-1.7
1965,7,303,31.4,25,120,-2.7
1965,8,185,31.2,25.2,122,-4.8
1965,9,227,30.5,23.6,112,-5.1
1965,10,13,31.7,21.9,80,-5.3
1965,11,0,30.1,15.6,51,-5
1965,12,3,26.6,14.3,41,-5
1966,1,15,27.2,13.9,44,-4.5
1966,2,1,32.6,16.6,41,-4.6
1966,3,10,36.1,19.4,39,-5
1966,4,10,40.2,24.6,25,-4.8
1966,5,32,43.3,28.7,41,-3.7
1966,6,170,38.1,27.6,166,-3.5
1966,7,363,32.9,25.9,125,-3.8
1966,8,249,30.8,24.6,111,-4.9
1966,9,154,31.4,24,120,-5.5
1966,10,6,32.3,21.8,78,-5.8
1966,11,6,30.4,17.2,58,-5.3
1966,12,28,27.2,12.8,53,-4.5
1967,1,0,26.8,14.5,37,-4.5
1967,2,0,32.4,16.4,37,-4.6
1967,3,128,33.1,19.1,126,-1.7
1967,4,11,39.1,22.9,40,-1.4
1967,5,5,43.1,28.9,21,-1.6
1967,6,173,39.2,27.9,168,-1.4
1967,7,457,31.6,25,123,-0.9
1967,8,428,30.1,24.4,104,2.4
1967,9,172,30.2,23.9,110,1.5
1967,10,7,31.7,21.2,75,-1.4
1967,11,0,30.3,14.5,49,-1.6
1967,12,73,28.4,14.6,73,1.8
1968,1,13,26.9,13,46,2
1968,2,18,30.3,15.2,49,2.1
1968,3,41,34.7,19.3,80,2.5
1968,4,29,38.1,23,57,3.1
1968,5,2,42.4,28,18,2.4
1968,6,121,37,27.5,126,1.6
1968,7,403,30.7,25.1,121,1.2
1968,8,261,30.6,24.6,117,-2
1968,9,300,31.3,24.1,114,-0.9
1968,10,17,30.8,21.1,77,-1.4
1968,11,0,28.8,16.2,49,-1.4
1968,12,6,28,13.4,42,-1.6
1969,1,2,28.1,13,37,-1.7
1969,2,1,32,17,39,-2.1
1969,3,5,36.6,21.6,38,-2.6
1969,4,3,40,24.8,21,-2.8
1969,5,30,41.7,27.5,40,-1.8
1969,6,83,38.1,27.8,87,-2.7
1969,7,624,30.7,24.6,109,2
1969,8,325,30,24.2,108,1.6
1969,9,295,30.1,23.5,104,2.4
1969,10,5,31.4,21.6,72,1.4
1969,11,1,30.5,16.9,51,0.9
1969,12,15,27.5,13,42,0.9
1970,1,15,27.3,14.4,42,0.9
1970,2,12,31.1,16.2,45,0.8
1970,3,59,34,20.7,83,1.5
1970,4,4,39.5,25.3,30,1.1
1970,5,18,43.2,29,32,1.2
1970,6,286,35.8,25.6,174,2.7
1970,7,400,31.1,24.5,122,3.2
1970,8,532,30.4,24.5,108,4.7
1970,9,334,29.8,23.9,106,5.6
1970,10,10,30.8,21.9,75,4.3
1970,11,0,28.2,14.8,49,3.6
1970,12,0,27,11.7,34,2.8
1971,1,14,26.5,14.1,41,2.6
1971,2,10,30.1,16,42,2.2
1971,3,22,34.5,18.2,59,1.9
1971,4,20,37.3,24.1,40,2.1
1971,5,37,40,26.9,48,3
1971,6,343,34.4,25,157,5.2
1971,7,304,29.8,24.1,118,5.1
1971,8,453,29.7,24.7,109,5.6
1971,9,184,30.6,23.7,112,4.4
1971,10,91,30.2,21.5,100,5.3
1971,11,0,27.9,14.5,55,5.1
1971,12,0,26.6,11.9,43,4.5
1972,1,2,27,12.5,39,4
1972,2,17,29,14.5,51,4
1972,3,1,34.8,19.9,52,3.4
1972,4,11,39,24,36,3.1
1972,5,2,43.1,28.9,17,2.4
1972,6,86,40.3,28.5,91,0.9
1972,7,291,32.1,25.2,133,-2.8
1972,8,336,30.4,24.6,119,-4
1972,9,113,31,23.1,113,-5.1
1972,10,40,31.4,20.6,81,-4.5
1972,11,4,29.1,15.2,51,-3.8
1972,12,2,29.1,13.1,43,-3.7
1973,1,1,28.9,14,40,-3.6
1973,2,16,32.2,16.9,49,-3.2
1973,3,2,35.5,19.8,42,-3.5
1973,4,4,41.2,26.3,24,-3.4
1973,5,1,43.6,30.1,13,-3.7
1973,6,92,38.3,27.7,95,-4.4
1973,7,507,31,24.8,122,-3.2
1973,8,382,30.3,24.6,107,-2.5
1973,9,233,30,24.1,108,-2.1
1973,10,117,30.1,21.8,107,2.8
1973,11,0,27,16,55,3
1973,12,0,26.1,13.3,46,2.7
1974,1,0,26.5,12.4,43,2.4
1974,2,4,31.1,14.8,46,2.1
1974,3,2,35.8,21.4,55,1.5
1974,4,1,39.2,26.3,25,1
1974,5,9,41.9,28.5,23,0.8
1974,6,120,38.4,27.5,124,-1.4
1974,7,419,31.2,25.1,124,-1.4
1974,8,319,30.3,24.5,107,-1.6
1974,9,89,31.4,24.5,100,-3.1
1974,10,135,31.2,21.9,109,-0.7
1974,11,2,27.8,15.4,60,2.5
1974,12,0,26.3,11.7,43,2.1
1975,1,9,26.3,12.5,45,2.2
1975,2,20,30.3,15.9,56,2.6
1975,3,46,35.4,19.7,84,3.2
1975,4,2,40.3,24.9,37,2.8
1975,5,5,43.9,29.3,23,2.2
1975,6,249,37.3,26.8,187,3
1975,7,443,30.4,24.3,123,3.5
1975,8,306,30.4,24.5,115,2.7
1975,9,334,30.1,23.4,116,3.7
1975,10,94,31.1,22.5,103,4.7
1975,11,0,27.3,14.8,59,4.6
1975,12,0,26.6,11.4,41,4
1976,1,4,27.1,12.6,44,3.6
1976,2,1,30.7,16.4,44,3
1976,3,14,34.9,20.6,59,2.5
1976,4,21,39.1,23.7,43,2.6
1976,5,12,42.5,28.2,25,2.2
1976,6,74,38.4,26.9,79,0.7
1976,7,443,31.6,24.3,121,0.8
1976,8,371,30.3,24.3,109,1
1976,9,337,30.6,23.1,106,2.3
1976,10,0,32.6,21.4,67,1.2
1976,11,3,31,18,55,0.9
1976,12,2,29,13.3,36,-1.4
1977,1,6,27.7,12.9,39,-1.5
1977,2,2,31.7,15.7,41,-2
1977,3,10,36.6,21.4,40,-2.5
1977,4,15,38.6,24.8,31,-2.3
1977,5,26,41,27.2,35,-1.6
1977,6,205,37.7,27.3,197,-1.4
1977,7,425,30.9,24.7,118,-1.2
1977,8,387,30.7,24.5,110,-0.7
1977,9,212,30.4,23.4,118,-0.9
1977,10,40,31.2,21.3,88,-0.9
1977,11,10,29.9,18.4,54,0.4
1977,12,15,26.8,13,47,0.7
1978,1,11,26.4,12.5,42,0.8
1978,2,43,29.6,15.4,66,1.9
1978,3,55,34.1,18.4,85,2.8
1978,4,29,39,24,61,3.4
1978,5,4,43.7,29.4,22,2.9
1978,6,241,37.6,27.2,178,3.6
1978,7,341,30.9,24.1,118,3.1
1978,8,407,29.9,24.2,108,3.3
1978,9,202,30.1,24,111,2.7
1978,10,17,30.9,22,78,1.8
1978,11,3,30.3,17.3,51,1.6
1978,12,36,26.8,13,55,2.1
1979,1,23,27.8,14.4,51,2.5
1979,2,38,29.2,15.6,64,3.2
1979,3,0,34.4,19,52,2.4
1979,4,4,39.6,24.7,27,2
1979,5,7,42.4,27.2,21,1.5
1979,6,183,39.1,27.6,176,1.4
1979,7,366,32.3,25.2,137,0.6
1979,8,382,31,25,131,-1.6
1979,9,165,31.7,24.5,122,-2.4
1979,10,20,32.6,22.1,85,-2.7
1979,11,4,30.9,18.3,55,-2.5
1979,12,5,27.3,14.7,43,-2.7
1980,1,5,27.7,14.7,39,-2.7
1980,2,3,31,17.3,40,-3
1980,3,5,34.7,21.1,35,-3.5
1980,4,7,40.2,26.1,23,-3.5
1980,5,1,43.6,29.5,11,-3.7
1980,6,240,36.1,26.5,153,-2.1
1980,7,376,30.4,24.6,109,-1.5
1980,8,430,30,24.4,101,2.2
1980,9,140,30.8,24.2,108,0.9
1980,10,6,31.6,22,82,-1.9
1980,11,0,30.2,16.2,53,-2.2
1980,12,16,27.3,13.9,44,-2
1981,1,13,25.8,13.8,42,-1.9
1981,2,2,30.5,17.2,39,-2.2
1981,3,54,33.6,20.1,78,-1.5
1981,4,8,38.3,25.6,26,-1.7
1981,5,16,41.3,28.5,26,-1.4
1981,6,153,38.2,28.3,151,-1.5
1981,7,474,30.6,24.7,123,-1
1981,8,344,30.5,24.7,117,-1
1981,9,335,30.8,24.1,110,1.7
1981,10,16,32.1,20.9,85,0.8
1981,11,0,29.3,14.3,56,-0.4
1981,12,12,26.2,13.7,45,-1.1
1982,1,25,28.3,14.7,47,-0.6
1982,2,12,29.4,16.9,46,-0.6
1982,3,43,33.1,19.7,73,0.3
1982,4,22,38.3,24.4,41,0.8
1982,5,18,42.1,27.1,30,1
1982,6,145,38.2,27.1,145,-0.4
1982,7,311,33.1,26,138,-1.5
1982,8,370,30.1,24.5,100,-2.3
1982,9,238,31.3,23.5,122,-2
1982,10,34,32.3,21,85,-2
1982,11,2,29.4,16.1,54,-1.8
1982,12,2,28.6,13.3,42,-2
1983,1,4,26.9,13.3,41,-2.1
1983,2,12,29.5,16.9,43,-2.1
1983,3,7,34.3,21,42,-2.6
1983,4,16,38.6,23.7,34,-2.3
1983,5,15,42.2,27.7,25,-2
1983,6,128,39.6,28.2,130,-2.4
1983,7,413,32,25.2,131,-2.4
1983,8,357,31,25.3,116,-2.4
1983,9,306,30.5,23.9,98,-0.9
1983,10,69,30.3,21.1,96,1.8
1983,11,0,28.2,14.2,61,1.8
1983,12,10,27,12.5,44,1.6
1984,1,29,27.2,14.3,50,2.3
1984,2,31,28.8,15.5,57,3
1984,3,1,35.9,19.5,59,2.4
1984,4,10,39.6,24.6,34,2.2
1984,5,3,43.1,30.2,17,1.6
1984,6,124,36.2,26.8,127,0.9
1984,7,390,31,24.7,118,-1.2
1984,8,382,30.1,24.2,109,-1
1984,9,83,30.3,23,107,-2.7
1984,10,28,31.5,21.5,78,-3.1
1984,11,0,28.9,13.8,54,-3.3
1984,12,0,28.4,13.7,39,-3.7
1985,1,21,27.4,15.1,42,-3.1
1985,2,4,30.8,15.7,40,-3.3
1985,3,2,36.3,22,29,-4
1985,4,12,40.1,25.1,27,-3.8
1985,5,8,43.2,28.9,18,-3.7
1985,6,149,38.2,27.3,149,-3.7
1985,7,436,30.6,24.4,117,-3.2
1985,8,406,30.6,24.4,108,-2.3
1985,9,203,30.7,23.7,109,-2.4
1985,10,121,30.5,19.9,117,2.2
1985,11,0,29.3,14.8,63,2.5
1985,12,1,28.7,13.8,48,2.1
1986,1,16,26.7,13.8,52,2.3
1986,2,28,30.8,15.7,55,2.9
1986,3,9,35.7,19.4,62,2.5
1986,4,8,39.6,24.5,35,2.2
1986,5,19,42.3,27.7,33,2.3
1986,6,175,37.6,26.8,168,2.2
1986,7,378,30.9,24.1,117,1.6
1986,8,405,30.8,23.9,120,1.6
1986,9,148,31.6,24.1,120,-1.3
1986,10,15,31.5,21.4,83,-1.8
1986,11,3,28.8,17.2,53,-1.8
1986,12,35,27.1,14.4,54,-1
1987,1,9,27.1,13.7,43,-0.9
1987,2,10,30.8,16.1,45,-0.9
1987,3,24,34.5,19.7,62,-1
1987,4,3,39.5,25.1,22,-1.3
1987,5,13,41.5,27.3,24,-1.1
1987,6,68,39.8,28.6,73,-2.4
1987,7,293,31.8,25.2,140,-3.6
1987,8,412,31.4,24.8,119,-4
1987,9,239,31.8,24.6,116,-3.5
1987,10,44,32.1,21.4,91,-3.1
1987,11,4,29.3,16.9,55,-2.7
1987,12,8,27.4,13.6,46,-2.6
1988,1,2,28.4,14.5,40,-2.6
1988,2,6,31.7,17,42,-2.6
1988,3,37,35.1,20.8,72,-2.3
1988,4,17,39.8,24.9,35,-1.9
1988,5,11,42.8,30.5,22,-1.8
1988,6,199,37.2,27.5,175,-1.1
1988,7,364,30.8,24.5,112,-1.3
1988,8,266,30.7,24.9,109,-2.1
1988,9,196,31.6,24.1,106,-2.2
1988,10,22,30.8,20.9,88,-2.5
1988,11,1,28.9,15.7,56,-2.5
1988,12,11,27.3,14.6,45,-2.6
1989,1,1,26.9,13,39,-2.9
1989,2,0,30.6,16.2,39,-3.4
1989,3,51,34.4,19.2,74,-2.7
1989,4,1,39.8,24.4,16,-3.2
1989,5,16,43,29.2,24,-2.9
1989,6,196,36.7,26.6,168,-2.1
1989,7,360,31.2,24.7,117,-2.2
1989,8,334,30.6,24.6,105,-2.3
1989,9,163,30.7,24,103,-2.8
1989,10,15,31.1,22.1,84,-3.2
1989,11,1,29.6,16.3,53,-3.2
1989,12,34,27.1,12.9,54,-2.3
1990,1,1,28.3,14.3,44,-2.6
1990,2,34,30.1,17.3,58,-1.7
1990,3,49,32.7,20.1,77,-1.1
1990,4,7,38.3,25.7,28,-1.3
1990,5,37,40.3,27.2,48,1.6
1990,6,323,36.2,26.2,151,3.7
1990,7,540,30.1,23.8,98,6.2
1990,8,467,30.9,24.8,108,6.7
1990,9,220,30.7,23.8,95,6.1
1990,10,56,30.5,21.3,84,6
1990,11,1,29.4,17.2,60,5.7
1990,12,8,28,13.9,48,5
1991,1,19,26.2,14.6,47,4.9
1991,2,5,31.8,17.8,45,4.2
1991,3,43,34.8,21.5,74,4.3
1991,4,22,38.4,24.8,48,4.3
1991,5,8,42.4,30,22,3.7
1991,6,224,37,26.5,174,4.1
1991,7,417,32,25.4,114,4.2
1991,8,487,30.3,24.2,104,5.1
1991,9,123,31.3,24,119,3.1
1991,10,16,31.3,22.2,84,2.2
1991,11,3,28.8,15.9,52,1.7
1991,12,25,27,13.2,50,1.8
1992,1,6,25.9,13.7,43,1.4
1992,2,4,28.5,16.1,41,0.8
1992,3,0,35.6,21.3,32,-2.7
1992,4,3,40.2,24.5,20,-2.9
1992,5,11,42.3,28.1,21,-2.7
1992,6,63,38.7,27.6,68,-3.9
1992,7,313,32.6,25.9,135,-4.7
1992,8,343,30.4,24.2,114,-5.4
1992,9,171,30.7,23.4,120,-5.7
1992,10,22,31.6,21.4,86,-5.7
1992,11,1,29.9,16.3,54,-5.3
1992,12,0,27.4,12.7,39,-5.4
1993,1,0,27.6,14.6,40,-5.4
1993,2,6,30.5,17.2,41,-5.4
1993,3,60,34.2,19,84,-4.5
1993,4,8,38.8,24.6,22,-4.4
1993,5,18,42.4,29.2,27,-3.8
1993,6,125,38.6,28.7,126,-4.1
1993,7,338,32,25.3,123,-4.5
1993,8,272,30.6,24.9,116,-5.7
1993,9,298,30.7,23.5,100,-4
1993,10,46,31.8,21.8,87,-3.5
1993,11,1,29.2,15.9,57,-3
1993,12,0,26.8,12.5,42,-3.1
1994,1,15,27.9,14.3,47,-2.6
1994,2,18,29.1,17,51,-2.2
1994,3,0,36.1,21.7,40,-2.8
1994,4,13,38.6,23.8,32,-2.5
1994,5,11,43,28.7,23,-2.3
1994,6,248,36.8,26.9,167,-0.9
1994,7,594,30,23.8,108,3.6
1994,8,412,29.9,24.1,101,3.9
1994,9,176,31.4,23.3,112,2.9
1994,10,64,31.9,21.1,94,3.1
1994,11,0,28.8,16.2,55,3
1994,12,0,27.8,12.7,43,2.4
1995,1,28,25.4,12.5,54,2.9
1995,2,7,30.4,16.5,45,2.5
1995,3,83,34.3,19.1,99,3.9
1995,4,9,39.1,23.6,43,3.7
1995,5,10,41.1,27.9,27,3.4
1995,6,97,39.5,29.2,103,2.1
1995,7,389,31.9,24.7,127,1.5
1995,8,286,31.6,24.9,112,-2.1
1995,9,243,31,24.1,112,-1.6
1995,10,39,32,22,87,-1.5
1995,11,2,29,17.1,59,-1.4
1995,12,3,28.8,14.1,41,-1.6
1996,1,17,27.8,15.2,46,-1.2
1996,2,9,31.2,15.9,46,-1.3
1996,3,10,35.8,21.8,46,-1.8
1996,4,21,39.3,24,38,-1.4
1996,5,1,43.5,29,13,-1.8
1996,6,152,38.5,26.9,150,-1.8
1996,7,319,32.2,24.6,118,-2.6
1996,8,343,30.5,23.9,102,-3.2
1996,9,116,31.5,24.4,114,-4.4
1996,10,53,31.9,20.5,95,-3.7
1996,11,1,30.6,15.3,58,-3.2
1996,12,0,27.9,12.4,44,-3.4
1997,1,11,26.6,12.6,43,-3
1997,2,0,29.4,15.3,43,-3.2
1997,3,6,34.8,20.9,37,-3.7
1997,4,15,37.4,22.4,31,-3.3
1997,5,16,42.1,27.4,26,-2.9
1997,6,72,39.2,27.7,76,-4
1997,7,283,32,24.5,109,-4.8
1997,8,379,31.2,24.8,113,-5.2
1997,9,195,31.2,23.7,114,-5.1
1997,10,34,32,20.6,80,-4.7
1997,11,7,30.6,17.5,54,-3.9
1997,12,51,27.2,15.1,62,-2.2
1998,1,4,26.3,15.1,39,-1.8
1998,2,18,30.2,17.2,53,-1.2
1998,3,48,34,19.3,86,2.6
1998,4,22,39.1,25.1,55,3.1
1998,5,17,43.4,29.4,34,3.1
1998,6,110,40.2,28.3,116,2
1998,7,310,32.3,24.6,118,0.8
1998,8,317,31.4,25.4,110,-2.8
1998,9,233,31.9,24.1,106,-2.3
1998,10,70,32.5,22.3,93,-1.3
1998,11,8,29.9,18.1,59,1.4
1998,12,0,27.8,12.8,46,1
1999,1,1,27,12.3,44,0.7
1999,2,13,31.9,16.6,48,0.7
1999,3,1,36.2,20.4,44,-1
1999,4,0,40.7,26.4,21,-1.4
1999,5,21,42.2,28.2,33,-0.9
1999,6,141,37.5,26.4,140,-1.1
1999,7,350,32.2,24.5,123,-1.7
1999,8,417,30.5,24.5,107,-1.5
1999,9,277,30.6,23.3,97,-0.5
1999,10,54,32.1,21.9,92,1.1
1999,11,0,31.1,16,60,1.1
1999,12,2,27.9,13,42,0.6
2000,1,0,28.5,14.3,43,-0.4
2000,2,17,29,17.2,46,0.1
2000,3,0,34.3,20.1,37,-1.4
2000,4,5,40.8,26.1,24,-1.7
2000,5,12,41.7,28,24,-1.6
2000,6,198,36.6,25.8,156,-0.8
2000,7,347,31.6,24.6,108,-0.9
2000,8,229,31.9,24.8,119,-2.2
2000,9,175,31,23.9,111,-2.6
2000,10,6,32.9,23.2,82,-3.3
2000,11,0,30.7,17.1,54,-3.5
2000,12,0,28.1,13.1,41,-3.9
2001,1,3,27.5,14.1,38,-4.1
2001,2,0,32,18,37,-4.7
2001,3,46,35,20.3,65,-4.1
2001,4,19,38.7,24.2,31,-3.6
2001,5,19,42.5,28.6,27,-3.1
2001,6,264,35,24.4,149,-1.2
2001,7,364,30.9,24.2,100,2.2
2001,8,373,31.3,25.3,112,2.2
2001,9,94,32.1,25,112,-1.8
2001,10,72,32.1,22.1,96,-1.1
2001,11,2,30.7,17.5,56,-0.9
2001,12,0,28.1,13.8,41,-1.3
2002,1,17,27.4,14,50,-0.9
2002,2,13,31.2,17.2,46,-0.9
2002,3,9,35.3,20.7,44,-1.4
2002,4,6,40.3,25.8,24,-1.6
2002,5,14,43.6,29.7,25,-1.5
2002,6,131,37.5,26.9,131,-1.7
2002,7,195,33.4,26.8,136,-3.7
2002,8,411,30.3,24.3,98,-4.8
2002,9,160,31,24,110,-5.2
2002,10,38,31.9,21.9,88,-4.7
2002,11,0,29.4,16.2,56,-4.3
2002,12,1,29.7,15.4,42,-4.4
2003,1,2,27.3,13.9,41,-4.4
2003,2,25,31,17,51,-3.6
2003,3,47,34.6,20,77,-2.9
2003,4,7,40.4,25.9,27,-2.9
2003,5,2,43.8,30,14,-3.1
2003,6,119,40.1,29.5,121,-3.5
2003,7,371,31.8,25.2,108,-3.6
2003,8,335,30.7,24.7,100,-3.6
2003,9,267,30.1,23.1,86,-2.4
2003,10,69,31.2,21.3,90,-1.4
2003,11,0,29.7,16.5,57,-0.9
2003,12,22,27.9,14.6,53,2
2004,1,24,26.9,13.5,53,2.6
2004,2,3,29.8,15.8,47,2.3
2004,3,0,36.3,21.7,53,1.5
2004,4,14,39.2,24.7,36,1.5
2004,5,5,42.7,28.8,18,1.1
2004,6,200,37.1,26.4,176,1.4
2004,7,286,31.7,25,127,-1.1
2004,8,398,30.5,24.5,109,-1.5
2004,9,126,31.7,24.6,115,-2.7
2004,10,28,30.6,20.7,83,-2.7
2004,11,0,29.2,16,54,-2.6
2004,12,0,28,13.7,41,-2.8
2005,1,13,27.4,14,43,-2.5
2005,2,10,31.6,17.6,46,-2.5
2005,3,52,36,21.4,80,-1.8
2005,4,5,38.9,24.4,24,-2
2005,5,12,42.8,29,23,-1.8
2005,6,123,40.7,30.1,125,-2.2
2005,7,285,31.3,24.6,118,-3.2
2005,8,302,31.1,25.1,123,-4.7
2005,9,260,31.6,23.6,116,-3.9
2005,10,51,31.6,21.7,86,-3.2
2005,11,0,28.4,15.2,59,-2.7
2005,12,6,27.2,13,45,-2.6
2006,1,0,27.8,14.4,43,-2.7
2006,2,0,33,19,42,-3
2006,3,102,34,19.4,110,-0.9
2006,4,24,39.3,24.8,49,2.1
2006,5,34,41.5,27.6,47,2.9
2006,6,123,38.6,28,126,2.1
2006,7,520,31.4,24.7,114,2.8
2006,8,313,30.4,24.4,108,2.3
2006,9,209,31.4,24.3,114,1.8
2006,10,4,32.2,22.3,76,0.7
2006,11,2,30.4,17.2,51,-1.5
2006,12,0,29,14.7,40,-2
2007,1,0,27.9,14.5,37,-2.4
2007,2,37,30.9,16.9,58,-1.6
2007,3,26,34.5,19.9,57,-1.6
2007,4,6,39.4,24.9,23,-1.8
2007,5,12,42.4,28.5,22,-1.7
2007,6,149,38.5,27.8,147,-1.7
2007,7,311,31.7,25,118,-2.6
2007,8,365,31,25,109,-3.2
2007,9,232,31.1,24,100,-2.6
2007,10,13,31.2,21.3,78,-3
2007,11,0,29.1,15.9,52,-3
2007,12,3,28.3,14,42,-3.2
2008,1,11,28,14.6,45,-3
2008,2,8,29,15,40,-3
2008,3,27,35.4,20.8,57,-2.9
2008,4,9,39.1,24.6,26,-2.8
2008,5,18,42.8,28.9,28,-2.4
2008,6,345,36.3,25.7,153,2.7
2008,7,360,31.8,25.2,121,3.4
2008,8,364,31.2,25.2,111,3.2
2008,9,169,31.1,24.1,113,2.1
2008,10,14,31.9,21.9,80,1.3
2008,11,0,30.2,17,52,0.8
2008,12,0,29.3,15,39,-1.9
2009,1,2,29.8,16.4,39,-2.3
2009,2,0,32.8,18.8,39,-2.8
2009,3,8,36,21.4,34,-3.3
2009,4,1,40.1,25.6,16,-3.6
2009,5,29,42.7,28.8,38,-2.7
2009,6,67,41.6,31,70,-3.9
2009,7,407,31.8,25.1,123,-3.7
2009,8,233,31.6,25.6,121,-4.7
2009,9,222,32.1,25,123,-4.5
2009,10,42,31,21,90,-4
2009,11,3,29.6,16.4,52,-3.4
2009,12,5,28.6,14.3,41,-3.3
2010,1,7,26.4,13,44,-3
2010,2,6,31.5,17.5,43,-3
2010,3,13,37.8,23.2,51,-3.2
2010,4,4,42,27.5,23,-3.4
2010,5,11,43.5,29.6,22,-3.2
2010,6,103,40.1,29.4,106,-3.8
2010,7,375,32.1,25.5,118,-3.9
2010,8,358,31.5,25.5,117,-3.9
2010,9,241,31.3,24.2,106,-3.3
2010,10,33,31.9,21.9,82,-3.1
2010,11,4,31.6,18.4,53,-2.6
2010,12,26,27.6,13.3,54,-1.9
2011,1,0,26.6,13.2,43,-2
2011,2,7,31,17,43,-2
2011,3,2,36.1,21.5,41,-2.6
2011,4,19,36.8,22.3,38,-1.9
2011,5,20,43.1,29.2,31,-1.4
2011,6,336,37.1,26.4,171,2.9
2011,7,301,32.1,25.4,118,2.8
2011,8,391,30.7,24.7,100,3.1
2011,9,298,30.8,23.7,101,3.8
2011,10,12,31.8,21.8,81,2.7
2011,11,0,29.8,16.6,53,2
2011,12,0,28,13.7,39,1.2
2012,1,27,26.7,13.3,50,1.5
2012,2,1,30.8,16.7,39,0.8
2012,3,1,35.3,20.7,32,-2.3
2012,4,14,39.6,25.1,30,-2.2
2012,5,7,43.9,30,18,-2.2
2012,6,103,40.2,29.6,105,-3
2012,7,546,31.3,24.6,109,-1.5
2012,8,455,30.6,24.6,104,2.2
2012,9,314,31,24,105,3.2
2012,10,9,32.3,20.8,80,2
2012,11,2,29,15.8,50,1.5
2012,12,0,28.5,14.2,39,0.8
2013,1,1,27.4,14,39,-1.9
2013,2,15,30.8,16.8,44,-1.9
2013,3,26,35.2,20.5,55,-1.9
2013,4,17,39,24.4,33,-1.6
2013,5,4,43.1,30.5,14,-2
2013,6,355,36.5,25.6,159,2.7
2013,7,486,31.1,24.1,102,4.9
2013,8,399,30.8,24.1,98,5
2013,9,185,31.6,24.6,110,3.9
2013,10,101,30.8,22.1,100,5.1
2013,11,0,30,14.7,61,5.1
2013,12,0,27.7,13.6,48,4.4
2014,1,20,26.8,14.6,53,4.6
2014,2,33,29.8,15.8,61,5.1
2014,3,62,34.3,19,89,6.1
2014,4,17,39.7,24.1,58,6.3
2014,5,24,42.1,27.3,43,6.4
2014,6,113,39.7,28.7,119,4.9
2014,7,386,31.9,25.3,115,4.2
2014,8,267,31.8,25.4,111,2.7
2014,9,329,30.9,24.1,109,3.8
2014,10,21,32.5,21.5,81,2.9
2014,11,0,29.8,17.4,55,2.4
2014,12,3,27.1,13,41,1.7
2015,1,9,25.9,13.2,41,1.3
2015,2,5,30.7,17.2,39,0.8
2015,3,94,34.2,19.3,106,2.2
2015,4,38,37.5,24.1,60,3
2015,5,18,43.1,29.1,31,3
2015,6,250,37.9,26.9,162,3.9
2015,7,221,32.1,24.9,115,2.5
2015,8,410,31.5,25.3,114,1.9
2015,9,211,32,24.5,120,1.4
2015,10,15,33.2,22.4,80,0.6
2015,11,0,31.4,17.4,55,-2
2015,12,3,29.2,15,40,-2.3
2016,1,9,27.6,13.7,41,-2.6
2016,2,11,32.6,18.5,41,-2.9
2016,3,40,36.4,21.7,70,-3.2
2016,4,10,41,26.4,27,-3.5
2016,5,13,42.7,28.8,23,-3.3
2016,6,187,38.4,27.8,167,-3.3
2016,7,457,31.3,24.7,107,-3.3
2016,8,345,31,25,106,-3.4
2016,9,236,31.3,24.2,95,-2.7
2016,10,50,31.4,21.5,91,-1.9
2016,11,1,29.3,16.1,58,-1.5
2016,12,6,28.2,13.9,46,-1.8
2017,1,11,27.5,14.1,47,-2
2017,2,9,31.5,17.4,48,-2.3
2017,3,15,35.3,20.6,49,-3
2017,4,9,40.2,25.7,27,-3.4
2017,5,12,43.3,29.4,23,-3.5
2017,6,160,38.1,27.5,154,-3.1
2017,7,483,31.3,24.7,117,-3.4
2017,8,359,31.3,25.3,117,-4.8
2017,9,202,32,24.9,113,-5.2
2017,10,37,32.5,22.5,84,-4.7
2017,11,2,29.8,16.6,55,-4.2
2017,12,6,28.1,13.9,45,-4.2
2018,1,5,27.3,13.9,41,-4.2
2018,2,9,31.6,17.6,43,-3.9
2018,3,13,36,21.3,50,-4
2018,4,15,39.3,24.7,33,-2.6
2018,5,12,42.9,29,23,-1.6
2018,6,171,38,27.3,164,-1.7
2018,7,445,31.2,24.5,107,2.4
2018,8,372,30.7,24.7,98,3.9
2018,9,217,31,23.9,109,2.7
2018,10,24,31.9,21.7,79,2
2018,11,1,30.4,17.2,51,1.7
2018,12,9,27.3,13,42,3.6
2019,1,10,25.8,12.5,42,0
2019,2,13,29.8,15.8,44,0
2019,3,38,33.9,19.3,70,0.4
2019,4,6,39.4,24.9,29,-0.1
2019,5,3,43.4,29.5,17,-0.4
2019,6,88,40.1,29.5,93,-1.6
2019,7,324,32.4,25.8,128,-2.5
2019,8,387,31.2,25.2,109,-2.9
2019,9,534,31,23.9,89,4.1
2019,10,69,31.9,21.9,87,4.5
2019,11,0,30.3,17.1,56,4.4
2019,12,13,27.9,13.6,48,4.1
