Product: Historical Climate - TerraClimate(http://www.climatologylab.org/terraclimate.html) 
Location (Lat/Lon of 4-km Grid Cell Center): 22.0208 North,81.2292 East 
Data Source: NW Climate Toolbox(https://climatetoolbox.org/tool/point-data-download)
Download Date: 07/24/2020
Variable List: 
ppt: ppt (Precipitation)
tmax: tmax (Maximum Temperature)
tmin: tmin (Minimum Temperature)
aet: aet (Actual Evapotranspiration)
PDSI: pdsi (Palmer Drought Severity Index (PDSI))
********************************************************
Year,Month,ppt(mm),tmax(degC),tmin(degC),aet(mm),PDSI(unitless)
1958,1,6,28.8,13.3,48,-0.2
1958,2,3,31.3,15.3,48,-0.6
1958,3,19,36.6,18.6,60,-0.9
1958,4,16,40.4,24.4,35,-0.8
1958,5,2,43,28.8,14,-1.3
1958,6,88,40.9,28.3,92,-2.2
1958,7,354,30.2,24.2,112,-1.8
1958,8,365,30.4,24.2,104,-0.8
1958,9,306,29.8,23.3,108,1.9
1958,10,96,30.2,20.3,105,2.7
1958,11,9,29.5,15.2,60,3.2
1958,12,0,27.7,12.2,40,2.8
1959,1,27,27.8,13,56,3.2
1959,2,7,31,14.3,52,3
1959,3,2,36.7,19,50,2.3
1959,4,32,39.9,23.7,52,2.8
1959,5,18,42.6,28.5,30,2.6
1959,6,162,37.4,27.4,157,2.7
1959,7,398,29.9,24.1,115,3
1959,8,287,29.1,23.7,99,3.2
1959,9,354,29.5,23.4,101,4.5
1959,10,71,30.3,21.3,88,4.6
1959,11,0,29.1,14.1,52,4.5
1959,12,0,27.9,11.7,38,3.9
1960,1,45,27.5,11.8,61,4.7
1960,2,0,33,14,45,4.2
1960,3,57,34.3,18.5,89,4.8
1960,4,22,40,22.7,54,4.9
1960,5,6,42.6,28.1,23,4.3
1960,6,127,38.1,27.4,131,3.6
1960,7,448,30.3,24.2,105,4.5
1960,8,259,29.2,23.8,103,4.3
1960,9,116,31,23.4,108,2.8
1960,10,79,30.7,19.5,97,3.3
1960,11,0,29.3,13,55,3.3
1960,12,0,28.8,11.5,39,2.8
1961,1,11,28.2,13.1,45,2.6
1961,2,7,29,13.6,46,2.3
1961,3,11,35.9,20.4,54,1.7
1961,4,13,39.9,23.5,33,1.6
1961,5,21,42.4,28,32,1.8
1961,6,142,36.6,26.1,142,1.6
1961,7,445,29.6,23.7,101,2.7
1961,8,394,29.6,23.9,101,4.1
1961,9,486,29.1,23,98,6.7
1961,10,89,29.7,19.5,100,6.9
1961,11,1,28.2,13.5,51,6.6
1961,12,13,26.7,9.5,44,6.2
1962,1,4,26.7,10,44,5.6
1962,2,15,30.2,13.9,51,5.5
1962,3,42,35.6,17.7,76,5.7
1962,4,36,38.8,22.8,65,6.2
1962,5,20,41.7,27.8,36,5.9
1962,6,55,38.2,27.1,63,4
1962,7,329,30.7,24.3,118,3.5
1962,8,322,29.7,23.6,104,3.3
1962,9,334,29.6,22.9,107,4.2
1962,10,4,30,19.1,73,3
1962,11,3,29.4,13.4,45,2.6
1962,12,60,27.7,11.6,64,3.8
1963,1,2,27.2,10.2,39,3.2
1963,2,15,32.1,13.9,48,3.1
1963,3,16,34.8,18,58,2.6
1963,4,39,37.5,21.9,57,3.3
1963,5,9,41.2,27.1,21,2.8
1963,6,185,36.2,26.1,178,3.1
1963,7,316,30.2,23.7,119,2.5
1963,8,354,29.3,23.7,97,2.7
1963,9,235,30.2,23.1,115,2.6
1963,10,75,30.8,20.6,98,3
1963,11,0,30,15.9,53,2.9
1963,12,0,27.5,11.9,39,2.4
1964,1,0,27.5,12.5,43,1.9
1964,2,5,30.9,15.5,44,1.5
1964,3,14,36.9,19.9,49,0.9
1964,4,2,39.9,25.2,20,-1.4
1964,5,4,42.2,28,15,-1.7
1964,6,131,37.5,26.8,132,-1.7
1964,7,271,29.9,23.9,115,-2.3
1964,8,456,29.3,23.6,96,-1
1964,9,180,30.2,23.2,105,-1.2
1964,10,33,31,20.9,83,-1.3
1964,11,1,28.7,13.6,56,-1.2
1964,12,0,27.7,11.5,39,-1.5
1965,1,20,28.1,12.8,48,-1.3
1965,2,4,31.1,14.4,44,-1.5
1965,3,29,35.1,18.2,56,-1.6
1965,4,18,38.1,23,33,-1.3
1965,5,5,42.6,28.6,14,-1.6
1965,6,132,39.2,27.5,133,-1.8
1965,7,218,30.8,24.6,118,-2.9
1965,8,146,30.8,24.4,120,-4.9
1965,9,236,30.2,23.2,114,-5
1965,10,10,31.5,20.9,70,-5.4
1965,11,0,30,14.7,42,-5.5
1965,12,1,26.9,13.5,32,-5.6
1966,1,13,27.4,12.8,37,-5.3
1966,2,0,32.3,15.8,28,-5.7
1966,3,15,36.2,18.5,30,-5.9
1966,4,13,39.8,23.8,23,-5.4
1966,5,47,42.8,27.6,52,-4
1966,6,99,37.5,27.5,99,-4.3
1966,7,401,32.3,25.5,125,-3.4
1966,8,209,30,24.2,111,-3.6
1966,9,189,31.1,23.6,123,-3.6
1966,10,7,32.1,21,78,-4
1966,11,11,30.1,16.7,60,-3.6
1966,12,23,27.4,11.3,48,-3
1967,1,1,27.1,12.8,37,-3.2
1967,2,0,32.5,15.2,35,-3.3
1967,3,134,33.1,18.7,129,-0.7
1967,4,12,38.9,22.8,38,2.3
1967,5,5,43,28.2,20,1.7
1967,6,152,38.8,27.3,151,1.7
1967,7,429,30.8,24.5,120,2.4
1967,8,234,29.3,23.7,101,2.2
1967,9,114,29.8,23.3,110,0.9
1967,10,4,31.7,20.2,72,-1.7
1967,11,0,30.1,14.2,47,-1.8
1967,12,73,28.4,13.4,72,1.9
1968,1,18,26.3,12.1,46,2
1968,2,21,30.1,14.1,49,2.4
1968,3,58,34.8,18.4,87,3.1
1968,4,35,38,22,66,4
1968,5,1,42,27,18,3.2
1968,6,108,37.2,27,113,2.5
1968,7,383,30.4,24.4,116,2.7
1968,8,197,29.8,23.7,113,1.7
1968,9,346,31.2,23.4,115,2.8
1968,10,20,30.6,19.9,77,2.1
1968,11,0,29.3,14.8,46,1.8
1968,12,4,27.9,12.2,38,1.3
1969,1,2,28,12.2,36,0.8
1969,2,0,32,15.9,37,-1.3
1969,3,6,36.7,21.1,37,-1.7
1969,4,1,39.8,24.1,18,-2
1969,5,32,41.4,27.4,41,-1
1969,6,67,37.9,27.3,71,-1.9
1969,7,513,30.1,23.9,107,1.9
1969,8,250,29.3,23.4,104,1.8
1969,9,304,29.7,23.1,105,2.7
1969,10,3,31.4,20.4,70,1.6
1969,11,2,30.7,16.2,50,1.2
1969,12,5,27.7,11.6,34,0.9
1970,1,19,27.1,13.5,42,0.9
1970,2,7,30.6,15.7,39,0.7
1970,3,65,34.2,20,85,1.5
1970,4,4,39.4,24.7,28,1.2
1970,5,20,42.9,28.5,33,1.3
1970,6,256,35.4,25.1,165,3
1970,7,341,30.6,24.1,118,3.4
1970,8,499,29.5,23.8,104,5.8
1970,9,274,29.4,23.6,106,5.9
1970,10,3,30.7,20.9,72,4.5
1970,11,0,28.4,13.5,45,3.7
1970,12,0,27,10.6,31,3
1971,1,13,26.6,13,38,2.6
1971,2,9,30.4,14.7,41,2.3
1971,3,29,34.7,17.5,60,2.2
1971,4,15,38.1,23.9,34,2.1
1971,5,35,40.1,26.6,45,2.8
1971,6,258,34,24.8,157,4.4
1971,7,179,29.1,23.8,114,3.1
1971,8,282,29.3,24.1,105,2.1
1971,9,193,30.3,23.5,113,1.6
1971,10,126,29.8,20.6,106,3.2
1971,11,0,28.2,13.3,54,3.3
1971,12,0,26.6,10.4,43,2.9
1972,1,0,26.9,11.7,38,2.5
1972,2,3,29.3,13.6,43,2.3
1972,3,0,35.1,19.4,50,1.8
1972,4,6,38.7,23.5,30,1.6
1972,5,3,43.1,27.9,17,1.1
1972,6,83,39.9,28.2,88,-1.4
1972,7,201,31.3,24.7,130,-2.8
1972,8,261,29.6,24,112,-4.1
1972,9,83,30.9,22.3,99,-5.2
1972,10,19,31.1,19.8,61,-5.6
1972,11,5,29.2,14.3,38,-5.6
1972,12,2,28.5,13,30,-5.7
1973,1,0,28.6,13.4,27,-5.9
1973,2,17,31.9,16.2,38,-5.7
1973,3,1,35.7,19.8,15,-6
1973,4,5,41.5,25.8,14,-5.8
1973,5,1,43.9,30,7,-5.9
1973,6,53,37.9,27.8,55,-6.6
1973,7,525,30.1,24.1,118,-4.1
1973,8,320,29.4,24,102,-2.8
1973,9,240,29.5,23.6,109,-2.2
1973,10,136,29.7,20.9,106,4.2
1973,11,0,27.8,14.2,52,4.2
1973,12,1,26.8,11.6,46,3.8
1974,1,0,26.5,11.3,42,3.3
1974,2,4,30.7,14.1,45,3
1974,3,3,36.6,20.4,52,2.3
1974,4,1,39.4,25.7,23,1.8
1974,5,9,41.7,28,22,1.5
1974,6,105,37.9,27.2,108,0.7
1974,7,287,30.7,24.7,120,-1.7
1974,8,307,29.6,23.7,104,-2
1974,9,72,31.4,24.2,95,-3.1
1974,10,196,30.7,21,108,2.9
1974,11,3,28.1,13.8,58,3.1
1974,12,0,26.3,11,41,2.8
1975,1,9,25.8,11.6,43,2.7
1975,2,24,30,14.9,57,3.2
1975,3,37,35.2,19.2,79,3.6
1975,4,1,40.2,24.3,33,3.1
1975,5,3,43.4,29.2,20,2.4
1975,6,231,37.1,26.4,185,3.4
1975,7,304,29.9,23.7,120,3.1
1975,8,287,29.5,24.1,109,2.8
1975,9,327,29.3,23.5,119,3.7
1975,10,112,30.5,21.7,108,4.6
1975,11,0,27.6,13.1,58,4.6
1975,12,0,26.7,10.1,39,4.1
1976,1,7,26.5,11.8,45,3.8
1976,2,0,30.4,15.2,44,3.4
1976,3,18,34.7,20.2,61,3.1
1976,4,23,38.8,23.1,47,3.2
1976,5,14,42.4,27.6,27,2.8
1976,6,70,38,26.2,76,1.6
1976,7,373,31.2,23.5,119,1.7
1976,8,337,29.5,23.6,104,2.2
1976,9,257,30.4,22.6,106,2.5
1976,10,1,32.4,20.2,67,1.4
1976,11,7,31.2,16.8,54,1.3
1976,12,1,29.4,12.2,33,0.8
1977,1,0,27.7,11.9,35,-1.4
1977,2,1,31.5,14.9,39,-1.8
1977,3,16,37.2,20.2,42,-2.1
1977,4,5,38.6,24.1,20,-2.2
1977,5,17,41,26.9,26,-2
1977,6,190,37.7,26.7,185,-1.4
1977,7,284,30.4,24.1,116,-1.8
1977,8,336,29.9,23.7,107,-1.8
1977,9,186,29.8,22.9,119,-2
1977,10,42,31.1,20.3,89,-1.9
1977,11,15,30.1,17.2,56,-1.1
1977,12,11,27.2,12,43,-1
1978,1,16,26.4,11.8,45,-0.6
1978,2,37,29.2,14.6,61,1.6
1978,3,63,33.8,18.3,88,2.6
1978,4,27,38.7,23.8,59,3.2
1978,5,4,43.6,29.1,21,2.7
1978,6,145,37.2,26.9,145,2.6
1978,7,326,30,23.5,117,2.2
1978,8,354,29,23.1,105,2.5
1978,9,97,30,23.6,104,1
1978,10,13,30.7,20.9,74,-1.7
1978,11,6,30.4,16.3,50,-1.6
1978,12,33,26.9,11.6,50,-0.8
1979,1,51,27.8,13.4,64,1.7
1979,2,49,29.1,14.6,69,3
1979,3,1,34.4,18.4,53,2.4
1979,4,0,39.8,23.9,23,1.9
1979,5,15,41.8,26.3,27,1.7
1979,6,147,39.4,26.7,148,1.6
1979,7,287,31.7,24.6,135,0.7
1979,8,373,30.3,23.8,128,-1
1979,9,156,31.8,23.8,123,-1.7
1979,10,22,32.4,21.2,86,-2
1979,11,6,30.7,17.6,55,-1.8
1979,12,5,27.4,13.4,43,-2
1980,1,8,28,13.5,40,-2.1
1980,2,3,31.5,15.8,39,-2.4
1980,3,4,35.2,20.4,30,-2.9
1980,4,7,40.4,25.4,22,-2.9
1980,5,0,43.5,29.1,10,-3.3
1980,6,192,35.9,25.9,155,-1.9
1980,7,269,29.7,24.1,108,-2.1
1980,8,379,29.5,23.4,98,-1.2
1980,9,129,31,23.4,112,-1.9
1980,10,2,31.7,20.9,81,-2.7
1980,11,0,30.3,15.3,52,-2.8
1980,12,19,27.5,12.6,45,-2.6
1981,1,17,26,12.5,43,-2.3
1981,2,0,31,15.8,36,-2.7
1981,3,47,34,19.5,70,-2.1
1981,4,8,39,24.9,22,-2.2
1981,5,17,41.8,28,26,-1.8
1981,6,158,38.2,27.8,155,-1.5
1981,7,383,29.9,24.2,122,-0.9
1981,8,306,29.8,23.7,114,-0.6
1981,9,379,30.8,23.5,110,2.5
1981,10,25,31.6,19.9,88,1.8
1981,11,0,28.9,13.4,56,1.4
1981,12,12,26.7,12.1,45,1.1
1982,1,55,27.8,14,63,2.2
1982,2,10,29.3,15.9,46,2
1982,3,9,33.4,19.2,46,1.4
1982,4,14,38,23.9,32,1.3
1982,5,13,41.1,26.5,24,1.2
1982,6,134,38.1,26.6,135,0.9
1982,7,294,32.5,25.3,135,-1
1982,8,214,29.5,23.7,96,-2.2
1982,9,208,31.1,22.7,121,-2.3
1982,10,37,31.8,20.1,86,-2.2
1982,11,2,29.1,15.3,53,-1.9
1982,12,0,28.8,12.7,40,-2.1
1983,1,4,26.8,12.3,41,-2.3
1983,2,10,29.5,15.5,41,-2.1
1983,3,7,34.9,19.9,38,-2.6
1983,4,5,38.1,23.4,21,-2.7
1983,5,9,41.9,27.3,19,-2.6
1983,6,106,39,28.2,108,-2.9
1983,7,379,31.4,24.7,130,-2.4
1983,8,337,30.2,24.6,113,-1.7
1983,9,369,30.1,23.6,96,2.4
1983,10,65,29.9,19.8,96,2.6
1983,11,0,28,12.8,61,2.5
1983,12,8,26.6,11.7,44,2.2
1984,1,47,26.9,13.4,59,3.1
1984,2,26,29,13.9,54,3.5
1984,3,0,36.1,19.1,53,2.9
1984,4,10,39.2,24.1,32,2.7
1984,5,2,43.2,29.4,16,2
1984,6,78,36.2,26.7,84,1
1984,7,329,30.4,24.3,118,0.7
1984,8,297,29,23.5,104,-1.4
1984,9,56,29.9,22.6,97,-2.8
1984,10,32,31.2,20.2,78,-3.1
1984,11,0,28.7,13.1,52,-3.4
1984,12,0,28.4,12.6,37,-3.8
1985,1,30,27.3,14.3,45,-3.1
1985,2,1,30.5,14.8,35,-3.5
1985,3,1,37.1,21.2,23,-4.1
1985,4,17,39.9,24.4,29,-3.7
1985,5,11,43.1,28.7,19,-3.5
1985,6,134,37.7,26.9,133,-3.3
1985,7,381,29.8,24.3,115,-2.6
1985,8,330,29.7,23.8,106,-1.7
1985,9,180,30.6,23.3,110,-1.9
1985,10,146,29.8,19,119,2.5
1985,11,0,29,13.9,64,2.7
1985,12,1,28.3,13.1,47,2.3
1986,1,23,26.6,12.9,54,2.5
1986,2,28,30.3,15,54,3.1
1986,3,12,35.5,19.5,62,2.8
1986,4,3,39.6,24.2,30,2.3
1986,5,21,42,27.8,35,2.4
1986,6,140,37.1,26.5,141,2.2
1986,7,280,29.9,23.9,113,1.4
1986,8,308,29.9,23.3,119,0.7
1986,9,129,31.6,23.8,123,-2
1986,10,13,31.3,20.7,83,-2.4
1986,11,3,29.3,16.1,53,-2.4
1986,12,31,27.3,13,52,-1.6
1987,1,21,27,12.9,47,-1.3
1987,2,12,30.5,15,44,-1.1
1987,3,27,34.7,19.2,62,-1
1987,4,1,39.7,24.5,19,-1.4
1987,5,15,41.1,26.7,26,-1.1
1987,6,71,39.7,28.1,75,-2
1987,7,241,31.8,24.7,144,-3.1
1987,8,336,30.9,24.2,117,-3.7
1987,9,165,31.7,24.2,121,-4
1987,10,54,31.5,20.5,95,-3.4
1987,11,6,30,15.2,57,-2.8
1987,12,8,27.1,12.3,46,-2.6
1988,1,2,28.5,13.6,40,-2.7
1988,2,3,31.8,16,40,-2.7
1988,3,26,35.6,20.1,57,-2.6
1988,4,22,39.8,24.2,38,-2
1988,5,7,43.2,29.9,17,-2.1
1988,6,166,37.4,27.1,160,-1.5
1988,7,281,30,24.2,105,-1.8
1988,8,245,30.1,24.2,105,-2.6
1988,9,199,31.2,23.8,107,-2.5
1988,10,26,30.7,19.6,90,-2.6
1988,11,2,28.8,14.4,56,-2.5
1988,12,7,27.2,13,43,-2.6
1989,1,1,26.8,12.2,38,-3
1989,2,0,30.6,14.8,37,-3.4
1989,3,73,34.2,18.7,88,-2.3
1989,4,1,39.5,23.3,15,-2.7
1989,5,9,43.2,28.5,17,-2.7
1989,6,139,36.5,26.2,138,-2.3
1989,7,269,30.8,24,118,-2.9
1989,8,258,30.1,23.8,103,-3.7
1989,9,135,30.6,23.4,106,-4.1
1989,10,12,31.1,20.6,85,-4.4
1989,11,1,30.2,14.9,53,-4.3
1989,12,26,27.1,12,49,-3.6
1990,1,1,28.8,13.5,41,-3.8
1990,2,26,29.9,16.3,51,-3.2
1990,3,37,33.1,19.5,63,-2.8
1990,4,4,38.7,24.9,19,-3
1990,5,49,39.9,26.7,56,-1.3
1990,6,287,35.7,25.5,150,3.6
1990,7,437,29.2,23.4,97,5.5
1990,8,393,30.1,24.1,107,6.5
1990,9,218,30,23.5,95,6
1990,10,67,30.5,20.4,90,5.9
1990,11,1,29.6,15.9,60,5.7
1990,12,12,28.1,12.8,49,5.2
1991,1,17,26.4,13.4,46,4.9
1991,2,4,31.6,16.7,43,4.3
1991,3,31,35.1,20.9,65,4
1991,4,27,38.3,24.1,48,4.1
1991,5,7,42.4,29.3,20,3.4
1991,6,184,36.7,26.3,174,3.8
1991,7,350,31.5,24.6,115,3.6
1991,8,379,29.5,23.6,101,4.4
1991,9,88,31,23.6,110,2.6
1991,10,11,31.2,20.7,80,1.4
1991,11,3,28.7,14.8,49,0.8
1991,12,14,27.1,12.2,43,-2.4
1992,1,5,26.3,13,37,-2.8
1992,2,0,28.8,15.1,33,-3.3
1992,3,0,35.7,20.9,19,-4
1992,4,2,39.6,24.1,14,-4.1
1992,5,7,42.2,27.8,14,-4
1992,6,39,38.6,27.4,43,-5.2
1992,7,258,32.1,25.7,138,-5.8
1992,8,324,29.6,23.8,113,-6
1992,9,183,30.2,23,121,-5.8
1992,10,22,31,20.7,86,-5.7
1992,11,1,29.6,15.5,54,-5.3
1992,12,0,27.3,11.9,39,-5.3
1993,1,0,27.5,13.7,38,-5.4
1993,2,9,30.5,15.6,41,-5.3
1993,3,85,33.8,18.7,101,-3.9
1993,4,4,38.7,24.2,19,-3.9
1993,5,23,42.4,28.8,31,-3.3
1993,6,112,38.5,28.2,113,-3.4
1993,7,312,31.1,25,120,-3.4
1993,8,214,30.1,24,113,-4.3
1993,9,331,30,23.5,99,-2.6
1993,10,53,31.4,20.8,90,-2.1
1993,11,1,29.3,14.8,58,-1.8
1993,12,1,27,11.2,42,-2
1994,1,25,27.6,13.9,51,-1.4
1994,2,22,29.1,15.7,52,-0.9
1994,3,0,36.4,20.9,39,-1.5
1994,4,12,38.2,23.2,30,-1.3
1994,5,14,42.8,28.4,25,-1.2
1994,6,193,36.3,26.3,171,1.3
1994,7,611,28.9,23.3,103,4.4
1994,8,336,29,23.5,100,5
1994,9,208,30.5,23,110,4.4
1994,10,88,31.6,20.2,103,4.8
1994,11,0,28.9,15.1,58,4.7
1994,12,0,27.6,11.5,44,4
1995,1,46,25.1,11.7,64,4.7
1995,2,5,29.9,15.3,45,4.3
1995,3,108,33.9,18.8,113,6
1995,4,12,38.5,23.3,54,6.1
1995,5,8,40.8,27.4,28,5.5
1995,6,94,39.3,28.8,102,4.3
1995,7,363,31.2,24.4,128,4
1995,8,256,30.5,24.7,111,3.2
1995,9,245,30.7,23.8,114,3.2
1995,10,37,31.6,21.2,88,2.7
1995,11,1,29.2,15.8,59,2.4
1995,12,4,28.5,13.4,41,1.8
1996,1,21,27.8,14.4,46,1.8
1996,2,8,31,15.3,43,1.4
1996,3,13,35.9,21.4,45,0.8
1996,4,35,39.1,23.6,50,1.4
1996,5,1,43.1,28.7,11,0.6
1996,6,84,38.1,27.3,88,-1.6
1996,7,271,31.4,24.3,117,-2.2
1996,8,281,29.7,23.5,101,-2.8
1996,9,128,30.6,24.3,115,-3.4
1996,10,65,31,20,99,-2.7
1996,11,2,30.5,14.3,60,-2.2
1996,12,0,28.1,11.2,45,-2.4
1997,1,15,26.5,11.6,45,-2.1
1997,2,0,29.5,14.1,42,-2.3
1997,3,1,34.9,20.5,31,-2.9
1997,4,12,37.1,22.2,27,-2.7
1997,5,15,41.7,27.1,24,-2.4
1997,6,58,38.6,27.2,62,-3.5
1997,7,249,31.2,24.2,108,-4
1997,8,242,30.4,24.2,112,-4.9
1997,9,196,30.7,23.5,114,-4.8
1997,10,61,31.8,19.7,89,-3.9
1997,11,14,30.2,17.1,57,-2.8
1997,12,49,26.7,14.2,60,-1.1
1998,1,7,26.6,13.8,41,-0.7
1998,2,18,30.1,15.9,54,2.8
1998,3,59,34.1,18.8,93,3.8
1998,4,25,39,24.7,63,4.4
1998,5,15,43.3,29,33,4.2
1998,6,90,39.7,28,97,3.1
1998,7,256,31.4,24.6,117,2
1998,8,282,30.9,24.8,110,0.8
1998,9,240,31.2,24.1,105,1
1998,10,63,32.2,21.3,91,1.3
1998,11,13,29.8,16.8,60,1.9
1998,12,0,28,11.4,46,1.5
1999,1,1,26.7,11.5,43,1
1999,2,18,31.5,15.8,48,1.2
1999,3,1,36.3,19.8,40,-1
1999,4,0,41,25.6,19,-1.3
1999,5,22,41.9,28,33,-0.9
1999,6,92,37,26.1,95,-1.4
1999,7,289,31.4,24.1,120,-1.8
1999,8,336,29.9,23.8,109,-1.9
1999,9,343,30.1,23,95,1.5
1999,10,84,31.4,21,102,2.1
1999,11,0,31.1,15,62,2.3
1999,12,2,27.9,11.7,45,1.9
2000,1,1,28.5,13.3,44,1.3
2000,2,15,29.3,15.8,46,1.2
2000,3,0,34.5,19.4,36,-1.2
2000,4,3,40.6,25.9,21,-1.5
2000,5,18,41.2,27.6,28,-1.2
2000,6,157,36,25.6,150,-0.6
2000,7,374,30.7,24.2,108,1
2000,8,200,30.5,24.7,115,-0.7
2000,9,153,30.7,23.5,113,-1.3
2000,10,8,32.7,22.1,83,-2
2000,11,0,30.9,16.1,54,-2.2
2000,12,0,28.5,11.9,41,-2.7
2001,1,6,27.4,13.2,38,-3
2001,2,0,32,17,34,-3.6
2001,3,36,35.3,19.9,53,-3.3
2001,4,25,38.3,23.3,36,-2.7
2001,5,27,42.4,28.3,33,-2
2001,6,230,34.6,23.8,154,2.1
2001,7,294,30.2,23.7,102,2.1
2001,8,287,30.4,24.4,113,2.1
2001,9,92,31.8,24.7,113,-1.3
2001,10,104,31.6,21,107,1
2001,11,2,30.5,16.1,58,1.3
2001,12,0,28.3,12.8,43,0.8
2002,1,20,27.2,12.9,52,0.9
2002,2,15,31.2,16.2,48,1
2002,3,7,35.6,20.2,44,-0.5
2002,4,7,40.3,25.3,25,-0.6
2002,5,20,43.3,29.1,30,0.1
2002,6,149,37.1,26.4,146,0.3
2002,7,134,33,26.5,129,-2.5
2002,8,339,29.4,23.5,97,-3.6
2002,9,149,30.6,23.5,112,-4.2
2002,10,41,31.6,21,88,-4
2002,11,0,29.7,15.3,55,-3.7
2002,12,1,29.8,14.4,40,-3.9
2003,1,2,27.4,13.2,37,-4
2003,2,27,30.9,15.9,48,-3.3
2003,3,51,34.8,19.4,76,-2.6
2003,4,9,40.1,25.1,24,-2.5
2003,5,3,43.6,29.4,13,-2.8
2003,6,114,39.8,29.1,115,-3
2003,7,346,31.2,24.8,108,-2.6
2003,8,289,29.9,24,95,-2.2
2003,9,259,29.7,22.5,83,-1.2
2003,10,48,30.9,20.3,85,-1
2003,11,0,30.1,15.7,56,-0.8
2003,12,16,27.4,12,49,1
2004,1,40,26.9,12.7,59,1.8
2004,2,2,30,15,44,1.5
2004,3,0,36.8,21.4,42,0.7
2004,4,12,39.5,24.5,31,0.7
2004,5,6,42,27.9,17,-0.3
2004,6,185,36.6,25.9,176,0.7
2004,7,265,31.2,24.8,129,-0.8
2004,8,295,29.5,23.6,106,-1.5
2004,9,122,31.4,24.3,115,-2.3
2004,10,23,30.4,19.8,83,-2.5
2004,11,1,29.6,15.2,54,-2.4
2004,12,0,28.2,12.8,41,-2.7
2005,1,20,27.3,13,45,-2.4
2005,2,7,31.2,16.2,42,-2.4
2005,3,51,35.9,20.5,76,-1.9
2005,4,5,38.7,23.7,20,-2
2005,5,10,42,27.9,19,-1.9
2005,6,122,40.5,29.8,123,-2
2005,7,244,30.5,24,114,-2.8
2005,8,227,30.2,24.3,122,-4.1
2005,9,269,30.7,23.6,116,-3.4
2005,10,64,31.2,20.5,94,-2.7
2005,11,0,28.5,14.1,60,-2.2
2005,12,3,27.4,12,45,-2.2
2006,1,0,27.7,13.5,42,-2.4
2006,2,0,33,18,40,-2.7
2006,3,121,34,18.6,122,2
2006,4,25,39.3,24.3,49,2.3
2006,5,36,41.3,27.1,48,3
2006,6,88,38.5,27.8,93,2
2006,7,470,30.6,24.2,117,3.2
2006,8,235,29.5,23.6,107,2.8
2006,9,226,31.1,24,118,2.6
2006,10,4,32,21.3,75,1.5
2006,11,3,30.6,16.2,51,1.1
2006,12,0,29.2,13.7,39,-1.4
2007,1,0,27.8,13.6,36,-1.9
2007,2,22,31.1,16,47,-1.7
2007,3,23,34.8,19.4,48,-1.8
2007,4,7,39.4,24.4,21,-1.9
2007,5,10,42.8,28.6,19,-1.9
2007,6,136,38,27.3,136,-1.7
2007,7,287,31,24.6,117,-2.1
2007,8,274,30.1,24.2,109,-2.8
2007,9,205,31,23.9,103,-2.5
2007,10,11,30.9,20.2,79,-2.9
2007,11,1,29.1,14.7,52,-2.9
2007,12,3,28.4,13,40,-3.1
2008,1,8,27.8,13.6,41,-3.1
2008,2,4,28.9,13.9,35,-3.2
2008,3,25,35.6,20.3,49,-3.1
2008,4,8,39.2,24.2,22,-3
2008,5,15,42.6,28.4,23,-2.8
2008,6,266,36,25.3,156,2
2008,7,322,31.2,24.8,120,2.4
2008,8,292,30.5,24.6,112,2.6
2008,9,165,30.8,23.6,113,1.8
2008,10,25,31.6,20.9,84,1.2
2008,11,0,30.3,15.9,52,0.9
2008,12,0,29.5,14,40,-1.4
2009,1,4,29.7,15.5,38,-1.7
2009,2,0,32.8,17.8,38,-2.2
2009,3,10,36.2,20.8,33,-2.7
2009,4,2,40,25,16,-2.9
2009,5,31,42.8,28.7,39,-2
2009,6,73,41.3,30.6,76,-3
2009,7,353,31,24.6,121,-2.6
2009,8,195,30.8,24.9,119,-3.5
2009,9,208,31.9,24.7,124,-3.3
2009,10,60,30.9,20.3,97,-2.7
2009,11,6,29.7,15.3,54,-2
2009,12,5,28.8,13.4,42,-2
2010,1,11,26.5,12.3,46,-1.8
2010,2,5,31.4,16.3,42,-1.7
2010,3,16,37.9,22.5,53,-1.9
2010,4,3,41.8,26.8,22,-2.1
2010,5,6,43.6,29.4,17,-2.2
2010,6,82,39.7,29,86,-2.9
2010,7,365,31.4,25,115,-2.3
2010,8,354,30.8,24.9,115,-1.4
2010,9,232,30.8,23.7,106,-1
2010,10,31,31.5,20.9,81,-1.1
2010,11,7,31.7,17.3,54,-0.8
2010,12,12,27.7,12.3,47,-0.7
2011,1,0,26.5,12.3,41,-1.1
2011,2,4,30.9,15.9,40,-1.3
2011,3,3,36.2,20.8,34,-1.9
2011,4,21,36.9,21.9,36,-1.4
2011,5,20,42.7,28.6,30,-1
2011,6,268,36.8,26.1,172,2.4
2011,7,255,31.3,24.8,115,2
2011,8,331,30,24,99,2.3
2011,9,264,30.4,23.3,104,2.7
2011,10,7,31.6,21,79,1.6
2011,11,0,30.1,15.7,53,1.1
2011,12,0,28.1,12.7,38,-1.6
2012,1,32,26.5,12.3,52,-1.1
2012,2,2,30.6,15.6,37,-1.5
2012,3,1,35.5,20.1,27,-2.2
2012,4,11,39.4,24.4,25,-2.2
2012,5,9,43.4,29.2,18,-2.2
2012,6,78,39.4,28.7,81,-3
2012,7,461,30.4,24,105,-1.3
2012,8,346,29.7,23.8,100,2.4
2012,9,334,30.8,23.7,105,3.5
2012,10,9,30.9,20.3,80,2.4
2012,11,2,29,14.7,50,1.9
2012,12,0,28.8,13.4,39,1.1
2013,1,4,27.2,13,38,-1.8
2013,2,14,30.8,15.8,42,-1.7
2013,3,33,35.3,19.9,57,-1.6
2013,4,16,38.3,23.3,29,-1.4
2013,5,2,44.3,30.1,11,-1.8
2013,6,358,35.8,25,160,3.3
2013,7,492,30.2,23.8,97,6.3
2013,8,350,29.4,23.5,89,7
2013,9,147,31.1,24,111,5.5
2013,10,117,30.8,20.2,103,6.5
2013,11,0,28.9,14.5,62,6.3
2013,12,0,28,12.5,48,5.6
2014,1,23,33.8,19.6,55,5.4
2014,2,27,29.8,14.8,60,5.6
2014,3,62,34.4,19,85,6.2
2014,4,21,38.6,23.6,56,6.3
2014,5,16,41.1,27,33,5.9
2014,6,95,40,29.3,101,4.6
2014,7,369,31.2,24.8,113,4.5
2014,8,206,30.8,24.9,107,3.3
2014,9,277,30.8,23.7,111,3.7
2014,10,15,31.4,20.7,77,2.7
2014,11,0,29.8,15.5,54,2.2
2014,12,4,26.8,11.4,41,1.6
2015,1,14,26,11.8,43,1.3
2015,2,4,31.3,16.3,38,0.8
2015,3,106,34.2,18.8,111,2.4
2015,4,39,37.7,22.7,60,3.1
2015,5,19,42.6,28.5,31,3.1
2015,6,248,36.7,26,158,4.5
2015,7,175,31.4,24.9,116,3.1
2015,8,351,30.7,24.8,113,2.6
2015,9,217,31.6,24.5,122,2.3
2015,10,15,32.6,22,78,1.4
2015,11,0,31.4,17,55,1
2015,12,0,29.1,13.7,39,-2
2016,1,10,27.6,12.9,40,-2.4
2016,2,7,31.7,17.8,37,-2.6
2016,3,40,33.9,20.6,65,-2.7
2016,4,6,40.1,26.4,21,-3
2016,5,10,40.6,28.3,19,-3
2016,6,156,37.4,27,150,-2.9
2016,7,441,29.8,24.2,102,-1.5
2016,8,263,29.4,24,102,-0.8
2016,9,198,28.8,23.9,93,1.7
2016,10,59,30,20.4,92,1.6
2016,11,1,28.8,13.9,58,1.6
2016,12,4,28,11.7,45,1
2017,1,8,27.8,12.7,45,-0.5
2017,2,5,32.1,16,44,-1.3
2017,3,11,35.1,20.3,42,-2
2017,4,4,40.6,25.6,21,-2.4
2017,5,18,41.6,28.5,27,-2.5
2017,6,142,36.5,26.6,139,-2.6
2017,7,376,30.5,24.4,116,-2.5
2017,8,301,30.3,24.5,118,-3.5
2017,9,244,30.7,23.9,113,-3.8
2017,10,40,30.6,21.8,83,-3.5
2017,11,5,28.4,15.5,56,-3.1
2017,12,4,28.5,12.4,45,-3.3
2018,1,5,27.9,11.5,40,-3.4
2018,2,6,31.7,16.2,39,-3.1
2018,3,9,35.8,20.8,42,-3.2
2018,4,19,37.4,23.7,35,-2.1
2018,5,13,41.3,28.5,23,-1.6
2018,6,169,36.4,26.5,163,-1.9
2018,7,415,30.1,24.4,107,1.6
2018,8,267,29.4,24.2,97,2.6
2018,9,196,30.9,23.2,113,1.5
2018,10,17,31.5,20.9,75,1
2018,11,1,29.9,15.7,50,0.8
2018,12,8,25.8,11.3,40,1.7
2019,1,13,25.9,11.7,42,-0.8
2019,2,10,29.9,14.9,41,-0.7
2019,3,35,34.1,18.8,65,0.2
2019,4,5,39.3,24.3,25,-0.5
2019,5,7,42.9,28.8,18,-0.7
2019,6,47,40.1,29.4,53,-2
2019,7,280,31.9,25.5,130,-2.5
2019,8,214,30.4,24.5,104,-3.7
2019,9,452,30.6,23.4,84,-0.8
2019,10,66,31.6,21,87,2.8
2019,11,0,30.8,16.5,56,2.8
2019,12,20,27.9,12.5,50,3
