Product: Historical Climate - TerraClimate(http://www.climatologylab.org/terraclimate.html) 
Location (Lat/Lon of 4-km Grid Cell Center): 24.1875 North,88.2708 East 
Data Source: NW Climate Toolbox(https://climatetoolbox.org/tool/point-data-download)
Download Date: 07/25/2020
Variable List: 
ppt: ppt (Precipitation)
tmax: tmax (Maximum Temperature)
tmin: tmin (Minimum Temperature)
aet: aet (Actual Evapotranspiration)
PDSI: pdsi (Palmer Drought Severity Index (PDSI))
********************************************************
Year,Month,ppt(mm),tmax(degC),tmin(degC),aet(mm),PDSI(unitless)
1958,1,9,27,12.3,39,-0.1
1958,2,20,28.3,13.7,46,0.7
1958,3,4,35.3,17.4,37,-0.4
1958,4,25,38.4,23.5,39,-0.2
1958,5,68,38,26,73,-0.9
1958,6,103,36.4,26.9,105,-2.5
1958,7,283,33.1,26.3,118,-3.3
1958,8,345,32,26.1,112,-2.3
1958,9,174,32.6,25.7,96,-2.3
1958,10,128,32.1,23.8,102,-2
1958,11,6,28.8,17.1,51,-1.9
1958,12,0,26.4,13.6,38,-1.5
1959,1,39,25,11.5,51,1.2
1959,2,3,27.6,12.6,39,1.1
1959,3,13,33.6,17.2,49,1.1
1959,4,28,37.3,23.4,43,1
1959,5,104,37.1,25.1,108,1.4
1959,6,235,33.8,25.7,134,1
1959,7,246,32.2,26.2,117,-0.7
1959,8,370,32.1,26.1,111,1.7
1959,9,282,31.3,25.1,95,2.8
1959,10,407,30.2,23.3,94,6.3
1959,11,0,27.9,15.7,50,5.4
1959,12,0,25.4,12.4,35,4.9
1960,1,0,25,10.3,31,4.1
1960,2,0,30.6,14,33,3.4
1960,3,21,32.2,16.8,48,3.1
1960,4,1,39.6,23,15,1.9
1960,5,73,37.5,25.5,78,1.5
1960,6,127,34.6,25.9,124,-2.7
1960,7,427,31.7,25.8,120,-2.3
1960,8,198,32.3,26.5,121,-2.7
1960,9,236,31.8,25.7,93,-1.7
1960,10,82,31.6,22.7,98,-2.1
1960,11,3,28,15.1,48,-2.1
1960,12,0,26.5,12.1,31,-2
1961,1,26,25.4,11.6,41,-1.4
1961,2,31,25.5,12.2,51,1.2
1961,3,5,34.4,19.5,41,0.9
1961,4,11,38.5,23.1,27,-0.5
1961,5,90,36.9,25.1,95,0.2
1961,6,277,33.3,25.3,131,0.7
1961,7,173,32.5,25.9,123,-1.1
1961,8,279,32.3,26.3,118,-0.8
1961,9,160,32,25.4,106,-1.3
1961,10,161,31.3,22.6,102,-0.6
1961,11,2,27.4,15.1,50,-0.8
1961,12,0,24.1,9.9,35,-0.6
1962,1,14,24.3,9,37,0.1
1962,2,9,28.6,13.5,37,0.1
1962,3,2,35.1,16.7,37,-0.3
1962,4,24,37.6,22.7,39,-0.1
1962,5,85,36.3,24.3,91,0.1
1962,6,220,33.7,25.6,121,-0.2
1962,7,244,33.3,26.4,128,-1.3
1962,8,284,31.9,26,115,-0.6
1962,9,137,32.6,25.7,111,-1.5
1962,10,110,30.9,22.1,104,-1.5
1962,11,0,28.7,15.2,50,-1.6
1962,12,0,25.9,11.8,35,-1.4
1963,1,2,25,9.3,33,-1.5
1963,2,1,30.8,13.5,35,-1.6
1963,3,17,34.2,17.1,43,-1.7
1963,4,47,36.6,21.4,58,-1.1
1963,5,71,35.5,23.4,76,-1.2
1963,6,337,33.6,25.5,133,0.8
1963,7,323,32.4,26.2,110,1.6
1963,8,146,32.4,26.3,123,-1.2
1963,9,216,33,25.8,114,-1
1963,10,213,31.5,22.6,109,1.4
1963,11,20,28.9,16.7,60,1.6
1963,12,0,26.5,12.9,40,1.7
1964,1,3,25,10.6,37,1.2
1964,2,5,29.1,13.8,42,0.9
1964,3,9,35.3,19,35,-0.5
1964,4,56,36.5,22.7,66,0.5
1964,5,83,36.2,24.1,87,0.3
1964,6,206,34.6,26.1,148,-0.6
1964,7,406,31.6,25.4,126,0.3
1964,8,180,32.3,26.3,127,-1.1
1964,9,144,32.4,25.8,110,-1.8
1964,10,225,31,23.6,101,1.4
1964,11,9,28.4,16.8,58,1.2
1964,12,0,26.3,12.7,40,1.2
1965,1,0,25.7,11.3,34,0.6
1965,2,10,28.4,13,39,-0.1
1965,3,21,33.2,15.7,46,0
1965,4,17,36.9,22.4,29,-0.9
1965,5,45,37.5,25.4,51,-1.8
1965,6,254,34.4,26,141,-1.7
1965,7,300,32,25.5,126,-1.7
1965,8,364,31.4,25.6,115,1.6
1965,9,214,32.2,25.4,103,1.7
1965,10,74,31.5,22.5,94,0.9
1965,11,7,29.3,16.5,54,0.6
1965,12,0,25.2,12.4,37,-0.2
1966,1,49,24.6,11.3,56,1
1966,2,0,30.3,14.4,34,0.6
1966,3,3,34.7,17.5,30,-0.6
1966,4,11,38.9,23.2,24,-1.4
1966,5,47,38,25.6,53,-2.4
1966,6,215,34.1,25.8,149,-2.6
1966,7,165,32.9,25.8,131,-3.8
1966,8,267,32.1,25.9,121,-4.6
1966,9,111,32.2,25.3,113,-5.5
1966,10,92,30.7,21.5,103,-5.4
1966,11,24,28.7,17.3,57,-4.4
1966,12,1,25.2,12,36,-3.8
1967,1,28,24.8,11.3,46,-3
1967,2,0,29.8,13.5,36,-2.8
1967,3,50,31.8,16.9,72,-1.4
1967,4,41,36.4,20.3,54,-1
1967,5,48,36.9,24.6,55,-1.6
1967,6,194,34.6,25.4,154,-2.2
1967,7,282,32.7,25.9,125,-2.9
1967,8,234,32.1,25.8,121,-3
1967,9,180,31.8,25.1,103,-2.9
1967,10,79,31.3,21.8,97,-3.2
1967,11,0,28.2,14.4,47,-3.2
1967,12,0,26.5,12.8,33,-3
1968,1,14,24.7,10.7,37,-2.8
1968,2,3,27.6,12,31,-2.7
1968,3,15,33.7,17.6,39,-2.6
1968,4,15,36.7,22.1,28,-2.8
1968,5,49,37.3,24.9,55,-3.5
1968,6,438,32.1,24.6,114,-1.1
1968,7,391,31.8,25.9,119,3.4
1968,8,265,32.2,26,127,3.3
1968,9,119,33.1,26.1,118,1.6
1968,10,120,31,22.3,109,1.3
1968,11,17,28.6,16.7,56,1.5
1968,12,0,26.6,12.9,39,1.6
1969,1,9,25.1,9.6,39,1.4
1969,2,2,29.3,13.1,36,1.1
1969,3,29,35,18.6,59,1.3
1969,4,40,38,22.5,53,1.4
1969,5,94,36.8,24.2,98,1.6
1969,6,174,34.2,25.9,132,0.7
1969,7,276,32.3,26,118,-1.6
1969,8,360,31.2,25.4,113,1.3
1969,9,254,32,25.4,102,2
1969,10,69,31.3,22.2,96,1.1
1969,11,29,28.8,16.7,57,1.5
1969,12,0,26,12.4,35,1.3
1970,1,27,24.4,11,44,1.6
1970,2,6,28.2,13.4,37,1.5
1970,3,15,33.5,18.2,46,1.3
1970,4,9,38.1,22.9,24,0.6
1970,5,45,37.7,25.3,52,-1.5
1970,6,275,33.5,25.3,129,-1.1
1970,7,370,32.3,25.8,121,0.7
1970,8,217,32.2,26.2,123,-0.3
1970,9,311,31.6,25.5,104,2
1970,10,226,30.8,22.4,106,3.1
1970,11,9,28.3,16,55,2.8
1970,12,0,25.7,11.1,35,2.7
1971,1,40,24.2,11,51,3.3
1971,2,8,27,11.9,39,3.2
1971,3,2,33.7,16.4,43,2.8
1971,4,64,34.1,21.3,79,3.6
1971,5,70,35,23.4,77,3.1
1971,6,308,32.5,25,125,3.4
1971,7,410,31.3,25.1,117,4.5
1971,8,403,30.8,24.9,106,6.3
1971,9,243,32.1,25.1,106,6.2
1971,10,128,31,22.5,105,5.6
1971,11,29,27.6,15.5,59,5.7
1971,12,0,26.2,11.8,40,5.5
1972,1,5,25.3,10.4,35,4.9
1972,2,20,25.4,11,47,4.9
1972,3,6,33.9,17.4,46,4.5
1972,4,11,37.8,21.6,28,3.5
1972,5,28,38.2,25.6,36,1.7
1972,6,135,34.9,25.3,133,-3.1
1972,7,194,33.1,26,126,-4.3
1972,8,303,31.7,25.4,124,-5.1
1972,9,123,33,25.2,117,-5.8
1972,10,71,31.8,21.6,95,-5.9
1972,11,1,28.6,15.6,46,-5.7
1972,12,0,26.1,11.8,35,-5.3
1973,1,7,25.5,10.7,33,-5
1973,2,14,29.2,14.3,39,-4.5
1973,3,20,32.6,16.4,41,-4.1
1973,4,22,37.9,23.4,33,-4.1
1973,5,124,35,23.6,125,-2.7
1973,6,416,33.2,24.7,127,-0.8
1973,7,249,32.8,26,126,-0.5
1973,8,210,32.2,25.8,123,-0.9
1973,9,350,31.6,25.4,99,3.8
1973,10,166,30.8,23,105,3.9
1973,11,24,27.3,17.3,60,4.1
1973,12,4,24.5,12.9,40,4.1
1974,1,7,23.9,10,36,3.6
1974,2,0,28,11.9,36,3.1
1974,3,61,32.7,17.6,80,4.3
1974,4,32,35.7,22.8,51,4
1974,5,94,35.8,24.2,101,3.9
1974,6,158,33.9,25.1,128,2.7
1974,7,399,31.5,25.1,124,2.4
1974,8,230,32.1,25.7,121,2
1974,9,250,32,24.7,99,2.6
1974,10,147,32.3,23.8,107,2.6
1974,11,1,28.9,17.3,53,2.1
1974,12,0,24.3,10.7,35,1.9
1975,1,10,24.7,10.5,38,1.6
1975,2,7,28,13.3,40,1.4
1975,3,9,34.5,17.7,36,0.8
1975,4,17,38,22.8,30,-1.2
1975,5,85,36.9,24.4,90,-1.1
1975,6,143,34.1,25.5,137,-2.2
1975,7,437,31.3,25.2,114,-1.7
1975,8,153,32.1,25.7,119,-2.7
1975,9,172,31.8,25,113,-2.9
1975,10,163,31.6,23.8,107,-2.1
1975,11,9,27.9,16.5,57,-1.9
1975,12,0,25.1,10.8,38,-1.6
1976,1,0,25.3,10.8,32,-1.8
1976,2,13,28.4,14.5,42,-1.5
1976,3,6,33.7,18.8,35,-1.7
1976,4,29,37.5,22.4,42,-1.7
1976,5,117,35.7,23.7,120,-0.9
1976,6,175,34,25.1,142,-1.6
1976,7,380,32.7,25.6,118,-1.6
1976,8,263,31.5,25.3,123,-1.1
1976,9,194,32.5,25,105,-1.1
1976,10,44,32.1,22.5,81,-1.9
1976,11,11,29.9,18.3,54,-2
1976,12,0,25.8,11.7,32,-2.1
1977,1,10,24.5,10.2,33,-2.2
1977,2,16,28.1,12.9,40,-2
1977,3,5,34.9,19.7,24,-2.6
1977,4,45,35.5,22.2,54,-2
1977,5,157,34.2,22.6,153,1.8
1977,6,401,32.7,24.8,135,3
1977,7,480,32.1,26.1,123,5.1
1977,8,159,32.4,26.4,115,3.6
1977,9,142,32.7,25.8,108,2.4
1977,10,109,30.8,22.1,110,1.9
1977,11,8,28.3,18.2,54,1.6
1977,12,4,24.8,12.1,37,1.7
1978,1,1,23.7,9.4,32,1.3
1978,2,15,27.2,13.1,41,1.4
1978,3,24,32.7,16.5,54,1.6
1978,4,47,36.5,21.7,60,1.9
1978,5,128,35.3,23.7,129,2.7
1978,6,314,32.9,24.9,129,3.1
1978,7,313,32.4,25.6,114,3.3
1978,8,235,32.6,26.4,119,2.9
1978,9,402,31.7,25.5,111,5.4
1978,10,125,31.8,23.4,108,4.8
1978,11,6,29.3,17.9,52,4.2
1978,12,0,26,12.6,37,3.9
1979,1,48,25.7,11.9,60,4.6
1979,2,14,26.5,12.8,47,4.5
1979,3,10,33.1,18,47,4
1979,4,26,37.2,23.3,41,3.5
1979,5,22,39,25.4,30,1.3
1979,6,164,35.2,26.3,154,-2.8
1979,7,358,33.1,26.3,140,-3.1
1979,8,309,32.7,26.5,131,-2.1
1979,9,215,32.8,25.7,121,-1.9
1979,10,92,32.1,23.2,105,-2.2
1979,11,10,30.4,19.4,55,-2
1979,12,4,25.4,14.2,41,-1.7
1980,1,21,24.5,11.5,44,-1.4
1980,2,23,27.4,14.3,45,-0.9
1980,3,36,32.8,18.8,62,1.1
1980,4,12,38,24.2,25,-0.7
1980,5,95,35.8,23.5,98,0.1
1980,6,284,33.7,26,118,0.8
1980,7,306,32.4,26.2,116,1
1980,8,227,32.3,26.4,115,0.8
1980,9,148,32.6,26.1,113,-0.8
1980,10,110,31,22.9,107,-1
1980,11,1,29.1,16.5,59,-1.2
1980,12,0,26.1,13.8,40,-1.2
1981,1,38,23.6,11.7,50,0.7
1981,2,28,27.1,14.1,49,1.3
1981,3,34,31.8,17.8,64,2
1981,4,94,33.6,21.3,104,3.7
1981,5,147,34.4,23.4,142,4.9
1981,6,133,34.3,26,130,3.1
1981,7,430,31.8,25.9,123,2.9
1981,8,278,32.6,26.4,118,3.1
1981,9,205,32.1,25.5,115,2.7
1981,10,4,32.5,22.6,81,0.9
1981,11,0,29.3,16.1,47,-3
1981,12,6,24.4,12.7,31,-3.4
1982,1,3,25.7,11.7,25,-3.8
1982,2,10,26.9,13.9,25,-4.2
1982,3,45,31,16.9,52,-3.4
1982,4,41,35.9,22.2,46,-3
1982,5,40,38.3,25.3,43,-4
1982,6,231,34,25.5,134,-3.8
1982,7,214,33.3,26.4,142,-4.6
1982,8,255,31.7,26,121,-4.7
1982,9,122,33.1,25.7,124,-5.6
1982,10,15,32.5,22.6,79,-6.4
1982,11,27,28.1,16.6,56,-5.8
1982,12,0,25.3,11.7,32,-5.8
1983,1,12,24.4,11,34,-5.6
1983,2,16,26.8,13.3,36,-5.3
1983,3,26,32.7,18.5,39,-5
1983,4,29,36.3,21.8,36,-4.7
1983,5,138,35.9,23.8,136,-3
1983,6,188,35.6,26.2,153,-3.6
1983,7,273,33.2,26.5,135,-4.3
1983,8,305,32.1,26.3,116,-3.6
1983,9,208,32.2,26.1,108,-3.2
1983,10,211,31.2,23.4,109,-1.7
1983,11,1,29.6,17.1,60,-1.9
1983,12,2,25,12.1,41,-1.7
1984,1,43,23.9,11,54,-0.6
1984,2,3,26.5,12.8,37,-0.7
1984,3,5,34.6,17.7,35,-1.2
1984,4,22,38,23.1,35,-1.4
1984,5,109,36.1,25.1,112,-0.7
1984,6,547,32.8,25,120,3.7
1984,7,357,32.2,25.8,128,4.5
1984,8,349,32.2,26,122,5.4
1984,9,210,32.1,25.1,124,4.7
1984,10,92,32.1,23.5,103,3.8
1984,11,4,29.1,15.7,61,3.1
1984,12,0,25.9,12.4,38,2.6
1985,1,14,25,12.1,38,2.2
1985,2,5,27.9,13.4,34,1.6
1985,3,15,34.5,19.7,34,0.9
1985,4,25,37.8,23.6,35,-1.7
1985,5,77,35.9,23.7,80,-1.9
1985,6,235,34.3,25.7,139,-1.9
1985,7,279,31.6,25.3,123,-2.3
1985,8,198,32.5,26.3,122,-2.6
1985,9,189,32.1,25.3,111,-2.6
1985,10,130,32.1,22.6,114,-2.3
1985,11,2,29.5,16.5,60,-2.4
1985,12,0,27.1,13.4,41,-2.2
1986,1,12,25.2,12,40,-2.1
1986,2,1,28.6,13.8,35,-2.4
1986,3,2,34.8,17.5,23,-3
1986,4,51,36.3,22.3,60,-2.2
1986,5,91,36,23.2,94,-2
1986,6,174,35,26.2,141,-2.6
1986,7,318,32.5,25.5,126,-3.1
1986,8,173,32.9,25.7,126,-3.7
1986,9,365,31.8,24.8,107,-1
1986,10,251,31,21.9,105,3.7
1986,11,46,28.8,18,69,4.5
1986,12,1,25.8,14,43,4.6
1987,1,1,25.2,11.6,42,3.9
1987,2,3,29.3,14.7,40,3.4
1987,3,18,33,18.3,48,3.1
1987,4,50,36.5,22.7,63,3.3
1987,5,50,37.3,24.4,57,1.9
1987,6,189,35.4,26.5,158,0.9
1987,7,352,32.1,25.9,127,-2
1987,8,371,32,25.8,119,1.7
1987,9,162,32.4,25.9,120,0.7
1987,10,63,32.7,23.4,98,-1.5
1987,11,10,29.6,18.3,56,-1.7
1987,12,1,26.8,13.9,38,-1.9
1988,1,2,25.7,12,32,-2.4
1988,2,21,28.8,14.4,40,-2.2
1988,3,52,32.8,18.4,66,-1.3
1988,4,39,37.4,23.4,46,-1.1
1988,5,99,35.7,25.3,100,-0.7
1988,6,417,33.4,25.4,122,2.5
1988,7,295,32.3,26.2,119,2.9
1988,8,290,32.1,26.6,107,3.4
1988,9,157,33.1,26.1,115,2.3
1988,10,64,32.4,23.4,99,1.2
1988,11,46,29.7,18.1,71,1.9
1988,12,0,26.8,15,39,1.6
1989,1,4,23.9,10.3,35,1
1989,2,4,28.3,14.2,34,-1.3
1989,3,3,33.8,18,21,-2
1989,4,9,38.8,23.7,19,-2.8
1989,5,144,37.2,25.2,144,-1.3
1989,6,203,33.7,25.5,137,-1.7
1989,7,279,32.5,26.1,120,-2.3
1989,8,158,32.5,26.4,117,-3.1
1989,9,216,32.3,26,103,-2.5
1989,10,162,31.8,23.8,101,-1.7
1989,11,1,29.2,17.5,59,-1.9
1989,12,1,25.4,12.2,41,-1.7
1990,1,0,25.8,12.1,35,-2.1
1990,2,24,27.4,15,42,-1.4
1990,3,49,30.8,17.5,65,1.5
1990,4,53,35.3,22.6,66,1.9
1990,5,131,35.8,24.6,128,3
1990,6,286,34,25.9,130,3.1
1990,7,478,31.9,26,112,4.7
1990,8,184,32.6,26.6,118,3.5
1990,9,241,32.5,26.2,109,3.7
1990,10,227,30.7,22.7,108,4.6
1990,11,20,29.9,18.4,63,4.5
1990,12,0,26.1,13.4,43,4.2
1991,1,30,23.3,10.9,48,4.3
1991,2,10,29.2,15,43,4
1991,3,16,33.9,18.9,48,3.6
1991,4,21,36.5,22.5,36,3
1991,5,88,36.2,24.6,93,2.8
1991,6,302,32.9,25.3,132,3
1991,7,283,32.6,26.2,131,2.7
1991,8,239,32,26.3,118,2.4
1991,9,337,31.8,25,106,4.1
1991,10,158,31.6,22.7,107,4.1
1991,11,1,28.9,16.5,58,3.3
1991,12,3,24.6,12.2,38,3.1
1992,1,20,23.3,10.3,42,3
1992,2,25,25.8,12.6,46,3.3
1992,3,0,33.8,18.2,34,2.3
1992,4,9,38.4,22.9,25,1.4
1992,5,97,35.6,23.9,101,1.5
1992,6,225,34.3,25.3,146,0.9
1992,7,306,31.9,25.4,127,-1.5
1992,8,182,32,26,127,-2.2
1992,9,210,32.4,25,123,-2.1
1992,10,79,31.4,22.5,100,-2.5
1992,11,2,28.7,16.4,54,-2.6
1992,12,0,24.7,11.7,36,-2.7
1993,1,17,24.2,11.4,39,-2.5
1993,2,13,28.6,14.5,38,-2.4
1993,3,32,31.9,16.3,50,-2
1993,4,45,35.2,21.4,54,-1.4
1993,5,93,35.2,23.5,96,-0.9
1993,6,345,33.6,25.5,133,1.5
1993,7,314,32.7,25.6,128,2
1993,8,267,31.7,26,109,2.3
1993,9,263,31.6,25,100,3
1993,10,127,31.6,22.7,104,2.7
1993,11,12,29.1,16.8,58,2.5
1993,12,0,26.1,12.8,42,2.4
1994,1,26,25,11.3,48,2.5
1994,2,21,25.9,13.3,45,2.7
1994,3,10,33.5,18.3,44,2.3
1994,4,32,36.2,22,47,2.2
1994,5,78,37,24.9,83,1.7
1994,6,242,33.5,25.5,129,1.5
1994,7,238,33.1,25.9,134,-1.1
1994,8,208,32.3,26.1,125,-1.5
1994,9,121,33,25.3,126,-2.8
1994,10,100,32.1,22.1,108,-2.9
1994,11,4,27.9,17.1,53,-2.8
1994,12,0,25.6,12,39,-2.7
1995,1,27,23.6,10.8,46,-2.2
1995,2,17,28.4,14.9,41,-1.8
1995,3,11,33.7,18,34,-2
1995,4,5,38.3,23,17,-2.6
1995,5,76,37.5,25.5,80,-2.7
1995,6,250,34.6,26.6,134,-2.5
1995,7,373,32.4,25.7,125,-1.7
1995,8,287,32.2,25.8,115,-0.9
1995,9,335,32,25.3,107,2.8
1995,10,85,32.3,23,98,2
1995,11,58,28.6,17.7,74,3.4
1995,12,0,25.3,12.5,44,3.4
1996,1,19,24.9,11.8,45,3.3
1996,2,11,27.9,12.8,44,3.2
1996,3,7,34.4,19.3,39,2.5
1996,4,39,37.5,22.4,52,2.5
1996,5,66,37.2,24.9,72,1.6
1996,6,268,33.9,24.9,128,1.6
1996,7,232,32.7,26,122,0.9
1996,8,281,31.7,25.5,111,1.4
1996,9,182,32,26.1,110,0.9
1996,10,197,31.6,22.4,114,1.7
1996,11,1,29.8,16.3,60,1.2
1996,12,0,26.2,11.3,43,1
1997,1,37,24.6,10.4,52,1.5
1997,2,13,26.5,13,41,1.5
1997,3,24,33.5,18.5,52,1.5
1997,4,56,34.7,21,68,2.2
1997,5,76,36.6,24.5,81,1.6
1997,6,157,34.2,25.5,141,-1.3
1997,7,379,32.8,25.9,117,-1.4
1997,8,279,32.3,25.7,113,-0.6
1997,9,231,31.8,25.2,105,0.4
1997,10,36,31.2,21.9,90,-1.2
1997,11,6,29.1,17.8,50,-1.7
1997,12,3,23.9,12.8,33,-2
1998,1,49,23.6,11,55,-1
1998,2,22,28.5,14.7,42,-0.6
1998,3,54,32.1,16.8,74,1.9
1998,4,41,36.3,22.5,51,2
1998,5,73,37.3,25.1,77,1.5
1998,6,172,35.4,26.4,146,-1.1
1998,7,357,32.6,26.1,121,-1.4
1998,8,277,31.7,26.9,111,-0.7
1998,9,195,33.1,25.9,109,-0.7
1998,10,233,33.4,24.8,103,1.8
1998,11,40,28.9,17.9,71,2.6
1998,12,0,26.1,12.7,47,2.7
1999,1,0,25.6,11.1,39,2.1
1999,2,0,30.3,14.8,39,1.4
1999,3,2,35.4,18.4,24,-1.6
1999,4,16,38.9,24.1,28,-2.1
1999,5,113,36.1,24.7,115,-1.1
1999,6,221,34.2,26,130,-1.3
1999,7,338,32.4,25.7,118,-1.2
1999,8,360,31.5,26.3,118,1.8
1999,9,263,32.1,25.1,110,2.4
1999,10,210,31.5,23.4,106,3.3
1999,11,10,29.4,17.1,62,2.9
1999,12,0,26.5,14,42,2.7
2000,1,25,24.2,11,46,2.7
2000,2,21,26.1,13.3,43,2.8
2000,3,23,31.9,17.8,54,2.8
2000,4,63,35.7,22.2,75,3.4
2000,5,131,35.7,24.3,131,4.2
2000,6,192,34.4,25.3,139,3.1
2000,7,271,32.9,25.9,129,1.9
2000,8,223,32.5,25.9,119,1.2
2000,9,274,31.9,25,104,2.1
2000,10,114,31.9,23.2,107,1.7
2000,11,2,29.5,17.3,58,1.3
2000,12,0,26.3,12,44,1.1
2001,1,2,26.8,10.9,37,-1.3
2001,2,4,30,14.4,35,-1.6
2001,3,29,33.7,18.1,46,-1.6
2001,4,27,37.1,22.9,36,-1.7
2001,5,136,35.9,25.1,134,1.2
2001,6,315,33.1,25.5,114,1.8
2001,7,213,32.6,25.7,127,1.3
2001,8,219,32.1,27,118,0.9
2001,9,119,32.9,26.3,115,-1.8
2001,10,189,32,24.1,104,-0.7
2001,11,10,30.6,17.4,58,-0.6
2001,12,0,26.8,12.6,45,0.1
2002,1,35,24.9,11.8,52,1.3
2002,2,1,29.4,14,39,0.9
2002,3,13,34.3,18.6,40,0.6
2002,4,49,36.8,22.4,61,1
2002,5,64,36,25,69,0.6
2002,6,297,34.2,26.1,124,1
2002,7,419,31.7,26.6,122,2.3
2002,8,288,31.9,26.1,113,2.7
2002,9,190,32,25.8,106,2.3
2002,10,61,32,22.6,92,1.3
2002,11,51,29.8,17.2,72,2.2
2002,12,0,26.6,13.4,41,2.1
2003,1,8,25.4,9.5,38,1.6
2003,2,7,28,14.3,33,1.3
2003,3,24,32.7,17.8,47,1.3
2003,4,30,37.6,23.2,41,1.1
2003,5,95,36.3,25,98,1.1
2003,6,280,33.7,26.8,127,1.3
2003,7,339,32.5,26.5,118,1.7
2003,8,139,33.2,26.7,116,-1.2
2003,9,134,32.5,26.7,106,-2
2003,10,281,32.6,23.6,99,2.1
2003,11,19,30,17.2,64,2.2
2003,12,3,24.4,13,41,2.2
2004,1,7,24.2,11.1,39,1.8
2004,2,1,29.1,13.4,37,1.3
2004,3,15,36.5,19,39,0.8
2004,4,51,36.4,23,61,1.2
2004,5,37,37.6,25.9,44,-1.4
2004,6,254,33.5,26.4,132,-1.3
2004,7,193,31.4,26.5,118,-2.1
2004,8,239,32.6,26.3,114,-2.2
2004,9,113,33.3,25.4,110,-3.3
2004,10,299,30.8,22.6,110,-0.7
2004,11,3,28.2,17.3,57,-0.9
2004,12,0,27.5,13.2,41,-0.8
2005,1,35,24.4,12.6,50,2
2005,2,2,28.9,15.6,41,1.6
2005,3,45,34.3,19.2,70,2.1
2005,4,51,37.2,22.8,62,2.3
2005,5,77,36,24.7,82,1.8
2005,6,181,35.1,26.7,155,0.7
2005,7,272,32.2,26.6,136,-2.2
2005,8,203,32.4,27,124,-3.2
2005,9,198,33.2,25.7,125,-3.2
2005,10,136,30.7,23.7,98,-2.6
2005,11,0,29.7,16.1,60,-2.7
2005,12,0,26.9,12.6,43,-2.5
2006,1,0,27.5,11,37,-2.9
2006,2,1,32.4,15.7,33,-3.4
2006,3,7,34.4,19.1,22,-3.8
2006,4,45,36.2,23.2,52,-3.1
2006,5,97,36.6,25.6,98,-2.6
2006,6,129,33.9,26.2,125,-3.6
2006,7,406,33.1,26,128,-3.4
2006,8,232,32.6,26.2,133,-3.3
2006,9,298,33,26,115,-1.8
2006,10,110,31.7,23.8,110,-1.9
2006,11,8,28.5,18.9,56,-1.7
2006,12,0,27.7,13.4,43,-1.4
2007,1,2,26.8,10.9,37,-1.7
2007,2,24,27.3,14.5,43,-1.1
2007,3,12,34.5,17.7,38,-1.3
2007,4,38,37.9,23.1,49,-1
2007,5,100,37.5,25.3,103,-0.6
2007,6,228,34.7,25.7,137,-0.8
2007,7,482,32.2,26.3,120,1.6
2007,8,398,32.8,27,120,3.4
2007,9,296,32.3,26.6,109,4.4
2007,10,103,32.7,24,105,3.6
2007,11,8,29.7,17.5,59,3.1
2007,12,0,27.1,12.7,43,2.8
2008,1,51,24.7,12.9,59,3.6
2008,2,6,27.4,12.6,38,3.2
2008,3,14,34.3,19.2,43,2.8
2008,4,37,37.5,23.7,50,2.7
2008,5,77,36.2,26.2,82,2.3
2008,6,420,32.2,26.2,118,3.9
2008,7,295,31.9,26.2,114,4.2
2008,8,228,31.9,26.8,112,3.7
2008,9,159,32.9,26,108,2.7
2008,10,122,31.8,22.8,112,2.3
2008,11,1,29.8,17.2,58,1.8
2008,12,0,27.6,13.7,39,1.5
2009,1,2,27.9,12.5,36,0.9
2009,2,3,30.4,15,39,-1.7
2009,3,17,34.7,18.9,35,-1.9
2009,4,14,39.4,23.8,24,-2.4
2009,5,127,36.4,25.2,128,-1.2
2009,6,97,35.2,26.8,97,-2.8
2009,7,343,33.7,26.3,125,-3.3
2009,8,228,32.7,26.5,110,-3.1
2009,9,258,33.4,26.3,115,-2.2
2009,10,93,33,23,105,-2.4
2009,11,32,30.7,17.4,68,-1.5
2009,12,0,26.4,13.5,42,-1.2
2010,1,0,25.9,10,37,-1.6
2010,2,5,30.4,13.4,37,-1.8
2010,3,20,36.2,19.9,38,-2.1
2010,4,29,39.3,24,39,-2.2
2010,5,101,36.8,25.6,103,-1.7
2010,6,265,34.6,26.4,140,-1.5
2010,7,237,33,26.9,132,-2.2
2010,8,197,32.4,27.4,123,-2.5
2010,9,261,32.2,26.8,107,-1.4
2010,10,118,31.9,24.8,111,-1.4
2010,11,4,30.5,19.2,58,-1.5
2010,12,2,26,12.8,42,-1.2
2011,1,6,24.7,10.8,38,-1.4
2011,2,10,29.5,13.2,40,-1.4
2011,3,14,33.9,18.9,36,-1.6
2011,4,28,36.3,22.9,39,-1.5
2011,5,72,36,25.6,76,-1.5
2011,6,351,33.7,26.4,128,1
2011,7,231,32,26.9,125,0
2011,8,406,32,26,102,3.1
2011,9,218,32.6,26,101,3
2011,10,26,32.4,23.1,78,1.6
2011,11,5,29.6,17.1,50,0.7
2011,12,0,27.7,12.8,35,-2.2
2012,1,40,22.6,10,48,-1.4
2012,2,2,27.2,13,31,-1.9
2012,3,4,34.8,18.3,20,-2.6
2012,4,54,35.6,22,61,-1.8
2012,5,48,37.4,25.1,52,-2.6
2012,6,162,34.5,26.4,151,-3.4
2012,7,258,32.3,26.6,123,-4.2
2012,8,226,32.7,26.3,118,-4.9
2012,9,197,32.4,25.4,106,-4.5
2012,10,81,31.5,21.5,102,-4.6
2012,11,11,29.7,15.4,56,-4.2
2012,12,2,26.8,11.8,40,-3.9
2013,1,5,25.2,10,34,-3.9
2013,2,10,27.8,13.3,38,-3.8
2013,3,3,34.2,18.1,22,-4.2
2013,4,27,36.3,22.6,36,-4
2013,5,104,35,24.5,106,-3.1
2013,6,226,34.8,26,131,-3
2013,7,257,33,26.3,133,-3.6
2013,8,275,32.1,25.7,117,-2.8
2013,9,176,32.6,25.5,111,-3
2013,10,194,30.7,23.2,94,-1.6
2013,11,0,28.3,14.9,59,-1.8
2013,12,0,24.4,12.4,38,-1.7
2014,1,0,22.3,10.5,32,-2
2014,2,24,25.7,12.7,44,-1.4
2014,3,4,32.8,17.4,31,-1.8
2014,4,9,38.3,23.1,23,-2.3
2014,5,73,37.4,24.9,78,-2.5
2014,6,264,34.1,25.3,138,-2.2
2014,7,262,33.1,26.3,125,-2.5
2014,8,234,32.2,25.8,117,-2.2
2014,9,231,32.5,25.4,115,-1.7
2014,10,49,31.7,22.1,87,-2.4
2014,11,0,28.2,15.8,51,-2.8
2014,12,0,24.3,12.4,33,-3
2015,1,18,23.2,11.2,38,-2.8
2015,2,21,27.2,13.9,40,-2.4
2015,3,15,32.6,17.8,34,-2.5
2015,4,65,34.6,21.8,73,-1.2
2015,5,69,36.9,24.6,73,-1.4
2015,6,283,34.3,25.6,135,-1.1
2015,7,420,32.6,25.3,119,1.9
2015,8,314,32.3,25.9,112,2.7
2015,9,213,32.9,25.3,120,2.4
2015,10,47,31.9,22.6,85,1.2
2015,11,0,29.1,16.5,49,-1.5
2015,12,0,24.8,12.1,33,-1.8
2016,1,14,22.6,11.1,35,-1.8
2016,2,12,28.3,15.9,35,-2.2
2016,3,25,33.4,19.3,41,-2
2016,4,17,37.6,22.9,26,-2.5
2016,5,100,36,24.1,101,-1.4
2016,6,172,35.1,25.8,141,-2.1
2016,7,382,32.6,25.8,116,-2.2
2016,8,287,33.2,26.2,130,-1.5
2016,9,169,32.9,25.6,106,1.5
2016,10,115,32.5,23.4,109,1.4
2016,11,18,28.3,16.6,61,1
2016,12,0,25.8,13.2,41,0.9
2017,1,2,24.5,11,37,-0.3
2017,2,2,28.3,14.1,36,-1
2017,3,49,30.7,17.6,68,-0.8
2017,4,55,35,22.6,66,0.5
2017,5,73,37.1,24.9,77,0.9
2017,6,188,34.7,25.6,142,-0.6
2017,7,461,32.6,26,119,0.7
2017,8,309,32.7,26.1,118,0.8
2017,9,163,33.1,25.7,111,-0.3
2017,10,246,31.5,23.2,104,2.3
2017,11,10,29.4,17.4,60,1.8
2017,12,3,25.8,14.1,42,1.6
2018,1,1,23.4,10.6,35,1
2018,2,8,28.1,14.9,38,-0.4
2018,3,10,33.3,18.8,34,0.3
2018,4,65,35.5,21.8,75,2.6
2018,5,91,35.3,23.6,94,4.6
2018,6,227,35,25.5,145,3.7
2018,7,280,33.2,26,128,2.4
2018,8,153,33.2,26.3,128,1.1
2018,9,106,33.3,25.4,115,-2.9
2018,10,56,31,22,89,-3.2
2018,11,2,28.5,15.8,47,-3.2
2018,12,1,25,12.3,34,-2.9
2019,1,0,24.9,11.4,29,-4.5
2019,2,27,27.8,13.7,43,-3.9
2019,3,15,32.9,17.6,29,-3.8
2019,4,38,35.6,21.3,45,-3.2
2019,5,128,37.2,25.3,127,-2
2019,6,179,35.3,26.8,147,-2.7
2019,7,256,33.6,27.1,137,-3.6
2019,8,214,33.5,27.4,129,-4.5
2019,9,248,32.9,26.1,108,-3.4
2019,10,241,31.8,23,102,-1.5
2019,11,7,29.7,17.9,56,-1.5
2019,12,1,25,11.8,38,-1.2
