Product: Historical Climate - TerraClimate(http://www.climatologylab.org/terraclimate.html) 
Location (Lat/Lon of 4-km Grid Cell Center): 15.5208 North,73.9792 East 
Data Source: NW Climate Toolbox(https://climatetoolbox.org/tool/point-data-download)
Download Date: 07/24/2020
Variable List: 
ppt: ppt (Precipitation)
tmax: tmax (Maximum Temperature)
tmin: tmin (Minimum Temperature)
aet: aet (Actual Evapotranspiration)
PDSI: pdsi (Palmer Drought Severity Index (PDSI))
********************************************************
Year,Month,ppt(mm),tmax(degC),tmin(degC),aet(mm),PDSI(unitless)
1958,1,0,32.5,20.2,65,1.1
1958,2,0,31.6,20.9,55,1.2
1958,3,1,33.1,22.8,54,1.3
1958,4,12,33.4,25.3,42,1.3
1958,5,97,33.1,26.1,105,1.7
1958,6,417,31.5,25.8,130,1.5
1958,7,2345,28.2,23.9,99,1.3
1958,8,626,28.6,24.1,107,1.2
1958,9,219,28.8,23.5,106,0.6
1958,10,109,30.7,23.7,119,-0.6
1958,11,30,32.7,22.4,88,-1
1958,12,0,32.3,20.6,78,-1.5
1959,1,0,31.8,20.7,67,-1.6
1959,2,0,31.9,20.9,54,-1.7
1959,3,0,33.2,22.7,55,-1.9
1959,4,9,33.4,25.1,37,-1.9
1959,5,162,33.7,26.4,155,1.6
1959,6,1248,30.2,24.5,118,1.4
1959,7,1641,28,23.1,96,1.3
1959,8,573,28.3,23.8,95,1.1
1959,9,375,28.7,23.3,99,1.7
1959,10,59,30.2,23.8,99,-1.2
1959,11,42,32.1,21.8,91,-1
1959,12,4,32.8,20.5,73,-1.7
1960,1,0,32,20,64,-1.9
1960,2,0,33.2,20,54,-2
1960,3,2,31.8,22.8,54,-2.2
1960,4,10,33.5,24.5,37,-2.2
1960,5,106,33,25.3,109,-1.2
1960,6,381,30.1,24.4,110,-1.1
1960,7,1564,28.9,24.3,105,-1
1960,8,578,28.7,23.9,99,-0.9
1960,9,377,28.9,23.4,98,1.2
1960,10,53,30.9,23.3,92,-1.2
1960,11,25,32.5,21.2,82,-1.5
1960,12,1,32.6,20.6,70,-2.2
1961,1,0,32.2,20.1,62,-2.5
1961,2,0,30.7,19.5,52,-2.6
1961,3,0,32.9,22.9,50,-2.8
1961,4,12,33.4,24.6,39,-2.6
1961,5,397,32.1,24.9,152,5.3
1961,6,534,29.6,23.4,114,4.8
1961,7,2144,27.7,23.3,95,4.3
1961,8,776,28.7,23.9,98,3.9
1961,9,366,28.8,23.1,90,4.2
1961,10,200,30.1,22.8,111,4.7
1961,11,10,32,21.6,83,3.6
1961,12,0,32.1,19.8,74,2.6
1962,1,0,31.3,17.8,64,2.1
1962,2,0,32.6,19.8,56,1.8
1962,3,0,32,21.8,55,1.5
1962,4,6,32.6,24.4,38,1.1
1962,5,55,32.8,24.9,72,0.7
1962,6,538,30.7,24.7,124,0.6
1962,7,1555,28.5,23.7,97,0.6
1962,8,917,28.3,23.5,97,0.6
1962,9,289,28.9,22.9,102,0.6
1962,10,167,31.8,22.8,130,0.8
1962,11,31,32,20.8,88,0.7
1962,12,187,31.1,20.2,123,6
1963,1,0,32,19.5,80,7.5
1963,2,0,32.4,19.4,74,8.7
1963,3,4,32.6,22.4,82,10
1963,4,18,32.6,23.9,72,10.9
1963,5,58,33.2,25.2,87,9.7
1963,6,490,30.1,23.6,111,8.7
1963,7,1465,29.1,23.7,103,7.8
1963,8,930,28.3,23.2,98,7.1
1963,9,118,29.5,23.1,113,5.2
1963,10,269,30.7,23.2,120,6.6
1963,11,7,32.1,22,82,5.2
1963,12,0,32.5,20.2,74,4
1964,1,0,31.1,18.2,66,3.4
1964,2,0,32,19.2,55,2.8
1964,3,2,32.9,22.2,58,2.2
1964,4,5,33.7,25,35,1.6
1964,5,12,33.2,25.6,29,-2.8
1964,6,428,30.8,24,122,-2.5
1964,7,1376,28.9,23.2,109,-2.3
1964,8,1414,28.3,23,97,-1.7
1964,9,420,28.6,22.4,99,1.3
1964,10,293,30.5,22.6,115,3.5
1964,11,25,31.3,20.3,84,2.9
1964,12,9,31.6,18.2,79,2.5
1965,1,0,31.7,19.2,67,2.4
1965,2,0,31.3,19.6,59,2.2
1965,3,0,31.9,21.7,58,2.1
1965,4,19,32.7,23.9,54,2.3
1965,5,34,33.1,25,53,1.4
1965,6,480,30.7,23.9,114,1.3
1965,7,2191,28.6,23.5,103,1.1
1965,8,536,28.9,23.6,113,1
1965,9,226,29.6,23.3,111,-0.4
1965,10,37,32.7,23.3,99,-2.4
1965,11,5,33.6,21.4,77,-3.5
1965,12,169,32.5,20.5,141,4
1966,1,0,31.8,19.6,68,4.2
1966,2,0,32.6,20.2,61,4.1
1966,3,1,32.6,22.1,62,4.1
1966,4,2,33.1,24.4,41,3.3
1966,5,139,32.5,24.7,140,4.1
1966,6,718,30.8,24.9,115,3.7
1966,7,1414,29.2,24.2,104,3.3
1966,8,242,29.3,24.2,104,2.8
1966,9,363,29.6,23,115,3
1966,10,134,32.1,23.2,129,2.5
1966,11,208,31.9,22.1,126,7.5
1966,12,36,31.8,20,92,8
1967,1,0,31.7,18.9,78,8.7
1967,2,0,32.5,19.3,66,9
1967,3,0,31.9,22.9,69,9.3
1967,4,8,33.9,24.6,59,9
1967,5,23,33.8,25.8,53,7.3
1967,6,1630,30.9,24.8,128,6.5
1967,7,1277,28.4,23.7,100,5.8
1967,8,633,28.6,23.9,97,5.2
1967,9,292,28.9,23.1,104,4.8
1967,10,160,31.2,22.8,127,4.5
1967,11,4,32.5,20.6,86,3.1
1967,12,43,31.4,21.9,87,3.4
1968,1,0,30.6,19.1,65,3.3
1968,2,0,30.7,19.7,55,3.1
1968,3,1,32.4,22,60,3.2
1968,4,17,32.9,23.8,55,3.4
1968,5,33,33,25.1,53,2.3
1968,6,1418,30.9,24.6,127,2
1968,7,882,28.8,23.7,103,1.8
1968,8,367,28.8,24.2,108,1.5
1968,9,155,29.7,23.2,109,-1.5
1968,10,232,31.6,21.9,126,1.3
1968,11,18,32.6,21,87,0.7
1968,12,0,32.3,19.9,75,-0.6
1969,1,0,31.5,19.1,67,-1
1969,2,0,31.7,20.4,53,-1
1969,3,2,33.4,23,55,-0.8
1969,4,17,34.2,25.2,50,0.3
1969,5,13,33.9,26.4,32,-1.1
1969,6,330,31.1,24.6,124,-1
1969,7,1696,29,23.7,103,-0.9
1969,8,1016,29.2,23.8,116,-0.7
1969,9,354,28.4,23.1,109,0.5
1969,10,86,31.1,23.6,110,-1
1969,11,40,32.8,22.2,86,-0.7
1969,12,5,31.8,21.3,78,-1.1
1970,1,0,31.7,19.4,61,-1.2
1970,2,0,31.4,20.6,56,-1.1
1970,3,0,32,22.4,56,-1.2
1970,4,8,33.1,25.4,39,-1.3
1970,5,134,32.7,25.6,134,1.1
1970,6,473,29.7,24,116,1
1970,7,1866,29,24,103,0.9
1970,8,853,28.2,23.5,99,0.9
1970,9,270,28.7,23,101,0.7
1970,10,194,31.1,23.3,125,1.4
1970,11,0,32.3,20.4,84,-1
1970,12,0,31.9,17.1,74,-1.7
1971,1,0,30.6,19.2,64,-1.8
1971,2,0,31.4,19.6,53,-1.9
1971,3,0,32.3,22.3,53,-2
1971,4,8,33.9,24.8,38,-2
1971,5,71,32.7,25.4,85,-1.9
1971,6,1155,28.8,23.9,116,-1.7
1971,7,765,28.9,24.1,108,-1.5
1971,8,547,28.7,23.7,109,-1.4
1971,9,250,29,23.5,111,-1.5
1971,10,60,30.3,22.3,101,-2.6
1971,11,4,31.5,20,78,-3.4
1971,12,0,30.7,19.4,70,-4.2
1972,1,0,32,18,59,-4.5
1972,2,0,30.3,19.7,49,-4.7
1972,3,0,32.8,22.3,46,-4.9
1972,4,9,33.2,24.4,32,-4.7
1972,5,41,32.9,25.2,54,-4.8
1972,6,420,31.8,25.5,140,-4.3
1972,7,1219,29.2,24.1,107,-3.9
1972,8,330,29.3,24.1,115,-3.6
1972,9,171,30.2,23.5,128,-4.1
1972,10,67,31.9,24.6,107,-4.9
1972,11,25,32.2,21.4,84,-4.9
1972,12,0,32.4,21.2,72,-5.4
1973,1,0,32.3,18,63,-5.4
1973,2,0,32.5,20.4,49,-5.4
1973,3,0,33.1,22.2,49,-5.5
1973,4,4,34.6,26.4,29,-5.5
1973,5,26,33.7,26.8,40,-5.8
1973,6,563,30.7,25,128,-5.2
1973,7,1251,28.8,23.9,107,-4.7
1973,8,574,28.2,23,100,-4.2
1973,9,162,28.4,23.5,105,-4.6
1973,10,200,30.7,23.5,122,-3.3
1973,11,10,31.8,20.9,85,-3.6
1973,12,1,31.6,20,77,-3.9
1974,1,0,31.9,18.4,66,-3.7
1974,2,0,31.8,19.7,53,-3.5
1974,3,5,33.2,22.7,58,-3.2
1974,4,12,33.8,25.4,43,-2.9
1974,5,87,32.6,25,99,-2.4
1974,6,1340,30.3,24.3,126,-2.1
1974,7,762,28.8,24.1,106,-1.9
1974,8,651,28.8,23.5,101,-1.7
1974,9,457,29.6,23.1,108,1.3
1974,10,276,29.8,23.4,121,3.2
1974,11,0,31.5,19.4,80,1.9
1974,12,0,31.9,17.9,73,1
1975,1,0,31.3,18.3,63,0.6
1975,2,0,31.6,19.8,55,-1.7
1975,3,0,31.8,21.9,53,-1.8
1975,4,6,33.7,25.1,36,-2
1975,5,75,32.8,25.4,89,-1.8
1975,6,1395,29.7,24,125,-1.6
1975,7,1213,28.4,23.4,98,-1.4
1975,8,674,28.3,23.7,103,-1.3
1975,9,495,28.6,22.7,105,1.5
1975,10,254,29.6,23.7,115,3.1
1975,11,48,30.6,20.1,96,3.2
1975,12,0,31.6,17.5,78,2.6
1976,1,0,31,18.1,67,2.5
1976,2,0,31.4,19.3,58,2.4
1976,3,1,33.7,22.2,61,2.3
1976,4,8,32.4,24.2,44,2
1976,5,5,32.6,25.2,25,0.7
1976,6,1320,30.2,24.3,121,0.6
1976,7,695,28.9,23.6,107,0.6
1976,8,647,28.7,23.5,103,0
1976,9,232,29.3,23.3,103,-1.1
1976,10,30,32.3,23.8,85,-2.5
1976,11,107,32.1,23.2,120,1.8
1976,12,0,32.1,20.8,77,1
1977,1,0,31.1,19.2,64,0.8
1977,2,0,31.6,20.6,58,-0.1
1977,3,4,33.4,23.8,56,-0.8
1977,4,9,32.8,25.8,39,-0.9
1977,5,45,32.5,25.9,61,-1.4
1977,6,1245,30.7,24.6,117,-1.3
1977,7,1241,28.7,23.9,103,-1.1
1977,8,478,28.9,24.2,107,-1.1
1977,9,235,29.1,23.5,110,-1.3
1977,10,186,31.9,23.6,132,-0.7
1977,11,132,31.7,24,119,3.5
1977,12,0,31.5,20,80,3.3
1978,1,0,31.2,19.7,74,4
1978,2,0,30.4,20.4,60,4.4
1978,3,0,31.1,22.3,62,4.9
1978,4,17,32.8,25.3,63,5.5
1978,5,178,33.2,26.1,169,6.8
1978,6,716,29.5,23.8,120,6.1
1978,7,573,28,23.3,97,5.4
1978,8,769,28.2,24.1,108,4.9
1978,9,283,28.6,23.4,111,4.4
1978,10,84,31.5,23.9,110,3
1978,11,48,32.2,23.3,89,3.1
1978,12,5,31.8,21.7,77,2.4
1979,1,0,31.5,21.4,64,2.1
1979,2,0,30.6,20.2,55,1.8
1979,3,0,32.1,22.4,57,1.6
1979,4,2,33.2,25.2,34,1
1979,5,30,33.1,25.5,48,-1.8
1979,6,597,31.1,25.6,131,-1.6
1979,7,958,28.9,24.6,105,-1.4
1979,8,866,28.6,24.2,114,-1.2
1979,9,320,29.5,23.8,114,-0.9
1979,10,74,30.9,24.8,108,-1.8
1979,11,98,31.3,24.2,108,1.9
1979,12,0,31.8,21.6,75,1.4
1980,1,0,30.9,20.8,67,1.5
1980,2,0,31.9,21.5,57,1.6
1980,3,0,31.9,23.7,60,1.8
1980,4,27,33.4,26.3,63,2.5
1980,5,78,34.2,26.6,95,2.2
1980,6,626,30.2,23.7,103,2
1980,7,1395,28.7,24.4,99,1.8
1980,8,939,28.3,23.7,98,1.7
1980,9,184,29.5,23.8,111,0.8
1980,10,47,31.4,24.4,103,-2.1
1980,11,36,32.4,22.9,88,-2.2
1980,12,36,31.5,20.1,87,-1.8
1981,1,0,30.6,20,62,-2
1981,2,0,31.9,20.6,53,-2
1981,3,1,32.2,22.8,53,-2.2
1981,4,9,32.9,25,37,-2.1
1981,5,126,33.1,26.1,129,-1.1
1981,6,498,29.8,24.7,114,-1
1981,7,1420,28.8,24.3,107,-0.9
1981,8,863,28.2,23.8,103,-0.7
1981,9,434,29.5,23.8,114,1.6
1981,10,61,31.1,24.2,103,-1.3
1981,11,12,31.3,21.4,83,-2
1981,12,0,31.6,20.6,68,-2.9
1982,1,0,30.7,20.9,56,-3.3
1982,2,0,30.9,21.5,51,-3.5
1982,3,0,31.7,22.4,48,-3.9
1982,4,5,32.2,25,29,-4
1982,5,112,33,26,117,-2.9
1982,6,854,30.5,25.1,129,-2.6
1982,7,1663,29.2,24.5,108,-2.4
1982,8,586,28.9,24.3,103,-2.2
1982,9,168,29.5,23.6,120,-2.8
1982,10,106,32,24.4,117,-3.1
1982,11,52,30.9,23.5,99,-2.2
1982,12,0,32,21.2,78,-2.5
1983,1,0,31.4,19.7,66,-2.3
1983,2,0,30.3,20.7,57,-2.1
1983,3,0,30.8,23.3,57,-2
1983,4,0,32.5,24.3,32,-2.4
1983,5,16,33.4,26.6,34,-3.2
1983,6,1450,31.7,26.2,133,-2.9
1983,7,1743,29.8,24.6,106,-2.6
1983,8,637,28.4,24.3,99,-2.3
1983,9,500,28.7,23.5,98,1.6
1983,10,84,30.1,23.8,109,-0.9
1983,11,25,31.1,20,88,-1.1
1983,12,36,31.6,20.6,85,-0.7
1984,1,0,30.8,20.3,64,-0.6
1984,2,0,31.3,21.2,55,0
1984,3,3,33.1,23.7,54,0.7
1984,4,31,33.2,25.5,65,1.6
1984,5,26,33.8,26.9,46,-0.9
1984,6,327,30.2,24.3,119,-0.8
1984,7,1629,28.3,23.6,107,-0.7
1984,8,491,28.6,23.8,112,-0.7
1984,9,244,28.9,23.4,119,-1
1984,10,230,30.4,23.8,120,1.3
1984,11,4,32,21,87,-0.9
1984,12,20,32.8,19.8,83,-1
1985,1,0,32,20.4,64,-1
1985,2,0,31.8,20.4,56,-1
1985,3,0,33.6,23.5,55,-1.1
1985,4,12,33.1,25.2,43,-1.1
1985,5,143,33.3,26.2,143,1.2
1985,6,245,29.6,24,122,1
1985,7,781,28.7,23.7,110,0.9
1985,8,640,28.8,23.6,112,0.8
1985,9,117,30,23.8,121,-1.2
1985,10,290,30.4,22.5,129,2.1
1985,11,9,32.2,20.6,87,1.1
1985,12,0,32.7,20.6,74,-1.4
1986,1,0,31.5,20.1,63,-1.5
1986,2,0,30.9,20.7,55,-1.5
1986,3,1,32.6,23.2,56,-1.6
1986,4,4,33.6,25.3,34,-1.9
1986,5,18,33.6,26.2,36,-2.7
1986,6,719,31,24.4,126,-2.4
1986,7,590,29.5,24.3,114,-2.2
1986,8,532,28.6,23.4,119,-2
1986,9,76,30.2,24,105,-3.2
1986,10,94,32.3,23.7,119,-3.9
1986,11,80,32.7,21.9,104,-2.4
1986,12,5,32.4,20.1,77,-2.7
1987,1,0,32.1,20.5,62,-2.7
1987,2,0,31.8,20.5,53,-2.7
1987,3,0,32.3,22.6,53,-2.7
1987,4,1,33.7,25.3,29,-3
1987,5,196,33.8,25.7,173,-0.7
1987,6,216,31.5,24.6,138,-0.6
1987,7,883,30.3,24.2,119,0
1987,8,557,29.7,24.1,115,0
1987,9,250,30.6,24.3,124,-0.3
1987,10,178,31.5,23.8,129,1.3
1987,11,18,32.5,22.8,84,0.7
1987,12,73,32.4,21.1,108,2.4
1988,1,0,32.2,20.5,70,2.8
1988,2,0,32.2,21.5,64,3.1
1988,3,0,31.8,23.1,65,3.4
1988,4,20,33.1,25.6,59,3.6
1988,5,5,33.9,26.8,28,2
1988,6,1354,31,24.9,127,1.8
1988,7,908,29.4,23.3,103,1.6
1988,8,870,29.1,23.9,108,1.5
1988,9,505,29.6,23.3,106,2.9
1988,10,76,31.3,22.9,113,1.5
1988,11,0,32,21.3,83,-2.3
1988,12,13,32.5,19.8,77,-2.9
1989,1,0,32.3,19.4,60,-3.4
1989,2,0,32.3,19.4,51,-3.8
1989,3,4,31.8,22.8,47,-4
1989,4,11,33.4,24.6,33,-4
1989,5,18,33.5,25.8,32,-4.6
1989,6,657,30.1,24,111,-4.1
1989,7,1174,28.9,23.7,105,-3.7
1989,8,576,28.5,23.5,108,-3.4
1989,9,359,29.3,23.3,109,-2.5
1989,10,50,31.3,22.9,102,-3.7
1989,11,2,32.4,22.1,81,-4.7
1989,12,2,32.2,20.2,67,-5.5
1990,1,0,33.3,19.3,59,-5.9
1990,2,0,31.7,20.8,49,-6.1
1990,3,0,31.3,22.8,40,-6.5
1990,4,4,33,24.8,26,-6.6
1990,5,37,32.2,25.4,49,-6.4
1990,6,362,29.8,24.2,114,-5.8
1990,7,846,28.9,23.9,104,-5.2
1990,8,629,28.5,23.5,101,-4.7
1990,9,177,29.4,23.5,117,-4.9
1990,10,153,31,23.9,126,-4.4
1990,11,46,31.8,22.2,94,-3.5
1990,12,0,32.2,21.1,79,-3.5
1991,1,0,32,19.3,68,-3
1991,2,0,31.7,20.6,60,-2.5
1991,3,0,32.5,22.7,58,-2.2
1991,4,20,33.3,25.5,55,-1.5
1991,5,31,33.5,26.5,50,-2.1
1991,6,1464,30.3,24.8,119,-1.9
1991,7,750,28.3,23.6,96,-1.7
1991,8,585,28.7,23.4,108,-1.5
1991,9,182,30,23.9,125,-2.2
1991,10,15,31.5,23.1,90,-3.9
1991,11,11,32.4,22,79,-4.7
1991,12,1,31.8,19.4,70,-5.7
1992,1,0,31.7,18.7,54,-6.2
1992,2,0,30.7,20,46,-6.5
1992,3,0,32.7,22.3,37,-7
1992,4,2,32.7,24.5,23,-7
1992,5,105,33.1,26.2,111,-5.9
1992,6,447,30.7,25.3,124,-5.3
1992,7,1119,29.5,24.2,118,-4.7
1992,8,842,28.5,23.7,106,-4.2
1992,9,337,29.8,23.4,122,-3.5
1992,10,125,30.8,23.7,122,-3.4
1992,11,56,32.6,22.3,101,-2.4
1992,12,0,32.2,19.3,80,-2.5
1993,1,0,32.1,19.2,68,-2
1993,2,0,32.2,19.6,58,-1.7
1993,3,2,31.9,22.6,59,-1.2
1993,4,3,32.8,24.6,38,-1.5
1993,5,22,33.3,26.3,41,-2.3
1993,6,1037,30.9,25.6,124,-2
1993,7,1003,28.9,24,105,-1.8
1993,8,517,29.2,24,112,-1.7
1993,9,198,28.8,23.2,107,-2.1
1993,10,257,30.5,24.1,115,1.8
1993,11,6,31.9,22.8,87,0.8
1993,12,37,31.8,19.9,90,1.2
1994,1,0,32.2,20,66,1.2
1994,2,0,31.3,20.4,57,1.1
1994,3,0,33.6,23.1,56,1.1
1994,4,30,32.8,24.9,63,2
1994,5,16,33.5,26.1,36,0.7
1994,6,620,29.9,24.5,110,0.6
1994,7,1838,28.1,23.4,106,0.6
1994,8,781,28.7,24,114,0
1994,9,216,29.3,23,121,-1.2
1994,10,315,31.4,23.3,119,2.6
1994,11,1,31.8,21.5,86,1.4
1994,12,0,32,18.4,77,-1.7
1995,1,0,31.1,18.6,62,-1.9
1995,2,0,31.8,20.8,54,-2
1995,3,0,31.9,22.5,53,-2.2
1995,4,6,33.5,24.3,34,-2.3
1995,5,14,32.6,25.5,31,-3.1
1995,6,2277,31.8,25.6,133,-2.8
1995,7,1232,28.8,23.9,106,-2.5
1995,8,713,29.8,24.3,121,-2.2
1995,9,262,29.6,23.6,107,-2.1
1995,10,280,31.3,23.4,117,2.1
1995,11,7,32.2,20.7,82,1.1
1995,12,0,33.2,19.8,77,-1.4
1996,1,0,32,20.3,64,-1.5
1996,2,0,32.6,20.9,56,-1.5
1996,3,0,33.6,23.3,55,-1.8
1996,4,3,33.1,24.7,32,-2.1
1996,5,293,33.5,26.1,178,3.7
1996,6,1283,31.2,24.8,125,3.3
1996,7,402,29.1,24.1,108,3
1996,8,406,28.7,23.8,112,2.5
1996,9,234,29.4,23.5,115,1.9
1996,10,227,30.3,22.6,126,2.9
1996,11,4,32.1,20.9,85,1.7
1996,12,3,32.4,19.7,78,0.9
1997,1,0,31.4,18.9,62,-1.6
1997,2,0,31.5,18.8,56,-1.7
1997,3,1,33.3,22.4,53,-1.8
1997,4,3,31.9,23.9,33,-2
1997,5,9,33.3,25.8,27,-3
1997,6,706,30.9,25,124,-2.7
1997,7,459,29.3,24.6,108,-2.4
1997,8,1124,29,24,113,-2
1997,9,69,29.9,23.9,103,-3.2
1997,10,101,32.4,23.7,116,-3.7
1997,11,53,32.5,23.8,91,-2.9
1997,12,102,31.6,22.1,110,2.8
1998,1,0,32.4,20.9,70,3.2
1998,2,0,32.3,20.6,64,3.5
1998,3,0,33,22.4,61,3.8
1998,4,0,33.8,26.2,40,3
1998,5,337,34.4,27.2,172,7.2
1998,6,441,31.4,25.6,127,6.5
1998,7,1201,29.6,24.8,107,5.8
1998,8,707,29.7,24.6,113,5.2
1998,9,379,29.3,23.8,109,5.3
1998,10,163,30.5,23.8,123,5.1
1998,11,54,31.6,21.9,97,5.2
1998,12,3,32,20,82,4.5
1999,1,0,31.7,18.9,68,4.3
1999,2,0,32.5,21.5,58,4.1
1999,3,0,33.4,23.1,60,3.9
1999,4,0,33,25.4,37,3
1999,5,181,31.8,24.9,150,4.7
1999,6,782,29.4,23.9,115,4.2
1999,7,710,28.5,23.8,104,3.8
1999,8,250,29.1,24.1,115,3.2
1999,9,176,29.3,23.3,114,2.1
1999,10,268,31.3,23.4,125,3.7
1999,11,4,32.4,21.2,86,2.4
1999,12,0,32.9,19.2,76,1.4
2000,1,0,32.6,20.1,65,1
2000,2,0,31.1,20.4,53,0.6
2000,3,0,32.5,21.4,54,-2.1
2000,4,6,33.1,25.6,35,-2.2
2000,5,161,31.9,24.8,152,1.6
2000,6,669,29.9,24.2,105,1.5
2000,7,818,28.2,23.7,109,1.3
2000,8,580,28.6,23.9,107,1.1
2000,9,275,30,23.7,122,0.9
2000,10,103,31.3,24.1,113,-0.6
2000,11,8,33.2,21.3,88,-1.5
2000,12,3,31.6,19.6,76,-2.1
2001,1,0,32,19.9,61,-2.4
2001,2,0,31.7,20.6,54,-2.5
2001,3,0,31.7,21.9,51,-2.7
2001,4,9,33,24.9,35,-2.6
2001,5,15,32.6,25.4,31,-3.4
2001,6,282,30.2,24.4,118,-3
2001,7,1132,28.7,23.7,110,-2.7
2001,8,492,28.6,23.7,110,-2.5
2001,9,145,29.7,23.8,121,-3.3
2001,10,116,30.5,23,117,-3.3
2001,11,24,32.2,22,88,-3.3
2001,12,2,32.4,20.4,78,-3.4
2002,1,0,31.1,19,66,-3.2
2002,2,0,31.9,20.8,53,-2.9
2002,3,0,32.6,22.8,54,-2.7
2002,4,2,32.9,24.9,35,-2.8
2002,5,306,33.4,26.2,158,4.1
2002,6,392,30.3,24.5,116,3.6
2002,7,430,29.2,24.2,111,3.3
2002,8,729,28.8,23.9,109,3
2002,9,95,29.5,23.6,109,1.4
2002,10,167,31.1,23.7,117,1.6
2002,11,0,31.9,21.7,79,-1.7
2002,12,0,31.9,19.9,74,-2.2
2003,1,0,32.1,20,60,-2.2
2003,2,0,32.1,21,55,-2.1
2003,3,1,32.7,22.9,55,-1.9
2003,4,5,33.6,25.5,38,-2
2003,5,11,33.7,26.5,29,-3
2003,6,1936,31.3,25.5,125,-2.7
2003,7,322,29.7,24.7,110,-2.4
2003,8,415,29.1,24.2,112,-2.3
2003,9,158,29,23.1,110,-2.9
2003,10,122,30.7,23.2,120,-2.9
2003,11,6,32.5,22.3,85,-3.5
2003,12,0,32.2,20.2,76,-3.9
2004,1,0,31.5,19.4,61,-3.8
2004,2,0,32,20.9,54,-3.6
2004,3,0,33.1,23.4,53,-3.5
2004,4,2,33.5,25.4,32,-3.7
2004,5,67,32.6,25.4,80,-3.3
2004,6,599,30.2,24.4,122,-3
2004,7,772,28.6,23.7,104,-2.6
2004,8,758,28.7,23.8,111,-2.3
2004,9,168,29.2,23.3,112,-2.9
2004,10,88,30.8,23.3,116,-3.5
2004,11,43,32,21.8,94,-3
2004,12,0,32,20,77,-3.5
2005,1,0,31.8,19.7,62,-3.4
2005,2,0,31.7,20.6,54,-3.3
2005,3,0,32.1,22.4,53,-3.4
2005,4,18,32.9,24.9,45,-2.7
2005,5,10,33.3,26.1,27,-3.6
2005,6,2305,31.4,25.6,130,-3.2
2005,7,818,29.3,24.4,110,-2.9
2005,8,680,28.9,24,112,-2.6
2005,9,707,29.3,23.4,108,2.9
2005,10,163,30.7,23.2,122,2.9
2005,11,2,31.5,21.3,84,1.6
2005,12,0,31.8,19.7,73,0.7
2006,1,0,32.3,20.2,65,-1.7
2006,2,0,32.3,21.2,54,-1.8
2006,3,10,32,22.2,59,-1.4
2006,4,0,33,25,32,-1.9
2006,5,84,33,25.8,95,-1.5
2006,6,607,30.6,24.7,125,-1.3
2006,7,1002,29.1,24.2,102,-1.2
2006,8,845,28.8,23.9,110,-1
2006,9,407,29.6,23.7,110,1.1
2006,10,315,30.9,23.4,121,3.6
2006,11,25,32.1,21.9,81,3
2006,12,0,32,20,78,2.3
2007,1,0,32.3,20.2,66,2.1
2007,2,0,31.6,20.5,56,2
2007,3,0,32.6,22.8,56,1.9
2007,4,6,33.4,25.3,42,1.6
2007,5,24,33.2,26,44,0.6
2007,6,1668,30.8,25,122,0
2007,7,1242,29.3,24.4,106,-0.8
2007,8,1032,28.9,24,104,-0.6
2007,9,666,29.3,23.4,106,2.8
2007,10,76,30.8,23.4,101,1.6
2007,11,77,31.4,21.2,104,2.6
2007,12,1,32.1,20.1,77,2
2008,1,0,31.3,19.2,66,1.9
2008,2,0,30.9,19.8,56,1.7
2008,3,1,31.7,22,49,1.9
2008,4,23,32.6,24.6,59,2.5
2008,5,12,32.4,25.2,34,1.3
2008,6,459,30.1,24.2,116,1.1
2008,7,842,28.9,24,108,1
2008,8,1011,28.7,23.8,112,1
2008,9,499,29.4,23.5,104,2.4
2008,10,57,31.3,23.8,100,0.9
2008,11,11,31.9,21.7,80,-2.1
2008,12,54,32.3,20.2,92,-1.2
2009,1,0,32,19.9,62,-1.2
2009,2,0,32.2,21.1,55,-1.2
2009,3,1,32.4,22.7,51,-1.1
2009,4,2,33.1,25.1,34,-1.4
2009,5,26,33,25.8,43,-2.1
2009,6,1630,30.5,24.6,118,-1.9
2009,7,1002,29.1,24.2,97,-1.7
2009,8,428,29.5,24.6,115,-1.6
2009,9,448,29.9,24,102,1.2
2009,10,367,31,23.6,125,4.4
2009,11,137,32.3,22.1,123,7.1
2009,12,1,32.5,20.5,79,6.5
2010,1,0,31.7,19.6,67,6.9
2010,2,0,31.8,20.7,65,7.2
2010,3,0,32.9,23.1,66,7.5
2010,4,5,33.8,25.8,55,7.2
2010,5,6,34.7,27.4,36,5.3
2010,6,2294,31,25.2,122,4.7
2010,7,769,29,24,97,4.2
2010,8,814,29.3,24.4,100,3.8
2010,9,616,29.5,23.6,108,5.8
2010,10,265,30.9,23.5,112,7.1
2010,11,123,32.3,22.1,109,9.2
2010,12,4,31.2,19.2,80,8.5
2011,1,0,31.1,19,73,8.8
2011,2,0,30.9,19.8,64,8.8
2011,3,0,32.5,22.8,66,9
2011,4,24,32.9,24.8,66,9.3
2011,5,27,32.9,25.7,58,7.7
2011,6,580,30,24.2,108,6.9
2011,7,1401,28.8,23.9,98,6.2
2011,8,927,28.9,24,94,5.6
2011,9,460,29,23.2,102,6.3
2011,10,145,31.5,24,124,5.7
2011,11,11,32,21.8,87,4.4
2011,12,0,32.4,20.3,76,3.3
2012,1,0,31.1,19,64,2.7
2012,2,0,31.9,20.8,55,2.2
2012,3,0,32.1,22.4,55,1.7
2012,4,9,32.9,24.9,39,1.5
2012,5,16,33.1,25.9,33,-2.4
2012,6,170,30.3,24.5,114,-2.1
2012,7,910,29,24.1,98,-1.9
2012,8,719,28.8,23.9,102,-1.7
2012,9,272,29.2,23.3,105,-1.6
2012,10,110,31,23.5,118,-2
2012,11,17,31.6,21.4,79,-2.2
2012,12,0,32.7,20.7,76,-2.6
2013,1,0,32.1,20,64,-2.5
2013,2,0,32,20.9,54,-2.4
2013,3,0,32.9,23.1,54,-2.4
2013,4,3,32.9,24.9,34,-2.6
2013,5,29,33.3,26.1,46,-3.1
2013,6,1636,29.8,24,106,-2.8
2013,7,989,28.3,23.4,92,-2.5
2013,8,448,28.5,23.6,104,-2.3
2013,9,408,29.5,23.6,103,-1.2
2013,10,129,30.7,23.2,115,-1.2
2013,11,3,31.6,21.4,81,-2
2013,12,1,31.3,19.3,75,-2.5
2014,1,0,32.9,20.8,66,-2.4
2014,2,0,31.2,20.1,54,-2.4
2014,3,1,32.4,22.6,54,-2.4
2014,4,5,33.2,25.2,36,-2.4
2014,5,54,33.5,26.3,70,-2.5
2014,6,311,31.4,25.6,141,-2.3
2014,7,1630,29.1,24.2,100,-2
2014,8,1024,29.2,24.3,101,-1.7
2014,9,224,29.4,23.5,108,-1.9
2014,10,282,30.7,23.2,123,2.1
2014,11,30,31.2,21,90,1.8
2014,12,54,31.6,19.6,95,2.9
2015,1,0,30.9,18.8,69,3.2
2015,2,0,31.7,20.6,62,3.5
2015,3,5,32.2,22.4,61,4.1
2015,4,9,33,25,54,4
2015,5,39,33.9,26.7,63,3.1
2015,6,553,31.1,25.3,120,2.7
2015,7,890,29.8,24.9,117,2.5
2015,8,417,29.5,24.5,115,2.1
2015,9,208,30.7,24.8,125,1.3
2015,10,98,32.1,24.6,115,-1.7
2015,11,24,33.1,22.9,88,-1.8
2015,12,0,33.5,21.5,76,-2.4
2016,1,0,32.1,19.9,62,-2.6
2016,2,0,32,21.6,53,-2.6
2016,3,3,33,24.2,55,-2.7
2016,4,3,33.5,25.9,31,-3.1
2016,5,32,33.7,26.7,47,-3.1
2016,6,457,30.8,25,117,-2.8
2016,7,1509,28.8,24.1,98,-2.5
2016,8,756,28.7,23.9,103,-2.3
2016,9,231,29,23.6,104,-1.3
2016,10,131,30.4,23.3,124,-2.1
2016,11,13,32.6,21.2,91,-3
2016,12,0,33,20.2,78,-3.5
2017,1,0,32.3,20.6,66,-3.8
2017,2,0,32.6,21.6,57,-4.1
2017,3,0,32.1,22.6,53,-4.5
2017,4,0,33.1,25.3,28,-4.8
2017,5,17,32.7,26.6,33,-4.6
2017,6,441,30,24.8,113,-4.1
2017,7,1012,29.1,24.2,104,-3.7
2017,8,534,29.2,24.1,108,-3.4
2017,9,393,29.7,24.2,109,-2.8
2017,10,205,30.5,24,116,-2.9
2017,11,4,32.5,22.4,89,-3.5
2017,12,6,31.9,20.5,82,-3.6
2018,1,0,31.8,20.1,60,-3.5
2018,2,0,32,20.7,51,-3.3
2018,3,1,31.9,23.4,51,-1.4
2018,4,5,32.6,25.8,37,4.2
2018,5,58,32.8,26.7,74,6.1
2018,6,574,29.9,24.4,107,5.5
2018,7,1189,28.8,24.1,103,4.9
2018,8,489,28.3,23.7,103,4.4
2018,9,149,29.6,22.9,117,2.9
2018,10,62,32,24.3,102,2.5
2018,11,7,33,23.1,80,1.6
2018,12,13,32.1,20.5,74,1.8
2019,1,0,31.5,19.4,63,-4.5
2019,2,0,31.7,20.6,52,-4.6
2019,3,0,32,22.2,47,-4.9
2019,4,2,33.7,25.7,26,-5.1
2019,5,4,33.9,26.6,19,-6
2019,6,766,31.9,26.1,136,-5.4
2019,7,1085,29.5,24.6,105,-4.9
2019,8,932,29.4,24.5,108,-4.3
2019,9,555,29.8,23.9,105,-2.1
2019,10,435,31.2,23.7,110,5.9
2019,11,11,33.2,23,87,4.6
2019,12,4,33.9,21.9,76,3.6
