Product: Historical Climate - TerraClimate(http://www.climatologylab.org/terraclimate.html) 
Location (Lat/Lon of 4-km Grid Cell Center): 21.6458 North,69.6458 East 
Data Source: NW Climate Toolbox(https://climatetoolbox.org/tool/point-data-download)
Download Date: 07/24/2020
Variable List: 
ppt: ppt (Precipitation)
tmax: tmax (Maximum Temperature)
tmin: tmin (Minimum Temperature)
aet: aet (Actual Evapotranspiration)
PDSI: pdsi (Palmer Drought Severity Index (PDSI))
********************************************************
Year,Month,ppt(mm),tmax(degC),tmin(degC),aet(mm),PDSI(unitless)
1958,1,1,29.2,16.7,13,1.8
1958,2,0,28.3,17.5,7,1.6
1958,3,0,32,21,5,1.3
1958,4,0,32.4,24.4,4,1.2
1958,5,0,32.7,27.5,3,1
1958,6,80,33.1,28.7,78,-0.6
1958,7,395,30.2,27.4,128,0.5
1958,8,96,30.2,26.9,111,-0.1
1958,9,138,29.4,25.6,118,1.9
1958,10,54,31.9,23.7,110,4.2
1958,11,30,32.1,20.1,74,6.6
1958,12,5,29.3,17.6,31,7.3
1959,1,0,26.4,15.6,12,7
1959,2,0,27.8,17,7,6.6
1959,3,0,32,21.2,5,5.8
1959,4,0,33.1,25,4,5.4
1959,5,1,33.3,28,3,4.9
1959,6,117,32.8,28.2,113,4.2
1959,7,642,29.8,26.2,120,5.8
1959,8,92,29.1,26,104,4.6
1959,9,117,29.1,25,112,5.8
1959,10,19,31.3,24,88,6.9
1959,11,5,31.3,19.2,45,7
1959,12,0,29.3,16.8,16,6.5
1960,1,0,26.9,14.9,9,6
1960,2,0,30.9,17.1,6,5.5
1960,3,0,29.4,20.2,4,4.8
1960,4,0,32,23.1,3,4.4
1960,5,0,32.7,27,2,3.9
1960,6,165,32.4,28,143,4
1960,7,281,30.5,27.4,131,3.6
1960,8,35,29.2,25.7,81,2.3
1960,9,18,30.2,25.7,72,1.5
1960,10,0,31.8,23.1,20,-2.1
1960,11,0,32.5,19.7,10,-2.5
1960,12,0,29.3,17.2,6,-2.4
1961,1,1,27.8,15.4,6,-2.1
1961,2,6,27.1,15.6,9,-1.4
1961,3,0,31.8,21.3,3,-1.5
1961,4,0,31.8,23.1,2,-1.3
1961,5,0,32.1,26.6,2,-1.2
1961,6,263,32.2,27.1,156,1.5
1961,7,529,29.4,26.5,108,3.1
1961,8,229,30,26.3,122,3.6
1961,9,157,29.4,25,106,5.6
1961,10,23,31.4,23.2,96,6.8
1961,11,0,31.6,19.5,50,7.2
1961,12,0,28.6,15.8,17,6.7
1962,1,0,27.1,13,9,6.3
1962,2,0,29.9,16.5,6,5.8
1962,3,26,30.5,19.9,29,6.8
1962,4,0,31.8,23.8,3,6.2
1962,5,0,32.9,26.7,3,5.5
1962,6,26,32.7,28.1,27,3.7
1962,7,393,30.4,27,123,3.9
1962,8,209,29.5,25.8,117,4.1
1962,9,114,30,25.1,118,5.2
1962,10,0,32.7,21.9,88,6.1
1962,11,10,32.3,19.6,43,6
1962,12,3,28.4,17.5,17,5.8
1963,1,1,28.7,15.6,9,5.4
1963,2,0,30.8,17.5,5,4.9
1963,3,0,31.7,20.8,4,4.2
1963,4,0,32.2,23.6,3,3.8
1963,5,0,32.6,26.5,2,3.4
1963,6,67,33,27.6,66,2.3
1963,7,125,30.9,27,120,1.6
1963,8,160,29.8,25.9,115,1.1
1963,9,34,30,24.8,45,-2
1963,10,43,32.4,23.8,49,-2
1963,11,37,32.3,20.5,40,-1.3
1963,12,0,29.9,17.2,4,-1.6
1964,1,0,25.9,13.1,3,-1.6
1964,2,0,28.4,15.4,2,-1.6
1964,3,0,31.9,20.6,2,-1.7
1964,4,0,32.6,24.1,1,-1.6
1964,5,1,32.6,27,2,-1.5
1964,6,251,32.7,27.2,147,1.3
1964,7,283,30.9,26.6,119,1.5
1964,8,263,30,25.9,108,2.6
1964,9,68,29.9,25,101,3.1
1964,10,0,31.3,22.5,80,3.8
1964,11,0,31.2,18.6,22,2.9
1964,12,0,28.9,15.2,11,2.5
1965,1,2,29,16.6,9,2.4
1965,2,0,29.3,17.3,5,2.1
1965,3,0,30.9,20.3,3,1.7
1965,4,0,31.5,22.7,3,1.6
1965,5,0,31.9,25.8,2,1.3
1965,6,0,32.9,27.5,2,-1.9
1965,7,330,30.2,26.8,120,-1.5
1965,8,164,30,25.8,124,-1.3
1965,9,19,30.4,25.3,93,-1.2
1965,10,0,33.5,22.6,51,-1.2
1965,11,8,33.4,19.2,25,-1.4
1965,12,0,29.2,16.7,9,-1.4
1966,1,0,28.7,16.1,6,-1.3
1966,2,0,30.9,18.3,4,-1.2
1966,3,0,31,20,3,-1.3
1966,4,0,31.4,22.9,2,-1.1
1966,5,1,32.4,26.6,3,-1
1966,6,138,32.2,27.7,132,-0.7
1966,7,206,30.9,27.4,131,-0.9
1966,8,7,30,26.2,35,-2.5
1966,9,42,30.9,25.2,53,-3.1
1966,10,1,34.1,23.8,8,-3.8
1966,11,0,31.7,20.5,5,-4.4
1966,12,0,28.3,16.3,4,-4.3
1967,1,0,26.6,13.7,3,-4
1967,2,0,30.2,16.8,2,-3.7
1967,3,26,30.3,21.2,27,-1.8
1967,4,0,32.2,23.1,1,-1.7
1967,5,0,32.7,26.6,1,-1.6
1967,6,173,32.1,27.3,151,-0.9
1967,7,568,30.1,27.1,119,3
1967,8,87,29.5,26.2,104,2.1
1967,9,9,29.9,25.3,75,1.6
1967,10,0,32.9,23.1,41,1
1967,11,0,33,19.2,16,-1.5
1967,12,35,27.3,18,42,2
1968,1,1,25.9,14.4,7,2
1968,2,0,26.4,15.6,4,1.8
1968,3,4,31.3,20.3,7,1.7
1968,4,0,31.8,22.8,2,1.6
1968,5,0,31.6,25.6,2,1.3
1968,6,10,33.1,27.9,11,-1.5
1968,7,124,31.3,27.6,119,-1.9
1968,8,310,29.1,25.9,127,-1.1
1968,9,20,30.8,25.3,86,-1
1968,10,7,34,22.8,60,-0.9
1968,11,0,33.5,19.8,18,-1.2
1968,12,0,29.3,16.6,9,-1.1
1969,1,0,27.6,15.6,6,-1
1969,2,0,27.5,16.6,4,-0.9
1969,3,0,31.1,21.2,3,-0.9
1969,4,0,32.9,24,2,-0.8
1969,5,0,32.7,27.2,2,-0.8
1969,6,43,33.3,28.2,42,-1.8
1969,7,403,31.2,27.4,135,-1.1
1969,8,32,29.9,25.6,87,-2
1969,9,2,29.6,25.7,67,-2.6
1969,10,0,32.4,24,19,-3.3
1969,11,15,33,21.3,24,-3.1
1969,12,4,30.3,18,10,-2.8
1970,1,1,27.8,15.2,5,-2.5
1970,2,1,27.8,17,4,-2.3
1970,3,0,30.2,20.3,2,-2.3
1970,4,0,31.6,24.1,2,-2.1
1970,5,5,32.6,27.3,6,-1.5
1970,6,83,32.6,28.1,80,-1.9
1970,7,324,30.6,27.2,135,-1.6
1970,8,399,29.6,26.1,111,2.7
1970,9,118,29.7,25.4,115,4.1
1970,10,25,32.8,23.8,94,5.5
1970,11,0,32.2,18,51,6.2
1970,12,0,29.6,14.3,17,5.9
1971,1,0,26.4,14.4,9,5.5
1971,2,0,26.9,16,6,5.1
1971,3,0,30.4,20.5,4,4.4
1971,4,0,32.5,24.9,3,4.1
1971,5,1,31.9,26.8,3,3.7
1971,6,159,31.6,27.1,152,3.7
1971,7,243,29.5,26.3,121,3.2
1971,8,201,28.7,25.2,113,3.1
1971,9,55,29.9,25.3,104,3.4
1971,10,0,30.9,22.5,69,3.7
1971,11,0,30.8,19.1,19,2.9
1971,12,0,29.5,17.2,10,2.4
1972,1,0,28.4,14,6,2.2
1972,2,7,25.1,14.9,11,2.5
1972,3,0,30.7,20,3,2.1
1972,4,0,31.6,23,3,1.9
1972,5,0,32.6,26.6,2,1.6
1972,6,190,33.2,28.3,163,2.1
1972,7,157,31,27.5,138,1.5
1972,8,23,30.1,26.3,32,-2
1972,9,0,31,25.3,7,-3.5
1972,10,0,32.5,24,4,-4.2
1972,11,0,32.1,20.4,3,-4.6
1972,12,0,29.7,17.4,3,-4.6
1973,1,1,26.1,14.1,3,-4.3
1973,2,0,28.2,17.4,2,-4
1973,3,0,30.8,20.8,1,-3.8
1973,4,0,32.8,24.9,1,-3.5
1973,5,0,32.3,27.7,1,-3.3
1973,6,49,32.7,28.3,48,-3.9
1973,7,390,30.3,26.7,121,-3
1973,8,62,29.8,25.8,98,-3.5
1973,9,22,28.5,25.1,76,-3.3
1973,10,1,32.3,23.8,37,-3.4
1973,11,0,31.9,20.2,15,-3.6
1973,12,0,28.6,16.3,8,-3.4
1974,1,0,27.9,14.2,5,-3.1
1974,2,0,27.5,15.6,4,-2.8
1974,3,0,32.1,21.2,3,-2.7
1974,4,0,32.7,24.7,2,-2.4
1974,5,2,32.3,26.8,3,-2.1
1974,6,11,32.6,27.9,12,-3.2
1974,7,67,31,28,65,-3.7
1974,8,39,30.7,26.7,38,-4.9
1974,9,18,31.6,26.1,18,-5.7
1974,10,36,32.2,25.3,35,-5.5
1974,11,0,32.4,18.6,1,-5.8
1974,12,6,28.4,16.2,6,-5.4
1975,1,0,27.1,14,1,-5.1
1975,2,0,28.1,16.4,1,-4.9
1975,3,0,29.9,19.6,0,-4.7
1975,4,0,32.1,23.9,0,-4.3
1975,5,0,32.3,26.9,1,-4
1975,6,146,32.1,27.7,139,-3.5
1975,7,70,30.6,27.2,67,-4
1975,8,169,29.6,26.2,122,-3.9
1975,9,106,30,25.3,109,-3.1
1975,10,60,31.1,24.5,64,-2.6
1975,11,0,31,18.9,5,-3.2
1975,12,0,30.2,15.6,3,-3.3
1976,1,1,28,15.1,4,-3
1976,2,0,28.2,16.2,2,-2.9
1976,3,3,32,20.1,5,-2.6
1976,4,0,31.3,23.4,1,-2.4
1976,5,0,31.9,26.6,1,-2.3
1976,6,53,32.3,27.8,51,-2.9
1976,7,163,31,27.4,124,-2.9
1976,8,161,29.8,25.9,112,-2.9
1976,9,62,29.7,24.9,81,-2.5
1976,10,4,33.5,23.7,21,-2.9
1976,11,30,33.1,22.6,38,-2
1976,12,0,29,17.6,6,-1.9
1977,1,1,27,15.4,5,-1.6
1977,2,0,28.4,17.5,3,-1.4
1977,3,0,32.8,22.7,2,-1.5
1977,4,0,32,25.4,2,-1.3
1977,5,2,32.2,27.7,4,-1.1
1977,6,134,32.7,27.9,129,-0.9
1977,7,209,30.2,27,122,-1
1977,8,126,29.7,26.5,121,-1.4
1977,9,112,29.7,25.4,115,0.9
1977,10,1,34.1,24.3,30,-0.3
1977,11,10,32.4,23.4,22,-0.1
1977,12,0,29.9,18.3,8,-0.1
1978,1,0,27,15.6,5,0
1978,2,1,27.3,17.5,4,0
1978,3,0,29.4,20.5,3,-0.1
1978,4,0,31.9,24.6,2,0
1978,5,0,32.6,27.5,2,-0.1
1978,6,412,32.3,27.8,157,3
1978,7,104,30,26.8,114,2.3
1978,8,192,29,26.2,116,2.4
1978,9,5,29.4,25.5,86,1.9
1978,10,19,32.6,23.8,64,1.9
1978,11,24,32.1,21.9,39,2.1
1978,12,2,28.5,17.9,11,2
1979,1,0,26.9,17,6,1.8
1979,2,4,26.8,16.3,8,1.9
1979,3,0,29.9,19.5,3,1.5
1979,4,0,31.8,23.9,2,1.4
1979,5,0,32.1,26.2,2,1.2
1979,6,295,33.2,28.9,158,2.8
1979,7,54,30.8,28.1,98,1.8
1979,8,586,29.2,26.1,116,5.7
1979,9,42,30.9,26,103,5.4
1979,10,12,31.4,24.6,71,5.3
1979,11,78,31.2,22.8,91,7.1
1979,12,0,28.9,18.6,10,6.3
1980,1,2,26.3,16.8,9,5.8
1980,2,1,28.6,18.4,5,5.2
1980,3,0,30.1,21.7,3,4.5
1980,4,0,32,25.1,3,4.1
1980,5,0,32.9,27.2,2,3.6
1980,6,507,32.6,27.1,150,7.3
1980,7,464,29.6,27.2,131,8.2
1980,8,90,29.2,26,110,6.7
1980,9,19,29.8,25.4,87,5.9
1980,10,1,31.9,24.1,37,4.7
1980,11,3,31.7,20.7,18,3.8
1980,12,35,28.5,17,42,5.4
1981,1,1,26.5,15.8,7,4.9
1981,2,0,27.9,16.7,4,4.4
1981,3,21,30.3,20.6,22,5.1
1981,4,0,31.7,24.1,2,4.6
1981,5,1,31.9,26.9,2,4.1
1981,6,74,33.1,29.2,72,3
1981,7,304,30.1,27.3,134,2.7
1981,8,208,29.1,26,125,2.9
1981,9,54,30.9,26.2,102,3.1
1981,10,32,32.3,24.3,91,4.1
1981,11,76,30.2,18.8,94,6.2
1981,12,0,28.4,17.3,13,5.6
1982,1,0,26,16.8,8,5.1
1982,2,0,26.5,17.7,5,4.7
1982,3,1,29.6,19.9,4,4.1
1982,4,0,30.8,24,3,3.7
1982,5,6,31.7,26.7,8,3.9
1982,6,0,32.8,28.9,2,1.9
1982,7,242,31,28,136,1.6
1982,8,136,29.8,26.7,126,1
1982,9,17,30.5,26,68,-2.2
1982,10,1,33.4,24.8,18,-2.8
1982,11,87,30.3,21.7,92,2.5
1982,12,0,29,18.1,6,2
1983,1,0,27.2,15.5,4,1.7
1983,2,1,26.2,17,4,1.6
1983,3,0,28.5,20.6,2,1.2
1983,4,0,30.3,22.5,2,1.1
1983,5,0,32.1,27.3,2,0.9
1983,6,221,32.5,28.5,151,1.8
1983,7,292,31.3,27.7,127,1.9
1983,8,339,29.6,26.8,116,3.7
1983,9,28,30.3,26.4,90,3.4
1983,10,10,31.1,24.1,69,3.4
1983,11,0,31.1,18.5,18,2.6
1983,12,0,27.9,16.6,10,2.2
1984,1,0,25.7,14.9,6,2
1984,2,0,26.3,16.3,4,1.7
1984,3,0,32,21.7,3,1.3
1984,4,0,33,25.5,2,1.2
1984,5,0,32.2,27.6,2,1
1984,6,58,32.6,28.1,57,-1.4
1984,7,150,29.8,26.8,134,-1.7
1984,8,165,28.4,25.2,117,-1.8
1984,9,134,29,24.9,129,1.1
1984,10,0,31,23.8,18,0.6
1984,11,0,31.8,19.2,10,-0.6
1984,12,0,29.8,16.5,6,-1.1
1985,1,0,27.1,15.3,4,-1
1985,2,0,28.5,17.2,3,-1
1985,3,0,32,21.6,2,-1.1
1985,4,0,31.6,23.9,2,-1
1985,5,9,32.2,27.3,10,0.7
1985,6,26,32.5,28.3,26,-1.3
1985,7,61,30.2,26.9,59,-2
1985,8,207,29.2,25.4,126,-1.9
1985,9,31,30.4,25.5,61,-2.4
1985,10,22,32,23.3,34,-2.7
1985,11,0,32.8,19.3,8,-3.1
1985,12,0,29.6,17.1,5,-3.1
1986,1,0,27.3,15.6,4,-2.9
1986,2,0,27.3,17.3,3,-2.7
1986,3,1,30.7,20.7,3,-2.6
1986,4,0,32.3,24.4,2,-2.3
1986,5,0,32.8,27.6,2,-2.2
1986,6,322,33.2,27.9,158,2
1986,7,18,30.8,27.3,91,1
1986,8,90,29.2,25.1,100,-1.5
1986,9,5,30.2,25,29,-2.9
1986,10,0,32.6,22.9,12,-3.6
1986,11,0,32.9,20.5,7,-4
1986,12,2,28.5,15.5,7,-3.9
1987,1,0,27.5,16,4,-3.6
1987,2,0,29,17.9,3,-3.3
1987,3,4,31.3,21.3,6,-3
1987,4,0,32.4,24.1,2,-2.7
1987,5,0,32.7,26.4,2,-2.5
1987,6,19,33.9,28.4,19,-3.5
1987,7,24,32.4,27.9,24,-4.4
1987,8,53,31.3,27.1,52,-5.5
1987,9,2,31.2,26.3,3,-6.8
1987,10,0,33.6,24.8,1,-7.3
1987,11,0,33,21.9,1,-7.5
1987,12,1,29.5,17.8,2,-7.2
1988,1,0,28.8,17.2,1,-6.8
1988,2,0,29.4,19,0,-6.3
1988,3,0,30.2,21.2,0,-6
1988,4,0,32.5,25.2,0,-5.5
1988,5,0,32.7,27.8,0,-5.2
1988,6,23,33.4,28.7,23,-5.9
1988,7,549,31.3,26.7,120,-3.9
1988,8,105,30.5,26.4,115,-4
1988,9,93,31.4,26.2,111,-2.4
1988,10,1,33,23.5,81,-1
1988,11,0,32.1,19.6,20,-1.5
1988,12,0,29.7,17.1,10,-1.5
1989,1,3,27.1,14.1,9,-1.2
1989,2,0,28.6,15.9,4,-1.2
1989,3,0,29.7,20.5,3,-1.2
1989,4,0,31.7,23.2,3,-1.1
1989,5,0,32.1,26.5,2,-1.1
1989,6,243,32.2,27.6,146,1.9
1989,7,326,30.5,26.8,126,2.2
1989,8,49,29.4,25.9,95,1.1
1989,9,12,30.5,25.8,73,-1.3
1989,10,0,32.7,23.2,26,-1.9
1989,11,0,32.8,20.8,12,-2.3
1989,12,0,29.3,17.1,7,-2.3
1990,1,0,29.9,15.5,5,-2.1
1990,2,2,28.5,17.7,5,-1.8
1990,3,1,29.2,20.4,3,-1.7
1990,4,0,31.7,23.8,2,-1.5
1990,5,3,32.4,27.5,5,-1.2
1990,6,45,32.3,28.2,44,-2
1990,7,28,30.2,27.1,28,-2.9
1990,8,324,28.9,25.3,112,-1.7
1990,9,31,29.7,25.2,88,-1.4
1990,10,2,32.1,24.1,66,-0.8
1990,11,0,31.8,20.8,19,-1.2
1990,12,3,28.8,17.5,13,-1.1
1991,1,0,26.9,13.9,6,-1
1991,2,1,27.5,16.3,5,-0.8
1991,3,0,30.5,20.4,3,-0.9
1991,4,0,32,24.6,2,-0.8
1991,5,0,32,27.1,2,-0.8
1991,6,3,32.4,28.2,4,-2.2
1991,7,208,30,27,139,-2.3
1991,8,60,29.4,25.4,81,-3.2
1991,9,3,29.4,24.6,15,-4.4
1991,10,0,32.2,22.4,7,-5
1991,11,0,32.4,20.4,5,-5.3
1991,12,11,29.7,17,14,-4.4
1992,1,5,28,14.8,7,-3.8
1992,2,0,26.6,16.4,2,-3.5
1992,3,0,30.7,20.2,2,-3.4
1992,4,0,30.8,23.2,1,-3.1
1992,5,0,32.1,27.4,1,-2.9
1992,6,34,33.1,29.2,34,-3.8
1992,7,601,31.2,27.5,126,-1.7
1992,8,147,29.6,26.3,121,-1.6
1992,9,85,29.9,24.8,116,2.3
1992,10,7,32.1,24.2,86,3.3
1992,11,0,32.4,20.4,22,2.5
1992,12,0,30.6,17.5,11,2.2
1993,1,0,28.8,16,7,2
1993,2,1,30.1,17.7,6,1.8
1993,3,0,30.5,21,3,1.5
1993,4,0,31.7,24,3,1.4
1993,5,0,32.4,27.8,2,1.1
1993,6,24,32.8,29.2,25,-1.6
1993,7,238,31,28,140,-1.6
1993,8,10,30.8,27.2,53,-3.1
1993,9,25,30.4,26.4,40,-4
1993,10,14,32.6,25.4,22,-4.2
1993,11,24,32.6,21.9,29,-3.6
1993,12,0,30.3,17.9,4,-3.6
1994,1,3,28.4,16.3,6,-3.1
1994,2,0,28,17.4,3,-2.9
1994,3,0,32.6,21.9,2,-2.9
1994,4,0,31.6,24.1,2,-2.6
1994,5,0,32.6,27.6,1,-2.5
1994,6,34,32.5,28.7,33,-3.3
1994,7,253,29.7,26.7,127,-3.1
1994,8,106,29.3,26.1,110,-3.3
1994,9,189,30.3,25.6,125,2.4
1994,10,0,33.1,24.1,90,3.5
1994,11,0,33,21,29,3
1994,12,0,29.8,15.9,13,2.8
1995,1,0,27.4,14.8,8,2.7
1995,2,0,28.7,18.1,5,2.4
1995,3,0,30.1,20.5,4,2.1
1995,4,0,32.3,23.2,3,1.9
1995,5,0,32.7,27.6,2,1.7
1995,6,3,33.9,29.2,5,-1.6
1995,7,283,31.1,27.8,134,-1.5
1995,8,28,30.9,26.7,88,-2.6
1995,9,14,30.7,26,49,-3.5
1995,10,3,33.7,25,18,-4
1995,11,5,32.9,19.6,13,-4.1
1995,12,0,30.5,16.8,6,-4
1996,1,0,27.5,16.2,4,-3.6
1996,2,0,29.4,18,3,-3.4
1996,3,1,32.3,22.2,3,-3.2
1996,4,0,32.4,24.4,2,-2.9
1996,5,1,32.6,27.5,2,-2.7
1996,6,200,33.4,28.3,158,-1.6
1996,7,423,31.4,27.8,133,-0.6
1996,8,36,29.6,26,95,-1.6
1996,9,12,30.1,25.4,72,-2.2
1996,10,7,32.2,23.7,25,-2.7
1996,11,0,31.5,18.6,10,-3.1
1996,12,0,30,17,6,-3.1
1997,1,1,27.5,14.9,5,-2.8
1997,2,0,28.9,16.3,3,-2.6
1997,3,6,31.9,20.8,9,-2.1
1997,4,0,31,23.2,2,-1.9
1997,5,0,32,26.7,2,-1.8
1997,6,185,32.2,27.9,148,-1
1997,7,206,31.2,28.1,137,-1.1
1997,8,126,30.3,26.7,124,-1.5
1997,9,187,30.8,26.1,129,2.3
1997,10,2,33.1,23.3,82,3.2
1997,11,1,31.7,21.7,21,2.7
1997,12,1,27,17.5,11,2.4
1998,1,0,27.5,16.2,7,2.2
1998,2,2,28.7,17.4,6,2.2
1998,3,3,31.2,20.8,6,2
1998,4,0,32.8,25.4,3,1.8
1998,5,0,33.4,28.5,2,1.6
1998,6,173,33.3,29.1,163,1.9
1998,7,619,31,27.9,133,3.5
1998,8,183,30.6,26.8,133,3.3
1998,9,17,30.9,26.7,94,2.9
1998,10,70,32.6,25.2,100,3.8
1998,11,1,32.2,21.2,25,3.3
1998,12,0,30.3,17.8,12,3
1999,1,0,27.8,15.2,7,2.8
1999,2,0,29.3,18.7,5,2.6
1999,3,0,31.8,21.5,4,2.2
1999,4,0,32,24.9,3,2
1999,5,0,32.2,27.3,2,1.8
1999,6,215,32,28.2,157,2.5
1999,7,98,30.7,27.5,106,1.7
1999,8,27,29.9,26.3,39,-2.2
1999,9,20,30.7,26.2,27,-3.3
1999,10,40,33.4,24.3,43,-3.1
1999,11,2,33.3,20.6,6,-3.5
1999,12,0,30.8,16.8,3,-3.6
2000,1,0,28.7,16.1,2,-3.4
2000,2,0,27.9,17.2,2,-3.2
2000,3,0,31.9,20.4,1,-3.2
2000,4,0,31.2,24.3,1,-2.9
2000,5,0,32.4,27.5,1,-2.7
2000,6,27,33,28.5,26,-3.7
2000,7,489,29.9,27.3,138,-2.3
2000,8,142,29.9,26.3,131,-2.3
2000,9,1,31,25.7,89,-2.4
2000,10,3,33.4,25.3,43,-2.6
2000,11,0,33.8,20.2,16,-2.9
2000,12,0,29.8,17.5,9,-2.7
2001,1,0,27.5,15.4,6,-2.4
2001,2,0,27.8,17,4,-2.2
2001,3,0,31,21,3,-2.1
2001,4,0,32.1,24.4,2,-1.9
2001,5,12,32.1,27,13,-0.7
2001,6,283,32.4,27.9,152,2.5
2001,7,261,29.7,26.4,124,2.6
2001,8,70,29.9,26.3,104,1.5
2001,9,4,30.8,26.2,77,0.8
2001,10,13,33.2,24.8,37,-1.7
2001,11,0,32.8,21.1,12,-2.2
2001,12,0,30.3,18,7,-2.1
2002,1,0,27.4,15.4,5,-2
2002,2,0,28.2,17.3,4,-1.8
2002,3,0,31.5,21.5,3,-1.8
2002,4,0,32.6,24.9,2,-1.6
2002,5,0,33.1,28,2,-1.6
2002,6,117,32.8,28.4,113,-1.5
2002,7,15,31.4,28.1,16,-2.6
2002,8,194,29.6,26,125,-2.5
2002,9,2,30.7,26.1,25,-3.6
2002,10,0,34,25.5,12,-4.3
2002,11,0,32.8,21.1,7,-4.5
2002,12,7,30.3,18,11,-3.9
2003,1,0,28.6,16.5,4,-3.7
2003,2,0,28.8,17.9,3,-3.4
2003,3,0,31.1,21.1,2,-3.2
2003,4,0,32.6,24.9,2,-2.9
2003,5,0,32.2,27,1,-2.7
2003,6,106,32.8,28.4,102,-2.7
2003,7,483,30.4,27.1,115,-1.4
2003,8,262,29.8,26.3,120,2.1
2003,9,12,30.5,25.9,90,1.7
2003,10,0,32.9,24.5,47,1.3
2003,11,0,32,20.3,17,0.7
2003,12,0,28.8,16.5,9,-0.1
2004,1,2,27.7,15.7,8,0.2
2004,2,0,28.5,17.6,4,0
2004,3,0,32.7,22.8,3,-0.6
2004,4,0,32.7,25.1,2,-0.5
2004,5,1,32.3,27.2,3,0.1
2004,6,147,32.6,28.2,141,0.3
2004,7,138,30.8,27.5,131,-0.6
2004,8,392,29.5,25.9,120,1.6
2004,9,14,30.6,26,88,1.3
2004,10,42,32.4,23.9,85,2
2004,11,0,33.5,21.8,20,1.4
2004,12,0,30.7,18.4,10,1.2
2005,1,0,27.3,15.3,6,1.2
2005,2,0,27.8,16.9,4,1.1
2005,3,0,31.3,21.3,3,0.8
2005,4,0,32.4,24.7,3,0.7
2005,5,0,32.4,27.3,2,0.6
2005,6,84,33,28.6,82,-0.5
2005,7,141,31,27.7,131,-1.1
2005,8,305,29.2,25.6,120,0.7
2005,9,115,30.3,25.7,118,2.2
2005,10,0,33,24.6,89,3.4
2005,11,0,32.4,20.7,34,3.2
2005,12,0,28.6,16.3,15,2.9
2006,1,0,27.7,15.6,8,2.8
2006,2,0,30.5,19.6,5,2.5
2006,3,27,31.1,21.1,29,3.9
2006,4,0,32,24.3,3,3.6
2006,5,0,32.8,27.7,2,3.2
2006,6,69,32.9,28.5,67,2.2
2006,7,385,30.5,27.2,128,2.4
2006,8,397,29,25.4,116,4.8
2006,9,49,30.9,26.2,99,4.7
2006,10,6,33.5,25,74,4.9
2006,11,2,32.9,21.2,21,4
2006,12,0,29.6,17.3,10,3.4
2007,1,0,28.1,16,6,3
2007,2,3,29.4,18.5,8,2.9
2007,3,8,31.7,21.7,11,3
2007,4,0,32.9,25.2,3,2.7
2007,5,0,32.7,27.6,2,2.4
2007,6,215,32.8,28.4,139,3.1
2007,7,216,31.3,28,132,2.7
2007,8,145,29.9,26.4,106,2.2
2007,9,156,31.4,26.8,125,4.3
2007,10,0,33.1,24.6,94,5.3
2007,11,0,32.9,21.2,36,5
2007,12,0,29.3,17,15,4.6
2008,1,0,26.5,14.5,9,4.3
2008,2,0,26.7,15.8,6,3.9
2008,3,0,31.5,21.5,4,3.4
2008,4,0,32.2,24.5,3,3.1
2008,5,0,32.3,27.2,2,2.8
2008,6,180,31.9,27.5,146,3.1
2008,7,441,30.1,26.8,121,3.8
2008,8,103,29.3,25.7,111,2.9
2008,9,187,30.5,25.9,131,5.3
2008,10,0,33.4,24.9,94,6.2
2008,11,1,32.5,20.8,37,5.7
2008,12,7,30.4,18.1,21,5.7
2009,1,0,28.8,16.8,8,5.2
2009,2,0,29.5,18.6,5,4.8
2009,3,1,32.1,22.1,5,4.2
2009,4,0,33.1,25.4,3,3.8
2009,5,0,32.7,27.5,2,3.4
2009,6,284,33,28.6,157,4.6
2009,7,775,30.6,27.4,123,7.3
2009,8,124,30.8,27.2,125,6.2
2009,9,17,31.2,26.6,94,5.4
2009,10,1,32.5,24.1,43,4.5
2009,11,18,32.9,21.2,33,4.2
2009,12,0,30.1,17.8,9,3.6
2010,1,0,28.8,16.8,6,3.3
2010,2,0,29.1,18.2,4,2.9
2010,3,0,32.7,22.7,3,2.4
2010,4,0,33.7,26,2,2.2
2010,5,0,33.9,28.8,2,1.9
2010,6,107,33.4,29,103,1.4
2010,7,710,30.6,27.3,111,3.7
2010,8,602,30,26.5,101,8.2
2010,9,138,30.9,26.3,122,9.3
2010,10,8,34,25.5,98,10
2010,11,83,32.6,20.9,103,12.2
2010,12,0,28.5,16.3,23,11.4
2011,1,0,27.5,15.4,11,10.6
2011,2,1,28.6,17.7,8,9.7
2011,3,0,31.8,21.8,5,8.6
2011,4,0,32.1,24.4,3,7.9
2011,5,0,32.3,27.2,3,7
2011,6,217,32.7,28.3,165,7.2
2011,7,244,30.6,27.3,124,6.4
2011,8,268,30.2,26.7,122,6.9
2011,9,62,30.8,26.2,98,6.8
2011,10,0,33.4,24.9,80,7.1
2011,11,1,33.6,21.9,21,5.9
2011,12,0,29.8,17.5,10,5.1
2012,1,0,27.1,15.1,6,4.6
2012,2,0,27.7,16.8,4,4
2012,3,0,30.7,20.7,3,3.4
2012,4,0,32.2,24.5,3,3.1
2012,5,0,32,26.8,2,2.7
2012,6,30,32.8,28.4,30,1.3
2012,7,49,31.2,27.9,48,-2.5
2012,8,53,30.2,26.6,51,-3.7
2012,9,119,30.7,26.1,114,-2.8
2012,10,0,32.9,24.5,1,-3.6
2012,11,0,32.3,20.6,1,-4.2
2012,12,7,30.5,18.2,7,-3.9
2013,1,1,27.7,15.6,1,-3.7
2013,2,0,28.5,17.6,1,-3.6
2013,3,11,31.7,21.7,11,-2.8
2013,4,0,32,24.3,0,-2.7
2013,5,0,32.8,27.7,0,-2.6
2013,6,150,32.4,28,137,-2
2013,7,227,30,26.7,126,-1.9
2013,8,116,29.7,26.1,116,-2.3
2013,9,73,30.7,26.1,94,-1.7
2013,10,26,33.6,25.1,48,-1.5
2013,11,0,32.3,20.6,12,-1.9
2013,12,0,29,16.7,7,-1.8
2014,1,0,32.7,20.7,5,-1.8
2014,2,0,27.9,17,3,-1.6
2014,3,1,30.9,20.9,4,-1.5
2014,4,0,32.1,24.4,2,-1.3
2014,5,0,33.1,27.9,2,-1.3
2014,6,34,33.5,29,34,-2.3
2014,7,228,31.1,27.8,126,-2.2
2014,8,237,30,26.4,118,-1.6
2014,9,215,30.9,26.3,129,3.7
2014,10,26,33.4,25,102,5.3
2014,11,7,33.6,21.9,54,5.8
2014,12,0,29.7,17.4,17,5.4
2015,1,2,27.8,15.8,11,5.1
2015,2,0,29.5,18.6,6,4.7
2015,3,5,31.4,21.4,9,4.5
2015,4,0,33.1,25.5,3,4.1
2015,5,0,33.6,28.4,2,3.6
2015,6,357,33.3,28.8,150,5.6
2015,7,215,31.6,28.3,143,5.2
2015,8,13,30.8,27.3,94,3.4
2015,9,57,31.4,26.8,91,2.7
2015,10,0,34.2,25.7,20,1.6
2015,11,3,33.2,21.5,13,0.8
2015,12,0,29.6,17.3,6,-2.6
2016,1,0,28.1,16.3,4,-2.3
2016,2,0,28.8,17.5,3,-2.2
2016,3,106,31.8,22.2,103,-1.9
2016,4,0,30.8,24.6,2,-1.7
2016,5,0,32.5,28.7,2,-1.6
2016,6,68,32.3,28.5,66,-1.4
2016,7,178,30,27.6,121,0.9
2016,8,256,29.6,26.6,118,3.1
2016,9,33,29.9,26.5,96,3.9
2016,10,27,30,23.9,77,5.6
2016,11,0,32.4,19.9,22,5.9
2016,12,0,30.8,18.2,11,5.5
2017,1,0,27.9,15.7,7,5.2
2017,2,0,30,18.5,5,4.7
2017,3,0,31.2,21.1,3,4.1
2017,4,0,32.3,24.9,3,3.7
2017,5,0,32.7,28.3,2,3.4
2017,6,87,32.1,28.9,85,4.5
2017,7,427,29.7,27.5,118,5
2017,8,239,29.9,26.4,121,5.1
2017,9,26,29.9,25.6,92,5.5
2017,10,2,32.4,24.8,57,6
2017,11,0,31.9,20.5,18,4.8
2017,12,20,28.3,18.2,28,4.5
2018,1,0,27.4,16.1,6,4.1
2018,2,0,28.4,17.7,4,3.6
2018,3,0,31.1,21.8,3,3.1
2018,4,0,31.6,25.3,2,2.8
2018,5,0,32.7,28.2,2,2.5
2018,6,10,33.3,29.3,11,0.6
2018,7,403,31.1,28.1,148,-2.6
2018,8,79,30.2,26.4,116,-4.1
2018,9,14,30.2,25.6,83,-5.4
2018,10,0,33.8,25.1,25,-6
2018,11,0,33.3,22.4,12,-6.2
2018,12,0,28.9,17.2,7,-6.1
2019,1,0,27.9,15.9,5,-2.5
2019,2,0,27.9,17,4,-2.2
2019,3,1,31.1,21.1,4,-2.1
2019,4,0,32.6,24.9,2,-1.9
2019,5,0,32.5,27.4,2,-1.8
2019,6,129,33.2,28.7,124,-1.5
2019,7,109,31.9,28.6,105,-2.1
2019,8,314,30.6,27,128,-1.2
2019,9,585,31.2,26.5,90,6
2019,10,10,33.8,25.3,91,6.9
2019,11,4,33.1,21.4,49,7.1
2019,12,28,29.6,17.3,43,8.1
