Product: Historical Climate - TerraClimate(http://www.climatologylab.org/terraclimate.html) 
Location (Lat/Lon of 4-km Grid Cell Center): 22.8125 North,73.5625 East 
Data Source: NW Climate Toolbox(https://climatetoolbox.org/tool/point-data-download)
Download Date: 07/24/2020
Variable List: 
ppt: ppt (Precipitation)
tmax: tmax (Maximum Temperature)
tmin: tmin (Minimum Temperature)
aet: aet (Actual Evapotranspiration)
PDSI: pdsi (Palmer Drought Severity Index (PDSI))
********************************************************
Year,Month,ppt(mm),tmax(degC),tmin(degC),aet(mm),PDSI(unitless)
1958,1,0,29.9,13.6,39,2.6
1958,2,0,31.8,14.6,39,2.5
1958,3,0,36.9,19.3,19,2.1
1958,4,0,40.3,24.4,12,1.9
1958,5,1,41.2,27.3,8,1.5
1958,6,91,38.5,27.6,92,1.3
1958,7,359,31.3,25.5,126,1.3
1958,8,244,31.7,25.2,112,1.2
1958,9,657,30,23.7,108,3.5
1958,10,84,33.1,20.2,110,5.4
1958,11,1,32.6,15.8,68,6
1958,12,0,30,13.7,44,6
1959,1,0,28,12.7,41,6.1
1959,2,0,31.5,14.2,36,6.2
1959,3,0,37.5,19.1,19,5.6
1959,4,1,40.2,23.8,13,5.3
1959,5,1,41.3,27.4,8,4.6
1959,6,72,37.3,27.4,74,3.6
1959,7,718,30.8,24.2,124,5.6
1959,8,225,29.8,24,109,5.3
1959,9,635,30.2,23.4,107,7
1959,10,88,32.9,20.8,111,8.7
1959,11,3,32.2,15.2,66,9
1959,12,0,30.5,12.8,48,8.9
1960,1,0,27.8,11.5,45,8.8
1960,2,0,34.6,14.4,38,8.5
1960,3,0,34.4,18.2,18,7.7
1960,4,0,39.3,22.7,11,7.1
1960,5,2,40.7,26.1,10,6.3
1960,6,170,36.6,26.5,164,7.2
1960,7,232,32.3,25.3,136,5.9
1960,8,180,29.9,23.9,111,4.3
1960,9,131,32.3,23.9,125,3.5
1960,10,10,33.9,20.1,70,2.6
1960,11,0,32.9,14.5,42,1.7
1960,12,0,31,13.8,20,1
1961,1,0,28.8,12.7,12,-3.1
1961,2,2,29.9,13,10,-3.1
1961,3,0,37.2,19.7,6,-3.2
1961,4,0,39.5,22.8,4,-3
1961,5,1,40.6,26.6,5,-2.9
1961,6,76,36.5,26.1,75,-2.9
1961,7,515,30.9,24.7,118,-1.5
1961,8,201,30.9,24.7,116,-1.4
1961,9,471,30.1,23.2,105,2.3
1961,10,18,32.6,19.6,88,2.6
1961,11,0,32,15.7,57,2.7
1961,12,0,29.2,11.5,46,2.8
1962,1,0,27.9,9.8,33,2.8
1962,2,0,32.7,14.2,25,2.6
1962,3,34,35.6,18.3,46,4
1962,4,2,39.3,23,11,3.7
1962,5,2,41.3,26.7,8,3.2
1962,6,47,37.7,26.7,49,1.8
1962,7,330,31.9,25,133,1.6
1962,8,159,31,24.4,121,-1.9
1962,9,412,31.1,23.5,122,-0.7
1962,10,0,33.6,18,97,1
1962,11,2,32.9,15.1,53,1
1962,12,4,29.6,13.7,37,1
1963,1,0,29.5,11.6,37,1
1963,2,0,34,14.8,19,0.7
1963,3,16,36.3,18.5,27,1.2
1963,4,1,38.9,22.8,9,1.1
1963,5,1,40.4,26.1,7,0.8
1963,6,54,37.3,26.8,56,-0.8
1963,7,296,32.7,25.1,130,-1.1
1963,8,453,30.6,24.2,112,1.6
1963,9,370,31.2,22.7,131,2.3
1963,10,48,34.1,20.4,106,3.4
1963,11,13,32.8,16.9,62,4
1963,12,0,30.9,13,51,4.3
1964,1,0,27.2,10.1,41,4.3
1964,2,0,32,13.4,27,4
1964,3,0,37.5,19.3,15,3.4
1964,4,0,40.5,24,9,3.1
1964,5,2,40.5,26.2,8,2.6
1964,6,58,37,26.3,60,1.7
1964,7,465,31.8,24.7,127,2.3
1964,8,218,30.7,24,108,2.2
1964,9,207,31.6,23.2,116,2
1964,10,0,33.8,19.8,86,2
1964,11,0,32.2,14,65,1.9
1964,12,0,30.1,11.8,41,1.7
1965,1,1,30,13.5,32,1.5
1965,2,0,32.1,14.3,17,1.1
1965,3,8,35.6,18.1,18,1
1965,4,1,38.7,22.7,8,0.9
1965,5,0,40.5,26.3,6,-0.2
1965,6,5,37.8,27,9,-2.3
1965,7,471,31.8,25.1,124,-1.2
1965,8,156,31.6,24.3,118,-1.6
1965,9,37,31.9,23.3,97,-2.2
1965,10,0,35.2,20.5,85,-2.6
1965,11,1,33.9,15.4,53,-3.2
1965,12,0,30.5,12.6,29,-3.9
1966,1,0,29.7,12.8,15,-4.2
1966,2,0,33.9,15.8,10,-4.2
1966,3,1,35.8,17.5,7,-4.3
1966,4,0,39.1,22.8,5,-4.1
1966,5,3,40.3,26,7,-3.8
1966,6,72,37.2,27.3,71,-3.9
1966,7,349,33.2,25.6,138,-3.5
1966,8,53,31.2,24.5,87,-4.8
1966,9,264,32.2,23.3,132,-4.2
1966,10,0,35.9,20.8,93,-3.6
1966,11,1,32.7,17.4,63,-3.2
1966,12,0,30.2,12,43,-3
1967,1,0,27.9,10.3,28,-2.9
1967,2,0,34.1,14.3,16,-2.7
1967,3,20,34.9,19.2,29,-1.5
1967,4,0,39.1,22.5,7,-1.4
1967,5,0,40.9,26.2,5,-1.5
1967,6,136,36.7,26.1,133,1.4
1967,7,519,31.7,25.2,123,2.4
1967,8,225,30.3,24.4,109,2.3
1967,9,202,31,23.3,116,2.1
1967,10,1,34.7,19.9,82,2
1967,11,0,33.3,15.8,46,2
1967,12,10,29.4,15,42,2.4
1968,1,0,26.9,11.6,32,2.6
1968,2,1,30,12.9,30,2.9
1968,3,9,36.1,18,27,3.1
1968,4,0,39.4,22.1,11,2.9
1968,5,0,39.9,25.3,7,2.5
1968,6,19,38.1,27.4,23,0.7
1968,7,187,32.8,25.4,123,-2.2
1968,8,276,30.3,23.9,116,-2.5
1968,9,69,33.4,23.7,104,-2.9
1968,10,4,35.3,19.7,64,-3.2
1968,11,0,33.7,14.9,36,-3.4
1968,12,0,30.2,12.5,23,-3.4
1969,1,0,28.9,13,19,-3.2
1969,2,0,31.7,14.9,11,-3
1969,3,0,37.5,20.7,8,-3
1969,4,0,40.6,23.6,6,-2.8
1969,5,0,41,27.1,4,-2.8
1969,6,101,37.9,27.3,99,-2.4
1969,7,333,32.9,25.4,130,-2.2
1969,8,141,30.9,23.9,105,-2.9
1969,9,198,31.2,23.9,125,-2.7
1969,10,0,35.2,20,80,-2.3
1969,11,4,34.6,17.9,53,-1.7
1969,12,2,31.9,12.6,37,-1.2
1970,1,0,28.8,12.6,31,-0.7
1970,2,1,31.3,15,31,1.3
1970,3,7,35.4,19,23,1.6
1970,4,1,40.1,24.2,11,1.6
1970,5,8,41.2,27.5,15,1.8
1970,6,253,36,26.1,153,5
1970,7,295,32.3,24.9,134,4.6
1970,8,377,30.6,24.5,111,5.7
1970,9,525,30.7,23.4,105,6.8
1970,10,8,34.5,20.5,77,6.5
1970,11,0,32.4,13.3,47,6.1
1970,12,0,30.2,10.5,31,5.8
1971,1,0,27.3,11.8,33,5.7
1971,2,0,32.4,13.1,33,6
1971,3,0,36.8,17.7,21,5.6
1971,4,0,40.7,24.4,13,5.2
1971,5,6,39.9,26.5,14,5
1971,6,153,34.4,26.6,147,5.9
1971,7,299,30.6,25.1,122,5.1
1971,8,217,30.2,24.6,114,4.1
1971,9,162,31.8,23.7,121,3.4
1971,10,7,32.6,20,85,3.4
1971,11,0,31.9,14.4,46,3.2
1971,12,0,29.9,11.2,44,3.3
1972,1,0,29.3,11.3,29,3.3
1972,2,1,29,12.4,30,3.4
1972,3,0,36.9,19.2,16,3.1
1972,4,0,39,22.7,10,2.9
1972,5,0,41,26.4,7,2.5
1972,6,46,38.2,27.2,49,1.2
1972,7,256,32.6,25.5,137,0.6
1972,8,178,31.1,24.8,129,-2.4
1972,9,34,32.9,23,82,-2.9
1972,10,0,35.5,20.4,47,-4.1
1972,11,1,33.3,14.8,21,-4.8
1972,12,0,30.3,13.1,12,-5.3
1973,1,1,27.8,11.3,9,-5.3
1973,2,1,32.7,15.1,7,-5.2
1973,3,0,36.4,19,4,-5
1973,4,0,41.1,24.8,4,-4.7
1973,5,3,41.2,27.7,5,-4.4
1973,6,97,36.9,27.4,94,-4
1973,7,335,31.4,24.3,126,-3.6
1973,8,308,30.4,24.1,110,-2.7
1973,9,546,29.8,23,102,-0.6
1973,10,9,33.3,19.9,81,2.4
1973,11,0,32.6,13.8,53,2.5
1973,12,0,29.2,12.3,44,2.6
1974,1,0,28.6,10.8,33,2.6
1974,2,0,30.7,12.9,27,2.6
1974,3,0,37.6,19.5,15,2.3
1974,4,0,40.2,24.1,10,2.1
1974,5,28,40,26.1,33,3.5
1974,6,32,37.3,27.1,36,1.9
1974,7,161,32.6,26.1,129,0.7
1974,8,88,31.8,24.8,89,-3.7
1974,9,98,33.8,24.5,95,-3.7
1974,10,37,33.6,21.8,43,-4.8
1974,11,0,32.3,13.6,6,-5.9
1974,12,6,29.1,12.2,10,-6.3
1975,1,0,27.2,10.7,3,-6.4
1975,2,0,31.4,13.8,3,-6.3
1975,3,0,35,17.7,3,-6.1
1975,4,0,40,23.4,2,-5.8
1975,5,0,40.5,26.7,2,-5.5
1975,6,142,36.5,26.3,136,-4.2
1975,7,214,31.6,24.9,128,-4.5
1975,8,370,30.4,24.4,121,-3.9
1975,9,509,30.4,23.5,131,-1.9
1975,10,83,32.4,21,106,3.8
1975,11,0,31.2,13.4,59,4.4
1975,12,0,30.2,10.9,48,4.9
1976,1,1,28.5,12.1,42,5.2
1976,2,0,31.5,14.5,37,5.6
1976,3,1,36.4,18.8,23,5.3
1976,4,0,38.8,22.9,13,4.9
1976,5,0,40,26.2,8,4.3
1976,6,206,36.2,26.2,180,6.1
1976,7,480,32.2,25.1,133,6.4
1976,8,364,30.5,23.8,115,7.3
1976,9,174,30.9,22.7,120,6.4
1976,10,0,35.1,20.4,90,5.9
1976,11,28,33.9,18.3,69,6.3
1976,12,0,30.2,13.8,39,5.8
1977,1,1,28,11.9,34,5.6
1977,2,0,32.2,15.3,26,5.2
1977,3,1,38.4,20.3,15,4.6
1977,4,4,39.2,24.4,13,4.4
1977,5,11,39.7,26.9,17,4.4
1977,6,162,36.8,26.4,157,5.3
1977,7,593,31.5,24.8,133,6.3
1977,8,183,30.5,24.5,111,5.4
1977,9,204,31,23.4,129,4.9
1977,10,1,35.5,20.9,87,4.5
1977,11,3,33.2,18.6,53,4.2
1977,12,0,30.5,13.4,38,4
1978,1,0,27.8,11.8,33,3.8
1978,2,2,30.8,15,26,3.7
1978,3,1,34.2,18.6,15,3.3
1978,4,7,39.4,23.9,15,3.4
1978,5,0,41,27.4,6,2.8
1978,6,131,36.6,26.6,129,3.5
1978,7,273,31.3,24.6,119,2.8
1978,8,320,30.1,24.5,112,2.8
1978,9,54,31.3,24,99,1.9
1978,10,17,34.3,20.6,77,1.8
1978,11,12,32.9,17.7,54,1.9
1978,12,9,29.7,13.3,37,2.1
1979,1,0,28.4,13.8,36,2.2
1979,2,3,29.9,13.9,24,2.1
1979,3,1,34.9,18,13,1.7
1979,4,0,39.3,23,8,1.5
1979,5,1,40,25.8,7,1.2
1979,6,83,38.4,28,84,0.8
1979,7,152,32.3,26,142,-1.5
1979,8,352,30.4,24,116,-1.6
1979,9,74,33.2,24.1,113,-2
1979,10,14,34,21.8,76,-2.1
1979,11,41,32.1,19.3,61,-0.9
1979,12,0,29.8,14.7,34,-0.8
1980,1,0,28.2,13.3,25,-0.8
1980,2,1,32.3,15.4,15,-0.9
1980,3,0,35.5,20,9,-1.1
1980,4,0,39.3,23.7,6,-1.1
1980,5,0,41.4,27.2,5,-1.2
1980,6,217,36.2,25.6,162,2.6
1980,7,274,31.3,25.6,122,2.2
1980,8,263,30.9,24.3,123,2
1980,9,43,32.4,23.8,105,1.1
1980,10,0,34.6,21.5,80,-1.3
1980,11,1,33.1,17.2,46,-1.8
1980,12,15,29.4,13.2,40,-1.5
1981,1,0,27.5,12.7,21,-1.8
1981,2,0,32.2,14.8,12,-2
1981,3,7,35.4,19.4,15,-1.8
1981,4,1,39.7,23.8,6,-1.7
1981,5,1,40.6,26.8,6,-1.8
1981,6,81,38.3,28.1,81,-2.1
1981,7,420,31.2,25.4,132,-1.4
1981,8,402,30.2,24.2,112,2.3
1981,9,169,32.5,24.1,123,1.9
1981,10,52,34,20.8,102,3.1
1981,11,9,30.4,14.4,65,3.8
1981,12,0,29.3,12.8,43,4
1982,1,0,27.6,14.1,39,4.2
1982,2,0,29.8,15.4,32,4.2
1982,3,2,34.2,18.2,19,3.9
1982,4,3,38,23.2,13,3.8
1982,5,19,38.9,26.1,25,4.5
1982,6,31,37.4,27.5,35,2.7
1982,7,273,32.8,25.9,141,2
1982,8,169,30.6,24.7,122,0.8
1982,9,18,32.4,23.6,75,-3
1982,10,9,34.9,21.7,54,-3.9
1982,11,40,31,17.5,55,-3.3
1982,12,0,30.3,14.3,15,-3.8
1983,1,0,27.6,12,10,-4
1983,2,0,29.5,13.9,7,-4.1
1983,3,0,34,18.8,5,-4.1
1983,4,2,37.1,22.2,5,-3.8
1983,5,0,40.2,26.9,3,-3.8
1983,6,107,37.3,27.8,104,-3.2
1983,7,517,32.7,25.5,135,-1.8
1983,8,339,30.6,25,114,2.3
1983,9,217,31.6,24.2,115,2.2
1983,10,58,32.2,20.1,101,3.6
1983,11,0,31.1,13.1,63,4
1983,12,0,28.4,12.4,45,4.2
1984,1,0,26.8,11.9,40,4.4
1984,2,0,29.5,12.8,32,4.3
1984,3,0,37.3,19.4,16,3.8
1984,4,0,40,24.3,10,3.5
1984,5,0,41.2,27.2,7,2.9
1984,6,34,36.9,27,37,1.4
1984,7,310,31.4,25,143,1
1984,8,406,29.5,23.5,112,2.1
1984,9,132,30.5,22.7,124,1.5
1984,10,1,33.2,19.8,88,1.5
1984,11,0,32.3,14.4,57,1.5
1984,12,0,30.4,12.5,41,1.4
1985,1,0,27.9,12.5,34,1.3
1985,2,0,31.3,14.1,19,1.1
1985,3,1,37.9,19.9,13,0.7
1985,4,2,39.1,23.3,10,0.7
1985,5,2,40.6,27.1,8,-0.1
1985,6,14,37,27.1,17,-2.1
1985,7,304,31.7,25.5,145,-2.2
1985,8,196,30.4,24.1,127,-2.8
1985,9,51,32.4,23.8,103,-3.2
1985,10,64,32.8,19.7,95,-2.2
1985,11,0,33,15.1,41,-2.4
1985,12,0,30.5,14.1,27,-2.5
1986,1,0,28.4,13.2,18,-2.6
1986,2,0,30.8,15.3,11,-2.6
1986,3,0,36.1,19.5,8,-2.7
1986,4,0,40,23.9,5,-2.6
1986,5,4,40.7,27.1,8,-2.4
1986,6,194,37.4,26.9,186,1.8
1986,7,227,32,25.2,142,1
1986,8,182,30.7,23.6,122,-1.7
1986,9,26,32.9,24.1,75,-2.4
1986,10,2,34.7,20.7,33,-4.3
1986,11,0,33.6,16.4,17,-5.5
1986,12,0,29.8,11.9,10,-6.1
1987,1,0,28.7,13.3,7,-6.2
1987,2,1,32.4,15.4,6,-6.1
1987,3,5,36.4,19.9,9,-5.7
1987,4,0,40.1,23.8,3,-5.4
1987,5,4,40.4,26.3,6,-4.9
1987,6,50,38.6,27.7,49,-5.4
1987,7,105,34.2,26,102,-6.4
1987,8,223,32.9,25.4,138,-7.1
1987,9,8,33.6,24.7,34,-7.3
1987,10,9,35.8,21.8,23,-9
1987,11,2,34.2,16.8,11,-9.9
1987,12,12,30.4,13.6,17,-9.7
1988,1,0,30,14.2,5,-9.5
1988,2,0,33.3,16.5,4,-9.2
1988,3,0,35.7,19.6,3,-8.8
1988,4,4,40.5,24.7,7,-7.9
1988,5,0,41.3,27.8,2,-7.5
1988,6,74,38.1,27.7,72,-7.2
1988,7,495,32,25.1,109,-5.4
1988,8,208,31.6,24.9,110,-4.8
1988,9,234,33,24.5,114,-4.1
1988,10,15,34.3,20,92,-3.2
1988,11,0,32.6,15.2,57,-2.6
1988,12,0,30.7,13,42,-2.1
1989,1,0,28,11.4,34,-1.6
1989,2,0,32,13.6,23,-1.4
1989,3,12,35.1,18.9,25,-0.8
1989,4,0,39.5,22.7,9,-0.8
1989,5,1,41.1,26.6,7,-0.9
1989,6,108,36.7,26.4,107,1.6
1989,7,250,32.4,24.8,127,0.9
1989,8,310,30.8,23.9,107,0.9
1989,9,78,32.4,23.8,108,-0.6
1989,10,1,34.8,20.1,87,-0.9
1989,11,0,33.9,16.6,50,-1.2
1989,12,0,29.9,13.2,34,-1.4
1990,1,0,31.2,12.8,26,-1.5
1990,2,1,31.3,15.3,16,-1.6
1990,3,0,34.1,18.7,9,-1.7
1990,4,0,39.5,23.6,7,-1.7
1990,5,15,39.8,27,19,-0.9
1990,6,50,36.5,26.9,51,-1.6
1990,7,293,31.3,25.1,121,-1.7
1990,8,517,30.5,24.2,95,2.4
1990,9,238,31,23.5,105,2.4
1990,10,15,33.7,20.5,84,2.7
1990,11,0,32.6,16.4,58,2.8
1990,12,12,30,13.4,48,3.3
1991,1,0,27.8,11.3,36,3.3
1991,2,0,31.4,14.7,27,3.2
1991,3,1,35.9,19.5,15,2.8
1991,4,0,39.1,23.7,10,2.6
1991,5,0,40.7,27.4,7,2.1
1991,6,55,37.4,27.8,57,1.1
1991,7,488,32.3,25,138,1.8
1991,8,119,30.7,24.3,121,0.7
1991,9,22,31.9,23.6,95,-1.6
1991,10,0,34.3,19.4,73,-2.3
1991,11,3,32.7,16.1,42,-2.6
1991,12,0,30,12.8,29,-2.9
1992,1,0,28.6,12.2,17,-3.1
1992,2,0,29.6,13.5,11,-3.1
1992,3,0,35.8,19.2,7,-3.3
1992,4,0,38.3,23,5,-3.1
1992,5,2,40.5,27.1,6,-3
1992,6,36,38.5,28.7,38,-4
1992,7,271,33.1,26.2,140,-4
1992,8,180,30.5,24.8,119,-4.6
1992,9,317,31.1,22.9,130,-3.7
1992,10,11,33.4,21,85,-2.9
1992,11,2,32.1,15.9,59,-2.2
1992,12,0,30.8,13.5,40,-1.8
1993,1,0,29.2,13.1,35,-1.3
1993,2,0,32.8,14.7,25,-1.1
1993,3,2,34.8,19.2,15,-1.1
1993,4,0,39,23.6,9,-1
1993,5,1,40.9,27.8,7,-1.1
1993,6,50,38.1,28.5,52,-1.8
1993,7,579,31.8,25.6,138,1.4
1993,8,112,32.2,25.2,130,-1.1
1993,9,226,31.5,24.6,131,-0.9
1993,10,13,34.4,22.1,83,0.5
1993,11,4,33.2,17,58,1.1
1993,12,0,31.2,13.3,43,1.3
1994,1,1,29,14.1,35,1.6
1994,2,0,30.8,14.6,27,1.6
1994,3,0,37.5,20,15,1.3
1994,4,1,38.7,23.4,10,1.2
1994,5,1,41.2,27.6,7,1
1994,6,126,36.4,27,124,1.6
1994,7,432,30.4,24.6,123,2
1994,8,339,30.3,24.8,111,3.1
1994,9,636,31.2,23.5,121,5
1994,10,1,34.5,20.5,87,4.6
1994,11,0,32.8,16.3,57,4.3
1994,12,0,30.4,12.1,39,3.9
1995,1,0,27.1,11.4,33,3.7
1995,2,0,31.5,15.3,21,3.2
1995,3,14,34.7,19.1,26,3.4
1995,4,1,39.1,23.2,9,3.1
1995,5,2,40.7,27.5,8,2.7
1995,6,37,39,28.9,39,1
1995,7,405,32.7,26.1,141,1.2
1995,8,130,31.6,25.7,128,-1.9
1995,9,155,32.4,24.4,135,-2
1995,10,8,35.2,22,85,-1.5
1995,11,1,33.1,15.4,56,-1.1
1995,12,3,31.1,13.9,40,-0.7
1996,1,0,28.8,13.8,32,0.3
1996,2,0,32.8,15.9,20,0
1996,3,3,37.6,21.4,15,0
1996,4,0,39.6,23.7,8,0
1996,5,2,40.6,27.3,7,-0.1
1996,6,88,37.3,27.7,88,-0.1
1996,7,507,32.7,25.7,139,1.1
1996,8,267,30.3,24.4,129,1.5
1996,9,171,31.4,23.7,128,1.2
1996,10,51,33.3,20.7,100,2.5
1996,11,0,32.5,14.6,58,2.9
1996,12,0,31,12.5,47,3.1
1997,1,1,28.2,11.5,40,3.4
1997,2,0,31.8,13.4,30,3.4
1997,3,0,36.5,19.7,16,2.9
1997,4,4,37.9,22.6,14,3
1997,5,6,39.6,26.1,12,2.9
1997,6,125,35.7,25.8,124,3.4
1997,7,223,32.3,25.6,135,2.4
1997,8,315,30.9,24.6,121,1.9
1997,9,160,31.7,23.9,121,1.5
1997,10,4,34.3,19.5,82,1.5
1997,11,5,32.5,18.5,52,1.8
1997,12,2,27.9,14.2,44,2
1998,1,0,28.4,12.9,37,2.2
1998,2,1,31.6,14.6,27,2.2
1998,3,3,35.8,19,17,2
1998,4,1,40.1,25,10,1.8
1998,5,1,42,28.4,8,1.5
1998,6,98,38.4,28.3,98,1.4
1998,7,479,32.2,26,140,2
1998,8,210,32.1,25.5,129,1.7
1998,9,342,31.8,24.7,124,2.2
1998,10,46,34.7,22.3,98,3.3
1998,11,1,32.4,16.7,60,3.6
1998,12,0,30.7,12.6,45,3.8
1999,1,0,28.2,11.9,38,3.9
1999,2,1,32.5,16.2,31,3.9
1999,3,0,36.8,19.4,16,3.4
1999,4,0,40.4,24.3,10,3.1
1999,5,2,40.1,27.1,9,2.7
1999,6,163,36.3,26.8,159,3.8
1999,7,322,32.2,25.4,140,3.3
1999,8,62,31.1,24.6,99,1.1
1999,9,157,32.2,24.4,138,0.8
1999,10,81,33.9,20.5,97,1.9
1999,11,0,33.5,15.8,43,1.4
1999,12,0,30.8,12.1,31,1
2000,1,0,29.5,12.9,18,0.6
2000,2,0,30.6,13.9,11,-1.3
2000,3,0,36.3,18.3,8,-1.5
2000,4,0,40.3,25,6,-1.6
2000,5,3,39.3,26.5,7,-1.5
2000,6,90,37.1,27.3,89,-1.6
2000,7,526,31.3,24.9,130,1.1
2000,8,139,31.6,25.3,128,-0.8
2000,9,18,32.6,24.1,96,-1.5
2000,10,3,35.5,21.9,75,-2.1
2000,11,0,34.2,16.3,43,-2.6
2000,12,1,31.9,12.4,29,-2.9
2001,1,0,28.6,12.7,17,-3.2
2001,2,0,32.5,15.6,11,-3.2
2001,3,2,36.1,19.3,9,-3.2
2001,4,3,40,24.2,9,-2.8
2001,5,16,40.6,27,19,-1.9
2001,6,218,36.1,26.1,173,3.1
2001,7,320,31,24.4,125,2.8
2001,8,162,31.1,24.8,126,1.7
2001,9,8,32.5,24.4,84,0.7
2001,10,33,34.4,21,77,0.7
2001,11,0,33,16.2,44,-1.7
2001,12,0,31.2,13.9,28,-1.9
2002,1,0,28,12.1,18,-2.1
2002,2,1,32,15.1,11,-2.2
2002,3,4,36.8,20,11,-2.1
2002,4,2,40.2,24.5,7,-1.9
2002,5,0,41.6,28.1,4,-2.1
2002,6,142,37,27.1,138,-0.8
2002,7,66,33.2,26.6,65,-2.4
2002,8,171,31,24.7,117,-3.7
2002,9,135,32.1,24,130,-3.6
2002,10,0,35.4,21.9,15,-5.3
2002,11,1,33.9,17.2,10,-6.2
2002,12,0,31.8,14.5,7,-6.8
2003,1,0,29.8,13.8,5,-6.9
2003,2,3,32.5,15.7,7,-6.7
2003,3,0,36.3,19.5,3,-6.6
2003,4,0,40,24.3,3,-6.2
2003,5,1,41.1,27.6,3,-6
2003,6,92,37.5,27.5,89,-5.5
2003,7,433,32,25.3,127,-4.4
2003,8,376,31.2,24.9,114,-2.3
2003,9,147,31.5,23.4,121,-2.3
2003,10,0,33.8,20.4,86,-2
2003,11,0,34.5,17.7,50,-1.7
2003,12,0,30.8,13.5,40,-1.3
2004,1,0,28.7,12.7,34,-0.9
2004,2,0,32.2,15.4,23,-0.8
2004,3,0,38.3,21.5,13,-0.9
2004,4,0,40.1,24.4,9,-0.9
2004,5,6,40.6,27,12,-0.6
2004,6,98,36.9,27,97,1.1
2004,7,270,32.7,26,142,-0.4
2004,8,439,30.4,24.1,109,1.8
2004,9,19,33.1,25.1,89,0.8
2004,10,18,33.2,19.8,73,0.6
2004,11,1,33.8,17,42,-1
2004,12,0,31,13.8,33,-1.1
2005,1,0,27.3,11.3,27,-1.2
2005,2,0,31.3,14.4,15,-1.3
2005,3,3,36.5,19.7,12,-1.3
2005,4,0,39.4,23.6,7,-1.2
2005,5,1,41,27.5,6,-1.3
2005,6,187,38,28.1,179,1.8
2005,7,473,32.4,25.8,130,2.4
2005,8,204,31.1,24.8,125,2
2005,9,596,31.9,23.9,114,3.9
2005,10,1,33.9,20.4,84,3.6
2005,11,0,32.4,15.6,49,3.4
2005,12,0,28.7,11.5,39,3.2
2006,1,0,28.9,13,35,3.2
2006,2,0,34.8,18,24,3
2006,3,40,36,19.3,52,4.6
2006,4,0,39.3,23.6,9,4.1
2006,5,4,41.1,27.6,11,3.7
2006,6,115,36.7,26.7,114,3.9
2006,7,377,31.9,25.3,122,3.7
2006,8,434,30.2,23.9,105,5.4
2006,9,290,32.3,24.3,119,5.3
2006,10,5,34.4,21,84,5
2006,11,1,33,16.2,53,4.8
2006,12,0,31.1,13.9,39,4.5
2007,1,0,29.3,13.4,34,4.4
2007,2,1,32.8,16,26,4.1
2007,3,1,36.3,19.5,15,3.6
2007,4,1,40.9,25.2,10,3.3
2007,5,5,40.7,27.2,11,3
2007,6,87,37.7,27.8,87,2.7
2007,7,567,32.3,25.7,133,3.8
2007,8,342,31.4,25.1,109,4.7
2007,9,183,32.5,24.5,117,4.2
2007,10,0,33.5,20.1,86,3.9
2007,11,0,33.6,16.9,51,3.6
2007,12,0,30.3,13.1,40,3.4
2008,1,0,27.7,11.8,35,3.3
2008,2,0,29.7,12.9,22,2.9
2008,3,1,37.1,20.3,14,2.5
2008,4,3,39.4,23.6,11,2.4
2008,5,1,40.1,26.6,7,1.9
2008,6,65,36.5,26.5,67,1.3
2008,7,277,32.2,25.5,130,0.8
2008,8,244,30.8,24.5,112,-1.3
2008,9,228,32.1,24,115,-1
2008,10,2,34.4,21,82,-0.8
2008,11,4,33.2,16.4,57,0.3
2008,12,1,32.3,15,39,0.8
2009,1,0,30.2,14.3,35,1
2009,2,0,33.5,16.7,25,0.9
2009,3,4,37.4,20.6,17,0.9
2009,4,0,40.8,25,9,0.7
2009,5,4,40.7,27.1,11,0.7
2009,6,32,38.7,28.8,36,-1.4
2009,7,429,32.5,25.8,127,-0.7
2009,8,147,32.3,26,129,-1.3
2009,9,68,33.7,25.7,117,-1.8
2009,10,16,34.5,21.1,84,-1.6
2009,11,5,33.1,16.3,50,-1.6
2009,12,3,31.4,14.2,34,-1.4
2010,1,0,29.3,13.4,29,-1.3
2010,2,0,33.2,16.4,16,-1.4
2010,3,0,38,21.2,11,-1.5
2010,4,0,41.2,25.4,7,-1.4
2010,5,0,43,29.4,6,-1.6
2010,6,67,38.2,28.3,68,-2
2010,7,425,32.5,25.9,126,-1.3
2010,8,498,31.4,25.1,108,3.3
2010,9,251,32.5,24.4,124,3.2
2010,10,13,35.6,22.2,90,3.3
2010,11,23,34,17.2,62,4
2010,12,1,29.4,12.1,42,4
2011,1,0,27.6,11.7,38,4.1
2011,2,0,32.2,15.4,30,4.1
2011,3,0,36.6,19.8,16,3.6
2011,4,0,40.3,24.5,10,3.3
2011,5,0,40.7,27.1,7,2.9
2011,6,43,37.6,27.6,46,1.5
2011,7,360,32.2,25.6,115,1.6
2011,8,384,31.1,24.8,102,3
2011,9,169,31.6,23.5,112,2.5
2011,10,1,35,21.6,86,2.4
2011,11,0,34.8,18,55,2.3
2011,12,0,31.4,14.1,39,2.2
2012,1,0,27.2,11.3,33,2.2
2012,2,0,30.9,14.1,22,1.9
2012,3,0,35.5,18.7,13,1.5
2012,4,1,39.5,23.7,10,1.4
2012,5,3,40.3,26.7,9,1.2
2012,6,37,37,27.1,39,-1.4
2012,7,199,33,26.4,137,-2.1
2012,8,236,31.3,25,117,-2.7
2012,9,435,31.8,23.7,112,-1.3
2012,10,1,34.2,20.8,82,-1
2012,11,0,31.9,15.2,56,-0.7
2012,12,0,31,13.8,39,1.3
2013,1,0,27.7,11.7,35,1.4
2013,2,1,32.3,15.5,23,1.2
2013,3,5,36.4,19.6,18,1.2
2013,4,3,38.6,22.8,11,1.2
2013,5,1,41.3,27.7,7,0.9
2013,6,149,35.9,26,143,2.2
2013,7,616,31.3,24.7,116,3.8
2013,8,218,30.7,24.4,113,3.5
2013,9,315,32.6,24.6,120,3.7
2013,10,89,33.6,20.2,107,5.8
2013,11,1,32.2,15.5,64,6.3
2013,12,2,29.8,12.6,45,6.6
2014,1,1,34.5,18.6,48,7
2014,2,0,30.4,13.6,39,7
2014,3,1,35.4,18.7,21,6.4
2014,4,4,39.6,23.8,16,6.2
2014,5,1,40.4,26.8,9,5.6
2014,6,5,39.2,29.3,11,3
2014,7,648,33.4,26.8,140,4.5
2014,8,153,31.8,25.5,123,3.4
2014,9,354,32.1,24,118,3.9
2014,10,18,35.6,22.2,88,4.1
2014,11,0,35,18.2,52,4
2014,12,1,29.9,12.7,46,4
2015,1,1,27.8,11.8,35,4
2015,2,0,32.8,16,27,3.8
2015,3,17,35.9,19.1,31,4.2
2015,4,9,39.1,23.3,18,4.5
2015,5,2,42.5,28.9,9,4
2015,6,145,37.3,27.4,142,4.7
2015,7,473,33.1,26.5,150,4.9
2015,8,107,32,25.7,118,3.3
2015,9,152,32.4,24.3,132,2.7
2015,10,1,35.7,22.3,84,2.6
2015,11,1,34.6,17.8,53,2.5
2015,12,0,30.1,12.8,41,2.4
2016,1,0,29.1,13.2,31,2.4
2016,2,0,32.6,16.4,23,2.2
2016,3,43,37,21.4,54,2
2016,4,0,38.6,24.2,9,1.7
2016,5,4,41,28.7,9,1.5
2016,6,56,37.9,28.2,58,-1
2016,7,322,31.4,25.6,118,0.8
2016,8,355,29.4,24.5,96,1.7
2016,9,153,31.3,24.2,125,1.5
2016,10,21,30.8,20.5,80,2.9
2016,11,0,32.6,14.6,56,3.4
2016,12,0,31.6,13.3,43,3.8
2017,1,0,28.5,13.4,37,4.1
2017,2,0,33.2,16.5,30,4.3
2017,3,2,36.9,20.3,18,3.9
2017,4,0,39.7,24,10,3.6
2017,5,2,41.7,28.8,9,3.2
2017,6,128,36.9,27.7,126,2.9
2017,7,691,29.6,25,107,4.4
2017,8,162,30.8,24.7,117,4.4
2017,9,181,31.2,23.9,124,3.9
2017,10,1,35.2,21.6,86,3.7
2017,11,0,32.4,16.4,53,3.5
2017,12,6,29.9,15.1,44,3.5
2018,1,0,29.6,13.5,29,3.4
2018,2,0,33.4,16.9,25,3.3
2018,3,0,37.9,21.2,14,2.8
2018,4,2,40.4,25.3,11,2.5
2018,5,1,42.6,28.8,7,2.1
2018,6,62,38.5,28.3,64,1.2
2018,7,282,30.6,25.4,121,1.4
2018,8,220,31,24.7,117,1
2018,9,130,31,23.4,118,-1.2
2018,10,1,34.6,22,73,0.6
2018,11,0,33.7,17.4,50,0.7
2018,12,0,28.9,12.1,38,0.9
2019,1,0,27.1,11.2,35,0.3
2019,2,0,31.1,14.2,21,0.7
2019,3,0,36,19.2,13,-0.2
2019,4,4,41.1,25.4,12,0.7
2019,5,0,41.6,28.1,6,-0.2
2019,6,128,38.8,28.9,126,1
2019,7,255,33.7,27,143,-0.6
2019,8,546,31.5,25.2,107,2.5
2019,9,559,32.1,24,91,3.9
2019,10,61,34.4,21,106,5.2
2019,11,4,35,18.3,55,5.5
2019,12,0,30.6,13.3,52,5.8
