Product: Historical Climate - TerraClimate(http://www.climatologylab.org/terraclimate.html) 
Location (Lat/Lon of 4-km Grid Cell Center): 21.8958 North,73.5625 East 
Data Source: NW Climate Toolbox(https://climatetoolbox.org/tool/point-data-download)
Download Date: 07/24/2020
Variable List: 
ppt: ppt (Precipitation)
tmax: tmax (Maximum Temperature)
tmin: tmin (Minimum Temperature)
aet: aet (Actual Evapotranspiration)
PDSI: pdsi (Palmer Drought Severity Index (PDSI))
********************************************************
Year,Month,ppt(mm),tmax(degC),tmin(degC),aet(mm),PDSI(unitless)
1958,1,0,31.6,13.9,38,1.8
1958,2,0,33.3,14.8,19,1.6
1958,3,5,37.8,19.2,16,1.6
1958,4,0,40.6,24.1,7,1.5
1958,5,0,40.9,27.6,5,0.9
1958,6,116,36.9,27.1,114,0.8
1958,7,375,31,25.3,129,-0.3
1958,8,355,31.3,25.3,118,0.5
1958,9,558,30.4,23.6,111,3.2
1958,10,98,33.5,20.6,122,5.2
1958,11,5,33.4,16.2,71,6.1
1958,12,0,31.3,13.8,42,6.1
1959,1,0,29.7,13.3,38,6.3
1959,2,0,33.1,14.5,19,6
1959,3,0,38.2,19.3,11,5.4
1959,4,0,40.4,23.8,7,5
1959,5,2,41.1,27.7,7,4.2
1959,6,128,35.9,26.6,125,3.9
1959,7,804,30.6,24.1,127,5.6
1959,8,310,29.8,24.1,114,5.2
1959,9,452,30.5,23.3,111,6.5
1959,10,112,33.1,20.8,123,8.7
1959,11,4,33,15.6,69,9.2
1959,12,0,31.8,13.2,48,9.3
1960,1,0,29.6,12,44,9.5
1960,2,0,36.1,14.6,21,8.9
1960,3,0,35.4,18.4,12,7.9
1960,4,0,39.8,22.5,8,7.3
1960,5,16,40.4,26.5,20,7.1
1960,6,166,35.3,25.9,160,7.4
1960,7,299,31.8,25.3,135,6.1
1960,8,233,29.9,23.9,116,4.5
1960,9,167,32.1,23.9,122,3.7
1960,10,12,34,20.2,97,3.2
1960,11,0,33.5,15,62,2.8
1960,12,0,32.2,14,32,2.2
1961,1,0,30.6,13,17,1.6
1961,2,0,31.8,13.1,10,1.3
1961,3,0,38.1,19.7,7,0.9
1961,4,0,39.9,22.8,5,0.8
1961,5,4,40.3,26.7,8,0.6
1961,6,72,35.2,25.4,71,-2.3
1961,7,579,30.5,24.6,117,-1.2
1961,8,280,30.9,24.7,120,-1.2
1961,9,378,30.5,23,109,1.9
1961,10,35,32.8,19.7,98,2.4
1961,11,0,33,15.9,58,2.5
1961,12,0,30.7,11.9,44,2.5
1962,1,0,29.6,10.2,24,2.3
1962,2,0,34.5,14.2,13,2
1962,3,29,36.6,18.3,36,3.5
1962,4,0,39.5,23,6,3.2
1962,5,13,41,26.7,17,3.2
1962,6,43,36.1,26.3,44,1.3
1962,7,391,31.4,24.9,132,1
1962,8,153,30.9,24.4,123,-2.6
1962,9,366,31.3,23.3,121,-1.2
1962,10,0,34,18.4,102,-1.5
1962,11,2,33.6,15.5,52,-1.6
1962,12,9,30.8,13.9,35,-1.4
1963,1,4,31.1,12.2,22,-1.5
1963,2,0,35.6,14.8,10,-1.5
1963,3,9,37.3,18.6,15,-1.1
1963,4,0,39.3,22.5,5,-1.1
1963,5,1,40.3,26.3,5,-1.3
1963,6,73,36,25.9,72,-2
1963,7,413,32.1,25,130,-1.9
1963,8,507,30.4,24.1,116,1.8
1963,9,241,31.4,22.8,133,1.7
1963,10,38,34.1,20.5,104,2.3
1963,11,11,33.6,16.9,62,2.8
1963,12,0,32,13.2,45,2.9
1964,1,0,29,10.7,25,2.5
1964,2,0,33.6,13.4,13,2.3
1964,3,0,38.3,19.1,8,1.9
1964,4,0,40.7,23.8,6,1.7
1964,5,4,40.3,26.5,8,1.3
1964,6,76,35.7,25.5,76,-1
1964,7,669,31.6,24.5,127,1.3
1964,8,338,30.6,24,112,1.6
1964,9,247,31.6,23.2,115,1.7
1964,10,0,33.8,20,87,1.2
1964,11,0,32.7,14.4,60,1
1964,12,0,31.3,11.7,35,-0.4
1965,1,4,31.5,13.7,21,-0.8
1965,2,0,33.7,14.4,10,-0.9
1965,3,1,36.5,18.1,7,-1
1965,4,0,39.2,22.4,5,-0.9
1965,5,1,40.4,26.3,5,-1.2
1965,6,109,36.3,26.1,107,-1.3
1965,7,536,31.4,24.9,123,0.6
1965,8,239,31.4,24.4,118,-0.4
1965,9,27,32,23.3,92,-1.5
1965,10,0,35.5,20.2,81,-2.7
1965,11,1,34.7,15.4,35,-4.2
1965,12,1,31.7,12.9,17,-4.9
1966,1,0,31.1,13,10,-5
1966,2,0,35.4,15.6,7,-4.8
1966,3,0,36.7,17.7,5,-4.6
1966,4,0,39.4,22.5,4,-4.3
1966,5,1,40,26.1,4,-4.3
1966,6,107,35.9,26.5,104,-4
1966,7,483,32.6,25.7,135,-3.4
1966,8,82,31.1,24.7,106,-4.5
1966,9,247,32.3,23.2,132,-3.9
1966,10,1,36,20.9,96,-3.9
1966,11,2,33.7,17.5,60,-3.7
1966,12,0,31.2,12.6,31,-4
1967,1,0,29.5,10.9,15,-3.9
1967,2,0,35.4,14.5,9,-3.5
1967,3,7,36,19.3,13,-2.9
1967,4,0,39.6,22.4,5,-2.6
1967,5,0,40.7,26.4,4,-2.7
1967,6,173,35.4,25.6,165,-1.1
1967,7,575,31.2,25.1,125,2
1967,8,263,30.2,24.4,111,1.6
1967,9,181,31.2,23.4,116,1.2
1967,10,3,34.9,20,87,0.9
1967,11,0,34.1,15.6,49,0.7
1967,12,8,30.5,15.1,37,1.1
1968,1,0,28.6,11.8,26,1.2
1968,2,0,31.6,13.3,14,1.2
1968,3,2,37,18.1,10,1.1
1968,4,0,39.6,22,6,1.1
1968,5,0,39.7,25.6,4,0.7
1968,6,37,36.7,26.6,39,-1.9
1968,7,315,32.2,25.3,125,-2.2
1968,8,376,30.1,24.1,117,-1.6
1968,9,97,33.2,23.8,117,-2.3
1968,10,22,35.4,19.5,87,-1.9
1968,11,0,34.2,15.1,47,-1.8
1968,12,0,31.4,12.7,29,-1.6
1969,1,0,30.5,13.1,24,-1.3
1969,2,0,33.3,14.9,13,-1
1969,3,0,38,20.2,8,-1
1969,4,0,40.9,23.5,6,-0.9
1969,5,0,40.8,27.3,4,-1.1
1969,6,96,36.5,26.6,95,-1.4
1969,7,446,32.3,25.2,127,-1.1
1969,8,181,30.8,24,108,-1.8
1969,9,316,31.1,23.7,122,-0.9
1969,10,0,35.3,20,83,-1.1
1969,11,3,35.2,18,49,-0.9
1969,12,3,33,12.7,32,-0.6
1970,1,0,30.4,12.7,28,0.3
1970,2,0,33.1,15.1,14,0.9
1970,3,10,36.3,18.9,18,1.3
1970,4,0,40.1,24,6,1.3
1970,5,14,40.9,27.6,18,1.6
1970,6,250,34.6,25.3,157,4.4
1970,7,379,31.8,25,129,4.1
1970,8,471,30.5,24.5,114,5.2
1970,9,540,30.9,23.3,108,7.2
1970,10,9,34.5,20.6,81,6.4
1970,11,0,33.1,13.5,47,5.9
1970,12,0,31.4,10.3,30,5.6
1971,1,0,29,12.1,30,5.7
1971,2,0,33.9,13.1,18,5.4
1971,3,0,37.7,17.8,10,4.9
1971,4,0,40.9,24.1,7,4.5
1971,5,25,39.7,26.7,29,5.1
1971,6,141,33.1,26,138,5.4
1971,7,307,30.4,25.2,125,4.3
1971,8,298,30.1,24.7,114,3.5
1971,9,243,31.8,23.6,119,3.4
1971,10,13,32.8,20.1,91,3
1971,11,0,32.4,14.6,46,2.8
1971,12,0,31,11.3,40,2.8
1972,1,0,31,11.5,25,2.7
1972,2,0,30.7,12.9,13,2.5
1972,3,0,37.7,19.2,8,2.3
1972,4,0,39.4,22.4,6,2.1
1972,5,4,40.6,26.5,8,1.7
1972,6,51,36.7,26.7,52,-1.5
1972,7,285,32.1,25.4,136,-2
1972,8,192,31,24.7,132,-3.1
1972,9,36,32.8,23.2,95,-3.9
1972,10,1,35.7,20.6,64,-5
1972,11,1,33.8,15,27,-5.7
1972,12,0,31.6,13.3,14,-6.1
1973,1,3,29.4,11.6,11,-5.8
1973,2,0,34.2,15.1,6,-5.4
1973,3,0,37.3,19,4,-5.1
1973,4,0,41.2,24.7,3,-4.7
1973,5,5,40.8,27.9,7,-4.4
1973,6,79,35.7,26.7,77,-4.7
1973,7,412,31,24.2,126,-4.3
1973,8,347,30.4,24,115,-3.4
1973,9,525,29.8,23,101,-0.5
1973,10,11,33.9,20.5,86,0
1973,11,0,33.2,14.1,52,2.4
1973,12,1,30.5,12.6,41,2.4
1974,1,0,30.3,11.2,23,2.2
1974,2,0,32.5,13.1,12,2
1974,3,0,38.3,19.5,8,1.7
1974,4,0,40.4,23.9,6,1.5
1974,5,38,39.8,26.3,40,3.1
1974,6,17,35.9,26.4,20,0.8
1974,7,226,32.1,26,128,-2.6
1974,8,109,31.4,24.8,109,-4
1974,9,100,33.5,24.5,99,-4
1974,10,32,33.6,21.8,65,-4.7
1974,11,0,32.9,13.7,16,-5.5
1974,12,5,30.2,12.3,15,-5.6
1975,1,0,29.1,10.9,7,-5.5
1975,2,0,32.9,13.9,5,-5.1
1975,3,0,36,17.8,4,-4.8
1975,4,0,40.2,23.3,3,-4.4
1975,5,0,40.3,26.8,2,-4.4
1975,6,134,35,25.7,129,-3.7
1975,7,243,31.3,24.8,127,-4
1975,8,447,30.3,24.4,120,-3.3
1975,9,435,30.8,23.2,129,-1.3
1975,10,141,32.7,21.2,126,5.4
1975,11,0,31.7,13.9,65,6.1
1975,12,0,31.4,10.9,49,6.8
1976,1,5,30.2,12.2,45,7.7
1976,2,0,33.3,14.3,30,7.8
1976,3,0,37.7,18.6,15,7.3
1976,4,0,39,22.7,9,6.8
1976,5,0,39.7,26.3,6,5.8
1976,6,256,34.8,25.5,177,8.1
1976,7,633,31.7,25,131,8.8
1976,8,457,30.4,23.9,118,9.3
1976,9,199,31.1,22.9,121,8.2
1976,10,0,35.3,20.6,91,7
1976,11,31,34.5,18.5,69,7.2
1976,12,0,31.4,14.1,35,6.6
1977,1,3,29.5,12.4,28,6.1
1977,2,0,33.7,15.3,13,5.5
1977,3,3,39,20.6,11,5.1
1977,4,0,39.4,24.3,6,4.6
1977,5,16,39.6,27,19,4.6
1977,6,141,35.5,25.8,137,4.7
1977,7,616,31.1,24.8,129,5.2
1977,8,187,30.5,24.6,115,3.9
1977,9,183,31,23.4,128,3.2
1977,10,1,35.6,21,89,2.5
1977,11,4,33.7,19,50,2.3
1977,12,0,31.5,13.6,33,2.1
1978,1,0,29.4,12.3,24,2
1978,2,0,32.3,15.1,13,1.8
1978,3,1,35.1,18.6,9,1.6
1978,4,0,39.6,23.8,6,1.5
1978,5,0,40.7,27.5,5,1
1978,6,166,35.1,25.8,158,2.2
1978,7,288,30.9,24.5,121,1.4
1978,8,333,30,24.6,114,1.2
1978,9,84,31.4,24,109,-1.4
1978,10,26,34.5,20.7,86,-1
1978,11,15,33.6,18,56,0.5
1978,12,8,30.7,13.7,36,1
1979,1,0,30,14.4,27,1
1979,2,0,31.6,13.9,14,1
1979,3,0,35.9,17.9,9,0.8
1979,4,0,39.5,22.9,6,0.8
1979,5,2,39.8,25.9,6,-0.3
1979,6,93,36.7,27.3,92,-0.7
1979,7,218,31.8,25.9,140,-1.5
1979,8,468,30.2,24.2,120,-1.1
1979,9,110,32.9,24.2,128,-1.8
1979,10,18,34,22.1,90,-1.6
1979,11,46,32.9,19.4,69,1.5
1979,12,0,31,14.8,39,1.6
1980,1,0,29.5,14,27,1.6
1980,2,0,33.6,15.7,14,1.5
1980,3,0,36.4,20.1,9,1.2
1980,4,0,39.5,23.9,6,1.1
1980,5,0,41.2,27.4,5,0.6
1980,6,190,34.9,24.7,163,2.4
1980,7,328,30.9,25.4,124,1.8
1980,8,317,30.4,24.4,120,1.8
1980,9,36,32.2,23.9,100,-1.3
1980,10,0,34.5,21.6,78,-2.4
1980,11,1,33.7,17.4,38,-3.5
1980,12,16,30.6,13.2,32,-3.3
1981,1,1,29,12.9,11,-3.4
1981,2,0,33.5,14.8,7,-3.3
1981,3,2,36.4,19.1,6,-3.2
1981,4,0,39.8,23.6,4,-3
1981,5,0,40.2,27,3,-3.1
1981,6,165,36.6,27.5,159,-2.1
1981,7,507,30.9,25.2,134,-1.5
1981,8,404,30.1,24.3,118,1.9
1981,9,220,32.4,24.1,121,1.7
1981,10,85,34.2,21.1,115,3.6
1981,11,5,31.3,14.7,70,4.4
1981,12,0,30.4,13.2,42,4.6
1982,1,1,29.3,14.6,38,4.9
1982,2,0,31.6,15.5,17,4.7
1982,3,0,35.3,18.1,10,4.2
1982,4,0,38.3,23.1,7,3.9
1982,5,32,39,26.2,35,5
1982,6,31,36,27,33,2.7
1982,7,359,32.3,25.9,139,2.1
1982,8,247,30.5,24.8,125,1.3
1982,9,43,32.2,23.8,102,-3.2
1982,10,11,35.1,21.7,77,-3.6
1982,11,29,31.8,17.8,58,-2.9
1982,12,0,31.5,14.5,28,-3.1
1983,1,0,29.4,12.4,14,-3.2
1983,2,0,31,14.2,9,-3
1983,3,0,34.9,19,6,-2.9
1983,4,0,37.7,21.9,4,-2.7
1983,5,0,40,27.1,3,-2.9
1983,6,164,36,27.1,159,-1.6
1983,7,626,32.3,25.5,132,1.9
1983,8,437,30.5,25.1,115,2.9
1983,9,263,31.6,24.2,113,3.1
1983,10,91,32.4,20.4,116,4.9
1983,11,0,31.7,13.5,69,5.6
1983,12,0,29.8,12.6,44,5.7
1984,1,0,28.5,12.3,37,5.8
1984,2,0,31.2,13.4,17,5.4
1984,3,0,38.1,19.6,10,4.8
1984,4,0,40.2,24.2,7,4.4
1984,5,0,40.6,27.5,5,3.5
1984,6,116,35.5,26.2,114,3.1
1984,7,363,31,24.9,139,2.4
1984,8,382,29.4,23.6,117,2.8
1984,9,203,30.6,22.9,126,2.4
1984,10,15,33.2,20.5,95,2.2
1984,11,0,32.8,14.7,57,2
1984,12,0,31.8,12.7,37,1.7
1985,1,0,29.8,12.8,20,1.3
1985,2,0,32.9,14.2,11,1.1
1985,3,0,38.5,20,8,0.8
1985,4,0,39.3,23.1,5,0.7
1985,5,7,40.3,27.3,11,0.6
1985,6,27,35.5,26.4,28,-2.4
1985,7,359,31.4,25.2,140,-2.6
1985,8,233,30.4,24.1,128,-3
1985,9,66,32.3,24,116,-3.7
1985,10,88,33.1,19.7,116,-1.9
1985,11,2,33.7,15.1,55,-1.6
1985,12,0,31.9,13.9,34,-1.3
1986,1,0,30.2,13.4,21,-1.3
1986,2,0,32.6,15.4,12,-1.2
1986,3,0,37,19.4,8,-1.3
1986,4,0,40.1,23.7,5,-1.2
1986,5,5,40.5,27.2,9,-1.2
1986,6,216,36,26,189,2.2
1986,7,254,31.6,25,140,1.4
1986,8,246,30.5,23.7,123,-1.6
1986,9,42,32.7,24,109,-2.6
1986,10,2,35,20.7,84,-3.8
1986,11,2,34.3,16.6,34,-4.9
1986,12,1,31.1,12.1,17,-5.5
1987,1,1,30.4,13.6,11,-5.4
1987,2,0,33.9,15.5,6,-5.1
1987,3,2,37.3,19.7,7,-4.8
1987,4,0,40.3,23.6,4,-4.5
1987,5,7,40.4,26.3,9,-4.1
1987,6,61,37,26.8,61,-4.8
1987,7,163,33.7,25.9,156,-5.5
1987,8,344,32.4,25.4,135,-6.1
1987,9,17,33.3,24.6,95,-6.7
1987,10,18,35.6,21.8,71,-7.6
1987,11,2,34.5,17.4,25,-8.4
1987,12,11,31.6,13.8,23,-8.1
1988,1,0,31.5,14.5,8,-7.8
1988,2,0,34.7,16.6,6,-7.3
1988,3,0,36.5,19.5,4,-6.9
1988,4,0,40.4,24.5,3,-6.3
1988,5,1,41,27.9,4,-6.1
1988,6,106,36.5,27,103,-5.7
1988,7,583,31.9,24.7,115,-4.2
1988,8,245,31.5,24.9,114,-4.1
1988,9,342,32.8,24.2,110,-2.7
1988,10,33,34.3,20,100,-1.8
1988,11,0,33.1,15.4,60,-1.3
1988,12,0,31.8,13.1,39,-1
1989,1,2,29.8,11.6,25,-0.8
1989,2,0,33.6,13.6,12,-0.8
1989,3,11,35.9,18.8,18,2
1989,4,0,39.6,22.5,6,1.8
1989,5,2,40.7,26.8,6,1.4
1989,6,156,35.2,25.6,151,2.3
1989,7,301,31.9,24.8,123,1.5
1989,8,343,30.4,24,107,1.4
1989,9,113,32.2,23.9,117,-1.1
1989,10,5,34.8,20.1,94,-1.3
1989,11,0,34.3,16.8,51,-1.4
1989,12,0,31.1,13.1,33,-1.7
1990,1,0,32.7,13,16,-1.8
1990,2,0,33.1,15.2,10,-1.7
1990,3,0,35,18.6,6,-1.8
1990,4,0,39.6,23.2,5,-1.7
1990,5,28,39.6,26.9,30,1.2
1990,6,73,35,26,72,-0.8
1990,7,399,31,24.9,127,-0.9
1990,8,590,30.3,24.1,99,2.7
1990,9,232,31.2,23.4,108,2.6
1990,10,27,33.8,20.7,90,2.8
1990,11,1,33.2,16.7,59,2.9
1990,12,9,31.2,13.8,45,3.3
1991,1,0,29.5,11.4,28,3.1
1991,2,0,33.1,14.7,14,2.9
1991,3,1,36.9,19.2,9,2.6
1991,4,0,39.4,23.6,6,2.4
1991,5,1,40.4,27.5,5,1.8
1991,6,74,35.8,26.9,74,0.8
1991,7,499,31.6,25,134,1.1
1991,8,148,30.5,24.1,125,-1.8
1991,9,33,31.9,23.7,99,-2.7
1991,10,0,34.4,19.6,76,-3.8
1991,11,2,33.4,16.3,38,-4.5
1991,12,1,31.2,12.8,17,-5
1992,1,1,30.4,12.3,11,-4.9
1992,2,0,31.2,13.7,7,-4.7
1992,3,0,36.9,19,5,-4.5
1992,4,0,38.7,22.8,4,-4.2
1992,5,3,40.1,27.3,6,-4
1992,6,49,37,28,49,-5
1992,7,330,32.7,26,140,-5
1992,8,294,30.4,24.7,121,-4.9
1992,9,324,31.3,23,130,-3.6
1992,10,17,33.7,21,91,-3.1
1992,11,1,33.1,16.1,59,-2.6
1992,12,0,32,13.3,36,-2.2
1993,1,0,30.9,13.1,23,-2.1
1993,2,0,34.2,14.5,12,-1.9
1993,3,2,35.8,19,9,-1.8
1993,4,0,39.3,23.4,6,-1.6
1993,5,1,40.6,27.9,5,-1.8
1993,6,61,36.5,27.9,61,-2.7
1993,7,630,31.5,25.5,137,-1.3
1993,8,152,31.7,25.3,141,-2.5
1993,9,279,31.5,24.3,130,-1.8
1993,10,30,34.4,22.1,89,-1.1
1993,11,3,33.6,17.3,60,1.4
1993,12,1,32,13.3,41,1.7
1994,1,5,30.8,13.9,33,2
1994,2,0,32.5,14.6,14,1.9
1994,3,0,38.3,19.8,9,1.6
1994,4,0,39,23.2,6,1.5
1994,5,2,40.8,27.6,6,1.1
1994,6,145,34.9,26.3,141,1.7
1994,7,524,30.2,24.4,127,2.1
1994,8,371,30.3,24.7,119,2.5
1994,9,559,31.4,23.4,123,4.9
1994,10,7,34.7,20.8,91,4.2
1994,11,0,33.5,16.4,55,3.7
1994,12,0,31.6,12,35,3.3
1995,1,2,29,11.6,21,2.8
1995,2,0,33.1,15.3,11,2.4
1995,3,9,35.8,18.9,16,2.6
1995,4,0,39.6,22.7,5,2.3
1995,5,3,40.4,27.4,7,1.8
1995,6,43,37.7,28.2,44,-1.9
1995,7,478,32.2,25.8,140,-1.5
1995,8,152,31.8,25.5,135,-2.6
1995,9,207,32.4,24.3,133,-2.4
1995,10,17,35.3,21.9,91,-2
1995,11,1,33.8,15.5,59,-1.6
1995,12,2,32.7,13.7,38,-1.3
1996,1,1,30.6,14.1,24,-1.1
1996,2,0,34.5,15.9,12,-1.1
1996,3,2,38.5,21,10,-1
1996,4,0,39.9,23.5,6,-0.9
1996,5,2,40.5,27.5,6,-1.1
1996,6,88,36.3,26.8,87,-1.5
1996,7,640,32.3,25.6,134,1.1
1996,8,274,30.3,24.3,128,0.8
1996,9,199,31.6,23.6,126,0.6
1996,10,77,33.5,20.5,112,2.3
1996,11,0,33.1,14.8,62,3
1996,12,0,32,12.8,46,3.4
1997,1,4,29.8,11.8,39,3.8
1997,2,0,33.3,13.4,16,3.6
1997,3,0,37.7,19.3,10,3.2
1997,4,0,38.3,22.3,7,3
1997,5,7,39.6,26.3,11,2.7
1997,6,138,34.5,25.3,135,3.1
1997,7,289,31.8,25.6,135,2.2
1997,8,388,30.9,24.7,125,2.1
1997,9,181,31.8,23.8,122,1.6
1997,10,6,34.6,19.9,85,1.3
1997,11,6,33.5,18.6,50,1.4
1997,12,4,29.4,14.4,40,1.7
1998,1,0,30.1,13.4,27,1.7
1998,2,0,33.2,14.7,14,1.6
1998,3,2,36.9,18.9,11,1.5
1998,4,0,40.4,24.7,6,1.4
1998,5,2,41.7,28.6,6,1
1998,6,100,36.9,27.7,99,-0.3
1998,7,558,31.9,25.8,136,0.7
1998,8,314,31.9,25.5,128,0.7
1998,9,330,31.8,24.5,125,1.5
1998,10,68,34.8,22.3,107,2.9
1998,11,3,33,16.9,63,3.6
1998,12,0,31.7,12.9,46,3.9
1999,1,0,29.9,12.1,34,4
1999,2,0,34.2,16.3,16,3.9
1999,3,0,37.7,19.5,10,3.4
1999,4,0,40.3,24.3,7,3.1
1999,5,5,39.9,27.1,9,2.7
1999,6,172,34.8,26.1,166,3.6
1999,7,358,31.8,25.4,133,2.9
1999,8,83,30.9,24.6,115,1
1999,9,203,32,24.1,133,0.6
1999,10,105,34.3,20.6,116,3.2
1999,11,0,34,15.9,68,4.2
1999,12,0,32,12.2,51,4.8
2000,1,0,31.2,13.2,41,5.2
2000,2,0,32.2,14.1,19,5
2000,3,0,37.3,18.1,11,4.5
2000,4,0,40.2,24.7,7,4.1
2000,5,5,39.2,26.6,10,3.6
2000,6,152,35.7,26.4,149,3.9
2000,7,523,30.8,24.9,131,4
2000,8,214,31.4,25.2,130,2.9
2000,9,39,32.7,24,103,1.5
2000,10,7,35.4,22.1,77,-2.6
2000,11,0,35,16.3,41,-3.4
2000,12,1,33,12.5,20,-3.8
2001,1,0,30.2,12.9,11,-3.9
2001,2,0,33.7,15.3,7,-3.7
2001,3,2,36.6,18.8,7,-3.5
2001,4,0,40.1,24,4,-3.2
2001,5,22,40.3,27.1,24,-2.1
2001,6,222,34.9,25.7,175,2.9
2001,7,332,30.8,24.4,130,2.3
2001,8,199,30.9,24.8,128,1.2
2001,9,25,32.6,24.5,94,-2.2
2001,10,45,34.4,21,88,-1.9
2001,11,0,33.3,16.1,48,-2.1
2001,12,0,32.1,13.8,26,-2.5
2002,1,0,29.6,12.2,13,-2.6
2002,2,0,33.9,15.5,8,-2.5
2002,3,4,37.4,19.7,10,-2.2
2002,4,0,40.5,24.3,4,-2.1
2002,5,0,41.1,27.9,4,-2.3
2002,6,166,35.5,26.3,160,-0.9
2002,7,76,32.7,26.3,75,-2.3
2002,8,265,30.6,24.5,121,-3.5
2002,9,130,32,23.9,128,-3.6
2002,10,2,35.3,21.9,65,-4.6
2002,11,1,34.2,17,26,-5.2
2002,12,0,32.7,14.4,14,-5.4
2003,1,0,31.6,14.3,8,-5.4
2003,2,0,34.2,15.9,6,-5.1
2003,3,0,37,19.2,4,-4.9
2003,4,0,40.1,24,3,-4.5
2003,5,1,40.8,27.7,3,-4.5
2003,6,113,35.9,26.6,109,-4
2003,7,484,31.7,25.3,129,-3.3
2003,8,421,31.1,24.9,121,-1.9
2003,9,164,31.4,23.3,119,-2.1
2003,10,4,34,20.6,89,-2.1
2003,11,0,34.8,17.6,50,-1.9
2003,12,0,31.9,13.5,36,-1.7
2004,1,1,30.2,12.9,22,-1.6
2004,2,0,33.7,15.3,12,-1.4
2004,3,0,38.9,21.1,8,-1.5
2004,4,0,40.1,23.9,5,-1.4
2004,5,11,40.3,27.1,15,-1
2004,6,142,35.6,26.3,138,0.7
2004,7,309,32.2,25.8,133,-0.5
2004,8,566,30.1,23.9,109,1.4
2004,9,203,32.9,24.8,128,1.1
2004,10,27,33.3,19.9,90,1.4
2004,11,2,34.1,16.9,55,1.7
2004,12,0,31.8,13.4,40,1.9
2005,1,1,29,11.7,29,2
2005,2,0,32.7,14.4,14,1.9
2005,3,4,37.2,19.5,13,1.9
2005,4,0,39.8,23.6,6,1.7
2005,5,1,40.7,27.5,6,1.3
2005,6,196,36.4,27.1,186,2.7
2005,7,547,31.9,25.5,127,3.2
2005,8,284,30.6,24.5,123,2.8
2005,9,579,31.6,23.5,111,5.3
2005,10,5,33.7,20.3,87,4.6
2005,11,0,32.4,15.2,52,4.1
2005,12,0,30,11.6,36,3.8
2006,1,0,30.4,13.1,22,3.3
2006,2,0,35.9,17.6,12,3
2006,3,29,36.9,19.1,36,4.3
2006,4,0,39.3,23.2,6,3.9
2006,5,10,40.7,27.5,13,3.6
2006,6,127,35.1,25.8,124,3.7
2006,7,519,31.3,24.9,121,3.8
2006,8,549,29.9,23.8,111,5.6
2006,9,294,32.2,24.1,117,5.7
2006,10,18,34.4,21,89,5.2
2006,11,2,33.3,16.1,55,5
2006,12,0,32.2,13.9,36,4.7
2007,1,0,31,13.7,27,4.4
2007,2,0,34,15.7,14,4
2007,3,0,37.2,19.4,9,3.5
2007,4,0,40.9,24.7,6,3.2
2007,5,7,40.5,27.3,11,2.9
2007,6,114,36.1,26.9,112,2.8
2007,7,657,31.8,25.5,131,3.7
2007,8,413,31,24.8,109,4.4
2007,9,234,32.4,24.3,116,4.1
2007,10,0,33.7,20.3,88,3.3
2007,11,1,33.9,16.7,49,2.9
2007,12,0,31.7,13.4,36,2.6
2008,1,0,29.4,12.1,21,2.2
2008,2,0,31.3,13,12,1.9
2008,3,2,37.8,20,9,1.7
2008,4,0,39.6,23.5,5,1.5
2008,5,0,39.8,26.6,4,0.9
2008,6,70,35.2,25.9,69,-1.5
2008,7,371,31.6,25.2,129,-1.7
2008,8,281,30.6,24.5,117,-1.6
2008,9,296,31.9,23.8,112,-0.8
2008,10,4,34.5,21.1,85,-0.9
2008,11,2,33.8,16.6,57,-0.7
2008,12,1,33.3,15,35,0.1
2009,1,0,31.9,14.5,22,-0.1
2009,2,0,34.9,16.6,12,0
2009,3,3,38.3,20.5,11,0.1
2009,4,0,41.3,25.1,6,0
2009,5,8,40.2,27,12,0
2009,6,55,37,27.8,55,-1.4
2009,7,528,31.9,25.5,126,-0.7
2009,8,209,31.9,25.8,132,-1.4
2009,9,104,33.6,25.5,126,-2.1
2009,10,28,34.2,20.8,93,-1.6
2009,11,14,33.5,16.3,56,-1.1
2009,12,4,32.5,14.2,35,-0.7
2010,1,1,31,13.6,24,-0.6
2010,2,0,34.6,16.3,12,0.1
2010,3,1,38.4,20.7,9,-0.1
2010,4,0,41.1,25,6,0
2010,5,1,42.5,29.3,5,-0.4
2010,6,96,36.4,27.2,94,-0.7
2010,7,521,32,25.6,124,0.5
2010,8,622,31.2,25.1,109,3.2
2010,9,282,32.6,24.5,123,3.4
2010,10,28,35.5,22.1,94,3.5
2010,11,21,34.9,17.7,62,4.2
2010,12,1,30.4,12,40,4.3
2011,1,0,29.2,11.9,33,4.4
2011,2,0,33.6,15.3,16,4.2
2011,3,0,37.3,19.5,10,3.7
2011,4,0,40.2,24,6,3.5
2011,5,1,40.2,27,5,2.8
2011,6,125,35.8,26.6,122,2.7
2011,7,431,31.7,25.3,117,2.5
2011,8,468,31,24.8,107,3.8
2011,9,201,31.8,23.7,118,3.3
2011,10,8,34.9,21.5,89,2.8
2011,11,0,35.1,17.9,56,2.6
2011,12,0,32.7,14.4,35,2.3
2012,1,0,28.9,11.6,21,1.9
2012,2,0,32.7,14.3,12,1.7
2012,3,0,36.4,18.6,8,1.3
2012,4,0,39.4,23.3,5,1.2
2012,5,4,40,26.9,8,0.9
2012,6,42,35.9,26.7,43,-1.9
2012,7,258,32.6,26.3,136,-2.5
2012,8,284,31.3,25.2,124,-3.2
2012,9,408,31.9,23.8,116,-1.3
2012,10,10,34.4,21,86,-1.2
2012,11,0,32.4,15.2,56,-1
2012,12,0,32.3,14,36,-0.7
2013,1,0,29.4,12.1,23,-0.7
2013,2,0,33.9,15.5,13,-0.6
2013,3,5,37.1,19.3,12,1
2013,4,0,39,22.8,6,1
2013,5,2,40.9,27.7,6,-0.3
2013,6,190,34.7,25.5,153,2.4
2013,7,701,30.8,24.4,116,3.9
2013,8,247,30.5,24.4,117,3.1
2013,9,307,32.3,24.2,120,3.5
2013,10,108,34.1,20.7,115,5.9
2013,11,1,33.1,15.9,69,6.6
2013,12,1,31,12.7,45,7
2014,1,3,35.6,18.3,47,7.7
2014,2,0,32,13.7,22,7.4
2014,3,3,36.3,18.5,15,6.8
2014,4,0,39.7,23.5,8,6.3
2014,5,2,40.5,27.3,8,5.5
2014,6,10,37.1,27.9,14,2.6
2014,7,715,32.7,26.3,134,3.9
2014,8,244,31.6,25.5,123,3.1
2014,9,352,32.1,24,118,3.8
2014,10,27,35.4,22,94,3.8
2014,11,1,35.2,18,54,3.8
2014,12,2,30.9,12.6,43,3.8
2015,1,4,29.5,12.2,31,3.8
2015,2,0,34.1,15.8,14,3.5
2015,3,29,36.5,18.7,36,4.9
2015,4,0,39.2,23,6,4.5
2015,5,4,42.2,29,8,3.8
2015,6,173,36.1,26.9,166,4.8
2015,7,501,32.9,26.5,149,4.6
2015,8,127,31.9,25.7,128,2.7
2015,9,193,32.4,24.3,131,2.2
2015,10,6,35.6,22.2,86,1.8
2015,11,3,35,17.8,54,1.8
2015,12,0,31.5,13.2,38,1.7
2016,1,0,30.5,13.5,22,1.4
2016,2,0,33.9,16.4,12,1.3
2016,3,42,37.6,21,48,1.3
2016,4,0,38.7,23.9,5,1.2
2016,5,5,40.4,28.7,9,0.9
2016,6,69,36.5,27.4,69,-1.8
2016,7,412,30.7,25.4,115,-1.1
2016,8,383,29.9,24.7,109,1.3
2016,9,198,30.9,24,120,1.3
2016,10,37,30.8,20.4,87,2.6
2016,11,1,33,14.6,60,3.3
2016,12,0,32.4,13.2,42,3.6
2017,1,0,30.3,13.7,31,3.8
2017,2,0,34.8,16.6,15,3.7
2017,3,1,37.7,20.1,10,3.2
2017,4,0,39.6,23.5,6,3
2017,5,3,41.2,28.6,7,2.5
2017,6,137,35,26.8,133,2.2
2017,7,761,29.8,25.1,114,3.6
2017,8,265,30.8,24.8,119,4
2017,9,220,31.3,23.9,124,3.5
2017,10,11,34.7,21.6,89,3.1
2017,11,1,32.8,16.1,54,2.8
2017,12,7,31,15,41,2.8
2018,1,0,31,14,24,2.5
2018,2,0,34.8,17.2,13,2.3
2018,3,2,38.5,21.1,10,2.2
2018,4,0,40.4,24.7,6,1.9
2018,5,1,42.1,28.6,5,1.3
2018,6,79,37.1,27.5,79,-1.9
2018,7,406,30.1,25.3,120,-0.9
2018,8,241,30.7,24.6,122,-1.2
2018,9,112,31.3,23.2,118,-1.9
2018,10,4,34.5,21.6,76,-1
2018,11,1,34.2,17.6,51,-0.6
2018,12,0,29.9,12.4,36,1
2019,1,0,29,11.7,22,-1.4
2019,2,0,32.6,14.2,12,-1.2
2019,3,0,36.7,19,8,-1.3
2019,4,0,40.9,24.7,6,-1.1
2019,5,0,41.1,27.9,4,-1.4
2019,6,175,37.3,28,168,1.2
2019,7,558,33,26.6,134,1.8
2019,8,545,31.4,25.3,114,3.6
2019,9,589,32.1,24,95,6
2019,10,101,34.4,21,117,7.8
2019,11,5,34.9,17.8,64,8.4
2019,12,1,31.8,13.5,49,8.6
