Product: Historical Climate - TerraClimate(http://www.climatologylab.org/terraclimate.html) 
Location (Lat/Lon of 4-km Grid Cell Center): 23.8542 North,72.1042 East 
Data Source: NW Climate Toolbox(https://climatetoolbox.org/tool/point-data-download)
Download Date: 07/24/2020
Variable List: 
ppt: ppt (Precipitation)
tmax: tmax (Maximum Temperature)
tmin: tmin (Minimum Temperature)
aet: aet (Actual Evapotranspiration)
PDSI: pdsi (Palmer Drought Severity Index (PDSI))
********************************************************
Year,Month,ppt(mm),tmax(degC),tmin(degC),aet(mm),PDSI(unitless)
1958,1,1,29.3,11.9,8,1.7
1958,2,0,31.8,12.7,5,1.5
1958,3,0,36.7,18.2,3,1
1958,4,0,41,23.6,2,0.9
1958,5,0,42.5,27,2,0.7
1958,6,31,40.4,27.6,31,-0.4
1958,7,213,33.1,26.3,131,0.2
1958,8,110,33.6,25.8,110,-0.8
1958,9,433,31.7,24.4,120,2.4
1958,10,51,34.5,19.7,94,3.7
1958,11,1,32.6,14.4,48,5.3
1958,12,0,29.5,12.3,14,5
1959,1,0,26.8,10.2,7,4.6
1959,2,0,31.2,11.9,5,4.2
1959,3,0,37.6,17.9,3,3.4
1959,4,0,40.6,22.9,2,3.1
1959,5,0,42.7,27.2,2,2.7
1959,6,33,38.9,27.7,33,1.9
1959,7,479,32.6,25.1,130,5
1959,8,131,31.4,24.2,115,4.8
1959,9,472,31.7,23.7,112,7.3
1959,10,32,34.5,20.5,89,7.8
1959,11,1,32.2,13.7,36,8.2
1959,12,0,29.6,10.8,13,7.5
1960,1,2,27,9.4,8,6.9
1960,2,0,34.7,12.3,4,6.2
1960,3,0,33.8,16.6,3,5.2
1960,4,0,39.3,21.3,2,4.7
1960,5,0,42.1,25.8,2,4.2
1960,6,56,38.7,27,55,4.1
1960,7,145,33.9,25.8,139,3.1
1960,8,89,31.8,24.5,86,1.6
1960,9,52,34.2,24.3,51,0.7
1960,10,3,35.5,19.6,3,-3.2
1960,11,0,33.4,13.2,1,-3.6
1960,12,2,29.9,11.5,2,-3.6
1961,1,0,27.6,10.5,1,-3.5
1961,2,3,29.6,11,4,-3
1961,3,0,36.8,18.3,0,-3.2
1961,4,0,39.4,21.4,0,-3
1961,5,0,41.9,26.3,1,-2.8
1961,6,73,38.1,26.4,70,-1.7
1961,7,279,32.6,25.4,119,-0.6
1961,8,84,32.6,25.2,102,-0.9
1961,9,487,31.8,23.9,109,4.1
1961,10,10,34.1,19.2,84,4.5
1961,11,0,31.7,14.2,24,4.5
1961,12,0,28.5,9.7,10,4.1
1962,1,0,27.1,7.9,6,3.8
1962,2,0,32.5,12.6,4,3.4
1962,3,80,35.3,17.1,79,6.2
1962,4,0,40,22.3,2,5.7
1962,5,1,42.8,26.6,2,5
1962,6,17,39.5,26.8,17,3.7
1962,7,184,33.6,25.8,146,3.1
1962,8,101,32.6,24.6,104,2
1962,9,165,32.6,23.9,137,1.9
1962,10,0,34.9,17.3,17,1.2
1962,11,2,33.1,13.8,11,0.8
1962,12,2,28.7,11.6,7,0.6
1963,1,2,28.9,9.5,5,-1.6
1963,2,0,34.1,13,3,-1.6
1963,3,21,36,17.3,22,-1
1963,4,0,39.5,22.2,2,-0.9
1963,5,0,41.7,26,2,-1
1963,6,22,39.1,27.3,22,-1.6
1963,7,156,34.7,26,148,-2
1963,8,177,32.5,25,121,-1.8
1963,9,406,33.1,23.3,139,2
1963,10,20,35.7,19.9,98,3
1963,11,15,32.9,15.8,36,3.4
1963,12,2,30.4,11.4,12,3.1
1964,1,0,26.1,7.7,6,2.7
1964,2,0,31.7,11.5,4,2.4
1964,3,0,37.6,18.2,3,1.7
1964,4,0,40.8,23.1,2,1.6
1964,5,2,42.3,26.3,4,1.4
1964,6,29,38.6,26.4,29,0.8
1964,7,293,33.5,25.5,134,1.6
1964,8,175,32.5,24.7,118,2.5
1964,9,130,33.3,23.6,128,2.1
1964,10,0,34.9,18.7,84,2.7
1964,11,0,32.3,12.4,16,2
1964,12,0,29.1,9.9,8,1.6
1965,1,12,29.7,12,17,2.1
1965,2,0,32.2,12.6,3,1.8
1965,3,19,35.3,16.9,21,1.9
1965,4,0,38.4,21.4,2,1.8
1965,5,0,41.3,25.8,2,1.5
1965,6,1,39.3,27,3,-1.6
1965,7,365,33.6,25.8,142,1.7
1965,8,99,33,24.3,118,1.2
1965,9,28,33.7,23.7,91,-0.6
1965,10,0,36.5,20.2,15,-2
1965,11,0,34.4,14.6,8,-2.5
1965,12,0,29.7,10.5,5,-2.7
1966,1,1,29.3,11.1,4,-2.6
1966,2,0,34.2,14.4,2,-2.5
1966,3,0,35.5,16.2,2,-2.8
1966,4,0,39.4,21.7,2,-2.5
1966,5,1,42.1,26.1,2,-2.4
1966,6,48,38.5,27.1,47,-2
1966,7,209,34.9,26,149,-1.9
1966,8,20,32.6,24.7,41,-3.8
1966,9,250,33.7,23.5,147,-2.9
1966,10,0,37.2,20.1,79,-2.2
1966,11,0,32,15.5,16,-2.6
1966,12,0,29.5,9.6,8,-2.7
1967,1,0,26.7,7.6,5,-2.5
1967,2,0,34.3,12.6,3,-2.2
1967,3,80,34.4,17.7,79,3.1
1967,4,0,39.2,21.5,2,2.9
1967,5,0,42.1,25.9,2,2.4
1967,6,63,38.4,26.3,61,2.8
1967,7,347,33.4,25.8,128,4.2
1967,8,121,31.8,24.6,113,4
1967,9,121,32.6,23.6,123,3.4
1967,10,3,35.9,19,81,3.9
1967,11,0,33.6,15,18,3.6
1967,12,16,28.2,12.7,24,4.2
1968,1,1,26,9.6,6,3.8
1968,2,1,29.7,10.6,5,3.6
1968,3,21,36,16.8,23,3.7
1968,4,0,40.1,21.4,2,3.4
1968,5,0,41.3,25.1,2,2.9
1968,6,2,39.9,27.6,3,1.3
1968,7,151,34.9,26.4,143,0.6
1968,8,138,32.4,24.5,125,-2.1
1968,9,24,35,23.6,25,-2.8
1968,10,1,36.9,19.6,3,-3.6
1968,11,0,34.6,14.2,2,-3.8
1968,12,0,29.7,11,1,-3.7
1969,1,0,28.3,11.3,1,-3.5
1969,2,1,31.3,12.8,2,-3.2
1969,3,0,37.5,19.8,1,-3.3
1969,4,0,41,22.7,1,-3.1
1969,5,0,42,26.7,1,-2.9
1969,6,29,39.8,27.7,28,-3.2
1969,7,156,35,26.4,147,-3.3
1969,8,62,32.7,24.5,59,-4.4
1969,9,85,33.4,24.7,81,-4.4
1969,10,0,37.1,19.8,0,-5
1969,11,2,34.9,16.7,2,-5.1
1969,12,3,31.4,11.1,4,-4.7
1970,1,0,28.1,10.9,1,-4.4
1970,2,1,31,12.9,1,-4.1
1970,3,0,34.9,17.7,0,-4.1
1970,4,0,40.6,23.2,0,-3.8
1970,5,0,42.8,27.5,1,-3.6
1970,6,73,38.4,27.1,69,-2.3
1970,7,115,34.1,25.5,110,-3.1
1970,8,234,32.2,24.9,107,-1.8
1970,9,397,32.5,23.9,116,3
1970,10,24,36.1,20,83,3.8
1970,11,2,33,12.4,37,4.6
1970,12,0,30,9.4,12,4.6
1971,1,0,26.6,9.8,7,4.3
1971,2,0,32.5,11.3,4,4
1971,3,0,36.4,16.3,3,3.2
1971,4,0,41.5,23.7,2,3
1971,5,1,41.3,26.3,3,2.7
1971,6,82,36.5,27.2,79,3.6
1971,7,275,32.2,25.6,128,4
1971,8,91,31.7,24.8,110,3.3
1971,9,120,33.6,24.1,126,2.8
1971,10,3,34.3,19.6,57,3
1971,11,0,32.8,13.7,15,2.4
1971,12,0,30,10.2,8,1.9
1972,1,0,28.6,9.6,5,1.6
1972,2,4,28.2,9.7,7,1.7
1972,3,0,36.2,17.5,2,1.1
1972,4,0,39.3,21.7,2,1
1972,5,0,42.5,26.2,2,0.8
1972,6,25,40,27.4,25,-1.1
1972,7,134,34.4,26.2,129,-1.7
1972,8,126,32.8,25.4,121,-2.6
1972,9,7,34.7,23.1,7,-3.5
1972,10,0,36.6,19.5,1,-4.2
1972,11,0,34,14,1,-4.4
1972,12,0,29.5,11.2,1,-4.4
1973,1,4,26.7,9,5,-4
1973,2,1,32.7,13.3,1,-3.7
1973,3,0,35.9,17.5,0,-3.8
1973,4,0,41.5,23.6,0,-3.5
1973,5,2,42.6,27.4,2,-3.3
1973,6,82,38.6,27.8,79,-1.9
1973,7,193,33.3,25.2,135,-1.8
1973,8,243,32,24.6,117,2.1
1973,9,384,31.8,23.6,119,4
1973,10,6,34.8,19.4,82,4.4
1973,11,0,33.1,12.7,23,4.3
1973,12,1,28.6,10.6,11,3.8
1974,1,0,28,8.9,6,3.5
1974,2,0,30.5,10.7,4,3.2
1974,3,0,37.5,18.3,3,2.4
1974,4,0,40.7,23.1,2,2.3
1974,5,14,41.6,26.2,15,3
1974,6,13,38.9,27.1,13,1.7
1974,7,52,34.3,26.8,51,-2.5
1974,8,41,33.8,25.6,40,-4.2
1974,9,46,35.5,24.8,44,-4.5
1974,10,18,35.3,21.4,18,-4.8
1974,11,0,32.9,12.8,1,-4.8
1974,12,6,28.8,10.8,6,-4.5
1975,1,0,26.5,9.1,1,-4.3
1975,2,0,31.3,11.9,0,-4
1975,3,0,34.5,16.2,0,-4
1975,4,0,40.5,22.2,0,-3.7
1975,5,0,42,26.6,0,-3.5
1975,6,118,38.3,26.7,112,-1.3
1975,7,180,33.6,25.7,156,-1.5
1975,8,212,32.3,25,143,-1
1975,9,362,32,24.2,150,3
1975,10,49,33.8,20.3,102,4.3
1975,11,0,32,12.4,38,5.3
1975,12,0,30.4,10.1,13,4.8
1976,1,5,28.1,10.7,12,4.8
1976,2,0,31.2,12.6,4,4.3
1976,3,4,35.6,17.6,7,3.7
1976,4,0,39,21.7,2,3.4
1976,5,0,41.6,26.2,2,2.9
1976,6,79,38.3,26.9,77,3.7
1976,7,199,33.9,25.8,143,3.2
1976,8,237,32.2,24.1,119,4.1
1976,9,123,32.4,22.9,123,3.6
1976,10,0,36.4,19.6,83,4.1
1976,11,18,34.1,17,33,4.1
1976,12,0,29.4,11.9,8,3.6
1977,1,13,27.3,9.9,17,4
1977,2,1,32.3,13.4,5,3.6
1977,3,0,38.3,18.9,3,2.8
1977,4,0,39.9,23.6,2,2.5
1977,5,11,41.5,27.1,12,3
1977,6,106,38.7,26.9,102,4.4
1977,7,573,33,25.3,147,8.1
1977,8,115,32.1,24.8,113,7.4
1977,9,172,32.8,23.8,140,6.8
1977,10,0,37.1,20.6,88,6.9
1977,11,1,33.8,17.4,17,6
1977,12,0,30.6,12.3,8,5.3
1978,1,0,27.4,10,5,4.7
1978,2,5,30.7,13.1,8,4.6
1978,3,0,34,17.5,3,3.7
1978,4,0,40,23.2,2,3.4
1978,5,0,42.5,27.3,2,2.9
1978,6,71,38.6,27.2,69,3.4
1978,7,198,32.8,25.1,122,3.2
1978,8,198,31.8,24.9,123,3.6
1978,9,25,32.8,24.1,99,2.6
1978,10,5,35.7,19.9,28,1.7
1978,11,11,33,16.3,21,1.7
1978,12,11,29.7,11.8,16,2
1979,1,0,27.6,11.5,4,1.7
1979,2,6,29.9,12.3,9,2
1979,3,0,34.3,16.5,2,1.3
1979,4,0,40,22.1,2,1.2
1979,5,0,41.4,25.7,2,1
1979,6,34,40.3,28.3,34,-0.4
1979,7,86,34.2,26.7,83,-2.2
1979,8,201,32.2,24.3,124,-1.7
1979,9,36,34.7,24,68,-2.3
1979,10,13,35.1,20.7,25,-2.8
1979,11,33,32,17.9,38,-1.6
1979,12,0,29.2,13.1,4,-1.7
1980,1,1,27.5,10.9,4,-1.6
1980,2,1,32.5,13.5,3,-1.5
1980,3,0,35,18.4,2,-1.8
1980,4,0,40.1,22.8,1,-1.6
1980,5,0,42.9,27.1,1,-1.6
1980,6,155,38.6,26.7,148,3.2
1980,7,179,33.1,26.4,145,2.6
1980,8,133,32.9,24.8,130,1.7
1980,9,24,34.3,24,29,0.6
1980,10,0,36,20.8,5,-2.8
1980,11,1,32.9,15.4,4,-3.2
1980,12,23,28.8,11.5,24,-1.9
1981,1,2,27.2,11.2,3,-1.8
1981,2,0,32.1,12.7,1,-1.8
1981,3,49,34.9,18.1,48,2.1
1981,4,0,40.3,23,1,1.8
1981,5,2,42.1,26.7,3,1.6
1981,6,26,40.2,28.2,25,0.7
1981,7,223,33,26.3,154,0.7
1981,8,242,31.9,24.6,126,1.9
1981,9,129,34.5,24.7,131,1.6
1981,10,19,35.5,20.2,93,2.6
1981,11,21,30.8,13.4,38,3.2
1981,12,0,29.2,11.4,9,2.9
1982,1,2,26.7,11.9,8,2.7
1982,2,0,29.3,13.2,4,2.4
1982,3,5,33.6,16.8,7,2
1982,4,0,38.5,22.4,2,1.8
1982,5,11,40.1,26,12,2.4
1982,6,15,39.2,27.6,16,1.2
1982,7,248,34.5,26.4,156,1.4
1982,8,97,32.4,25.1,112,0.6
1982,9,5,34.4,23.9,34,-2.2
1982,10,2,36.2,21.1,13,-3
1982,11,43,31.2,16.2,48,-1.3
1982,12,0,29.5,12.3,4,-1.5
1983,1,1,27.1,10.4,4,-1.4
1983,2,0,29.6,12.1,2,-1.3
1983,3,0,33.6,17.2,2,-1.7
1983,4,0,37,21,1,-1.5
1983,5,2,41.5,26.6,3,-1.4
1983,6,30,38.8,27.8,29,-1.7
1983,7,253,34.4,26.1,148,-1.1
1983,8,160,32,25.2,121,-0.6
1983,9,134,33.5,24.9,129,-0.6
1983,10,25,33.9,19.9,92,1.8
1983,11,0,31.9,12.3,25,2.2
1983,12,0,28.1,11.1,10,2
1984,1,0,25.9,9.8,6,1.9
1984,2,0,29.2,10.4,4,1.7
1984,3,0,37.4,18.2,3,1.1
1984,4,0,40.8,23.5,2,1.1
1984,5,0,42.9,26.9,2,0.8
1984,6,14,38.7,27.4,14,-1.4
1984,7,167,32.9,25.4,158,-1.8
1984,8,328,31.1,23.7,117,2.3
1984,9,70,32.1,22.8,113,1.7
1984,10,0,34.5,18.7,45,1.4
1984,11,0,32.9,13.3,14,0.9
1984,12,0,29.8,10.9,7,0.6
1985,1,0,26.9,10.5,5,-0.1
1985,2,0,31.5,12.5,3,-0.9
1985,3,1,37.9,18.7,3,-1.2
1985,4,0,39.5,22.4,2,-1.1
1985,5,3,42.2,27,4,-0.9
1985,6,27,38.7,27.4,27,-1.6
1985,7,159,33.1,26,152,-2
1985,8,132,31.8,24.3,126,-2.5
1985,9,25,34,24,24,-3.3
1985,10,17,34.5,19.5,17,-3.8
1985,11,0,33.8,14.6,1,-4.1
1985,12,0,29.7,12.6,1,-4.1
1986,1,0,27.3,11.1,1,-4
1986,2,0,30.4,13.1,1,-3.8
1986,3,1,35.5,18,1,-3.9
1986,4,0,40.6,23.1,0,-3.6
1986,5,2,42.3,27.1,2,-3.3
1986,6,92,39.3,27.5,87,-1.7
1986,7,92,33.8,26,87,-3.1
1986,8,99,32.2,23.7,94,-4
1986,9,3,34.1,23.8,3,-4.8
1986,10,1,35.8,20.1,1,-5.6
1986,11,0,34,15.4,0,-5.8
1986,12,0,28.7,9.8,1,-5.7
1987,1,1,28,11.5,1,-5.4
1987,2,1,32.5,13.7,1,-5
1987,3,23,36.2,18.8,22,-4
1987,4,0,40.5,22.9,0,-3.8
1987,5,2,41.7,26.2,2,-3.4
1987,6,16,40.3,28,15,-4.1
1987,7,29,36.1,26.6,28,-6.2
1987,8,80,34.9,25.9,76,-7.5
1987,9,2,35.4,24.9,2,-8.1
1987,10,1,37.6,21.5,1,-8.5
1987,11,0,34.8,15.5,0,-8.4
1987,12,18,30,12.1,18,-7
1988,1,1,29.4,12.4,1,-6.5
1988,2,0,33.4,14.7,0,-6.1
1988,3,1,35.6,18.3,1,-6
1988,4,0,41.3,24,0,-5.5
1988,5,0,43,27.8,0,-5.2
1988,6,21,40,28.2,21,-5.4
1988,7,371,33.7,26,121,-2.9
1988,8,143,33,25.1,121,-2.2
1988,9,132,34.9,25.1,130,-2
1988,10,2,36.2,19.9,85,-1
1988,11,0,33.3,14.4,16,-1.1
1988,12,0,30.7,11.9,8,-1.1
1989,1,3,27.2,9.5,8,-0.9
1989,2,0,31.9,11.6,3,-0.8
1989,3,7,35,17.7,9,-0.9
1989,4,0,40,21.7,2,-0.7
1989,5,0,42.6,26.3,2,-0.8
1989,6,40,38.6,26.8,39,-0.8
1989,7,249,34.2,25.2,147,0.4
1989,8,173,32.7,24.4,125,1.4
1989,9,22,34.1,24,98,0.6
1989,10,0,36.4,19.5,22,-1.5
1989,11,0,34.3,15.5,10,-1.8
1989,12,0,29.5,11.8,6,-1.8
1990,1,0,30.7,11.3,4,-1.7
1990,2,3,31.1,13.8,6,-1.3
1990,3,0,33.8,17.5,2,-1.6
1990,4,0,40.1,22.8,2,-1.4
1990,5,5,41.7,27.5,6,-1
1990,6,11,38.8,27.6,12,-2
1990,7,132,33.1,26,126,-2.5
1990,8,352,32,24.4,98,2.9
1990,9,243,32.7,24.1,119,3.5
1990,10,7,35.1,19.8,88,4
1990,11,0,33,15.2,20,3.6
1990,12,23,29.6,11.8,31,4.6
1991,1,0,27,9.6,6,4.1
1991,2,0,30.8,12.4,4,3.8
1991,3,0,35.4,18.2,3,3
1991,4,0,39.6,22.8,2,2.7
1991,5,0,42,27.1,2,2.3
1991,6,11,39.4,28.3,11,1
1991,7,250,34.5,25.8,160,1.1
1991,8,51,32.3,24.8,91,-2.4
1991,9,28,33.1,23.5,40,-3.1
1991,10,0,35.5,18.6,7,-3.9
1991,11,1,33,15.1,6,-3.9
1991,12,4,29.9,11.9,7,-3.6
1992,1,5,27.8,10.6,8,-3
1992,2,0,29.7,12,2,-2.8
1992,3,1,35,17.7,2,-3
1992,4,0,38.4,21.9,1,-2.7
1992,5,0,42,27,1,-2.5
1992,6,9,40.3,28.7,10,-3.4
1992,7,300,34.4,26.4,146,-2.2
1992,8,115,31.9,25.2,119,-2
1992,9,238,32.5,23,138,-1
1992,10,2,34.8,20.6,88,2.2
1992,11,1,32.3,15,18,1.8
1992,12,0,30.7,12.6,8,1.5
1993,1,0,28.5,11.5,5,1.4
1993,2,2,33.4,13.6,5,1.3
1993,3,1,34.4,18.2,3,0.7
1993,4,0,39.5,22.9,2,0.7
1993,5,0,42.4,27.7,2,-0.1
1993,6,19,39.7,28.5,20,-1.3
1993,7,365,33.6,26.5,153,1.6
1993,8,35,34,25.7,112,-1.5
1993,9,114,33.5,25.5,122,-1.6
1993,10,7,36.1,21.6,20,-2.2
1993,11,13,34,16,19,-1.8
1993,12,0,31.4,12.2,4,-1.9
1994,1,8,28.3,12.5,11,-1.3
1994,2,0,31,13,2,-1.3
1994,3,0,37.6,19.1,2,-1.6
1994,4,0,39.2,22.6,1,-1.4
1994,5,0,42.8,27.7,1,-1.4
1994,6,42,38.7,27.9,41,-1.4
1994,7,302,32.1,25.5,134,1
1994,8,221,31.8,25.1,111,2.7
1994,9,516,32.8,23.9,130,5.7
1994,10,0,35.5,19.6,88,5.9
1994,11,0,33.4,15.5,16,5
1994,12,0,30,10.8,8,4.4
1995,1,3,26.8,10.3,8,4.1
1995,2,0,31.7,13.9,4,3.7
1995,3,12,34,17.8,14,3.4
1995,4,0,39.3,22.4,2,3.1
1995,5,0,42.3,27.7,2,2.6
1995,6,7,40.6,28.9,8,1.1
1995,7,261,34.3,26.6,156,1.4
1995,8,54,32.7,26,102,-2.2
1995,9,65,34.2,24.9,79,-2.6
1995,10,8,36.6,21.6,16,-3.2
1995,11,1,33.3,14.4,6,-3.4
1995,12,5,30.1,12.3,9,-3
1996,1,1,27.6,11.6,4,-2.8
1996,2,0,32.5,13.9,2,-2.6
1996,3,2,37.2,20.3,3,-2.7
1996,4,0,40.1,22.9,1,-2.5
1996,5,1,41.7,27,2,-2.3
1996,6,89,38.5,27.8,85,-0.9
1996,7,255,34.5,26.4,164,1.3
1996,8,155,31.8,24.7,148,1.1
1996,9,99,33.2,24.3,119,0.7
1996,10,23,34.8,20.6,45,-0.2
1996,11,0,32.7,13.2,10,-0.7
1996,12,0,30.6,10.8,6,-0.9
1997,1,9,27.9,10,13,0.5
1997,2,0,32.2,12.2,3,0
1997,3,10,35.7,18.4,11,0
1997,4,0,38.1,21.7,2,0.1
1997,5,3,40.8,25.8,4,0.1
1997,6,81,37.3,25.9,78,1.4
1997,7,115,34.2,26.5,111,-1.1
1997,8,188,32.6,25,134,-1
1997,9,172,33.3,24.2,132,-0.7
1997,10,16,35.2,18.5,55,0.3
1997,11,5,31.8,16.7,18,-0.1
1997,12,1,26.8,12.3,8,-0.6
1998,1,0,27.8,11,5,-0.6
1998,2,2,31.6,13,6,0.2
1998,3,9,35.3,17.8,11,0
1998,4,0,40.6,24.2,2,0
1998,5,0,43.3,28.1,2,-0.1
1998,6,62,39.8,28.1,60,0.4
1998,7,299,33.7,26.6,158,1.1
1998,8,111,33.8,25.9,132,0.7
1998,9,236,33.6,25.4,138,1.3
1998,10,32,35.8,21.4,97,2.5
1998,11,0,32.7,15.6,30,2.9
1998,12,0,30.9,11.3,12,2.7
1999,1,1,27.6,10.3,7,2.6
1999,2,3,32.3,14.2,7,2.6
1999,3,0,36.6,18.1,3,1.8
1999,4,0,41.1,23.2,2,1.7
1999,5,1,41.6,27.1,3,1.5
1999,6,74,38.2,27.1,72,2.1
1999,7,177,34,26.1,168,1.4
1999,8,41,32.7,24.8,40,-2.8
1999,9,33,34.2,25.1,33,-3.5
1999,10,59,35.9,20.8,57,-3.2
1999,11,2,34.5,15.3,3,-3.4
1999,12,0,30.8,11.1,1,-3.5
2000,1,0,28.9,11.1,1,-3.5
2000,2,0,30.7,12.3,1,-3.3
2000,3,0,36.2,17.3,0,-3.5
2000,4,0,40.8,23.9,0,-3.2
2000,5,0,41.3,27.1,1,-3.1
2000,6,26,39.1,27.9,25,-3.6
2000,7,355,33.3,25.7,151,-1.7
2000,8,72,33,25.4,114,-2.3
2000,9,6,34.2,24.3,52,-3.1
2000,10,1,37.1,21.2,14,-3.9
2000,11,0,34.4,15.2,8,-4
2000,12,1,31.8,11.2,6,-3.8
2001,1,0,27.9,10.9,3,-3.6
2001,2,0,32.5,13.9,2,-3.3
2001,3,1,36.3,18.5,3,-3.4
2001,4,0,40.6,23.4,1,-3.1
2001,5,9,42.2,27,9,-2.3
2001,6,118,37.9,26.4,113,2.5
2001,7,235,32.5,24.8,132,2.6
2001,8,94,32.5,24.9,112,1.7
2001,9,8,34.6,25.2,42,-1.7
2001,10,16,37,21.6,28,-2.2
2001,11,0,34.3,16,7,-2.5
2001,12,0,31.1,12.8,4,-2.5
2002,1,0,27.8,10.7,3,-2.3
2002,2,0,31.8,13.2,3,-2.2
2002,3,1,37.2,19.5,3,-2.3
2002,4,0,41.5,24.3,1,-2.1
2002,5,0,43.3,28.1,1,-2.1
2002,6,56,39.7,28.2,54,-1.6
2002,7,34,34.1,26.4,33,-3.7
2002,8,68,32.9,25.3,65,-5
2002,9,70,33.9,24.4,67,-5
2002,10,0,37.5,22.1,1,-5.7
2002,11,2,34.6,16.4,2,-5.7
2002,12,2,31.3,13,2,-5.5
2003,1,1,29,12,1,-5.1
2003,2,7,32.5,13.9,7,-4.3
2003,3,0,36.1,18.4,0,-4.4
2003,4,0,41.1,24,0,-4
2003,5,0,42.3,27.2,0,-3.9
2003,6,35,38.8,27.3,33,-3.8
2003,7,310,33.1,25.4,126,-2.3
2003,8,246,32.5,24.9,116,3.2
2003,9,41,33.1,23.7,103,2.3
2003,10,0,36.1,20.7,31,1.5
2003,11,0,34.2,15.9,12,1.1
2003,12,0,29.9,11.6,7,0.8
2004,1,1,28.2,11.2,5,0.8
2004,2,0,32.4,13.8,3,0.7
2004,3,0,38.2,20.4,2,-1.3
2004,4,0,40.8,23.6,2,-1.2
2004,5,3,42.2,27.1,4,-1
2004,6,60,38,26.6,58,0.4
2004,7,133,34,26.3,128,-0.9
2004,8,241,32.1,24.5,128,0.8
2004,9,23,34.5,25,85,-0.7
2004,10,13,34.7,19.3,28,-1.3
2004,11,0,34.5,16.3,8,-1.5
2004,12,0,31.1,12.8,5,-1.6
2005,1,1,26.7,9.7,4,-1.4
2005,2,0,31.2,12.7,3,-1.4
2005,3,2,36.1,18.4,3,-1.6
2005,4,0,39.5,22.4,2,-1.4
2005,5,1,42.3,27.2,2,-1.4
2005,6,91,39.4,28,87,1.3
2005,7,257,34.2,26.4,155,1.5
2005,8,125,32.6,25,128,1.1
2005,9,417,33.6,24.2,129,3.2
2005,10,0,35.5,20.1,86,3.6
2005,11,0,33.4,15.1,17,3.3
2005,12,0,28.6,10.3,8,2.9
2006,1,0,28.1,11.1,5,2.6
2006,2,0,35,16.4,4,2.3
2006,3,80,35.5,17.7,79,5.1
2006,4,0,39.9,22.7,2,4.6
2006,5,0,42.3,27.1,2,4
2006,6,51,38.9,27.5,50,3.8
2006,7,220,33.7,26,144,3.5
2006,8,316,31.6,24,103,6
2006,9,249,33.8,24.4,131,6.3
2006,10,2,36.2,20.8,89,6.5
2006,11,0,33.9,15.6,16,5.7
2006,12,2,30.5,12.2,10,5.1
2007,1,0,28.4,11.3,5,4.6
2007,2,3,33.4,14.8,6,4.3
2007,3,22,35.7,18,24,4.4
2007,4,0,41.2,24,2,4
2007,5,1,42.5,27.3,2,3.5
2007,6,53,39.2,27.8,52,3.5
2007,7,318,34.2,26.5,150,4.2
2007,8,184,32.9,25.4,114,4.9
2007,9,153,34.1,24.7,130,4.5
2007,10,0,35.4,20,88,4.9
2007,11,0,34.3,16.1,16,4.2
2007,12,0,29.7,11.4,8,3.6
2008,1,0,26.9,9.9,5,3.2
2008,2,0,29.6,11,3,2.8
2008,3,1,36.9,19.2,3,2.1
2008,4,0,40,22.8,2,2
2008,5,1,41.5,26.4,3,1.7
2008,6,43,38.6,27.2,43,1.4
2008,7,175,34.5,26.8,157,0.9
2008,8,162,32.1,24.5,118,0.8
2008,9,180,33.7,24.2,131,0.9
2008,10,0,36.3,20.9,49,1.1
2008,11,2,33.9,15.6,16,0.8
2008,12,6,31.9,13.6,13,0.8
2009,1,0,29.3,12.3,5,0.7
2009,2,0,33.3,14.7,3,0
2009,3,3,36.8,19.1,5,-0.6
2009,4,0,40.9,23.7,2,0
2009,5,0,42.6,27.5,2,-0.6
2009,6,22,40,28.5,22,-1.3
2009,7,315,34.1,26.3,136,1.2
2009,8,92,33.9,26.3,116,0.6
2009,9,28,34.8,25.4,88,-1
2009,10,5,36.3,20.9,20,-1.9
2009,11,1,33.9,15.6,8,-2.3
2009,12,1,30.9,12.6,6,-2.3
2010,1,1,28.7,11.7,4,-2.2
2010,2,0,32.7,14.1,3,-2
2010,3,0,38.1,20.4,2,-2.3
2010,4,0,41.9,24.7,2,-2.1
2010,5,0,44.1,29,1,-2.1
2010,6,47,40.7,29.3,46,-2
2010,7,313,34.3,26.6,134,-0.6
2010,8,331,32.9,25.3,105,4.6
2010,9,247,33.6,24.1,127,5.1
2010,10,10,36.8,21.4,94,5.6
2010,11,26,33,14.7,43,6
2010,12,2,28.6,10.3,10,5.4
2011,1,0,27,10,5,4.9
2011,2,1,32,13.5,4,4.4
2011,3,0,36.5,18.8,3,3.6
2011,4,0,40.6,23.4,2,3.3
2011,5,0,42.1,27,2,2.8
2011,6,14,39.7,28.2,15,1.5
2011,7,207,34.1,26.3,127,1.5
2011,8,249,32.6,25,106,3.1
2011,9,133,32.8,23.4,117,2.8
2011,10,0,36,20.5,85,3.3
2011,11,0,35.2,17,18,2.9
2011,12,0,30.3,12,9,2.5
2012,1,0,26.8,9.7,5,2.3
2012,2,0,30.5,12,4,2
2012,3,0,35,17.3,3,1.4
2012,4,0,40.4,23.2,2,1.3
2012,5,0,42.3,27.2,2,1.1
2012,6,17,39.3,27.9,17,-1.4
2012,7,67,34.6,26.9,64,-2.9
2012,8,143,32.7,25.1,126,-3.2
2012,9,330,33.2,23.7,118,-1.5
2012,10,0,36,20.6,87,-0.6
2012,11,0,32.9,14.6,16,-0.7
2012,12,1,30.7,12.4,9,-0.7
2013,1,0,27.4,10.3,5,-0.6
2013,2,1,32.2,13.6,4,1.2
2013,3,27,36.3,18.6,28,1.7
2013,4,0,39.4,22.3,2,1.6
2013,5,0,42.8,27.7,2,1.3
2013,6,67,38.1,26.6,64,1.9
2013,7,310,33.3,25.5,131,2.9
2013,8,137,32.5,24.9,120,3
2013,9,250,34.2,24.7,133,3.6
2013,10,43,35,19.6,94,4.7
2013,11,0,32.4,14.2,40,5.8
2013,12,1,29.3,11,14,5.4
2014,1,4,35.1,18.1,11,5.1
2014,2,0,31.2,12.6,5,4.6
2014,3,0,35.5,17.8,3,3.8
2014,4,0,40.1,23,2,3.5
2014,5,0,42.4,27.3,2,3.1
2014,6,4,41,29.5,5,1.3
2014,7,347,35.2,27.4,157,2.5
2014,8,81,33.3,25.8,109,1.7
2014,9,328,33.2,23.8,135,3.1
2014,10,10,36.6,21.2,87,3.7
2014,11,0,35.3,17.1,22,3.5
2014,12,0,29.9,11.6,10,3.1
2015,1,6,27.4,10.4,11,3.2
2015,2,0,33,14.4,4,2.9
2015,3,14,35.5,17.8,17,2.8
2015,4,0,40.5,23.3,2,2.6
2015,5,1,43.5,28.3,3,2.3
2015,6,74,38.4,26.9,72,3
2015,7,278,34.4,26.7,162,3.2
2015,8,54,33.5,25.9,101,1.7
2015,9,102,34.1,24.7,114,1.2
2015,10,0,36.7,21.3,14,-2.1
2015,11,1,34.4,16.2,9,-2.3
2015,12,0,29.4,11.1,5,-2.3
2016,1,0,28.3,11.2,3,-2.1
2016,2,0,32.2,13.4,3,-1.9
2016,3,116,37,20,112,-1.9
2016,4,0,39,23.3,2,-1.7
2016,5,0,42.7,28.3,2,-1.6
2016,6,33,39.6,28.2,33,-1.3
2016,7,116,33.8,26.8,111,-0.6
2016,8,256,30.7,24.9,102,3.1
2016,9,73,33.9,25,120,2.4
2016,10,8,32.7,20.7,50,2.7
2016,11,0,33.1,13.9,14,2.4
2016,12,0,31.4,12.5,7,2.1
2017,1,3,27.6,11.2,8,1.9
2017,2,0,33.2,14.1,3,1.7
2017,3,10,36.7,18.8,12,1.2
2017,4,0,40.5,22.9,2,1.1
2017,5,2,42.9,28.5,3,0.9
2017,6,74,38.5,28.6,72,2.1
2017,7,495,30.6,25.6,112,6.9
2017,8,83,32,24.8,107,6.2
2017,9,92,33,24.4,115,5.4
2017,10,0,36.4,21,38,5.5
2017,11,0,32.4,14.6,13,4.4
2017,12,13,29.4,12.8,20,4
2018,1,0,28.6,10.8,4,3.4
2018,2,0,33.3,14.5,3,3
2018,3,0,37.6,19.3,3,2.2
2018,4,0,40.8,24.1,2,2
2018,5,0,43.8,28.5,2,1.7
2018,6,59,40.1,28.4,57,0.8
2018,7,152,34.5,26.9,146,-1.9
2018,8,98,33.9,25.6,94,-4
2018,9,40,34,24.6,39,-4.4
2018,10,0,37.3,22.1,1,-5.1
2018,11,0,34.7,16.3,1,-5.2
2018,12,0,29.4,10.9,1,-5.2
2019,1,0,27.1,10.1,0,-3.8
2019,2,0,30.9,12.3,1,-3.6
2019,3,2,35.9,18.2,2,-3.7
2019,4,0,41.7,24.5,0,-3.4
2019,5,1,43,27.8,1,-3.2
2019,6,36,40.7,29.2,34,-3.1
2019,7,117,36.7,28.9,111,-4.2
2019,8,178,33.3,25.7,116,-3.7
2019,9,666,33.8,24.4,98,3.9
2019,10,22,35.6,20.2,96,4.8
2019,11,8,35,16.7,31,4.9
2019,12,7,29.7,11.4,17,4.8
