Product: Historical Climate - TerraClimate(http://www.climatologylab.org/terraclimate.html) 
Location (Lat/Lon of 4-km Grid Cell Center): 29.6875 North,76.9792 East 
Data Source: NW Climate Toolbox(https://climatetoolbox.org/tool/point-data-download)
Download Date: 07/24/2020
Variable List: 
ppt: ppt (Precipitation)
tmax: tmax (Maximum Temperature)
tmin: tmin (Minimum Temperature)
aet: aet (Actual Evapotranspiration)
PDSI: pdsi (Palmer Drought Severity Index (PDSI))
********************************************************
Year,Month,ppt(mm),tmax(degC),tmin(degC),aet(mm),PDSI(unitless)
1958,1,31,21.1,8.6,34,0
1958,2,4,23.6,8.6,7,-0.6
1958,3,14,30.4,15.1,15,-0.8
1958,4,2,38,21.6,3,-1
1958,5,2,40.1,24.4,3,-1.2
1958,6,16,40.8,27.1,17,-1.9
1958,7,288,34.2,26.9,133,1.3
1958,8,221,33.5,26,106,1.5
1958,9,337,32.2,24.3,119,4.1
1958,10,76,31.6,18.1,91,4.9
1958,11,2,27.1,11.9,38,5.4
1958,12,17,22.2,8.7,25,5.4
1959,1,63,19.5,6.7,53,5.8
1959,2,9,22.5,7.9,17,5.4
1959,3,10,30.7,14.4,14,4.4
1959,4,1,35.9,20.3,4,3.8
1959,5,12,38.9,24.6,13,3.6
1959,6,23,40.3,27.6,24,2.7
1959,7,205,33.9,26.3,146,2.5
1959,8,249,33.3,26.4,118,2.4
1959,9,162,32.8,25,119,2.5
1959,10,38,32.6,19.5,82,2.7
1959,11,9,27,11,22,2.8
1959,12,0,22.6,7.6,6,2.1
1960,1,41,19.2,6.3,42,2.2
1960,2,0,27.1,10.8,3,1.2
1960,3,32,28.2,13.4,32,1.5
1960,4,3,34.7,18.7,4,1.2
1960,5,2,40.7,25,3,0.7
1960,6,28,41.1,27.3,28,-1.1
1960,7,211,34.7,26.1,129,-0.7
1960,8,292,33.2,26.6,115,1.3
1960,9,65,34.3,24.6,104,-0.8
1960,10,85,31.9,17.5,94,0.8
1960,11,0,27.5,9.3,8,0.6
1960,12,10,22.1,7.5,14,0
1961,1,66,20.1,7.3,48,1.4
1961,2,40,21.2,7.4,47,2.4
1961,3,3,29.8,14.7,8,1.6
1961,4,4,35.4,19.1,7,1.4
1961,5,5,39.6,24.5,7,1.2
1961,6,45,39.8,26.9,44,1.2
1961,7,182,34.6,26.4,134,1
1961,8,372,32.9,26,112,2.6
1961,9,122,33.1,25,120,2
1961,10,105,31.6,17.9,104,3.7
1961,11,2,24.4,11.1,40,4.3
1961,12,13,19.5,5.4,24,4.6
1962,1,72,19.1,5.8,50,5.5
1962,2,16,24.1,9.5,35,6.1
1962,3,19,28.8,14,25,5.8
1962,4,1,36.6,20.3,5,5.2
1962,5,2,39.6,24.5,5,4.5
1962,6,25,40.5,26.7,26,3.6
1962,7,213,35.5,27,139,3.4
1962,8,155,34,26.1,116,2.2
1962,9,373,32.3,23.9,125,5.1
1962,10,0,32,17.6,54,4.3
1962,11,10,26.8,11.3,19,3.7
1962,12,13,20.7,7.1,17,3.4
1963,1,7,20,5.4,10,2.4
1963,2,11,25.7,9.8,13,1.8
1963,3,27,28.9,13.7,27,1.7
1963,4,4,34.9,19.4,5,1.5
1963,5,7,38.4,23.3,8,1.2
1963,6,39,39.8,26.9,38,0.9
1963,7,123,36.6,27.3,117,-2
1963,8,276,32.7,26,121,-1.9
1963,9,230,33,23.4,124,-0.6
1963,10,3,33.2,18.8,56,-0.8
1963,11,8,27.2,13.3,17,-1
1963,12,17,22.2,6.7,21,-0.8
1964,1,13,18.3,5.3,15,-1.3
1964,2,4,23.1,8.5,6,-1.7
1964,3,5,31,15,6,-2.2
1964,4,3,36.4,20.3,4,-2.1
1964,5,12,38.4,22.1,12,-1.8
1964,6,16,39.9,27,16,-2.5
1964,7,380,33.4,25.2,142,2.5
1964,8,333,33.7,26,130,3.7
1964,9,211,32.6,24.1,124,4.2
1964,10,0,32,17.7,54,3.5
1964,11,1,27,9.5,10,2.7
1964,12,10,21.5,7.3,14,2.3
1965,1,17,22.1,8.2,20,1.5
1965,2,21,23.1,8.6,22,1.2
1965,3,12,28.9,13.1,13,0.7
1965,4,11,33.2,17.9,12,0.9
1965,5,9,38.3,23.4,10,0.8
1965,6,5,41,27.6,5,-2.1
1965,7,176,35,25.8,153,-2.3
1965,8,137,33.7,25,132,-3.1
1965,9,95,33.8,23.6,95,-3.2
1965,10,25,32.7,18.4,26,-4
1965,11,4,28.3,12.3,6,-4.1
1965,12,0,21.8,5.9,2,-4.2
1966,1,3,21.9,6,4,-4.7
1966,2,24,26.2,10.7,24,-4.2
1966,3,8,29.7,13.6,9,-4.3
1966,4,1,35.5,19.9,2,-4.1
1966,5,16,40.4,23.6,16,-3.5
1966,6,80,39.3,25.8,77,-2
1966,7,119,36.6,25.6,113,-3
1966,8,295,33.5,25.7,132,-2.7
1966,9,123,33.2,22.9,131,-2.8
1966,10,56,32.8,17.4,87,-1.9
1966,11,4,26.5,11.2,17,-1.3
1966,12,4,21.7,5.8,9,-1.4
1967,1,2,19.4,5.2,6,-2
1967,2,8,26.5,9.8,10,-2.3
1967,3,60,28,12.9,58,-0.7
1967,4,1,35,18.5,2,-0.9
1967,5,2,39.4,23.2,2,-1.1
1967,6,21,41,27,21,-1.6
1967,7,211,35.5,25.9,134,-1.2
1967,8,370,32.7,25.4,118,2.2
1967,9,140,33.3,23.4,122,1.9
1967,10,49,32.1,16.6,83,2.4
1967,11,6,26.4,11,26,2.8
1967,12,44,21.6,7.1,44,4.1
1968,1,37,18.5,6,38,4.1
1968,2,16,21.7,6.7,20,3.8
1968,3,13,29.5,13.2,16,3.3
1968,4,1,35.5,19.1,4,2.9
1968,5,1,39.3,23.4,3,2.3
1968,6,33,40.6,26.7,33,1.9
1968,7,234,35.1,25.4,141,2.1
1968,8,212,33.8,25.4,131,1.8
1968,9,24,35.8,23.9,76,-1.5
1968,10,51,32.1,16.9,58,-1.7
1968,11,0,28.3,10.2,5,-2
1968,12,7,22,7.3,10,-2.1
1969,1,11,19.9,6.9,13,-2.5
1969,2,12,23.6,9.6,13,-2.6
1969,3,19,34,14.2,20,-2.4
1969,4,4,35.3,20,5,-2.3
1969,5,9,38.5,23,10,-2
1969,6,22,40.8,27.2,22,-2.4
1969,7,183,35.7,25.6,152,-2.4
1969,8,178,34.3,25.8,118,-3.1
1969,9,179,33.3,23.9,126,-2.4
1969,10,1,33.5,18.5,55,-2.4
1969,11,0,29.2,11.7,10,-2.6
1969,12,0,23.2,7,5,-2.7
1970,1,57,20.4,6.9,50,-1.7
1970,2,29,23.1,8.1,33,-0.9
1970,3,35,28.8,13.8,36,1.7
1970,4,0,37.5,20.5,2,1.2
1970,5,13,40.8,25.2,14,1.3
1970,6,73,38.6,25.3,71,2.2
1970,7,121,36.7,26,116,0.9
1970,8,251,33.7,25.6,126,-1.4
1970,9,182,34.1,24.5,122,-0.8
1970,10,18,33.6,18.4,70,-0.6
1970,11,0,27.9,9.7,10,-0.7
1970,12,0,22.9,7.1,5,-1
1971,1,22,19.3,5.7,24,-1
1971,2,18,24.6,8.3,20,-1
1971,3,4,30.1,13.9,5,-1.5
1971,4,5,37.3,20.1,6,-1.3
1971,5,18,38.3,23.1,18,-0.7
1971,6,80,37.9,26,77,1.7
1971,7,180,34.1,25.4,125,1.5
1971,8,349,33,24.9,108,2.9
1971,9,131,33.6,22.9,125,2.4
1971,10,31,32.3,17.6,77,2.5
1971,11,7,27.7,11.1,19,2.5
1971,12,0,23.6,7.3,6,1.8
1972,1,14,21.2,7.2,17,1.3
1972,2,18,21.9,6.9,20,1.1
1972,3,7,30.7,14.2,8,-1.1
1972,4,6,35.1,18.2,7,-0.9
1972,5,0,41.7,24.4,1,-1.2
1972,6,27,41.1,26.8,27,-1.5
1972,7,193,36.5,25.7,151,-1.5
1972,8,224,33.7,25.4,132,-1.8
1972,9,102,33.5,22.2,115,-2.1
1972,10,35,32.2,17.1,70,-1.6
1972,11,12,27.4,11.8,21,-1.2
1972,12,8,22.2,7.8,12,-1.2
1973,1,48,19.8,6.7,47,-0.6
1973,2,12,25.3,9.5,14,-0.8
1973,3,10,29.3,13.5,12,-1
1973,4,0,38.3,20.5,2,-1.2
1973,5,8,41.1,24.5,9,-1.1
1973,6,53,39.8,27,51,-0.6
1973,7,163,35.7,25.8,144,-1
1973,8,295,33.2,25.2,123,0.4
1973,9,82,34.5,24.1,107,-0.7
1973,10,65,32,17.5,81,0.6
1973,11,0,27.6,10.2,12,0.7
1973,12,16,20.3,5.8,21,0.8
1974,1,7,20,6,10,-0.7
1974,2,3,22.5,7.5,5,-1.1
1974,3,5,31.1,15.3,6,-1.5
1974,4,1,38.1,20.5,2,-1.6
1974,5,5,39.8,23.9,6,-1.6
1974,6,28,39,25.8,27,-1.8
1974,7,184,35,25.3,142,-1.8
1974,8,128,34.4,25.7,122,-2.7
1974,9,29,34.9,23.5,43,-3.6
1974,10,37,32.2,18.1,42,-3.9
1974,11,0,27,10.1,4,-3.9
1974,12,10,20.2,6.2,12,-3.6
1975,1,39,18.4,5.8,39,-3
1975,2,12,22.4,7.5,12,-3.1
1975,3,17,28.5,13.1,17,-2.9
1975,4,0,35.9,19.4,1,-2.9
1975,5,2,40.6,24.5,2,-3
1975,6,58,38.2,25.4,56,-2.2
1975,7,219,34,24.7,145,-1.8
1975,8,242,32.9,25.6,121,-1.4
1975,9,247,31.8,23.8,133,1.9
1975,10,57,32.4,18.7,90,2.6
1975,11,0,26.7,9.5,21,2.8
1975,12,0,22.6,7,8,2.1
1976,1,22,20.6,7.6,25,1.7
1976,2,28,23.3,9.4,30,1.7
1976,3,14,28,13.9,15,1.3
1976,4,4,34.9,18.5,5,1.1
1976,5,12,39.6,23.3,13,1.1
1976,6,53,37.3,25.3,51,1.3
1976,7,234,35.2,26.1,144,1.5
1976,8,305,31.9,24.6,126,2.5
1976,9,97,34.2,21.9,108,1.7
1976,10,13,33.6,17,51,1.3
1976,11,2,28.6,11.6,11,0.8
1976,12,1,22,7.2,6,-1.4
1977,1,51,19.7,6.8,49,-0.7
1977,2,1,24.5,8.5,4,-1.1
1977,3,1,32.1,14.6,3,-1.7
1977,4,19,35.5,19.3,19,-0.8
1977,5,14,37.4,22.3,14,0.2
1977,6,61,37.9,26,59,1.3
1977,7,298,33.5,25.4,148,2.4
1977,8,180,33.4,25.5,122,1.7
1977,9,180,32.5,23.5,135,1.9
1977,10,44,33,18,84,2.3
1977,11,0,28.8,13,17,2.4
1977,12,16,22.7,8.3,22,2.4
1978,1,5,19.3,5.7,8,1.4
1978,2,24,22.4,8.4,25,1.4
1978,3,43,26.5,12.1,43,2
1978,4,5,36.1,19.1,6,1.8
1978,5,1,43,26.2,2,1.3
1978,6,71,39.8,26.8,69,2
1978,7,202,33.6,25.3,126,2
1978,8,295,32.9,25.6,124,2.7
1978,9,199,32.8,23.9,118,3.2
1978,10,5,32.8,17.8,58,2.7
1978,11,6,25.5,12.4,15,2.4
1978,12,5,22.3,7,10,2
1979,1,41,20.2,6.8,41,2.1
1979,2,42,22,8,43,2.6
1979,3,28,26.8,12.3,28,2.5
1979,4,7,36.7,20.4,8,2.3
1979,5,9,38.2,22.8,10,2.1
1979,6,40,40,26.4,39,1.8
1979,7,138,35.5,25.8,132,0.8
1979,8,98,34.9,25.8,94,-2.6
1979,9,55,33.9,22.8,53,-3.3
1979,10,7,33,18.5,7,-4.5
1979,11,8,26.8,14.1,8,-4.4
1979,12,8,22.2,8.5,8,-4.2
1980,1,11,20.1,6.6,11,-4.4
1980,2,9,25,9.9,8,-4.6
1980,3,29,28.1,13.4,28,-3.9
1980,4,2,38.1,20.9,2,-3.8
1980,5,3,42.2,26.3,3,-3.8
1980,6,52,39.4,26.4,50,-3.1
1980,7,351,34.1,25.8,133,-0.6
1980,8,169,34,25.4,128,-1.2
1980,9,81,34,23.6,112,-1.8
1980,10,33,32.5,18.4,53,-2
1980,11,8,27.3,11.6,15,-2
1980,12,27,22,7.8,30,-1.3
1981,1,63,19.4,7.3,47,1.4
1981,2,13,24.8,9.5,20,1.4
1981,3,38,27.7,13.4,40,1.9
1981,4,1,36.4,19.5,3,1.4
1981,5,7,40.2,24.5,9,1.2
1981,6,65,40.3,27,63,1.6
1981,7,225,33.9,25.7,136,1.9
1981,8,137,34,25.9,131,-1.2
1981,9,63,34.5,23.8,107,-1.9
1981,10,4,32.1,17.2,16,-3
1981,11,31,25.1,11.1,35,-2.1
1981,12,1,21.2,6.7,5,-2.4
1982,1,45,20,7.9,43,-1.7
1982,2,13,21.5,8.2,14,-1.7
1982,3,65,25.9,12,63,1.7
1982,4,24,34.3,18.5,24,2.5
1982,5,21,36.3,22.1,21,2.9
1982,6,38,39.3,26.1,36,2.4
1982,7,162,36.6,26.4,154,1.4
1982,8,264,33.6,25.5,122,1
1982,9,22,34.4,23.1,75,-2.3
1982,10,37,32.4,18.5,45,-2.8
1982,11,9,26.5,12.7,14,-2.8
1982,12,15,21.9,8.3,17,-2.5
1983,1,64,19.2,6.4,51,-1.4
1983,2,15,22.1,7.6,20,-1
1983,3,15,27.7,13.1,18,-1.1
1983,4,15,32.2,16.9,16,1.2
1983,5,24,37.3,22.5,25,1.8
1983,6,35,38.1,25.6,34,1.4
1983,7,175,35,25.4,144,1
1983,8,230,33.6,25.8,106,0.6
1983,9,145,34,24.3,108,0.8
1983,10,78,31.3,17.3,95,2
1983,11,1,27.3,10.4,34,2.8
1983,12,6,21.5,7.8,14,2.5
1984,1,4,18.9,6.2,8,1.5
1984,2,25,22.1,7.1,27,1.4
1984,3,5,31.5,15.1,7,0.7
1984,4,9,36,19.5,10,0.8
1984,5,3,42.4,25.9,4,-1
1984,6,43,40.4,27.4,42,-0.9
1984,7,172,33.2,26.1,145,-1.1
1984,8,259,34.1,25.2,113,-0.9
1984,9,126,32.3,22.9,124,-1.1
1984,10,2,32.1,16.5,52,-1.2
1984,11,2,26.8,10.6,11,-1.6
1984,12,7,22,7.5,12,-1.7
1985,1,14,19.5,6.5,16,-1.9
1985,2,1,25.5,8.8,3,-2.6
1985,3,5,31.7,15.6,6,-3
1985,4,13,36.4,19.8,14,-2.3
1985,5,4,40.6,24.5,5,-2.4
1985,6,34,39.7,26.2,33,-2.4
1985,7,318,34.1,25.3,138,1.7
1985,8,229,33.9,25.7,129,1.6
1985,9,126,33.9,23.6,125,1.1
1985,10,137,30.6,16.8,105,3.5
1985,11,1,26.8,11.9,46,4.3
1985,12,28,22.4,8.4,37,5
1986,1,21,19.6,6.4,28,4.5
1986,2,29,23,8.7,33,4.5
1986,3,23,28.3,13.6,25,4.2
1986,4,5,35.1,18.9,7,3.8
1986,5,13,37.6,21.9,13,3.7
1986,6,40,38.9,26,39,3.2
1986,7,143,34,25.3,136,2.2
1986,8,174,34,25.5,136,1
1986,9,87,34,23.1,96,-2
1986,10,37,31.5,17.8,41,-2.6
1986,11,4,27.5,12.5,7,-2.8
1986,12,10,20.3,6,12,-2.6
1987,1,45,20.6,7,44,-2
1987,2,18,25.1,10.3,19,-1.9
1987,3,19,29.8,14.9,19,-1.9
1987,4,4,36.2,20,5,-1.8
1987,5,30,36.2,21.4,29,-0.6
1987,6,18,39.7,26.4,18,-1.4
1987,7,78,37.1,26.5,74,-3.5
1987,8,127,35,25.9,121,-4.4
1987,9,33,35.4,24.7,32,-5.3
1987,10,55,32.9,18.6,53,-5.2
1987,11,0,29,10.7,0,-5.4
1987,12,10,21.9,7.9,10,-5
1988,1,8,21.4,8.3,8,-5.2
1988,2,13,25.3,10.2,12,-5.1
1988,3,36,28.7,13.9,35,-4.2
1988,4,4,37.3,20.8,4,-3.9
1988,5,4,41.5,25.8,4,-3.9
1988,6,53,39.2,25.9,51,-3.1
1988,7,195,34.1,26.1,128,-2.7
1988,8,347,33,25.2,121,-1
1988,9,336,33.5,24.2,124,4.2
1988,10,7,32.3,17.5,60,3.6
1988,11,0,27.3,11.3,10,2.8
1988,12,16,22.2,7.5,20,2.7
1989,1,95,18.3,5.9,53,4.1
1989,2,5,22.7,8.3,30,4.2
1989,3,30,28.4,13.8,37,4.2
1989,4,0,34.5,17.9,5,3.5
1989,5,2,39.5,24,5,2.9
1989,6,22,37.9,25.6,23,2
1989,7,203,35.5,25.2,147,1.8
1989,8,214,33.2,24.7,119,1.3
1989,9,127,34,23.4,127,0.8
1989,10,8,32.5,17.4,55,0.6
1989,11,11,26.8,11.4,20,-1.3
1989,12,10,20.7,7.3,14,-1.3
1990,1,2,22.5,8.7,5,-2.1
1990,2,42,22.6,9.6,42,-1.3
1990,3,21,26.5,12.5,21,-1.1
1990,4,3,34.8,18.8,4,-1.1
1990,5,12,39.4,24.8,13,-0.8
1990,6,39,39.4,27.3,38,-0.9
1990,7,222,34.4,25.7,137,0.3
1990,8,291,33.3,25.6,115,1.6
1990,9,222,32.9,24.8,111,2.6
1990,10,5,31,17.1,59,2.2
1990,11,7,27.4,11.9,17,1.8
1990,12,30,21.4,7.8,34,2.3
1991,1,0,18.2,5.8,3,1.2
1991,2,35,22.9,9.4,35,1.6
1991,3,7,28.5,14.2,8,1
1991,4,7,33.9,18.3,8,0.9
1991,5,11,39,24.3,12,0.9
1991,6,28,38.9,26.2,27,-0.5
1991,7,87,37,26.9,84,-2.5
1991,8,269,33.3,25.8,127,-2.5
1991,9,74,33.4,24.3,105,-3
1991,10,5,31.8,16.6,27,-3.6
1991,11,11,26,11.1,18,-3.4
1991,12,23,21.7,8,26,-2.6
1992,1,52,19.9,8,50,-1.8
1992,2,26,22.3,7.9,27,-1.5
1992,3,10,27.7,14.6,12,-1.6
1992,4,3,34.4,19.4,4,-1.6
1992,5,6,38.3,23.2,7,-1.6
1992,6,17,39.6,26.8,17,-2.2
1992,7,99,33.7,25.9,94,-3.3
1992,8,224,32.8,25.6,109,-3.6
1992,9,136,33,23,127,-3.4
1992,10,31,31.5,17.9,80,-2.8
1992,11,24,26.2,11.6,34,-1.7
1992,12,1,22.7,8.4,6,-1.8
1993,1,23,18.9,7.2,25,-1.8
1993,2,17,25.9,10.6,19,-1.8
1993,3,15,26.1,12.9,16,-1.8
1993,4,4,35.2,19,5,-1.7
1993,5,5,40.2,25.2,6,-1.7
1993,6,72,39.5,27.1,69,-0.7
1993,7,208,33.7,26,145,-0.6
1993,8,117,34.8,25.9,130,-1.7
1993,9,215,32,24.6,115,-0.7
1993,10,1,31.8,18.4,54,-0.9
1993,11,0,28,12.4,10,-1.4
1993,12,0,23,7.3,5,-1.8
1994,1,56,19.9,9,50,-0.9
1994,2,11,22.7,9.6,15,-0.9
1994,3,3,31,15.4,5,-1.6
1994,4,7,33.6,18.8,8,-1.3
1994,5,11,40.5,25,12,-1.1
1994,6,38,40,27.4,37,-1.1
1994,7,309,33.8,26.4,127,1.7
1994,8,249,32.6,26.1,114,2.1
1994,9,70,32.5,23.8,108,1.1
1994,10,4,31.4,17.1,21,-1.8
1994,11,0,27,12.3,7,-2
1994,12,4,22.1,8.6,8,-2.1
1995,1,89,18.1,6.5,51,1.6
1995,2,37,23.4,9.3,49,3
1995,3,27,27.3,14,38,3.1
1995,4,5,33.7,18.7,10,3
1995,5,0,40.2,25.4,4,2.3
1995,6,23,41.1,27.9,25,1.4
1995,7,134,35.1,26.8,129,-1.7
1995,8,455,31.7,26.1,119,2.3
1995,9,170,33.3,24.4,126,2.4
1995,10,6,32.3,18.9,59,1.9
1995,11,4,27,11.8,13,1.4
1995,12,1,20.9,8.9,6,0.8
1996,1,25,19.2,8.1,27,-1
1996,2,23,24.3,10.3,24,-0.9
1996,3,10,29.9,16.3,11,-1.2
1996,4,3,35.7,20.2,4,-1.3
1996,5,5,38.4,24.2,6,-1.3
1996,6,106,38.7,27.6,102,1.9
1996,7,128,34.9,26.1,122,0.8
1996,8,295,32.2,25.3,111,1
1996,9,160,32.9,24.5,117,1.2
1996,10,47,30.9,18.4,87,1.7
1996,11,0,26.4,11,17,1.8
1996,12,0,22.2,6.3,7,1.1
1997,1,16,19.4,5.9,19,0.6
1997,2,4,23.7,8.1,6,-1.4
1997,3,14,28.4,14.7,15,-1.4
1997,4,20,33.9,18.8,20,0.8
1997,5,16,36.7,22.6,17,1.1
1997,6,79,36.9,25.2,76,2
1997,7,118,35.5,26.3,113,0.9
1997,8,253,32.7,25.4,133,-1.4
1997,9,91,33.1,24.5,109,-1.8
1997,10,99,29.9,15.7,95,1.6
1997,11,21,23.7,12.5,43,2.9
1997,12,24,17.9,7.8,30,3.7
1998,1,0,19.2,6.4,10,2.9
1998,2,22,23.7,9.5,26,2.8
1998,3,33,27.3,13.1,34,3
1998,4,8,35.7,20.1,10,2.9
1998,5,5,40.5,25.1,6,2.5
1998,6,58,39.6,26.8,57,2.7
1998,7,172,34.9,26.5,138,2.1
1998,8,193,33.7,26.1,132,1
1998,9,199,32.6,25.1,128,1.6
1998,10,126,30.3,20,103,3.7
1998,11,12,26.4,12.6,51,4.8
1998,12,0,22.6,6.6,19,4.5
1999,1,71,19,6.9,50,5.4
1999,2,4,25,10.5,23,5.3
1999,3,4,30.4,15.4,10,4.2
1999,4,0,37.7,20.5,4,3.5
1999,5,6,39.3,25.3,8,3.1
1999,6,52,38.5,26.3,51,3.1
1999,7,125,35.4,25.9,120,1.8
1999,8,144,33.7,26.5,131,0.6
1999,9,106,34.1,25.2,103,-1.9
1999,10,49,32.2,19.5,49,-2.1
1999,11,0,28.4,13,2,-2.6
1999,12,1,23.1,7.6,3,-2.8
2000,1,42,20.3,7.3,41,-2.3
2000,2,39,21.8,7.8,38,-1.6
2000,3,17,28.7,13.4,17,-1.6
2000,4,2,37.9,21.4,2,-1.7
2000,5,9,40.8,26.8,9,-1.6
2000,6,64,38,26.7,62,-0.7
2000,7,240,33.9,26.1,141,1.1
2000,8,152,33.7,26.3,137,-1
2000,9,46,33.8,24.3,97,-1.9
2000,10,3,33.9,18.8,12,-3.1
2000,11,6,27.7,13.4,10,-3.1
2000,12,0,23.5,7.9,3,-3.4
2001,1,20,19.1,6.9,21,-3.4
2001,2,11,24.9,10.3,12,-3.5
2001,3,7,29.7,14.8,8,-3.6
2001,4,15,35.6,20,15,-2.7
2001,5,26,40,25.7,25,-1.6
2001,6,75,36.7,26.6,72,2.3
2001,7,168,34.3,26.5,139,1.7
2001,8,134,34.4,26.5,130,-1.4
2001,9,52,33.8,24.7,56,-2.3
2001,10,11,33,19.8,14,-3.4
2001,11,0,27.9,12.8,2,-3.7
2001,12,2,21.3,10,3,-3.8
2002,1,26,20.3,6.8,26,-3.6
2002,2,18,23.8,9.2,18,-3.4
2002,3,8,31.2,14.1,9,-3.5
2002,4,3,37,21.7,3,-3.3
2002,5,6,41.7,25.4,6,-3.2
2002,6,34,39.2,27.3,33,-3.1
2002,7,34,36.5,26.3,33,-5.5
2002,8,145,33.2,27.5,128,-6
2002,9,211,30.7,24.4,122,-4.6
2002,10,7,31.7,19.7,60,-4.3
2002,11,1,27.3,13.3,11,-4.3
2002,12,14,22.1,9.7,19,-3.7
2003,1,51,20.4,5.6,49,-2.8
2003,2,42,23.4,9.3,43,-1.9
2003,3,11,29.3,13.8,13,-2.1
2003,4,2,37,20.4,3,-2
2003,5,3,38.6,24.3,4,-2.1
2003,6,76,39.5,28,73,-0.9
2003,7,386,33.7,26,128,3.8
2003,8,145,33.1,26.3,113,2.7
2003,9,95,33.3,24,106,1.9
2003,10,51,32.6,18,85,2.1
2003,11,13,26.3,11.6,22,2.3
2003,12,21,21.4,7.7,25,2.5
2004,1,32,19.8,7.6,33,2.3
2004,2,4,26.2,8.7,6,1.4
2004,3,0,34.1,15.8,2,-1.4
2004,4,4,38.1,21.7,5,-1.3
2004,5,14,40.6,24.4,15,-1
2004,6,53,37,26.6,51,0.4
2004,7,42,35.6,27.1,40,-2.4
2004,8,200,33.5,25.6,128,-3.1
2004,9,11,35.1,23.8,50,-4.3
2004,10,121,30.4,17.6,101,-2.7
2004,11,2,28,11.8,20,-2
2004,12,4,23.6,8.3,11,-2.2
2005,1,28,19.6,6.3,31,-2
2005,2,47,22.1,9.6,47,-1
2005,3,34,30.6,14.6,34,1.8
2005,4,3,35.4,19.6,4,1.5
2005,5,1,37.2,23.6,2,1
2005,6,39,39.5,28,38,0.7
2005,7,171,34,26.1,138,-0.3
2005,8,120,35.3,26,124,-1.9
2005,9,212,33.1,25.3,126,-1
2005,10,8,31.7,18.7,61,-1.1
2005,11,1,27.2,12.4,11,-1.4
2005,12,0,20.8,6.9,5,-1.7
2006,1,12,19.8,9.3,15,-2.1
2006,2,2,27.9,12.7,4,-2.7
2006,3,29,29.7,14.2,29,-2.1
2006,4,1,35.8,21.6,2,-2.1
2006,5,16,40.5,26.2,16,-1.6
2006,6,66,37.2,26.7,63,-0.7
2006,7,272,35.5,26.4,140,1.9
2006,8,118,32.6,27.4,129,-1.2
2006,9,197,33.2,24.1,134,-0.6
2006,10,45,32,20,88,1.4
2006,11,8,26.9,14.3,23,1.7
2006,12,8,21.5,8.6,14,1.4
2007,1,2,21.2,6.6,6,-0.9
2007,2,48,24.1,10.1,48,0.8
2007,3,64,29.6,13.2,62,2.1
2007,4,5,38.4,21.9,6,1.9
2007,5,20,38.6,25.3,20,2.2
2007,6,76,39,27.1,73,2.9
2007,7,102,34.9,27,98,1.3
2007,8,187,34.2,26.9,131,-2.1
2007,9,96,33.4,25.3,106,-2.2
2007,10,2,32.2,18.4,17,-3.5
2007,11,5,28.8,11.7,11,-3.4
2007,12,2,20.6,8.2,6,-3.5
2008,1,14,17.4,8.8,16,-3.6
2008,2,3,23.3,7.6,5,-3.9
2008,3,1,33,16,2,-4.2
2008,4,17,35.6,19,18,-3.2
2008,5,8,37.5,25,9,-2.8
2008,6,72,36.9,27.1,69,-1.4
2008,7,128,34.4,27,123,-1.9
2008,8,322,32.7,25.8,118,-1.2
2008,9,130,32.5,24.7,124,-1.3
2008,10,14,33.4,19.2,66,-1.2
2008,11,3,28.5,12.5,12,-1.3
2008,12,4,23.6,9,9,-1.5
2009,1,15,20.9,8.6,18,-1.8
2009,2,10,25.2,11.3,12,-2.1
2009,3,13,31.2,15.4,14,-2.2
2009,4,3,37,20.2,4,-2.1
2009,5,19,39.8,26.1,19,-1.5
2009,6,10,39.4,27.4,11,-2.4
2009,7,120,35,27.2,115,-3.2
2009,8,163,34.9,26.8,132,-3.9
2009,9,172,33.2,24.3,129,-3.2
2009,10,35,32.1,19.1,66,-3
2009,11,15,26.5,12.7,23,-2.5
2009,12,2,22.2,9,7,-2.6
2010,1,12,21.4,5.9,14,-2.9
2010,2,24,25.3,10,25,-2.6
2010,3,1,33.8,17,2,-3.1
2010,4,0,39.4,23.3,1,-3.1
2010,5,3,40.8,26.1,3,-3.1
2010,6,8,38.7,27.7,8,-3.7
2010,7,199,34.7,26.7,140,-3.3
2010,8,310,32.4,27,110,-1.9
2010,9,274,31.8,24.8,102,3
2010,10,14,32.7,19.7,67,2.7
2010,11,24,28.3,12.7,33,2.9
2010,12,9,21.4,7.4,13,2.6
2011,1,5,19,5.7,8,1.6
2011,2,42,23.3,10.6,42,2.1
2011,3,6,30.7,15.4,7,1.4
2011,4,5,34.9,19.7,6,1.3
2011,5,8,40.4,26.4,9,1.1
2011,6,75,37,27.8,72,2
2011,7,151,34.5,26.7,142,1.3
2011,8,248,33,26.5,123,0.7
2011,9,237,33,24.7,128,1.9
2011,10,2,32.1,19.3,55,1.4
2011,11,3,29.3,13.4,12,0.8
2011,12,3,22.6,8.8,8,-0.4
2012,1,30,17.7,7,31,-0.9
2012,2,3,21.7,10.1,4,-1.5
2012,3,9,29.1,15.3,10,-1.8
2012,4,11,35.3,20,12,-1.3
2012,5,1,40,25.5,2,-1.6
2012,6,4,40.3,29.2,5,-2.7
2012,7,89,36.3,27.6,86,-4.1
2012,8,328,33,26.2,114,-3
2012,9,354,33,24.9,126,3.4
2012,10,19,30.4,19,72,3.2
2012,11,2,26.2,12.7,11,2.7
2012,12,11,21.1,9,15,2.4
2013,1,47,19.1,5.7,46,2.6
2013,2,49,24.4,7,49,3.2
2013,3,14,29.9,14.5,15,2.6
2013,4,7,35.5,20.4,8,2.5
2013,5,1,40.7,26,2,1.8
2013,6,87,38.1,27.6,83,3
2013,7,253,34.7,27.2,133,3.5
2013,8,217,32.5,26.5,116,3.3
2013,9,79,33.1,25.6,105,2.3
2013,10,96,32.2,20.3,96,3.2
2013,11,6,26.2,12.6,28,3.8
2013,12,6,22.1,8.8,13,3.3
2014,1,21,19,7.7,24,2.8
2014,2,39,22.1,9.3,39,3.1
2014,3,34,28.3,13.9,34,3.3
2014,4,8,34.8,19.3,9,3.1
2014,5,17,37.9,24,17,3.2
2014,6,34,40,28.6,33,2.6
2014,7,94,34.9,27.9,90,0.8
2014,8,117,34.5,27,112,-2.9
2014,9,175,33.5,24.2,133,-2.2
2014,10,43,32,19.4,57,-2.1
2014,11,4,27.2,13,10,-2.3
2014,12,9,20.4,8.1,12,-2.3
2015,1,42,18.8,7.3,41,-1.7
2015,2,7,24.5,9.8,9,-2
2015,3,70,28.2,13.7,68,1.6
2015,4,14,35.4,19.8,14,1.9
2015,5,4,39.7,26,5,1.5
2015,6,53,36.9,27.4,51,1.7
2015,7,224,33.2,26.6,141,1.8
2015,8,192,33,27,121,1.2
2015,9,74,34.2,25,116,-1.2
2015,10,12,32.7,19.7,26,-2.1
2015,11,2,27.2,14.1,8,-2.2
2015,12,1,21.7,9,4,-2.4
2016,1,13,21.3,7.9,15,-2.8
2016,2,4,26.5,10.7,6,-3.1
2016,3,29,31.1,16.1,29,-2.7
2016,4,3,37.3,21.8,4,-2.6
2016,5,13,41,26,13,-2.4
2016,6,49,39.9,28.3,47,-2.1
2016,7,256,34.9,27,139,-1.8
2016,8,184,33.1,26.5,125,-2.8
2016,9,73,34.5,25.2,111,-3.9
2016,10,7,33.7,20,24,-4.8
2016,11,3,28.4,13.4,9,-4.9
2016,12,4,24.4,9.6,8,-5
2017,1,54,19.6,8.5,51,-3.3
2017,2,8,26,11.3,10,-2.9
2017,3,13,31,15.6,14,-3
2017,4,12,38,22,12,-2.6
2017,5,14,40,26.1,14,-2.5
2017,6,104,36.3,25.3,100,-1.9
2017,7,195,34.8,27,141,-3
2017,8,157,34.1,26.7,129,-3.6
2017,9,167,34,25.3,130,-3.2
2017,10,1,34.1,20.1,55,-3.5
2017,11,14,26.9,12.2,23,-3.6
2017,12,5,22.6,9.7,10,-3.4
2018,1,9,22.2,8.3,11,-3.4
2018,2,4,26.1,11.7,6,-3.4
2018,3,5,32.3,16.8,6,-3.5
2018,4,4,37.3,21.6,5,-2.8
2018,5,6,40.3,25.7,6,-2.6
2018,6,58,39,27.8,56,-1.6
2018,7,229,34.6,26.8,133,-1.1
2018,8,185,33.8,26.8,116,1.7
2018,9,234,33.1,24.6,112,3.8
2018,10,13,31.3,19,66,4
2018,11,12,27.1,13.2,21,4.4
2018,12,9,21.2,7.8,13,3.8
2019,1,40,19.6,6.8,39,1.6
2019,2,53,22.8,8.2,51,2.7
2019,3,8,27.5,12.7,10,2.1
2019,4,14,35.9,19.6,15,2.4
2019,5,4,39.6,24.3,5,1.8
2019,6,8,40.1,27.4,9,0.7
2019,7,153,35.4,26.4,146,-1.7
2019,8,272,34.5,26.6,128,-1.7
2019,9,84,34.7,24.9,108,-2.1
2019,10,11,32.7,18.5,38,-2.5
2019,11,16,28.2,12.8,24,-2.2
2019,12,11,19.9,5.5,15,-1.9
