Product: Historical Climate - TerraClimate(http://www.climatologylab.org/terraclimate.html) 
Location (Lat/Lon of 4-km Grid Cell Center): 28.9792 North,77.0208 East 
Data Source: NW Climate Toolbox(https://climatetoolbox.org/tool/point-data-download)
Download Date: 07/24/2020
Variable List: 
ppt: ppt (Precipitation)
tmax: tmax (Maximum Temperature)
tmin: tmin (Minimum Temperature)
aet: aet (Actual Evapotranspiration)
PDSI: pdsi (Palmer Drought Severity Index (PDSI))
********************************************************
Year,Month,ppt(mm),tmax(degC),tmin(degC),aet(mm),PDSI(unitless)
1958,1,22,22,8.9,26,1
1958,2,3,24,9.2,6,-0.4
1958,3,12,31.2,15.7,13,-0.6
1958,4,1,38.6,22.5,3,-0.7
1958,5,2,40.4,25.5,3,-1
1958,6,9,41.4,28.2,9,-1.7
1958,7,308,34.3,27.5,137,1.6
1958,8,219,34.1,26.5,106,2.1
1958,9,271,32.4,25,123,4.3
1958,10,40,32,18.6,82,4.7
1958,11,3,28.1,11.8,27,5
1958,12,9,23.1,8.8,17,4.8
1959,1,38,20.4,7,41,5
1959,2,5,23.2,8.6,8,4.1
1959,3,5,31.8,14.9,7,3.3
1959,4,1,36.5,20.8,3,2.8
1959,5,13,39.4,25.4,13,2.7
1959,6,15,40.5,28.8,16,2
1959,7,179,34.3,27.2,154,1.6
1959,8,223,33.4,26.7,123,1.1
1959,9,135,33.1,25.5,122,1.4
1959,10,21,32.9,19.9,77,1.7
1959,11,7,28.1,11.1,22,1.9
1959,12,0,23.5,7.6,7,1.4
1960,1,20,20.1,6.5,23,1.4
1960,2,0,27.9,11.2,3,0.7
1960,3,25,29,14.1,26,1.1
1960,4,3,35.3,19.4,4,0.8
1960,5,2,40.9,25.6,3,-0.4
1960,6,18,41.2,28.5,18,-1
1960,7,201,35.1,26.8,134,-0.6
1960,8,298,33.3,26.8,115,1.4
1960,9,43,34.8,25.1,98,-0.8
1960,10,89,32.5,18,95,1.2
1960,11,0,28.6,9.3,9,0.9
1960,12,5,23.1,7.6,10,0.7
1961,1,33,20.8,7.5,35,1.2
1961,2,29,21.7,8.1,30,1.7
1961,3,1,30.6,15.2,3,1
1961,4,3,35.9,19.7,4,0.7
1961,5,6,39.9,25.3,7,0.6
1961,6,31,40,27.9,30,0.7
1961,7,174,34.9,27.2,142,-0.2
1961,8,400,33.1,26.3,112,2.3
1961,9,100,33.4,25.6,114,2
1961,10,92,32,18.3,102,3.6
1961,11,2,25.5,10.9,34,4.2
1961,12,7,20.5,5.3,17,4.3
1962,1,41,19.9,5.7,43,4.7
1962,2,10,24.5,10.2,13,4.3
1962,3,14,29.7,14.6,16,4
1962,4,1,37.1,21,3,3.5
1962,5,2,40,25.3,3,2.8
1962,6,15,40.9,27.7,15,2
1962,7,203,35.8,27.7,143,2
1962,8,132,34.3,26.5,120,0.9
1962,9,257,32.6,24.5,127,2.7
1962,10,0,32.5,17.7,63,2.5
1962,11,6,28,11.2,17,2.1
1962,12,11,21.7,7.3,16,2.1
1963,1,4,20.9,5.3,7,1.4
1963,2,8,26.4,10.5,10,1
1963,3,14,29.8,14.2,15,0.9
1963,4,4,35.4,20.2,5,0.7
1963,5,6,38.7,24.2,7,-0.1
1963,6,32,40,28,31,0.1
1963,7,104,37.1,28.1,99,-1.8
1963,8,266,33,26.3,121,-1.5
1963,9,214,33.3,23.9,126,1.6
1963,10,2,33.7,19.2,65,1.5
1963,11,5,28.3,13.4,16,1.2
1963,12,13,23.2,6.8,18,1.3
1964,1,4,19.1,5.3,8,0.6
1964,2,2,23.8,9.3,4,-0.4
1964,3,3,31.9,15.6,4,-1.4
1964,4,3,37.1,21.1,4,-1.4
1964,5,11,38.7,23.1,12,-1.2
1964,6,10,40.2,28.1,10,-1.7
1964,7,393,33.8,26.1,143,2.7
1964,8,331,33.9,26.4,134,4.2
1964,9,176,32.8,24.5,122,4.8
1964,10,0,32.6,18.1,63,4.3
1964,11,0,28.1,9.4,12,3.6
1964,12,8,22.5,7.2,13,3.2
1965,1,10,22.8,8.5,13,2.4
1965,2,14,23.8,9.3,16,2.1
1965,3,7,29.6,13.7,9,1.6
1965,4,9,33.7,18.8,10,1.6
1965,5,6,38.6,24.2,7,1.3
1965,6,3,41.3,28.8,4,-1.7
1965,7,169,35.4,26.7,161,-1.9
1965,8,141,34.2,25.5,134,-2.7
1965,9,113,34.1,24,108,-2.8
1965,10,15,33.2,19.1,14,-3.7
1965,11,2,29.4,12.2,2,-3.9
1965,12,0,22.7,6,1,-4.1
1966,1,3,22.7,6.7,3,-4.3
1966,2,17,26.7,11.6,17,-3.8
1966,3,4,30.6,14,4,-4
1966,4,1,36.2,20.6,1,-3.9
1966,5,18,40.5,24.6,17,-3.1
1966,6,55,39.4,26.9,53,-1.7
1966,7,108,37.1,26.6,102,-2.8
1966,8,258,33.7,26,135,-2.8
1966,9,85,33.6,23.5,122,-3
1966,10,40,33.5,18,65,-2.6
1966,11,5,27.3,11.6,14,-2.5
1966,12,2,22.8,5.6,6,-2.6
1967,1,1,20.2,5.2,4,-2.9
1967,2,4,27,10.4,6,-3
1967,3,48,28.7,13.6,47,-1.4
1967,4,1,35.5,19.4,2,-1.5
1967,5,1,39.7,24.2,2,-1.7
1967,6,14,41.2,28.1,14,-2
1967,7,202,35.6,26.7,141,-1.7
1967,8,384,32.9,25.8,118,2.5
1967,9,127,33.3,23.8,124,2.4
1967,10,34,32.7,17.2,79,2.9
1967,11,7,27.5,11.2,27,3.4
1967,12,37,22.6,7.3,39,4.7
1968,1,22,19.3,6.4,28,4.7
1968,2,9,22.3,7.5,13,4.3
1968,3,9,30.3,13.8,11,3.7
1968,4,1,36.1,19.6,3,3.3
1968,5,2,39.5,24.3,3,2.6
1968,6,17,40.8,27.8,18,2
1968,7,239,35.4,26.2,144,2.4
1968,8,200,34.1,25.8,139,2
1968,9,18,36.2,24.3,80,-1.5
1968,10,25,32.8,17.6,35,-2.1
1968,11,0,29.3,10.2,6,-2.4
1968,12,3,23,7.4,6,-2.5
1969,1,7,20.7,7.1,9,-2.8
1969,2,8,24.1,10.4,10,-2.7
1969,3,14,34.8,14.8,14,-2.6
1969,4,3,35.9,20.9,4,-2.5
1969,5,10,38.8,24,10,-2.1
1969,6,18,41.2,28.5,18,-2.3
1969,7,190,36,26.5,155,-2.1
1969,8,157,34.6,26.3,123,-2.7
1969,9,162,33.7,24.5,130,-2
1969,10,1,34.2,19,49,-1.8
1969,11,0,30.3,11.7,11,-1.9
1969,12,0,24.2,7,6,-1.9
1970,1,42,21.1,7.3,42,-1
1970,2,29,23.4,9,30,1.4
1970,3,34,29.4,14.4,34,2.1
1970,4,0,38,21.3,2,1.6
1970,5,15,40.9,26.1,16,1.7
1970,6,47,38.6,26.4,45,2.4
1970,7,96,36.9,26.8,92,0.8
1970,8,223,33.9,26.1,131,-1.7
1970,9,153,34.1,25,127,-1.1
1970,10,12,34.1,18.9,75,-0.7
1970,11,0,28.9,9.7,11,-0.7
1970,12,0,23.9,7.1,6,-0.9
1971,1,16,19.9,6,18,-0.8
1971,2,11,25.1,9,13,-0.8
1971,3,2,30.9,14.3,4,-1.2
1971,4,6,37.8,21.1,7,-1
1971,5,19,38.4,23.9,19,0.6
1971,6,51,37.9,27.2,49,1.5
1971,7,187,34.3,26.3,127,1.5
1971,8,314,33.1,25.3,114,2.7
1971,9,129,33.8,23.5,125,2.7
1971,10,26,32.7,18.3,79,3
1971,11,4,28.7,11.1,19,3
1971,12,0,24.5,7.3,7,2.4
1972,1,9,21.9,7.3,13,1.9
1972,2,13,22.1,7.6,15,1.7
1972,3,3,31.4,14.9,5,1.1
1972,4,5,35.6,19.2,7,1.1
1972,5,0,41.9,25.5,1,-1
1972,6,18,41.5,28,18,-1.3
1972,7,200,36.9,26.9,163,-1.3
1972,8,243,33.8,25.9,137,-1.2
1972,9,72,34,22.7,109,-1.6
1972,10,31,32.8,17.7,56,-1.4
1972,11,8,28.8,11.6,17,-1.2
1972,12,3,23.2,8,8,-1.4
1973,1,32,20.5,6.9,33,-0.8
1973,2,8,25.7,10.4,10,-0.9
1973,3,5,30.1,14.1,6,-1.2
1973,4,0,38.8,21.4,2,-1.3
1973,5,7,41.3,25.6,8,-1.3
1973,6,24,39.8,28.1,24,-1.2
1973,7,142,36,26.7,136,-1.8
1973,8,296,33.3,25.7,125,-1.2
1973,9,72,34.7,24.5,106,-1.5
1973,10,55,32.5,18,77,-0.8
1973,11,0,28.8,10.2,12,-0.6
1973,12,8,21.1,5.8,14,0.1
1974,1,3,20.9,6.1,6,-0.6
1974,2,1,23,8.2,4,-0.9
1974,3,4,32,15.8,5,-1.2
1974,4,1,38.5,21.4,2,-1.3
1974,5,4,39.9,24.8,5,-1.4
1974,6,13,39.4,27.1,14,-1.7
1974,7,231,35.4,26.4,152,-1.2
1974,8,115,34.8,26.2,118,-2
1974,9,20,35.5,24.3,52,-3.2
1974,10,37,32.8,18.9,46,-3.3
1974,11,0,28.2,10.1,5,-3.4
1974,12,7,21.3,6.4,10,-3.1
1975,1,25,19.1,6.1,27,-2.6
1975,2,6,22.9,8.3,8,-2.6
1975,3,11,29.4,13.8,12,-2.5
1975,4,0,36.7,20.3,1,-2.6
1975,5,1,41,25.7,2,-2.7
1975,6,37,38.5,26.5,36,-2.1
1975,7,255,34.4,25.7,150,-1.2
1975,8,236,33.2,26.1,126,-0.6
1975,9,242,32,24.5,137,3.1
1975,10,56,32.7,19.5,91,4
1975,11,0,27.9,9.4,28,4.4
1975,12,0,23.7,7.1,10,3.7
1976,1,8,21.3,7.9,13,3
1976,2,20,23.7,10.3,22,2.9
1976,3,10,28.8,14.5,12,2.4
1976,4,4,35.4,19.3,5,2.1
1976,5,17,39.8,24.2,17,2.3
1976,6,34,37.6,26.5,33,2.3
1976,7,250,35.6,27.1,150,2.6
1976,8,285,32.3,25.1,131,3.5
1976,9,79,34.5,22.5,103,2.8
1976,10,6,34.2,17.7,42,2.2
1976,11,3,29.8,11.7,13,1.6
1976,12,1,22.9,7.3,6,1
1977,1,33,20.5,6.9,35,1.4
1977,2,1,24.8,9.3,3,0.7
1977,3,0,33,15.2,2,-1.5
1977,4,20,35.9,20.2,21,-0.6
1977,5,13,37.6,23.4,14,0.2
1977,6,41,38.1,27.1,40,1.3
1977,7,325,33.6,26.1,158,2.7
1977,8,146,33.6,26,125,1.8
1977,9,159,32.7,24,141,2.1
1977,10,36,33.6,18.6,84,2.7
1977,11,0,29.8,13.2,20,2.9
1977,12,10,23.9,8.5,18,2.8
1978,1,2,20.2,6,6,2
1978,2,18,22.7,9.1,20,2
1978,3,29,27.3,12.9,29,2.4
1978,4,6,36.5,20,7,2.3
1978,5,0,43.2,27.1,2,1.6
1978,6,48,39.9,27.7,47,2.3
1978,7,217,33.8,26.1,124,2.6
1978,8,278,33.1,26,128,3.3
1978,9,181,33.1,24.5,119,4.1
1978,10,3,33.3,18.3,65,3.8
1978,11,3,26.8,12.7,15,3.6
1978,12,4,23.4,7.1,9,3.1
1979,1,24,20.9,7.2,26,3
1979,2,35,22.2,8.7,35,3.6
1979,3,19,27.7,13.1,20,3.4
1979,4,5,37.3,21,6,3
1979,5,9,38.6,23.8,10,2.8
1979,6,29,40.4,27.5,28,2.5
1979,7,126,35.8,26.8,120,1.3
1979,8,80,35.2,26.3,76,-3
1979,9,41,34.5,23.5,40,-4.2
1979,10,5,33.6,19.2,5,-5.3
1979,11,6,27.8,14.6,6,-5.1
1979,12,6,23.1,8.7,6,-4.8
1980,1,6,20.9,6.8,6,-4.9
1980,2,6,25.6,10.6,6,-4.9
1980,3,24,28.9,14,23,-4
1980,4,1,38.7,21.8,2,-3.9
1980,5,3,42.6,27.3,3,-3.9
1980,6,35,39.6,27.6,33,-3.2
1980,7,324,34.2,26.7,138,-1.2
1980,8,139,34.4,25.9,131,-1.8
1980,9,68,34.6,24.2,110,-2.2
1980,10,21,33.2,19.1,42,-2.5
1980,11,5,28.4,11.8,13,-2.5
1980,12,17,22.9,8,21,-1.9
1981,1,35,20.3,7.7,36,-1.1
1981,2,9,25.3,10.2,11,-1.2
1981,3,27,28.5,14.2,27,-0.6
1981,4,0,37,20.5,2,-0.8
1981,5,6,40.4,25.3,7,-0.8
1981,6,56,40.8,28.2,54,1.4
1981,7,200,34.1,26.7,146,1.4
1981,8,104,34.3,26.5,115,-1.2
1981,9,61,35.1,24.7,69,-2.2
1981,10,1,32.8,18,7,-3.4
1981,11,29,26.4,11.2,31,-2.5
1981,12,1,22.3,6.9,3,-2.7
1982,1,28,20.6,8.3,28,-2.1
1982,2,8,21.9,9.3,9,-2.1
1982,3,49,26.7,12.6,48,1.5
1982,4,25,34.8,19.4,25,2.5
1982,5,22,36.4,23,22,2.9
1982,6,27,39.7,27.3,27,2.6
1982,7,185,37.1,27.5,172,1.9
1982,8,254,33.8,26,124,1.7
1982,9,15,35,23.8,78,-1.7
1982,10,38,33,19.2,47,-2.1
1982,11,8,27.4,12.9,13,-2.2
1982,12,10,22.9,8.5,13,-2.1
1983,1,44,20,6.8,43,-1
1983,2,12,22.5,8.5,13,-1
1983,3,10,28.5,13.7,11,-1.1
1983,4,18,32.6,17.9,18,1
1983,5,25,37.5,23.5,24,1.7
1983,6,25,38.4,26.9,24,1.5
1983,7,194,35.4,26.4,146,1.3
1983,8,208,33.7,26.3,114,1
1983,9,137,34.2,24.9,111,1.4
1983,10,57,31.8,18.1,89,2.5
1983,11,0,28.4,10.3,32,3.2
1983,12,4,22.4,8,14,3
1984,1,2,19.5,6.5,8,2.2
1984,2,13,22.5,7.8,15,2
1984,3,2,32.4,15.7,4,1.2
1984,4,11,36.7,20.5,12,1.5
1984,5,3,42.7,26.8,4,0.9
1984,6,24,40.4,28.5,24,0.7
1984,7,150,33.6,27.1,143,-1.3
1984,8,248,34.3,25.6,122,-1.3
1984,9,110,32.8,23.5,119,-1.2
1984,10,1,32.8,17.1,50,-1.1
1984,11,1,28.2,10.6,12,-1.5
1984,12,3,23,7.7,8,-1.7
1985,1,8,20.2,6.9,11,-1.9
1985,2,0,25.9,9.5,3,-2.4
1985,3,4,32.7,16.2,6,-2.7
1985,4,12,37,20.8,13,-2.1
1985,5,3,40.9,25.6,4,-2.2
1985,6,22,39.9,27.5,22,-2.3
1985,7,336,34.3,26.4,145,1.9
1985,8,190,34.1,26.3,137,1.5
1985,9,90,34.2,24.1,115,1.1
1985,10,107,31.1,17.5,104,2.9
1985,11,0,28.1,11.8,33,3.6
1985,12,21,23.2,8.8,30,4.2
1986,1,18,20.4,7.2,22,4
1986,2,24,23.2,9.6,26,4.1
1986,3,15,29.2,14.3,16,3.8
1986,4,4,35.8,19.8,6,3.4
1986,5,12,37.9,23.1,13,3.2
1986,6,24,39.2,27.3,24,2.8
1986,7,123,34.4,26.3,118,1.6
1986,8,150,34.4,26,142,-1.9
1986,9,74,34.5,23.8,71,-2.7
1986,10,20,32,18.4,20,-3.4
1986,11,2,28.8,12.4,3,-3.6
1986,12,7,21.5,6.1,7,-3.5
1987,1,31,21.3,7.5,29,-2.8
1987,2,14,25.6,11.2,13,-2.6
1987,3,15,30.7,15.7,14,-2.4
1987,4,3,36.9,20.9,3,-2.3
1987,5,27,36.5,22.5,26,-1.2
1987,6,10,40.3,27.8,10,-1.9
1987,7,65,37.9,27.7,62,-4
1987,8,130,35.7,26.6,123,-4.9
1987,9,32,36,25.3,30,-6.1
1987,10,25,33.9,19.4,24,-6.5
1987,11,0,30.1,10.8,0,-6.5
1987,12,9,22.9,8,9,-6
1988,1,4,22.2,8.5,4,-6
1988,2,10,25.8,11.1,10,-5.7
1988,3,31,29.6,14.6,30,-4.6
1988,4,5,37.9,21.6,5,-4.2
1988,5,3,41.9,26.9,3,-4.1
1988,6,32,39.6,27.2,30,-3.5
1988,7,189,34.3,26.9,135,-3.1
1988,8,351,33.4,25.7,124,-1.2
1988,9,213,34.2,24.9,129,3.1
1988,10,7,33,18.2,70,2.9
1988,11,0,28.5,11.3,11,2.4
1988,12,7,23.4,7.6,12,2.1
1989,1,69,19.2,6.1,58,3.6
1989,2,3,23.4,8.9,9,3.4
1989,3,26,29.3,14.5,29,3.5
1989,4,0,35.2,18.7,3,2.8
1989,5,2,40.1,24.9,4,2.2
1989,6,13,38.5,26.8,13,1.5
1989,7,143,36.2,26.3,137,0.6
1989,8,181,33.9,25.4,127,-2.2
1989,9,108,34.4,23.9,116,-2.2
1989,10,6,33.3,18,20,-3.2
1989,11,9,28.1,11.3,15,-3
1989,12,5,21.6,7.3,9,-2.8
1990,1,1,23.4,8.7,3,-3.3
1990,2,34,22.8,10.3,34,-2.2
1990,3,10,27.4,13.4,11,-2.1
1990,4,2,35.6,19.8,3,-2
1990,5,14,39.4,25.6,15,-1.6
1990,6,27,39.7,28.4,27,-1.4
1990,7,197,34.6,26.6,140,-1.2
1990,8,264,33.6,26.1,121,1.1
1990,9,202,33.2,25.2,113,2.4
1990,10,3,31.6,17.6,66,2.3
1990,11,5,28.5,11.8,16,2
1990,12,20,22.6,7.9,25,2.3
1991,1,0,19.3,6.3,4,1.5
1991,2,28,23.5,10.2,29,1.9
1991,3,5,29.3,14.9,6,1.4
1991,4,5,34.6,19.3,6,1.2
1991,5,12,39.5,25.4,13,1.2
1991,6,14,39.2,27.6,14,-0.5
1991,7,89,37.6,27.9,86,-2.3
1991,8,272,33.6,26.3,127,-2
1991,9,59,33.9,24.8,101,-2.4
1991,10,2,32.5,17.1,24,-3.1
1991,11,11,27.1,11.2,19,-2.8
1991,12,19,22.7,8.1,22,-2
1992,1,30,20.7,8.2,32,-1.4
1992,2,18,22.6,8.7,19,-1.1
1992,3,6,28.7,15.2,8,-1.3
1992,4,3,35,20.2,4,-1.3
1992,5,5,38.7,24.3,6,-1.4
1992,6,8,40.2,28.2,9,-2
1992,7,89,34.3,26.7,85,-3.2
1992,8,201,33.1,26.2,116,-3.5
1992,9,108,33.3,23.6,119,-3.3
1992,10,25,31.9,18.6,57,-3.1
1992,11,23,27.2,11.8,32,-2.3
1992,12,0,23.5,8.6,6,-2.4
1993,1,15,19.8,7.5,18,-2.4
1993,2,13,26.3,11.3,15,-2.2
1993,3,10,26.9,13.7,11,-2.1
1993,4,4,35.6,20,5,-2
1993,5,5,40.4,26.2,6,-2
1993,6,54,40,28.3,52,-0.8
1993,7,214,34.1,26.9,152,1.1
1993,8,127,35.2,26.4,136,-1.1
1993,9,204,32.4,25.2,117,1
1993,10,1,32.4,18.9,64,1
1993,11,0,29.1,12.3,11,-0.4
1993,12,0,24,7.3,6,-0.8
1994,1,39,20.6,9.4,40,0.7
1994,2,8,23.1,10.3,10,-0.2
1994,3,2,31.8,15.9,3,-0.8
1994,4,7,34.3,19.6,8,-0.6
1994,5,8,40.7,26,9,-0.6
1994,6,28,40.1,28.5,28,0
1994,7,341,33.9,27.2,133,2.2
1994,8,236,32.9,26.6,122,2.6
1994,9,49,33,24.4,104,1.5
1994,10,2,32,17.7,16,-1.9
1994,11,0,28.1,12.2,7,-2.1
1994,12,2,23.2,8.5,5,-2.1
1995,1,62,18.9,6.8,55,1.5
1995,2,24,23.8,10.2,26,2.2
1995,3,23,28,14.6,25,2.4
1995,4,4,34.3,19.8,6,2.1
1995,5,0,40.4,26.4,2,1.4
1995,6,13,41.5,29.2,13,0.6
1995,7,115,35.7,27.7,110,-2
1995,8,438,32,26.5,122,2.4
1995,9,153,33.9,25,128,2.7
1995,10,4,33,19.6,67,2.6
1995,11,2,28.1,11.8,13,2
1995,12,1,22,9,7,1.5
1996,1,14,20.1,8.3,17,1.2
1996,2,16,24.7,11,18,1.1
1996,3,6,30.7,16.9,7,0.6
1996,4,2,36.4,21,3,-0.2
1996,5,6,38.9,25.2,7,-1
1996,6,66,39.3,29.2,64,1.5
1996,7,134,35.4,27,128,0.7
1996,8,279,32.5,25.9,113,0.9
1996,9,150,33.3,25.1,120,1.4
1996,10,38,31.4,19,83,2.1
1996,11,0,27.7,10.7,21,2.4
1996,12,0,23.3,6.2,8,1.8
1997,1,10,20.2,6.1,14,1.4
1997,2,2,24.1,8.8,5,0.7
1997,3,10,29.1,15.4,12,-1
1997,4,21,34.3,19.6,22,0.9
1997,5,18,37,23.5,18,1.3
1997,6,55,37.2,26.2,53,2.2
1997,7,90,35.8,27.1,86,0.7
1997,8,212,33,25.7,138,-1.7
1997,9,81,33.4,24.9,102,-2
1997,10,76,30.5,16.3,79,-1
1997,11,18,24.7,12.4,30,1.4
1997,12,18,18.6,7.7,23,2
1998,1,0,20,6.6,4,1.3
1998,2,16,24,10.2,18,1.4
1998,3,26,28,13.6,27,1.7
1998,4,8,36.2,21.1,9,1.7
1998,5,5,40.8,26,6,1.3
1998,6,44,40,28,43,1.8
1998,7,162,35.2,27.5,138,1.3
1998,8,189,34,26.4,138,-0.7
1998,9,192,33,25.5,130,0.9
1998,10,90,30.6,20.4,97,2.8
1998,11,13,27.7,12.7,50,4.3
1998,12,0,23.8,6.8,20,4.4
1999,1,46,19.7,7,47,5.2
1999,2,3,25.2,11.3,10,4.7
1999,3,1,31.3,15.9,5,3.8
1999,4,0,38.3,21.1,3,3.2
1999,5,6,39.4,26.1,8,2.8
1999,6,33,38.7,27.4,33,2.8
1999,7,118,35.7,26.8,114,1.5
1999,8,101,34.2,26.9,97,-2.6
1999,9,90,34.4,25.6,87,-2.7
1999,10,46,32.7,19.8,44,-2.8
1999,11,0,29.6,12.8,1,-3.2
1999,12,1,24.1,7.7,1,-3.4
2000,1,27,21.2,7.5,26,-2.9
2000,2,30,22.2,8.5,29,-1.9
2000,3,14,29.5,13.9,14,-1.8
2000,4,1,38.4,22.3,2,-1.9
2000,5,7,40.7,27.5,7,-1.9
2000,6,40,38.3,27.6,38,-1.2
2000,7,217,34.4,26.8,142,-0.8
2000,8,145,34,26.7,139,-1.6
2000,9,37,34.3,24.9,68,-2.7
2000,10,3,34.4,19.3,13,-3.7
2000,11,4,28.9,13.1,9,-3.7
2000,12,0,24.6,7.8,3,-3.8
2001,1,14,19.7,7,15,-3.7
2001,2,10,25.2,11,11,-3.5
2001,3,5,30.4,15.3,6,-3.6
2001,4,17,36,20.8,18,-2.5
2001,5,28,39.9,26.3,27,-1.4
2001,6,50,36.8,27.6,48,2.3
2001,7,138,34.5,27.3,132,1.5
2001,8,162,34.6,27,144,-1.4
2001,9,44,34.3,25.5,44,-2.6
2001,10,10,33.5,20.3,11,-3.6
2001,11,0,29,12.8,2,-3.9
2001,12,1,22.3,10.1,2,-4
2002,1,20,21.1,7.1,20,-3.6
2002,2,13,24.2,9.9,13,-3.3
2002,3,5,32,14.7,5,-3.4
2002,4,1,37.5,22.6,2,-3.3
2002,5,5,41.9,26.3,5,-3.3
2002,6,19,39.6,28.6,18,-3.3
2002,7,22,37.2,27.6,21,-5.8
2002,8,110,33.6,28.1,105,-6.5
2002,9,181,31.2,25.2,125,-5.2
2002,10,3,32.4,20.3,24,-5.5
2002,11,1,28.3,13.3,9,-5.4
2002,12,11,23,9.8,15,-4.7
2003,1,38,21,5.7,39,-3.6
2003,2,27,23.8,10.1,28,-2.7
2003,3,7,30.2,14.5,8,-2.8
2003,4,1,37.6,21.4,2,-2.7
2003,5,3,39,25.4,4,-2.8
2003,6,56,39.9,29.3,54,-1.5
2003,7,458,33.9,26.8,131,4.7
2003,8,134,33.4,26.8,112,3.6
2003,9,89,33.6,24.5,104,3.1
2003,10,48,33.2,18.6,84,3.6
2003,11,10,27.5,11.6,24,3.6
2003,12,17,22.3,7.7,23,3.8
2004,1,19,20.5,7.8,22,3.5
2004,2,2,26.5,9.4,5,2.7
2004,3,0,34.8,16.3,2,1.7
2004,4,5,38.7,22.6,6,1.5
2004,5,14,40.8,25.3,14,1.5
2004,6,30,37.3,27.8,30,1.6
2004,7,27,36.2,28.3,26,-3
2004,8,215,33.8,26.2,130,-3.2
2004,9,8,35.5,24.4,53,-4.5
2004,10,112,31,18.3,102,-2.9
2004,11,1,29.1,11.8,14,-2.4
2004,12,1,24.5,8.4,7,-2.5
2005,1,10,20.3,6.5,14,-2.5
2005,2,36,22.6,10.5,37,-1.3
2005,3,29,31.5,15.3,29,-0.6
2005,4,3,35.9,20.3,4,-0.7
2005,5,1,37.3,24.4,2,-1
2005,6,25,39.9,29.3,25,-1
2005,7,173,34.4,27.1,142,-1.1
2005,8,112,35.6,26.6,115,-2.3
2005,9,192,33.4,25.8,134,-1.4
2005,10,4,32.2,19.2,40,-1.9
2005,11,0,28.3,12.4,11,-2.1
2005,12,0,21.8,7.1,5,-2.3
2006,1,3,20.6,9.6,7,-2.7
2006,2,1,28.2,13.3,3,-3
2006,3,23,30.3,14.6,24,-2.3
2006,4,1,36.3,22.3,2,-2.3
2006,5,18,40.4,26.8,18,-1.6
2006,6,46,37.4,27.8,45,-0.7
2006,7,267,35.8,27.3,149,1.9
2006,8,92,32.9,27.9,125,-1.2
2006,9,147,33.6,24.8,138,-0.9
2006,10,17,32.5,20.5,46,-1
2006,11,6,28,14.2,15,-1.2
2006,12,4,22.5,8.8,9,-1.3
2007,1,2,21.9,6.9,5,-1.8
2007,2,35,24.4,10.8,36,-0.7
2007,3,53,30.4,13.8,52,2.2
2007,4,5,38.9,22.7,6,2
2007,5,23,38.7,26.2,23,2.4
2007,6,54,39.4,28.4,52,3.1
2007,7,120,35.3,28,115,1.8
2007,8,184,34.5,27.4,137,0.9
2007,9,82,33.8,26,94,-1.9
2007,10,2,32.8,18.9,9,-3.2
2007,11,3,29.9,11.8,7,-3.3
2007,12,1,21.6,8.3,4,-3.4
2008,1,5,18.2,9.1,6,-3.5
2008,2,2,23.7,8.3,4,-3.7
2008,3,0,33.8,16.6,1,-3.9
2008,4,19,36.2,19.9,19,-2.8
2008,5,9,37.5,25.8,9,-2.4
2008,6,42,36.8,27.9,40,-1.4
2008,7,127,34.8,27.9,121,-2
2008,8,281,33,26.4,121,-1.5
2008,9,124,33,25.4,122,-1.2
2008,10,5,34,19.9,63,-0.9
2008,11,3,29.6,12.6,15,-1
2008,12,2,24.6,9.1,8,-1.2
2009,1,8,21.7,8.9,11,-1.5
2009,2,6,25.6,12.1,8,-1.7
2009,3,9,32.1,16.1,11,-1.7
2009,4,2,37.6,21.1,4,-1.7
2009,5,22,40.1,27.1,22,-0.9
2009,6,8,40,28.9,8,-1.6
2009,7,133,35.6,28.4,127,-2.3
2009,8,168,35.2,27.3,137,-2.9
2009,9,158,33.7,25,131,-2.2
2009,10,21,32.7,19.7,40,-2.4
2009,11,14,27.7,12.7,21,-2.1
2009,12,2,23.3,9.1,6,-2.1
2010,1,6,22.1,6.1,9,-2.4
2010,2,20,25.8,10.9,21,-1.9
2010,3,0,34.6,17.6,2,-2.3
2010,4,0,40.1,24.2,1,-2.4
2010,5,2,41.2,27.3,3,-2.5
2010,6,4,39.3,29.1,5,-3.1
2010,7,197,35.2,27.8,145,-2.7
2010,8,333,32.8,27.6,114,-0.9
2010,9,268,32.1,25.3,105,4
2010,10,10,33.2,20.3,72,3.9
2010,11,29,29.3,12.6,39,4.4
2010,12,5,22.3,7.4,11,4
2011,1,2,19.7,5.9,6,3.1
2011,2,36,23.8,11.4,36,3.7
2011,3,4,31.4,15.9,6,2.9
2011,4,5,35.5,20.5,6,2.7
2011,5,9,40.4,27.1,10,2.4
2011,6,42,37.2,28.9,41,2.8
2011,7,130,34.9,27.7,124,1.8
2011,8,211,33.4,27,128,1.1
2011,9,206,33.3,25.3,131,2.1
2011,10,2,32.7,19.8,64,2
2011,11,2,30.4,13.4,13,1.5
2011,12,1,23.4,8.8,7,1
2012,1,16,18.5,7.3,19,0.9
2012,2,2,22.1,10.8,4,-0.5
2012,3,7,29.9,15.9,8,-1.2
2012,4,10,35.8,20.8,11,-0.8
2012,5,1,40.3,26.5,2,-1.1
2012,6,2,40.8,30.6,3,-2.1
2012,7,90,36.7,28.5,86,-3.3
2012,8,327,33.2,26.6,116,-2
2012,9,322,33.3,25.5,130,4
2012,10,8,30.9,19.5,71,3.8
2012,11,2,27.2,12.6,13,3.3
2012,12,6,22,9.1,11,2.9
2013,1,32,19.9,5.9,34,3
2013,2,36,24.8,7.8,36,3.6
2013,3,11,30.7,15.1,12,3.1
2013,4,6,36.1,21.2,8,2.8
2013,5,1,40.9,26.9,2,2.1
2013,6,52,38.2,28.6,50,2.8
2013,7,277,34.9,28,136,3.7
2013,8,198,32.8,27,120,3.5
2013,9,74,33.4,26.1,106,2.7
2013,10,91,32.6,20.6,94,3.8
2013,11,3,27.2,12.5,28,4.4
2013,12,5,23.2,9,13,3.9
2014,1,14,19.8,7.9,18,3.5
2014,2,33,22.4,10,34,4
2014,3,28,29.2,14.6,29,4.1
2014,4,7,35.4,20.2,8,3.9
2014,5,19,38.1,24.8,20,4
2014,6,21,40.3,29.8,21,3.3
2014,7,89,35.3,28.9,85,1.5
2014,8,120,34.9,27.5,115,-2.9
2014,9,111,33.9,24.9,106,-2.9
2014,10,34,32.6,20,33,-3.3
2014,11,2,28.3,13,2,-3.6
2014,12,8,21.3,8.1,8,-3.4
2015,1,27,19.3,7.3,26,-2.8
2015,2,3,25.2,10.8,4,-3
2015,3,54,29.1,14.4,51,-1.2
2015,4,15,35.8,20.6,14,-0.6
2015,5,3,40,27,3,-0.8
2015,6,29,37.4,28.8,28,-0.6
2015,7,211,33.6,27.6,149,1.3
2015,8,171,33.3,27.6,125,-0.7
2015,9,42,34.8,25.8,96,-1.7
2015,10,6,33.4,20.3,17,-2.7
2015,11,1,28.3,14.2,7,-2.9
2015,12,1,22.7,9.1,4,-2.9
2016,1,4,22.1,8.2,6,-3.2
2016,2,3,26.6,11.4,4,-3.3
2016,3,25,32,16.7,25,-2.6
2016,4,3,38.2,22.8,4,-2.6
2016,5,11,41.3,26.9,12,-2.1
2016,6,25,40.4,29.3,24,-1.9
2016,7,265,35.4,27.8,141,-1.6
2016,8,157,33.7,26.9,128,-2.6
2016,9,61,34.9,25.7,109,-4
2016,10,11,34.2,20.4,29,-4.5
2016,11,2,29.6,13.3,10,-4.7
2016,12,3,25.4,9.8,7,-4.6
2017,1,32,20.8,8.6,33,-2.9
2017,2,6,26.5,12.1,8,-3.1
2017,3,9,31.7,16.2,10,-2.9
2017,4,12,38.6,22.8,13,-2.6
2017,5,15,40.4,26.8,16,-2.5
2017,6,68,36.3,26.5,65,-1.9
2017,7,179,35.1,27.5,145,-3.1
2017,8,152,34.4,27.1,132,-3.6
2017,9,145,34.5,25.7,131,-3.3
2017,10,0,34.6,20.5,22,-4.2
2017,11,10,28.2,12.1,18,-4.3
2017,12,3,23.7,9.6,7,-4.1
2018,1,5,22.8,8.6,8,-4
2018,2,2,26.5,12.4,4,-3.8
2018,3,2,32.9,17.3,4,-3.8
2018,4,4,38,22.4,5,-3
2018,5,6,40.9,26.8,7,-2.9
2018,6,33,39.6,28.8,33,-1.7
2018,7,228,35.2,27.7,136,-1.1
2018,8,198,34.2,27.1,123,-0.7
2018,9,176,33.6,24.9,114,3.4
2018,10,5,32.3,19.5,67,3.5
2018,11,11,28.6,13.1,22,3.6
2018,12,6,22.3,7.8,12,3.2
2019,1,27,20.3,7,29,1.9
2019,2,21,23.3,9,22,2.2
2019,3,7,28.6,13.6,9,1.7
2019,4,15,36.7,20.8,16,2.1
2019,5,5,39.7,25,6,1.6
2019,6,6,40,28.2,7,0.8
2019,7,206,35.8,27.5,152,0.8
2019,8,229,34.7,27,138,0.6
2019,9,65,34.8,25.3,105,-1.3
2019,10,10,33.3,19.1,34,-1.8
2019,11,19,29.6,13,27,-1.3
2019,12,8,20.6,5.4,13,-1.1
