Product: Historical Climate - TerraClimate(http://www.climatologylab.org/terraclimate.html) 
Location (Lat/Lon of 4-km Grid Cell Center): 29.5208 North,75.4375 East 
Data Source: NW Climate Toolbox(https://climatetoolbox.org/tool/point-data-download)
Download Date: 07/24/2020
Variable List: 
ppt: ppt (Precipitation)
tmax: tmax (Maximum Temperature)
tmin: tmin (Minimum Temperature)
aet: aet (Actual Evapotranspiration)
PDSI: pdsi (Palmer Drought Severity Index (PDSI))
********************************************************
Year,Month,ppt(mm),tmax(degC),tmin(degC),aet(mm),PDSI(unitless)
1958,1,19,22.1,7,22,0.3
1958,2,2,24.6,7.3,5,-0.5
1958,3,6,31.7,13.9,8,-0.9
1958,4,1,39.2,20.7,2,-1
1958,5,1,41.1,23.6,2,-1.4
1958,6,9,42.6,27.4,10,-1.8
1958,7,138,35.6,27.4,131,-1.1
1958,8,66,35.3,26.1,63,-1.7
1958,9,221,33.3,23.7,122,3.2
1958,10,29,33.4,17.3,69,6.2
1958,11,2,29.3,10,18,7.4
1958,12,12,23.9,7,17,7.5
1959,1,26,20.4,5,28,7.4
1959,2,6,23.6,6.6,9,6.4
1959,3,5,32.2,13.1,7,5.3
1959,4,0,37.1,19,2,4.7
1959,5,11,40,23.6,12,4.4
1959,6,13,41.9,28.2,13,3.6
1959,7,139,35.4,26.8,132,3.6
1959,8,133,34.4,26,127,4.2
1959,9,138,33.9,24.3,124,5.2
1959,10,15,34.4,18.7,16,5.2
1959,11,6,29.2,9.2,8,4.9
1959,12,0,24.2,5.7,1,4.1
1960,1,14,20.2,4.5,14,3.7
1960,2,0,28.2,9.2,1,2.6
1960,3,18,29.4,12.1,18,2.6
1960,4,1,35.6,17.3,2,2.2
1960,5,1,41.5,23.8,1,1.5
1960,6,17,42.4,27.7,17,1.2
1960,7,113,36.2,26.4,108,1.1
1960,8,115,34.6,26.4,110,1.5
1960,9,28,35.9,24.1,27,-1.5
1960,10,18,34,16.8,17,-1.4
1960,11,0,29.7,7.5,0,-1.5
1960,12,6,23.5,5.5,6,-1.3
1961,1,36,20.9,5.6,35,1.2
1961,2,24,22,6,23,1.6
1961,3,2,31,13.3,2,0.9
1961,4,2,36.2,17.6,2,0.7
1961,5,5,40.6,23.5,5,-0.2
1961,6,22,41.1,27.1,21,0.1
1961,7,109,35.7,26.6,104,-0.6
1961,8,136,34.2,25.8,118,1.3
1961,9,101,34.3,24.4,98,2.1
1961,10,33,33.3,16.8,33,2.4
1961,11,3,26.6,8.9,4,2.2
1961,12,4,21.5,3.8,5,1.9
1962,1,26,20,3.7,26,2.4
1962,2,9,24.9,8.2,9,2
1962,3,19,30,12.7,19,2
1962,4,0,37.5,19,1,1.6
1962,5,2,40.7,23.6,2,1.1
1962,6,7,42,26.9,7,-1.2
1962,7,142,36.7,27.2,135,0.5
1962,8,66,35.3,25.9,63,-0.9
1962,9,246,33.1,23,127,3.7
1962,10,0,33.7,16.4,51,5.7
1962,11,7,28.9,8.9,15,5.8
1962,12,6,22.5,5.5,10,5.5
1963,1,1,20.9,3.5,4,4.5
1963,2,7,27,8.7,9,3.8
1963,3,14,30.3,12.5,15,3.4
1963,4,2,36,18.3,3,3.1
1963,5,6,39.2,22.3,7,2.7
1963,6,13,41.4,27.5,13,2
1963,7,76,38.2,27.8,73,-2.5
1963,8,107,34.2,25.9,102,-1.9
1963,9,88,34.5,23,84,-1.5
1963,10,0,35.1,18,1,-2.1
1963,11,3,29.4,11.5,3,-1.9
1963,12,6,23.9,5.1,6,-1.7
1964,1,7,18.8,2.9,7,-1.9
1964,2,2,24,7.1,2,-2.2
1964,3,3,32.2,13.7,3,-2.7
1964,4,2,37.5,19.1,2,-2.5
1964,5,11,39.7,21.5,11,-2.1
1964,6,9,41.2,27.1,9,-2.4
1964,7,224,34.9,25.7,149,2.6
1964,8,158,34.9,25.7,148,4.7
1964,9,101,33.8,23.5,116,5.9
1964,10,0,33.5,16.4,22,6.3
1964,11,0,29,7.2,8,5.8
1964,12,4,23.1,5.1,8,5.3
1965,1,9,22.9,6.5,11,4.5
1965,2,15,24.4,7.3,16,4.1
1965,3,8,30.2,12,9,3.3
1965,4,6,33.9,16.5,6,3.2
1965,5,9,39.2,22.3,9,3
1965,6,2,42.3,27.7,3,1.6
1965,7,121,36.2,26.2,115,1.2
1965,8,49,35.2,24.8,47,-2.9
1965,9,36,35.2,23,35,-3.8
1965,10,11,34.6,17.8,11,-3.8
1965,11,3,30.5,10.3,3,-3.5
1965,12,0,23.1,3.8,0,-3.4
1966,1,2,22.8,4.8,2,-3.7
1966,2,25,27.1,9.6,24,-2.9
1966,3,6,30.9,12,6,-3.1
1966,4,1,36.4,18.2,1,-3
1966,5,15,41.2,22.8,15,-2.3
1966,6,38,40.6,26.2,36,-1.2
1966,7,66,38,26.1,63,-2.7
1966,8,124,34.8,25.4,118,-2.2
1966,9,90,34.4,22.1,86,-1.9
1966,10,31,34.7,16.5,29,-1.3
1966,11,3,28.2,9.7,3,-1.2
1966,12,1,23.3,3.7,1,-1.4
1967,1,0,20,3,0,-1.9
1967,2,6,27.4,8.4,5,-2
1967,3,54,29.1,11.7,51,2
1967,4,1,35.9,17.2,1,1.6
1967,5,1,40.3,22.3,2,1.1
1967,6,8,42.3,27.3,8,-1.1
1967,7,112,36.7,26.3,107,-1
1967,8,145,34,25.2,132,1.3
1967,9,90,34.3,22.7,86,1.8
1967,10,30,34,15.8,29,2
1967,11,5,28.8,9.6,5,1.9
1967,12,23,23.4,5.5,22,2.9
1968,1,14,19.4,4.4,14,2.7
1968,2,13,22.6,5.4,12,2.5
1968,3,7,30.8,12,7,2
1968,4,0,36.7,17.8,1,1.6
1968,5,2,40,22.3,2,1.1
1968,6,12,42.3,27.3,11,-1.1
1968,7,130,36.7,26,124,-0.7
1968,8,89,35.3,25.4,85,-1.2
1968,9,4,37.2,23.4,4,-2.9
1968,10,25,34,16.1,24,-2.3
1968,11,0,30.6,8.4,0,-2.3
1968,12,2,23.8,5.5,2,-2.2
1969,1,5,20.7,5.1,5,-2.4
1969,2,8,24.2,8,8,-2.4
1969,3,13,35.2,12.9,12,-2.3
1969,4,3,36.5,19.1,3,-2.1
1969,5,8,39.5,22.2,7,-1.8
1969,6,9,42.3,27.6,9,-2.2
1969,7,112,37.3,26.4,106,-2.4
1969,8,57,35.8,25.8,54,-3.3
1969,9,66,34.9,23.6,63,-3.2
1969,10,4,35.6,17.7,4,-3.5
1969,11,0,31.4,9.8,0,-3.4
1969,12,0,25,5.3,0,-3.3
1970,1,22,21.2,5.3,21,-2.5
1970,2,26,23.9,7,25,-1.5
1970,3,20,30,12.6,19,-1
1970,4,1,38.6,19.6,1,-1.1
1970,5,7,41.9,24.7,7,-1.1
1970,6,36,40.2,26,34,1.5
1970,7,57,37.9,26.4,54,-1.8
1970,8,112,35,25.5,106,-1.4
1970,9,122,34.9,23.7,116,1.3
1970,10,5,35.3,17.6,5,0.7
1970,11,0,29.9,7.7,0,-0.2
1970,12,0,24.4,5.1,0,-0.8
1971,1,7,20,4,7,-0.9
1971,2,12,25.6,7,12,-0.8
1971,3,1,31.4,12.5,1,-1.3
1971,4,2,38.5,19.2,2,-1.2
1971,5,17,39.8,22.8,16,0.6
1971,6,44,39.3,26.4,42,1.8
1971,7,105,35.4,25.8,100,1.4
1971,8,133,34.3,24.9,127,2.2
1971,9,58,34.8,22.5,55,1.6
1971,10,8,33.7,16.5,7,1
1971,11,3,29.9,9.3,3,0.9
1971,12,0,25.1,5.4,0,-0.3
1972,1,9,21.7,4.9,8,-1
1972,2,11,22.5,5.3,11,-0.9
1972,3,4,31.7,12.8,4,-1.3
1972,4,3,36.2,17.2,3,-1.1
1972,5,0,42.3,23.5,0,-1.5
1972,6,20,42.7,27.2,19,-1.3
1972,7,102,37.8,26.3,97,-1.9
1972,8,91,34.9,25.3,87,-2.3
1972,9,43,35,21.6,41,-2.8
1972,10,11,34.2,16.2,11,-2.8
1972,11,6,30.1,9.8,6,-2.3
1972,12,4,23.8,5.9,4,-2.1
1973,1,19,20.6,4.7,18,-1.7
1973,2,6,26.3,8.4,6,-1.8
1973,3,5,30.4,12.1,5,-2.1
1973,4,0,39.2,19.3,0,-2.1
1973,5,8,42.2,23.9,7,-1.9
1973,6,20,41.1,27.4,19,-1.8
1973,7,120,36.9,26.1,114,-1.8
1973,8,158,34.3,24.9,138,1.5
1973,9,38,35.7,23.4,38,0.8
1973,10,14,33.8,16.6,14,-0.2
1973,11,0,29.8,8.3,1,-0.8
1973,12,10,21.9,4,11,0.3
1974,1,2,21,4,3,-1
1974,2,1,23.3,6,2,-1.4
1974,3,2,32.3,13.9,2,-1.9
1974,4,1,39,19.4,1,-1.8
1974,5,5,40.9,23.2,5,-1.8
1974,6,18,40.5,26.2,17,-1.8
1974,7,146,36.7,26.1,139,-1.2
1974,8,49,36.1,26,47,-2.5
1974,9,17,36.7,23.5,16,-3.6
1974,10,15,33.6,17.1,14,-3.4
1974,11,0,29.3,8.3,0,-3.3
1974,12,6,22.2,4.6,6,-2.9
1975,1,15,19.7,4.5,15,-2.5
1975,2,9,23.3,6.2,9,-2.4
1975,3,11,29.8,11.8,11,-2.4
1975,4,0,37,18.1,1,-2.3
1975,5,1,41.8,24,1,-2.5
1975,6,30,39.7,25.8,29,-1.8
1975,7,139,35.4,25.2,132,-1.4
1975,8,99,34.4,25.6,94,-1.5
1975,9,152,33.1,23.4,141,1.8
1975,10,15,33.9,18.1,15,1.9
1975,11,0,29,7.5,0,1.5
1975,12,1,24.5,5.3,1,1
1976,1,15,21.4,5.9,14,0.9
1976,2,20,24,8.1,19,1.2
1976,3,9,29.1,12.6,9,0.8
1976,4,2,35.8,17.3,2,0.6
1976,5,9,40.8,22.8,9,0.6
1976,6,33,39,25.9,31,1.1
1976,7,144,36.7,26.7,137,1.4
1976,8,136,33.3,24.4,130,2.1
1976,9,88,35.4,21.3,83,2.1
1976,10,7,35.7,16.4,7,1.4
1976,11,2,30.7,9.6,2,1.2
1976,12,0,23.8,5.5,1,0.8
1977,1,24,20.5,4.7,23,1.2
1977,2,1,25.4,7.5,1,-0.6
1977,3,0,33.5,13.5,1,-1.4
1977,4,9,36.5,18.3,8,-0.7
1977,5,12,38.6,21.8,12,0.3
1977,6,45,39.4,26.3,43,1.7
1977,7,191,34.8,25.8,165,3
1977,8,80,34.7,25.2,80,2.7
1977,9,133,33.7,22.9,129,3.5
1977,10,17,35,17.3,18,3.1
1977,11,1,31,11.5,2,2.6
1977,12,6,24.8,6.8,6,2.4
1978,1,3,20.2,4,3,1.7
1978,2,19,23.3,7.2,18,1.8
1978,3,30,27.9,11.1,29,2.4
1978,4,3,37.2,18.2,3,2.2
1978,5,0,44.1,25.5,1,1.5
1978,6,37,41.2,27.2,35,2.2
1978,7,181,34.8,25.6,139,3.8
1978,8,109,34.3,25.5,116,4.2
1978,9,92,34.2,23.5,95,4.3
1978,10,2,34.6,16.9,6,3.3
1978,11,3,28.3,11.1,5,3.1
1978,12,1,24.4,5.6,3,2.7
1979,1,19,21.5,5.7,20,2.7
1979,2,37,23.3,7.3,36,3.7
1979,3,21,28.1,11,21,3.6
1979,4,3,37.9,19.1,3,3.3
1979,5,10,39.2,22,10,3.1
1979,6,19,41.8,27,18,2.6
1979,7,86,37.1,26.7,82,1
1979,8,36,36.2,25.6,35,-3.7
1979,9,45,35.5,22.3,43,-4.3
1979,10,10,34.8,17.6,10,-4.4
1979,11,5,28.7,12.6,5,-3.8
1979,12,4,24.2,7.2,4,-3.6
1980,1,6,21,4.8,6,-3.6
1980,2,5,26,8.7,5,-3.7
1980,3,20,29.2,12,19,-3
1980,4,1,39.2,19.8,1,-2.9
1980,5,2,43.3,25.5,2,-3
1980,6,27,41.2,27.1,26,-2.5
1980,7,220,35.6,26.4,157,2.6
1980,8,72,35.6,25.3,95,2.1
1980,9,36,35.6,23.1,42,0.9
1980,10,15,34.8,17.9,19,0.6
1980,11,6,29.5,9.9,9,0.8
1980,12,16,23.7,6.2,17,1.4
1981,1,32,20.6,5.9,32,2.3
1981,2,9,25.7,8.2,10,1.9
1981,3,32,29,12.3,31,2.6
1981,4,0,37.6,18.6,1,2.1
1981,5,5,41.3,23.7,5,1.7
1981,6,21,42.1,27.5,20,1.5
1981,7,176,35.1,26.2,158,2.6
1981,8,56,35.4,25.8,56,1.4
1981,9,26,36.3,23.7,27,-2.3
1981,10,4,33.9,16.4,5,-2.8
1981,11,18,27.6,9.4,18,-1.6
1981,12,0,23.4,5.4,1,-1.7
1982,1,24,20.7,6.2,23,-1.1
1982,2,9,22.2,7,9,-1.1
1982,3,49,27.1,10.7,47,2.4
1982,4,12,35.3,17.4,11,2.9
1982,5,19,37.2,21.2,19,3.4
1982,6,18,41.1,26.6,18,2.8
1982,7,137,38.3,27.2,131,2.2
1982,8,127,35,25.5,121,2.6
1982,9,10,36.2,22.9,10,-1.8
1982,10,26,34.5,18,25,-1.5
1982,11,6,28.6,11.2,6,-1.2
1982,12,8,23.6,6.6,8,-1
1983,1,22,20.2,4.8,21,0.4
1983,2,11,23.3,6.8,10,-0.1
1983,3,12,28.9,11.8,11,-0.2
1983,4,6,33.1,15.8,6,0.6
1983,5,28,38.3,21.7,26,1.8
1983,6,15,39.9,26.3,15,1.4
1983,7,132,36.6,26.1,126,1.3
1983,8,125,34.7,25.5,119,1.9
1983,9,71,35.2,23.7,67,1.6
1983,10,35,33.1,16.6,33,1.9
1983,11,0,29.7,8.6,0,1.4
1983,12,1,23.4,6.3,1,1
1984,1,1,19.7,4.5,1,-1.1
1984,2,20,22.8,5.5,19,-0.7
1984,3,4,32.7,13.6,4,-1.2
1984,4,4,37.2,18.4,3,-1
1984,5,3,43.5,25.1,3,-1.4
1984,6,15,41.6,27.6,14,-1.6
1984,7,120,34.7,26.7,114,-1.8
1984,8,114,35.3,24.8,108,-1.3
1984,9,88,33.7,22.2,84,-1
1984,10,1,33.8,15.4,1,-1.7
1984,11,1,29.5,8.7,1,-1.8
1984,12,3,23.6,5.6,3,-1.8
1985,1,3,20.6,5.1,3,-2.1
1985,2,1,26.3,7.6,1,-2.6
1985,3,5,32.9,14.1,5,-2.9
1985,4,7,37.3,18.5,7,-2.2
1985,5,4,41.7,23.9,4,-2.3
1985,6,16,41.2,26.6,15,-2.4
1985,7,187,35.5,26,167,-0.8
1985,8,102,35.1,25.5,99,-0.6
1985,9,57,35.4,23.1,56,-1.2
1985,10,48,32.4,16,46,1.5
1985,11,0,29.4,10.1,1,1.1
1985,12,10,24.1,7,10,1.3
1986,1,7,20.5,5,8,0.8
1986,2,23,23.7,7.5,22,1.2
1986,3,16,29.5,12.3,16,1.1
1986,4,2,36.4,17.9,2,1
1986,5,11,38.9,21.5,10,1
1986,6,27,40.6,26.7,26,1.2
1986,7,113,35.4,25.7,108,-0.5
1986,8,74,35.2,25.1,71,-1.6
1986,9,45,35.5,22.7,43,-2.4
1986,10,12,33.5,17.2,11,-2.6
1986,11,1,29.9,10.5,1,-2.5
1986,12,3,22.4,4.5,3,-2.5
1987,1,22,21.6,5.7,21,-1.8
1987,2,12,25.9,9,12,-1.7
1987,3,14,30.9,13.5,13,-1.6
1987,4,2,37.4,18.9,2,-1.5
1987,5,26,37.1,20.5,25,1.3
1987,6,20,41.3,26.8,19,1.1
1987,7,41,38.9,27.3,39,-3
1987,8,48,37,26.3,46,-4.6
1987,9,12,37.1,24.5,11,-5.9
1987,10,32,35.1,17.9,30,-5
1987,11,0,31.2,8.8,0,-4.8
1987,12,5,23.8,6.3,4,-4.4
1988,1,4,22.2,6.5,3,-4.5
1988,2,7,26.3,9,7,-4.4
1988,3,27,29.9,12.5,26,-3.4
1988,4,1,38.5,19.8,1,-3.2
1988,5,2,42.8,25.3,2,-3.3
1988,6,29,41.2,26.7,28,-2.6
1988,7,108,35.4,26.5,103,-2.7
1988,8,126,34.5,25.2,120,-1.9
1988,9,209,35.1,23.7,138,3.2
1988,10,13,34.2,16.7,46,4.4
1988,11,0,29.8,9.6,9,4.1
1988,12,8,24.3,6,12,4
1989,1,44,19.7,4.5,44,5.2
1989,2,3,23.9,6.8,5,4.2
1989,3,16,29.6,12.5,17,3.9
1989,4,0,35.7,16.6,1,3.4
1989,5,1,40.8,23,2,2.6
1989,6,11,39.8,26,11,1.9
1989,7,150,37,25.6,143,2
1989,8,104,34.8,24.6,99,1.8
1989,9,57,35.4,22.8,55,1
1989,10,2,34.6,16.6,2,-1.9
1989,11,4,29.6,9.7,4,-1.7
1989,12,5,22.7,5.9,5,-1.5
1990,1,2,23.4,6.5,2,-2
1990,2,35,23.4,8.5,33,-0.7
1990,3,15,27.9,11.7,15,-0.6
1990,4,2,36.3,18,2,-0.6
1990,5,10,40.6,24.3,10,0.1
1990,6,14,40.8,27.4,14,-0.3
1990,7,138,35.9,26.3,131,0.5
1990,8,140,34.6,25.4,134,1.5
1990,9,126,34.2,24.1,120,2.5
1990,10,2,32.9,16.2,2,1.5
1990,11,3,29.8,10.2,3,1.3
1990,12,11,23.5,6.1,11,1.5
1991,1,0,20,4.9,0,0.7
1991,2,23,23.8,7.9,22,1.1
1991,3,5,29.6,12.9,4,-0.5
1991,4,5,34.9,17.2,5,0.2
1991,5,8,40.1,23.4,8,0
1991,6,16,40.6,27,16,-0.7
1991,7,54,38.6,27.3,52,-2.9
1991,8,89,34.8,25.8,84,-3.1
1991,9,59,35,23.6,56,-3.4
1991,10,3,33.7,15.5,3,-3.8
1991,11,3,28.6,9.7,3,-3.5
1991,12,10,23.9,6.7,10,-2.9
1992,1,25,20.8,6.2,24,-2
1992,2,25,23.4,7.1,23,-1.3
1992,3,9,28.9,13.2,9,-1.4
1992,4,1,35.3,18,1,-1.4
1992,5,7,39.6,22.6,7,-1.4
1992,6,7,41.6,27.5,7,-1.9
1992,7,58,35.6,26.4,55,-3.6
1992,8,116,34,25.5,110,-2.8
1992,9,112,34.1,22.3,106,-1.9
1992,10,21,33.2,17.3,20,-1.7
1992,11,10,28.5,10.1,9,-1.2
1992,12,1,24.7,7.2,1,-1.4
1993,1,9,20.1,5.6,8,-1.5
1993,2,14,26.9,9.4,13,-1.4
1993,3,8,27.5,12.1,8,-1.6
1993,4,2,36.4,18.3,2,-1.5
1993,5,4,41.5,24.8,4,-1.6
1993,6,28,41.1,27.4,27,-1.1
1993,7,138,35,26.2,131,-0.8
1993,8,36,36.4,26,35,-3.1
1993,9,96,33.6,24.3,91,-2.4
1993,10,1,33.9,17.7,1,-3
1993,11,0,30.4,10.6,0,-3
1993,12,0,25,5.8,0,-3.1
1994,1,29,20.8,7.5,28,-2
1994,2,6,23.8,8.4,6,-2.2
1994,3,2,32.3,14.1,2,-2.7
1994,4,4,34.8,17.6,4,-2.3
1994,5,12,41.7,24.5,11,-1.9
1994,6,17,41.5,27.9,16,-1.9
1994,7,183,35.1,26.9,148,1.6
1994,8,100,33.9,25.9,102,2
1994,9,72,33.6,22.9,72,1.6
1994,10,3,33.2,16.1,6,0.7
1994,11,0,29.5,10.7,2,-0.2
1994,12,4,24,6.6,5,-0.9
1995,1,34,19.5,5.4,33,1
1995,2,31,24.5,8.5,30,1.9
1995,3,15,28.3,12.7,15,1.7
1995,4,3,34.6,17.6,3,1.6
1995,5,0,41.1,24.7,1,0.9
1995,6,11,42.5,28.3,11,-1.1
1995,7,124,36.5,27,118,-1.3
1995,8,183,33.1,26,136,2.2
1995,9,85,34.9,23.8,99,2.6
1995,10,7,34.3,18.2,14,1.9
1995,11,2,29.3,10,5,1.7
1995,12,0,22.8,7.2,3,1.3
1996,1,13,20.1,6.2,14,1.2
1996,2,17,25.1,9,17,1.2
1996,3,8,31.1,15,9,0.8
1996,4,2,37,19.1,2,0.6
1996,5,5,39.3,23.2,6,-0.2
1996,6,69,39.4,27.3,67,2.4
1996,7,89,36.3,26.5,86,1.1
1996,8,135,33.5,25.1,128,2
1996,9,82,34.4,24,78,1.9
1996,10,18,32.7,17.6,17,1.5
1996,11,0,28.7,8.7,0,1.1
1996,12,0,24.1,4.4,0,-0.4
1997,1,8,20.5,4.3,8,-1
1997,2,3,25,7.2,3,-1.4
1997,3,12,29.4,13.4,12,-1.4
1997,4,9,34.6,17.5,9,-0.7
1997,5,14,37.6,21.5,13,0.4
1997,6,41,38.4,25.2,39,1.8
1997,7,100,36.7,26.6,95,0.9
1997,8,132,34,25,126,1.3
1997,9,50,34.3,23.7,48,-0.7
1997,10,46,31.4,14.5,44,1.1
1997,11,10,26.1,10.7,9,1.4
1997,12,5,19.6,6.1,5,1.3
1998,1,0,20.6,5.1,0,-0.7
1998,2,18,24.6,8.3,17,0.2
1998,3,18,28.7,12,17,0.1
1998,4,6,36.8,19.2,5,0.5
1998,5,3,41.5,24.3,3,0.1
1998,6,26,41.1,27,25,0.3
1998,7,136,36.1,26.9,130,0.3
1998,8,65,35.3,26,62,-1.3
1998,9,111,33.9,24.3,106,0.7
1998,10,50,32.1,19.2,48,1.8
1998,11,5,29.1,11.1,4,1.6
1998,12,0,24.7,5,0,1.1
1999,1,28,19.8,5,27,1.7
1999,2,4,25.5,9.2,4,1.1
1999,3,4,31.5,13.7,4,-1
1999,4,0,39.1,19.3,0,-1.2
1999,5,7,40.3,24.4,7,-1.2
1999,6,22,39.8,26.4,21,-1
1999,7,80,36.7,26.4,76,-2.4
1999,8,65,35.1,26,62,-3.5
1999,9,45,35.6,24.7,43,-3.9
1999,10,21,34.3,18.7,20,-3.6
1999,11,0,30.9,11,0,-3.5
1999,12,0,25.1,6,0,-3.5
2000,1,18,21.1,5.3,17,-3.1
2000,2,19,23.1,6.8,18,-2.4
2000,3,7,30.2,12.3,7,-2.6
2000,4,1,39.1,20.5,1,-2.6
2000,5,6,41.9,26.2,6,-2.6
2000,6,25,39.6,26.9,23,-2.1
2000,7,152,35.5,26.3,145,-1.4
2000,8,55,35.1,26,53,-2.9
2000,9,25,35.1,23.5,24,-4
2000,10,2,35.9,18,2,-4.4
2000,11,2,30,11.1,2,-4.1
2000,12,0,25.5,6.1,0,-4.1
2001,1,5,19.7,4.9,5,-4.1
2001,2,6,25.7,9,5,-4.1
2001,3,6,31,13.7,6,-4.2
2001,4,5,36.7,19,5,-3.5
2001,5,21,41,24.9,20,-2.4
2001,6,44,37.8,26.6,42,-0.9
2001,7,131,35.2,26.5,124,-0.7
2001,8,50,35.4,26.1,48,-2.4
2001,9,34,35,24.1,33,-3.3
2001,10,7,34.8,19,7,-3.6
2001,11,0,30.2,11.1,0,-3.5
2001,12,2,23.3,8.5,2,-3.4
2002,1,7,21.3,5.2,7,-3.4
2002,2,7,24.6,7.9,7,-3.4
2002,3,5,32.7,13.1,5,-3.5
2002,4,1,38.2,20.8,1,-3.3
2002,5,9,42.9,24.8,8,-3
2002,6,16,40.8,27.7,15,-3
2002,7,22,37.9,26.8,21,-6
2002,8,51,34.8,27.6,48,-7.1
2002,9,108,32.3,24.2,103,-5.7
2002,10,3,33.8,19,3,-5.9
2002,11,2,29.7,11.6,2,-5.4
2002,12,10,23.9,8,10,-4.6
2003,1,19,21.1,3.7,18,-3.9
2003,2,37,24.4,8.1,35,-2.3
2003,3,8,30.5,12.5,8,-2.5
2003,4,1,38.1,19.4,1,-2.4
2003,5,3,39.8,23.6,2,-2.6
2003,6,33,40.9,28.3,32,-1.7
2003,7,224,34.8,26.2,147,3.4
2003,8,68,34.1,25.9,102,3.4
2003,9,62,34.3,23.1,69,3
2003,10,20,34.3,17,24,2.9
2003,11,7,28.4,9.6,9,2.9
2003,12,7,23.2,6.1,8,2.8
2004,1,20,20.5,5.8,20,2.9
2004,2,4,27.2,7.6,5,2.1
2004,3,0,35.3,14.5,1,1.1
2004,4,4,39.3,20.7,5,1.1
2004,5,13,41.5,23.5,13,1.3
2004,6,24,38.4,26.9,24,1.4
2004,7,38,37,27.6,37,-3
2004,8,105,34.7,25.3,100,-2.7
2004,9,13,36.4,23.2,12,-4
2004,10,38,32.1,16.7,37,-2.9
2004,11,2,30.4,10.1,2,-2.7
2004,12,3,25.3,6.5,3,-2.7
2005,1,23,20.4,4.5,22,-1.9
2005,2,34,22.8,8.2,33,-0.7
2005,3,21,31.6,13.1,21,1.8
2005,4,2,36.4,18.3,2,1.6
2005,5,2,38.5,23.1,2,1.1
2005,6,18,41.1,28.5,17,0.8
2005,7,119,35.2,26.4,113,0.6
2005,8,48,36.4,25.7,45,-2.5
2005,9,116,34.2,24.5,110,-1.6
2005,10,4,33.6,17.9,4,-2.2
2005,11,1,29.5,10.6,1,-2.2
2005,12,0,22.7,5.3,0,-2.4
2006,1,5,20.3,7.2,5,-2.6
2006,2,3,28.7,11.3,3,-2.9
2006,3,22,30.7,12.7,21,-2.3
2006,4,0,37,20.6,0,-2.3
2006,5,11,41.7,25.6,10,-1.9
2006,6,34,38.6,27,33,-1
2006,7,147,36.9,26.9,140,1.2
2006,8,57,33.7,26.9,54,-1.5
2006,9,125,34.3,23.4,119,0.9
2006,10,30,33.7,19,28,1.1
2006,11,4,29,12.3,4,1
2006,12,7,23.2,6.8,7,1
2007,1,1,21.8,4.7,1,-0.7
2007,2,45,24.9,8.8,43,1.8
2007,3,42,30.7,11.8,40,2.8
2007,4,1,39.6,20.8,1,2.4
2007,5,12,39.5,24.5,12,2.4
2007,6,43,40.2,27.2,41,3.2
2007,7,62,36,27.2,59,1.2
2007,8,73,35.4,26.6,70,-2.6
2007,9,91,34.6,24.7,86,-2
2007,10,0,34,17.4,0,-2.7
2007,11,3,31.4,10.3,3,-2.5
2007,12,2,22.4,6.5,2,-2.6
2008,1,9,17.9,6.7,8,-2.5
2008,2,4,24,6.2,4,-2.8
2008,3,1,34.4,14.9,1,-3.2
2008,4,9,36.7,18,9,-2.4
2008,5,11,38.5,24.2,11,-1.9
2008,6,44,38.2,27.3,42,1.9
2008,7,72,35.7,27.4,69,-1.4
2008,8,155,33.9,25.5,140,1.7
2008,9,61,33.9,24.2,59,1.4
2008,10,9,35.5,18.7,10,0.7
2008,11,1,30.7,10.7,1,-0.2
2008,12,7,25.4,7.3,7,0.1
2009,1,10,21.7,6.9,10,-0.8
2009,2,10,26.1,10.1,10,-0.9
2009,3,12,32.3,14,12,-1
2009,4,2,37.9,18.8,2,-1
2009,5,11,41.1,25.5,11,-0.8
2009,6,7,40.9,27.8,7,-1.4
2009,7,97,36.5,27.8,92,-2.2
2009,8,63,36.2,26.5,61,-3.2
2009,9,63,34.9,24.1,60,-3.4
2009,10,6,34.1,18.5,6,-3.7
2009,11,6,28.7,10.7,6,-3.2
2009,12,1,24.1,7.4,1,-3.2
2010,1,4,22.5,4.4,4,-3.4
2010,2,11,26.4,9,11,-3.2
2010,3,2,35.2,15.9,2,-3.6
2010,4,1,40.6,22.3,1,-3.4
2010,5,3,42.1,25.7,3,-3.4
2010,6,10,40.1,28,10,-3.5
2010,7,128,36.1,27.2,121,-3.2
2010,8,134,33.6,26.7,127,-1.9
2010,9,160,32.8,23.9,118,2.9
2010,10,7,34.7,19,21,3.2
2010,11,11,30.3,10.7,16,3.6
2010,12,7,23.1,5.7,10,3.4
2011,1,1,19.8,4,3,2.5
2011,2,27,24.2,9.4,28,3.1
2011,3,5,31.8,14,6,2.3
2011,4,3,36,18.5,3,2.1
2011,5,6,41.5,25.6,6,1.8
2011,6,34,38.7,28.3,33,2.3
2011,7,119,35.8,27.1,113,1.9
2011,8,106,34.3,26.2,101,1.7
2011,9,180,33.9,23.8,136,3.7
2011,10,2,33.9,18.3,19,3.8
2011,11,1,31.6,11.7,8,3.5
2011,12,2,24.1,6.9,5,3
2012,1,13,18.8,5.5,15,2.8
2012,2,2,22.1,8.3,3,2
2012,3,2,30.2,13.9,4,1.1
2012,4,6,36.2,18.7,7,1.4
2012,5,2,41,24.6,3,0.8
2012,6,3,41.6,29.4,3,-1.8
2012,7,46,37.7,28.1,44,-3.9
2012,8,144,34.1,25.9,132,-2.2
2012,9,205,33.9,24,133,4.2
2012,10,15,32.3,18.2,58,6.5
2012,11,1,28.5,10.9,10,6.1
2012,12,10,22.7,7.2,14,5.9
2013,1,13,20.5,4.4,16,5.4
2013,2,29,25.7,6.2,29,5.7
2013,3,11,30.6,12.7,12,5
2013,4,4,36.6,19.3,5,4.6
2013,5,1,41.7,25.2,2,3.7
2013,6,46,39.5,28,44,4.5
2013,7,159,36,27.6,151,4.9
2013,8,108,33.8,26.2,103,4.8
2013,9,40,34.4,25,38,3.4
2013,10,30,34,19.3,29,3.4
2013,11,5,28.5,10.7,5,3.1
2013,12,2,23.8,7,2,2.6
2014,1,6,20.1,6.1,6,2
2014,2,18,23.1,8.1,18,2.1
2014,3,21,29.6,12.7,20,2.2
2014,4,6,35.9,18.3,6,2.3
2014,5,15,39.2,23.5,14,2.5
2014,6,21,41.6,29.1,20,2.2
2014,7,55,36.3,28.4,53,-2
2014,8,51,35.7,26.7,49,-3.5
2014,9,162,34.5,23.4,143,-1.4
2014,10,12,33.9,18.6,14,-0.8
2014,11,4,29.4,11.1,5,-0.7
2014,12,2,21.9,6.1,3,-0.9
2015,1,15,19.6,5.4,15,-0.7
2015,2,4,25,8.2,5,-1.1
2015,3,55,29.5,12.5,53,2.6
2015,4,6,36.7,18.9,6,2.6
2015,5,7,40.7,25.2,7,2.3
2015,6,26,38.5,28,26,2.4
2015,7,160,34.4,26.9,152,3
2015,8,92,34.1,26.7,87,2.4
2015,9,65,35.5,24.4,62,1.7
2015,10,15,34.4,18.7,14,1.2
2015,11,1,29.3,12.1,1,0.8
2015,12,0,23.5,7.3,1,-1.3
2016,1,8,21.9,6,8,-1.7
2016,2,4,26.8,9.3,4,-2
2016,3,19,32.2,14.5,18,-1.3
2016,4,1,38.6,20.4,1,-1.3
2016,5,9,42.1,25,9,-1.3
2016,6,32,41.6,28.1,30,-1.2
2016,7,135,36.4,27,128,0.8
2016,8,111,34.6,25.8,105,-1
2016,9,40,35.9,24.3,38,-2.4
2016,10,16,35.7,18.9,15,-2.2
2016,11,1,30.5,11.1,1,-2.3
2016,12,1,25.9,7.8,1,-2.5
2017,1,23,21,6.1,22,-1.1
2017,2,5,26.9,9.9,4,-1.6
2017,3,9,32.1,14.3,9,-1.9
2017,4,6,39.3,20.8,6,-1.6
2017,5,10,41.6,25.1,10,-1.3
2017,6,57,37.1,26.1,54,1.7
2017,7,106,36.3,26.9,101,-1.6
2017,8,72,35.6,26.4,69,-0.8
2017,9,74,35.6,24.4,70,-1
2017,10,2,35.9,19,2,-1.8
2017,11,7,29.1,9.8,7,-1.7
2017,12,5,24.6,7.3,5,-1.7
2018,1,4,22.4,6.2,4,-1.5
2018,2,4,27,10.2,4,-1.7
2018,3,4,33.4,15.5,4,-2
2018,4,2,38.6,20.3,2,-1.7
2018,5,5,41.8,24.9,5,-1.7
2018,6,33,40.8,27.5,31,1.9
2018,7,172,36.4,27,153,2.6
2018,8,67,35.5,26.4,65,1.9
2018,9,115,34.9,23.8,110,3.6
2018,10,7,34,17.9,7,4.3
2018,11,2,29.9,10.9,3,4
2018,12,3,23.3,5.9,4,3.6
2019,1,37,20.7,5.3,36,1.8
2019,2,14,23.9,7.2,14,1.8
2019,3,15,29.8,12.5,15,1.6
2019,4,10,38.1,19.6,10,2
2019,5,11,40.2,23,11,1.9
2019,6,8,41.8,28,8,1.2
2019,7,82,37.2,27.3,78,-1.8
2019,8,84,35.6,26.3,80,-2.3
2019,9,27,37.5,25.8,26,-3.6
2019,10,12,35.7,18.8,12,-3.6
2019,11,15,30.7,11.1,14,-2.5
2019,12,7,21.8,3.9,7,-2.1
