Product: Historical Climate - TerraClimate(http://www.climatologylab.org/terraclimate.html) 
Location (Lat/Lon of 4-km Grid Cell Center): 31.1042 North,77.1875 East 
Data Source: NW Climate Toolbox(https://climatetoolbox.org/tool/point-data-download)
Download Date: 07/24/2020
Variable List: 
ppt: ppt (Precipitation)
tmax: tmax (Maximum Temperature)
tmin: tmin (Minimum Temperature)
aet: aet (Actual Evapotranspiration)
PDSI: pdsi (Palmer Drought Severity Index (PDSI))
********************************************************
Year,Month,ppt(mm),tmax(degC),tmin(degC),aet(mm),PDSI(unitless)
1958,1,66,11.8,5.6,46,-0.1
1958,2,20,13.5,5.6,44,-0.9
1958,3,50,18.6,10.3,72,-1.4
1958,4,15,24.3,15.3,58,-2.2
1958,5,12,25.6,16.6,25,-2.9
1958,6,68,27.4,18.8,72,-3.4
1958,7,555,22,18.3,105,-2.4
1958,8,264,21.6,17.3,92,-2.3
1958,9,439,21.3,16.3,94,2.3
1958,10,103,19.4,12.6,84,3.2
1958,11,2,16.7,8.9,38,2.9
1958,12,94,13.9,6.9,45,3.5
1959,1,154,10.2,3.4,47,4.7
1959,2,54,11.7,4.6,54,4.2
1959,3,65,18.6,9.9,84,3.7
1959,4,18,22.2,14.1,83,3.4
1959,5,59,24.4,17,72,2.8
1959,6,71,27.4,19.3,75,1.8
1959,7,569,21.4,17.5,106,2.3
1959,8,310,21.6,17.7,93,2.3
1959,9,266,21.9,17.1,89,2.6
1959,10,70,20.7,13.8,79,2.9
1959,11,22,16.3,7.8,46,3.1
1959,12,3,14.1,6.1,27,2.2
1960,1,164,9.8,3.1,49,3.2
1960,2,0,16.4,7.8,40,2
1960,3,103,16.4,8.6,93,2
1960,4,17,20.8,12.5,73,1.6
1960,5,18,26.3,17.4,32,0.6
1960,6,105,28,18.8,108,-1.7
1960,7,486,22.1,17.5,102,-1.3
1960,8,312,21.6,17.9,90,-0.9
1960,9,133,22.7,16.8,99,-1.3
1960,10,34,19.7,12.1,72,-1.2
1960,11,0,16.4,6.7,33,-1.4
1960,12,54,13.7,5.8,49,-1.2
1961,1,183,11,4.2,44,1.6
1961,2,165,11.1,4.3,53,3.1
1961,3,32,18.1,10.1,68,2.4
1961,4,36,21.8,13.1,83,2.2
1961,5,27,25.3,16.8,43,1.3
1961,6,127,27.1,18.8,126,1.1
1961,7,392,22.4,17.8,104,0.9
1961,8,343,21.4,17.4,92,1.3
1961,9,189,22.2,17.1,90,1.2
1961,10,85,19.8,12.7,84,1.9
1961,11,6,14.1,8.2,36,1.8
1961,12,88,11.3,4.2,42,2.6
1962,1,199,9.9,3.1,43,4.5
1962,2,84,13.9,6.4,51,4.5
1962,3,66,17.1,9.3,79,4.1
1962,4,14,22.7,14.2,79,3.8
1962,5,24,25.1,16.8,44,2.8
1962,6,100,27.2,18.6,105,2.1
1962,7,401,23,18.3,112,1.7
1962,8,208,22.2,17.5,91,0.9
1962,9,546,21.1,16.1,95,3.6
1962,10,1,19.8,12.7,56,2.6
1962,11,28,16,8.8,42,2.5
1962,12,45,12.4,5.4,44,2.3
1963,1,18,10.7,2.6,29,1.3
1963,2,61,15.2,6.6,58,0.8
1963,3,169,17.1,8.9,93,1.6
1963,4,30,21.1,13.1,89,1.7
1963,5,46,24.1,15.5,67,1.3
1963,6,74,27,18.8,80,-0.7
1963,7,318,23.8,18.5,119,-1.4
1963,8,325,21,17.4,92,-0.9
1963,9,265,21.7,15.8,96,0.6
1963,10,3,21,13.4,61,-0.6
1963,11,26,16.8,10,42,0.2
1963,12,51,13.9,5.2,49,0
1964,1,60,9.1,2.7,48,-0.5
1964,2,29,12.7,5.5,39,-1.1
1964,3,32,19,10.3,53,-2
1964,4,27,22.6,14.1,36,-2.7
1964,5,91,24.1,14.3,93,-2.2
1964,6,62,26.6,18.5,63,-2.8
1964,7,587,21.2,16.7,110,-1.8
1964,8,365,22.2,17.3,99,-1
1964,9,250,21.5,16.5,97,1.6
1964,10,0,20.1,12.7,58,0.7
1964,11,2,16.6,6.9,29,-1
1964,12,27,13.3,6.1,34,-1.4
1965,1,39,12.7,4.6,40,-1.9
1965,2,105,12.5,5.7,57,-1.4
1965,3,72,17.2,8.3,79,-1.4
1965,4,77,19.9,11.6,94,-0.9
1965,5,90,24,15.5,104,0.4
1965,6,21,27.7,19.2,29,-1.3
1965,7,348,22.6,16.9,114,-1.5
1965,8,154,21.7,16.1,104,-2.5
1965,9,49,22.4,15.7,85,-3.2
1965,10,61,20.8,12.9,74,-2.7
1965,11,14,17.7,9.3,36,-2.5
1965,12,3,13.7,4.5,21,-3.1
1966,1,4,12.9,2.4,16,-3.9
1966,2,97,15.7,7.3,56,-3.4
1966,3,71,17.9,9.2,79,-3.3
1966,4,22,21.5,13.5,40,-3.9
1966,5,83,26,15.5,88,-3.4
1966,6,234,26.6,17.6,139,-2
1966,7,266,23.7,16.6,118,-2.2
1966,8,393,21.7,17.1,98,-1.1
1966,9,190,21.8,15,101,-1.1
1966,10,70,20.1,11.7,81,1.6
1966,11,11,16.4,7.4,39,1.6
1966,12,28,13.2,4.6,37,1.3
1967,1,8,10.1,2.6,25,-0.8
1967,2,54,15.7,6.8,52,-1.2
1967,3,180,16.6,8,83,1.2
1967,4,13,21.5,12.3,82,1.3
1967,5,14,24.8,15.3,42,-0.6
1967,6,67,27.9,18.6,75,-1.3
1967,7,445,23.3,17.1,109,-1
1967,8,341,21.1,16.7,96,0.4
1967,9,183,22.3,15.6,97,-0.1
1967,10,54,19.6,11,74,0.6
1967,11,8,15.8,7.5,35,0.7
1967,12,110,13.2,5.5,43,1.8
1968,1,88,9.1,2.5,41,2.2
1968,2,74,11.1,3.3,51,2.3
1968,3,53,17.7,8.7,73,1.9
1968,4,15,21.6,13.1,78,1.8
1968,5,6,24.6,15.5,23,0.7
1968,6,145,27.7,18.4,142,0.6
1968,7,473,22.7,16.6,114,0.8
1968,8,245,21.9,16.4,101,-0.4
1968,9,44,24.1,16.1,81,-1.7
1968,10,64,19.5,11.2,75,-1.3
1968,11,2,17.4,6.9,29,-1.5
1968,12,61,13.6,5.8,47,-1.2
1969,1,30,10.6,3.7,36,-1.6
1969,2,54,13.1,6.3,53,-1.8
1969,3,82,22,9.7,84,-1.8
1969,4,53,21.3,13.5,69,-1.9
1969,5,59,24.3,15.2,65,-1.8
1969,6,48,27.4,18.5,51,-2.6
1969,7,349,23.2,16.8,119,-2.7
1969,8,300,22.6,17.1,96,-2.4
1969,9,241,22,15.9,101,-1.8
1969,10,5,21,13.1,59,-2.2
1969,11,1,18.5,8.8,29,-2.4
1969,12,0,14.9,5.6,17,-3
1970,1,99,11.4,3.8,45,-2.5
1970,2,44,13.2,4.7,48,-2.6
1970,3,60,17.4,9,70,-2.6
1970,4,2,23.8,14.3,31,-3.4
1970,5,62,26.6,17.4,70,-3.2
1970,6,224,26.1,17.2,143,-2
1970,7,389,24.2,17.1,117,-1.6
1970,8,313,22.2,16.7,101,-1.3
1970,9,256,23.1,16.6,97,-0.7
1970,10,23,21.5,12.9,63,-0.9
1970,11,0,17.5,6.6,31,-1.1
1970,12,0,14.5,5.7,18,-1.8
1971,1,48,10.3,2.6,46,-2
1971,2,73,14.1,5.1,54,-1.9
1971,3,21,18.4,9.6,45,-2.6
1971,4,35,23.8,14,44,-3.1
1971,5,143,24.6,15.8,138,-1.7
1971,6,301,25.7,18,130,2.7
1971,7,329,22.2,16.7,108,2.6
1971,8,479,21.6,16.2,92,3.9
1971,9,152,22.3,14.8,102,3.1
1971,10,35,20.4,12,68,2.8
1971,11,18,17.3,8.2,40,2.7
1971,12,4,15.3,5.7,25,1.7
1972,1,36,12.3,4.5,38,1
1972,2,69,11.7,3.8,55,0.8
1972,3,40,19,9.6,57,-1.7
1972,4,50,21.5,11.8,64,-1.8
1972,5,6,27.1,16.3,14,-2.6
1972,6,89,27.9,18.4,89,-2.9
1972,7,310,24,16.6,122,-3.3
1972,8,226,22,16.5,106,-3.5
1972,9,222,21.8,14.6,100,-2.9
1972,10,49,19.6,11.5,71,-2.4
1972,11,40,16.3,8.9,49,-1.3
1972,12,48,13.8,6.3,46,-1
1973,1,103,10.6,3.8,45,1.7
1973,2,64,14.9,6,55,1.7
1973,3,67,17.4,8.6,81,1.5
1973,4,4,24.4,14.1,76,1.4
1973,5,60,26.8,16.5,73,1
1973,6,277,27.2,18.6,152,2.2
1973,7,381,23.1,17,115,2.3
1973,8,319,21.6,16.2,94,2.3
1973,9,107,23.3,16.3,97,1.4
1973,10,70,19.7,11.9,80,1.8
1973,11,0,17,7.2,35,1.5
1973,12,77,12.2,4.1,48,2
1974,1,32,10.4,3.3,38,1.5
1974,2,21,12.1,4.4,38,0.7
1974,3,27,19.2,10.8,57,-1.5
1974,4,8,24.4,14,29,-2.4
1974,5,69,25.7,16,75,-2.2
1974,6,121,25.8,17.3,121,-2.2
1974,7,232,22.5,16.5,114,-2.8
1974,8,190,22.4,16.7,93,-3.5
1974,9,60,23.1,15.3,82,-3.9
1974,10,29,20,12.1,61,-3.8
1974,11,0,16.1,6.8,26,-3.8
1974,12,43,11.7,4.6,43,-3.6
1975,1,94,9.1,2.5,45,-3
1975,2,60,11.8,4.2,53,-2.8
1975,3,84,16.6,8.1,85,-2.4
1975,4,3,21.6,13,52,-2.6
1975,5,20,26,16.2,33,-3.1
1975,6,182,25.2,17.3,154,-2.4
1975,7,341,21.4,15.6,111,-2.4
1975,8,313,21.2,16.5,95,-1.9
1975,9,279,21,15.9,104,-1.1
1975,10,51,20.7,12.7,73,-0.8
1975,11,0,15.7,6.4,35,-0.9
1975,12,0,14.1,5.6,20,-1.5
1976,1,79,11.3,4.2,44,-1.4
1976,2,99,12.9,6,55,-0.8
1976,3,56,16.3,9.1,75,-0.9
1976,4,28,21.4,12.4,81,-0.8
1976,5,39,25.3,15.5,56,-1.1
1976,6,205,24.4,17,147,0.7
1976,7,400,22.7,17.2,115,0.7
1976,8,347,20.2,15.7,97,1.1
1976,9,141,22.6,14.1,91,0.7
1976,10,27,20.9,11.4,64,-0.2
1976,11,0,17.9,8.5,31,-0.7
1976,12,2,13.7,5.7,20,-1.4
1977,1,109,10.4,3.9,45,-0.9
1977,2,5,14.2,4.9,31,-1.6
1977,3,4,20.2,10,41,-2.6
1977,4,108,22.1,13.2,109,-1.8
1977,5,91,23.2,14.4,97,-1.3
1977,6,205,25,17.7,151,-0.6
1977,7,516,21.4,16.8,114,1.8
1977,8,256,21.7,16.6,96,1.3
1977,9,258,21.3,15.8,103,1.7
1977,10,44,20.6,12.5,72,1.6
1977,11,1,18.3,9.4,33,1.2
1977,12,71,13.6,6.4,49,1.5
1978,1,16,9.8,2.6,30,0.7
1978,2,96,12.3,5.3,56,0.9
1978,3,172,14.9,7.3,95,2
1978,4,34,22.6,12.6,86,2.3
1978,5,5,28.5,18.3,45,1.5
1978,6,203,27.1,18.8,152,2
1978,7,376,21.3,16.5,105,1.8
1978,8,410,21.3,16.8,95,2.6
1978,9,284,21.5,16,94,3.1
1978,10,6,20.5,12.2,57,2.2
1978,11,27,14.6,8.6,40,2.3
1978,12,17,13.8,5.2,28,1.6
1979,1,117,10.6,3.1,49,1.9
1979,2,120,11.6,4.3,55,2.6
1979,3,95,15.2,7.8,91,2.7
1979,4,72,22.9,14.5,106,3.5
1979,5,61,23.8,15,105,3.6
1979,6,103,26.8,18,115,3
1979,7,317,23.1,16.6,117,2.1
1979,8,171,23.1,16.8,113,0.8
1979,9,111,21.9,14.6,107,-2.3
1979,10,11,20.9,12.7,61,-2.5
1979,11,17,16.9,10.3,37,-2.3
1979,12,29,14.1,6.5,36,-2.3
1980,1,32,10.9,3.7,37,-2.8
1980,2,41,14.4,6.6,45,-3.1
1980,3,69,16.6,8.6,73,-3.2
1980,4,19,24.2,14.4,29,-3.9
1980,5,25,27.5,18.1,30,-4.2
1980,6,149,26.5,18.2,144,-3.7
1980,7,680,21.9,16.9,108,-2.1
1980,8,211,22,16.4,101,-2.6
1980,9,108,22.2,15.6,104,-3
1980,10,34,20,12.6,68,-2.8
1980,11,30,17,8.1,46,-2
1980,12,92,13.6,5.8,49,-1
1981,1,134,10.2,4.1,45,2.3
1981,2,45,14.4,6.3,51,1.9
1981,3,150,16.4,8.5,89,2.8
1981,4,16,22.8,13.2,88,2.7
1981,5,62,26.1,16.9,85,2.5
1981,6,92,26.8,18.6,98,1.7
1981,7,501,21.7,16.9,104,1.9
1981,8,232,22.2,16.9,103,1.2
1981,9,73,22.9,15.5,91,-1.3
1981,10,7,19.6,11.1,57,-1.8
1981,11,59,14.3,7.7,57,-0.7
1981,12,4,12.6,4.6,21,-1.4
1982,1,106,11.1,4.6,46,-1
1982,2,66,11.5,4.7,53,-0.8
1982,3,209,14.5,7.2,84,2.1
1982,4,145,20.9,12.2,112,4.1
1982,5,132,22.5,14.3,130,5.7
1982,6,92,26.1,17.7,131,5.5
1982,7,271,23.9,17.3,129,4.4
1982,8,276,21.9,16.6,100,3.9
1982,9,40,22.5,14.9,84,2.5
1982,10,19,19.9,12.5,52,1.7
1982,11,12,16,8.9,29,1.2
1982,12,55,13.4,6.6,48,1.1
1983,1,137,10.2,3.3,49,1.6
1983,2,55,11.8,4.1,54,1.4
1983,3,89,15.6,7.8,86,1.6
1983,4,90,18.9,10.6,103,2.7
1983,5,146,23.2,14.9,135,4.3
1983,6,118,24.8,17,133,4.3
1983,7,315,22.3,16.4,121,3.6
1983,8,258,22.1,16.9,84,3.1
1983,9,138,22.8,16.3,90,2.4
1983,10,97,19.1,11.6,89,3.2
1983,11,4,16.6,7.4,40,2.9
1983,12,21,13.2,6,34,2.3
1984,1,12,9.9,3.1,28,1.3
1984,2,112,11.7,4.1,57,1.7
1984,3,28,19.7,10.6,70,0.8
1984,4,35,22.1,13.2,67,-1.4
1984,5,30,27.8,18,41,-2
1984,6,178,27.7,19.2,143,-1.3
1984,7,414,21,16.8,112,-1.1
1984,8,287,22.5,16.4,82,-0.9
1984,9,169,20.6,15.2,99,-1
1984,10,3,19.8,11,59,-1.5
1984,11,4,15.7,7.6,29,-1.7
1984,12,47,13.4,6.1,46,-1.6
1985,1,51,10.5,3.1,48,-1.8
1985,2,6,15.2,5.7,25,-2.8
1985,3,25,19.8,11.2,34,-3.7
1985,4,85,22.8,13.5,86,-3.3
1985,5,27,26.1,16.4,29,-3.8
1985,6,107,26.8,17.7,104,-3.8
1985,7,580,21.8,16.3,102,-2.7
1985,8,338,22.3,16.8,97,-2
1985,9,195,22.5,15.8,101,-1.8
1985,10,160,18.7,11.3,85,3
1985,11,3,15.8,8.9,39,2.7
1985,12,95,14.1,6.4,49,3.4
1986,1,13,10.3,2.7,34,2.5
1986,2,77,13.1,5.3,55,2.5
1986,3,98,16.4,8.6,89,2.6
1986,4,46,21.2,12.6,94,3
1986,5,82,23.3,14,112,3.3
1986,6,117,25.8,17.6,125,2.8
1986,7,352,21.3,16.3,109,2.2
1986,8,256,21.9,16.6,103,1.7
1986,9,131,22.4,15,105,1
1986,10,72,19.1,12.3,79,1.5
1986,11,16,16.3,9.4,42,1.6
1986,12,51,11.5,4.3,48,1.7
1987,1,87,11,3,48,1.8
1987,2,63,14.6,6.8,56,1.8
1987,3,72,18.2,10,84,1.6
1987,4,37,22.3,13.6,89,2
1987,5,209,21.8,13.5,143,4
1987,6,63,26.2,17.7,123,3.4
1987,7,189,23.8,17.6,140,2.2
1987,8,157,22.9,16.9,107,-2.5
1987,9,35,23.6,16.6,79,-3.2
1987,10,97,20.2,13,89,-2.1
1987,11,0,18.1,7.7,32,-2.2
1987,12,29,13.4,6.1,35,-2.3
1988,1,31,12.3,5.1,36,-2.8
1988,2,44,14.9,6.9,47,-3.1
1988,3,106,16.9,9.1,94,-2.7
1988,4,10,23.4,14.4,27,-3.3
1988,5,31,27,17.7,38,-3.7
1988,6,151,26.3,17.8,145,-3.2
1988,7,500,21.8,17.2,99,-2.5
1988,8,387,21.3,16.4,99,-1.5
1988,9,546,21.9,16.2,98,3.8
1988,10,6,19.7,11.9,61,2.8
1988,11,1,16.6,8,28,2.1
1988,12,101,13.8,6,48,2.7
1989,1,174,8.8,2.6,47,4
1989,2,21,12.1,5.4,42,3.1
1989,3,73,16.7,9,81,2.8
1989,4,5,20.4,11.8,62,2.2
1989,5,18,24.7,16.4,32,1.1
1989,6,78,24.5,17.5,81,-2
1989,7,561,22.5,16.3,113,-1.2
1989,8,270,20.9,15.8,98,-1.2
1989,9,147,22.4,15.3,104,-1.5
1989,10,11,19.9,11.9,61,-1.8
1989,11,27,15.7,8.2,42,-1.3
1989,12,49,12.4,5.7,46,-1.1
1990,1,12,12.9,6,28,-1.9
1990,2,146,12.5,6.2,54,-0.7
1990,3,132,14.9,7.5,85,1.8
1990,4,22,20.9,12.6,86,1.9
1990,5,104,25.6,17.1,116,2.5
1990,6,95,26.4,19.2,111,1.9
1990,7,481,22.2,16.8,113,2
1990,8,377,21.5,16.6,92,2.6
1990,9,243,21.8,17,91,2.7
1990,10,7,18.6,11.5,59,1.9
1990,11,19,16.8,8.6,38,1.8
1990,12,119,12.8,6.5,49,2.8
1991,1,5,8.6,2.3,31,1.8
1991,2,101,12.5,6.2,51,2.2
1991,3,37,17,9.2,70,1.6
1991,4,73,20,11.9,96,2.2
1991,5,70,24.5,16.2,102,2.2
1991,6,123,26,17.9,127,1.8
1991,7,188,23.9,18.2,120,0.8
1991,8,292,21.6,16.7,101,-1.3
1991,9,132,22.1,16.5,95,-1.7
1991,10,10,19.4,11.2,63,-2
1991,11,14,15.5,7.9,35,-1.9
1991,12,46,13.3,6.5,45,-1.7
1992,1,137,10.8,5,49,-0.8
1992,2,100,12.3,4.4,58,1.3
1992,3,80,15.8,10,82,1.4
1992,4,18,20.8,12.9,82,1.5
1992,5,74,23.8,15.3,98,1.6
1992,6,86,25.9,18.1,93,0.8
1992,7,250,21,17.1,112,-1.4
1992,8,286,21.3,16.6,86,-1.2
1992,9,212,21.7,15,99,-0.9
1992,10,25,19.5,11.9,66,-1
1992,11,51,16,8.3,53,1
1992,12,7,14.5,6.5,28,-0.6
1993,1,54,9.6,4.1,49,-0.8
1993,2,59,15.7,7.4,57,-0.9
1993,3,72,14.6,8,78,-1
1993,4,32,21.9,12.5,55,-1.3
1993,5,39,26,17.5,47,-1.7
1993,6,184,26.4,18.8,157,-1.1
1993,7,384,21.2,17.1,112,-1.1
1993,8,89,22.9,17.1,105,-2.5
1993,9,204,20.8,16.5,95,-2.1
1993,10,0,19.6,12.7,59,-2.6
1993,11,3,17.4,9.4,29,-2.8
1993,12,0,14.6,5.9,17,-3.4
1994,1,93,10.8,5.5,47,-3
1994,2,51,12.3,6.2,52,-3
1994,3,17,19.3,10.6,49,-3.7
1994,4,36,19.9,12.5,46,-3.9
1994,5,105,26.1,17,107,-3.1
1994,6,91,27.1,19,91,-3.3
1994,7,443,21.8,17.6,97,-2.9
1994,8,312,21.1,17.2,84,-2.3
1994,9,110,21.1,15.9,104,-2.7
1994,10,16,19.1,11.6,63,-2.8
1994,11,1,16.7,9,29,-2.9
1994,12,42,13.3,7.3,43,-2.7
1995,1,154,8.7,3,46,-1.5
1995,2,175,13.1,5.6,54,2.7
1995,3,68,16,9.2,81,2.5
1995,4,33,20.1,12.4,83,2.7
1995,5,6,26,17.4,36,1.6
1995,6,101,27.8,19.4,107,0.9
1995,7,397,22.4,17.9,107,0.7
1995,8,526,19.9,16.9,91,2.6
1995,9,168,21.7,16.4,100,2.1
1995,10,11,19.9,13.3,60,1.4
1995,11,26,16.4,8.7,43,1.5
1995,12,6,12.6,7.2,23,0.7
1996,1,74,10,4.9,48,-1
1996,2,96,14.2,7.1,57,-0.6
1996,3,69,18.2,11.4,81,-0.6
1996,4,33,22,14.3,79,-0.7
1996,5,26,24.1,16.4,40,-1.3
1996,6,348,25.5,18.9,137,2.1
1996,7,204,22.4,17.4,121,1.4
1996,8,361,20.5,16.5,91,1.9
1996,9,152,21.5,16.7,95,1.4
1996,10,48,18.7,12.4,74,1.4
1996,11,1,15.8,8.4,35,1.1
1996,12,1,13.8,4.9,22,-1
1997,1,34,10.1,2.8,37,-1.5
1997,2,18,13.5,5,31,-2.4
1997,3,58,17.1,9.9,64,-2.7
1997,4,108,20.6,12.5,106,-2
1997,5,93,22.6,15,94,-1.4
1997,6,198,24,17.5,145,-0.7
1997,7,337,23.2,17.4,111,-0.9
1997,8,387,21,16.5,101,1.6
1997,9,104,22,16.7,96,0.7
1997,10,116,18.4,9.7,81,2.1
1997,11,56,13.5,9.1,54,3.3
1997,12,85,10,6,44,4
1998,1,5,10,3.2,31,2.9
1998,2,90,13.6,6.2,55,3
1998,3,85,15.9,8.4,87,3
1998,4,56,22.2,13.9,96,3.5
1998,5,32,26.2,17.5,75,2.9
1998,6,127,26.4,18.8,132,2.5
1998,7,327,22.8,17.7,122,1.7
1998,8,217,21.9,17.6,103,0.9
1998,9,167,21.5,17.4,101,0.6
1998,10,166,18.5,14.4,85,2.8
1998,11,12,15.8,9.1,42,2.8
1998,12,0,13.9,5.1,27,1.9
1999,1,154,9.9,4.3,48,2.8
1999,2,30,15.1,7.3,46,2.1
1999,3,26,18.4,10.9,69,1.3
1999,4,11,23.9,14.8,45,-1.8
1999,5,35,25.4,17.8,45,-2.1
1999,6,156,25.5,18.1,149,-1.8
1999,7,292,23.1,17.3,112,-2.2
1999,8,295,21.4,17.7,100,-2
1999,9,155,22.7,17.5,88,-2
1999,10,23,20.1,14,66,-2.1
1999,11,3,17.5,10,33,-2.1
1999,12,6,14.8,6.1,22,-2.7
2000,1,95,11.1,4.5,51,-2.3
2000,2,123,11.5,4.4,55,-1.3
2000,3,42,16.9,8.7,74,-1.4
2000,4,18,24.1,15,74,-1.5
2000,5,112,27,19.1,121,-0.8
2000,6,242,25.2,18.8,143,1.7
2000,7,584,21.2,17.6,114,2.7
2000,8,183,21.7,17.4,107,1.5
2000,9,77,22.3,16.5,94,-1.7
2000,10,1,21.6,13.5,55,-2.2
2000,11,21,16.9,10.5,36,-2.1
2000,12,1,14.7,7,16,-2.9
2001,1,46,10.3,3.9,46,-3.2
2001,2,33,15,7.2,38,-3.7
2001,3,33,18.3,10,36,-4.4
2001,4,58,22.1,14,58,-4.3
2001,5,153,26.2,18.1,146,-2.8
2001,6,249,24.4,18.7,136,-1.3
2001,7,468,22,17.8,117,-0.5
2001,8,102,22.5,17.8,105,-2
2001,9,81,22.2,16.6,99,-2.6
2001,10,10,20.8,14,53,-3
2001,11,1,17.3,9.6,25,-3.3
2001,12,14,13.2,8.3,23,-3.7
2002,1,41,11.1,3.9,41,-3.9
2002,2,75,13.5,5.9,56,-3.7
2002,3,46,19.4,9.4,57,-4
2002,4,44,23.3,15.4,49,-4.2
2002,5,47,27.4,17.6,49,-4.3
2002,6,182,26.2,19,155,-3.5
2002,7,107,24,17.8,111,-4
2002,8,286,21.3,18.4,94,-4.6
2002,9,284,19.2,16.2,99,-3.4
2002,10,14,19.6,13.9,59,-3.5
2002,11,3,17,10,32,-3.4
2002,12,27,13.8,8.2,35,-3.5
2003,1,71,11.3,3,49,-3.3
2003,2,197,13.2,6.1,56,-1.1
2003,3,59,17.5,9.2,80,-1.1
2003,4,36,23.1,14.3,85,-0.6
2003,5,23,24.1,16.2,47,-1.1
2003,6,185,26.6,19.6,155,-0.6
2003,7,477,21.5,17.3,112,1.6
2003,8,196,21.2,17.6,100,0.6
2003,9,115,21.9,16.3,96,-1.3
2003,10,31,20.3,12.4,69,-1.3
2003,11,33,15.8,8.5,47,-0.6
2003,12,53,13.1,6.2,48,0.2
2004,1,87,10.7,4.8,49,0.8
2004,2,23,15.8,5.6,46,-0.6
2004,3,1,22.3,11.5,51,-1.7
2004,4,20,24.5,15.5,34,-2.5
2004,5,109,26.4,16.8,111,-1.8
2004,6,221,24.2,18.2,144,-0.8
2004,7,159,22.8,18,126,-1.6
2004,8,205,21.4,16.6,107,-2.4
2004,9,19,23.4,15.7,74,-3.2
2004,10,90,18.2,12.1,84,-2.2
2004,11,9,17.3,8.7,33,-2.1
2004,12,35,15.1,6.8,40,-2.2
2005,1,116,10.1,3.1,47,-1.5
2005,2,125,11.9,6.3,54,1.4
2005,3,90,18.8,9.9,89,1.6
2005,4,25,21.7,13.2,89,1.8
2005,5,18,23.3,16.1,46,1.1
2005,6,125,26.4,19.6,129,0.8
2005,7,349,21.5,17.3,114,-0.4
2005,8,147,23.2,17.1,116,-2.2
2005,9,251,21.9,17.4,96,-1.5
2005,10,21,19.5,13.2,65,-1.7
2005,11,4,16.6,9,34,-1.7
2005,12,1,12.6,5.3,19,-2.4
2006,1,74,10.7,6.2,51,-2.3
2006,2,20,17.5,9.7,35,-3
2006,3,81,18.1,9.6,82,-2.9
2006,4,7,22.2,15.2,20,-3.8
2006,5,80,26.7,18.8,84,-3.2
2006,6,174,24.5,18.5,152,-2.5
2006,7,584,23,17.6,110,-1.4
2006,8,274,20.7,18.2,102,-1.4
2006,9,309,21.7,16.1,103,1.7
2006,10,111,19.8,14.3,89,2.8
2006,11,24,16.6,11,47,3.1
2006,12,47,13.4,6.9,48,3
2007,1,3,12.1,3.7,30,1.9
2007,2,166,14.1,6.7,55,3
2007,3,178,17.9,8.6,98,4.2
2007,4,39,25,16,96,4.3
2007,5,114,24.8,17.6,125,4.8
2007,6,208,26.3,18.9,153,5.1
2007,7,166,22.5,18,127,3.7
2007,8,198,22.3,18,102,2.5
2007,9,126,22,17.3,99,1.7
2007,10,2,20,12.9,61,0.9
2007,11,16,18.1,8.5,36,0.7
2007,12,7,12.5,6.7,22,-2.8
2008,1,76,8.3,5.6,49,-2.6
2008,2,18,12.9,4.5,33,-3.2
2008,3,9,21.2,11.3,26,-4.2
2008,4,92,21.9,12.9,96,-3.7
2008,5,67,23.8,17.4,69,-3.3
2008,6,295,24.6,19.3,123,-1.3
2008,7,262,22.1,18.2,109,-1.3
2008,8,423,20.9,16.8,99,2.4
2008,9,158,20.9,16.3,100,1.8
2008,10,37,20.8,13.5,68,1.6
2008,11,4,17.8,9.4,35,1.3
2008,12,20,15.2,7.4,32,0.7
2009,1,59,11.8,5.6,50,-1.1
2009,2,60,15,7.8,59,-1.2
2009,3,45,19.4,10.6,64,-1.8
2009,4,31,23.2,14,43,-2.4
2009,5,87,25.6,17.9,90,-1.9
2009,6,37,26.2,19.1,39,-3
2009,7,172,22.4,18.2,132,-3.5
2009,8,161,23,17.7,105,-4.5
2009,9,190,21.5,16.2,104,-4.2
2009,10,44,19.9,13.7,73,-3.7
2009,11,30,16,9.5,45,-2.8
2009,12,4,14,7.2,25,-3.1
2010,1,51,11.7,2.7,48,-3.1
2010,2,65,14.9,6.7,59,-2.9
2010,3,9,22,12.4,40,-3.8
2010,4,7,25.5,16.8,18,-4.7
2010,5,33,26.2,18.2,38,-4.8
2010,6,29,25.4,19.1,32,-5.5
2010,7,409,22.1,17.8,116,-5.1
2010,8,322,20.6,18,88,-4.2
2010,9,228,20.7,17,86,-3.4
2010,10,16,20.4,14.3,60,-3.4
2010,11,18,17.9,9.6,40,-3
2010,12,36,13.2,5.7,40,-2.9
2011,1,18,9.7,2.6,30,-3.4
2011,2,119,13.3,7.2,53,-2.5
2011,3,23,18.9,10.7,64,-3
2011,4,43,21.4,13.4,70,-2.9
2011,5,50,26.5,18.7,59,-2.9
2011,6,291,24.4,19.5,143,-1.1
2011,7,347,22,17.9,126,-0.8
2011,8,330,21.2,17.5,98,1.7
2011,9,275,21.8,17.1,101,2.1
2011,10,8,20.1,13.9,61,1.4
2011,11,8,18.7,10.4,34,1
2011,12,22,14.2,7.4,32,-1.2
2012,1,95,8.5,3.8,47,-0.9
2012,2,17,11.6,6.9,36,-1.6
2012,3,30,17.4,10.5,57,-2.4
2012,4,79,21.7,13.9,87,-2.1
2012,5,7,25.6,17.6,14,-2.9
2012,6,20,27,20.6,23,-4
2012,7,171,23.7,18.8,129,-4.4
2012,8,331,21.2,17.4,94,-4.3
2012,9,385,21.6,16.9,100,-2.4
2012,10,36,18.3,13,70,-2.2
2012,11,4,15.9,9.5,34,-2.1
2012,12,42,13,7.3,45,-2
2013,1,91,9.8,2.5,49,-1.6
2013,2,178,13.4,3.4,53,2.5
2013,3,44,18.1,9.6,75,1.9
2013,4,58,22,14.3,92,2.3
2013,5,12,26.3,18.2,40,1.3
2013,6,315,25.6,19.5,140,2.9
2013,7,402,22.4,18.3,116,3.1
2013,8,285,20.8,17.7,93,2.8
2013,9,108,21.7,17.4,98,1.9
2013,10,60,20.5,14.9,74,2.1
2013,11,22,15.8,9.4,45,2.3
2013,12,17,13.6,7.1,33,1.7
2014,1,61,10.1,4.5,47,1.4
2014,2,99,11.9,5.8,54,1.7
2014,3,109,16.6,9.1,85,2.1
2014,4,66,21.1,13.1,99,2.9
2014,5,81,23.4,15.9,112,3.4
2014,6,110,26.8,20.2,127,2.8
2014,7,245,22.4,18.9,122,1.7
2014,8,127,22.5,18,113,-2.4
2014,9,371,22,16.3,104,-0.8
2014,10,55,19.7,13.9,74,1.5
2014,11,16,16.7,9.8,43,1.6
2014,12,13,12.2,6.6,30,0.9
2015,1,93,9.8,4.2,49,1.1
2015,2,65,13.9,6.4,56,1
2015,3,242,16.5,9,91,3.1
2015,4,72,21.9,13.8,101,3.9
2015,5,36,25.6,18.2,93,3.6
2015,6,241,24.1,19.1,151,4.2
2015,7,522,21,17.7,107,4.7
2015,8,282,21.1,18.1,96,4.2
2015,9,169,22.5,16.8,110,3.5
2015,10,27,20.5,14.1,67,2.9
2015,11,5,16.8,10.9,34,2.4
2015,12,6,13.4,7.5,24,1.4
2016,1,48,12.2,4.7,48,-2
2016,2,30,16.5,7.2,38,-2.6
2016,3,81,19.5,11.4,82,-2.9
2016,4,16,23.4,15.8,24,-3.5
2016,5,88,26.7,18.4,89,-3.5
2016,6,183,26.7,20.4,151,-2.9
2016,7,463,22.2,18.3,118,-3.2
2016,8,267,21,17.8,102,-3.7
2016,9,105,23,17.3,104,-4.1
2016,10,11,21.3,14.5,64,-4.3
2016,11,6,17.5,10.3,33,-4.5
2016,12,11,16.2,8,25,-5
2017,1,109,10,5.7,49,-4.1
2017,2,26,15.8,8.2,44,-4.4
2017,3,50,19.4,10.9,71,-4.5
2017,4,82,24.1,15.7,95,-4.3
2017,5,77,25.4,18.7,82,-3.7
2017,6,277,25.8,17.3,149,-2.9
2017,7,477,22.1,18.4,114,-2.8
2017,8,226,22.1,17.9,105,-3
2017,9,181,22.4,17.6,103,-2.3
2017,10,11,21.7,14.6,64,-2.7
2017,11,28,16.2,9.3,43,-2.8
2017,12,30,13.9,8.4,37,-2.7
2018,1,30,13.1,5.1,38,-3.4
2018,2,31,15.7,8.5,39,-3.8
2018,3,50,20.7,12.1,59,-4.5
2018,4,32,23.6,15.6,37,-4.4
2018,5,37,25.7,18,39,-4.3
2018,6,184,25.7,19.9,149,-4
2018,7,452,21.9,18.2,112,-4.4
2018,8,234,21.9,18.1,91,-4.5
2018,9,293,21.5,17,91,-3.3
2018,10,25,18.6,13.7,65,-2.9
2018,11,32,16,10.2,45,-1.4
2018,12,25,12.6,6.5,35,-1.7
2019,1,117,9.2,2.4,43,1.2
2019,2,136,12.4,4.7,51,2.3
2019,3,48,16.1,8.2,69,1.9
2019,4,36,23.2,14.3,84,2.1
2019,5,86,25.1,16.2,108,2.2
2019,6,77,26.6,18.7,84,1.3
2019,7,373,22.6,17.2,112,0.9
2019,8,406,22.7,17.7,93,1.7
2019,9,153,23.8,17.6,93,1.3
2019,10,48,20.1,12.5,70,1.4
2019,11,42,17.4,9.4,49,2.1
2019,12,39,12.3,4.7,43,1.9
