Product: Historical Climate - TerraClimate(http://www.climatologylab.org/terraclimate.html) 
Location (Lat/Lon of 4-km Grid Cell Center): 34.1042 North,74.8125 East 
Data Source: NW Climate Toolbox(https://climatetoolbox.org/tool/point-data-download)
Download Date: 07/25/2020
Variable List: 
ppt: ppt (Precipitation)
tmax: tmax (Maximum Temperature)
tmin: tmin (Minimum Temperature)
aet: aet (Actual Evapotranspiration)
PDSI: pdsi (Palmer Drought Severity Index (PDSI))
********************************************************
Year,Month,ppt(mm),tmax(degC),tmin(degC),aet(mm),PDSI(unitless)
1958,1,50,7.4,1.1,24,-0.1
1958,2,13,11.2,0.5,33,-1.3
1958,3,62,16.1,5.4,63,-1.8
1958,4,86,22.4,11.2,92,-2.5
1958,5,62,24.4,11.8,91,-3.2
1958,6,22,29.8,15.3,31,-3.7
1958,7,28,31.2,19.6,32,-3.8
1958,8,58,29,18.2,58,-3.4
1958,9,52,27.9,13.5,51,-2.8
1958,10,11,22.7,7.1,12,-3.3
1958,11,27,16.4,2,27,-3.2
1958,12,123,9.9,0.4,25,-1.9
1959,1,110,4.8,-1.8,17,2.5
1959,2,110,7.2,-0.5,37,3.1
1959,3,124,15.1,5.5,70,2.7
1959,4,58,21.2,9.1,92,1.5
1959,5,156,24,12.5,135,2.2
1959,6,10,30.8,16.3,51,1.8
1959,7,117,29.8,18,118,3.1
1959,8,22,30.3,19,28,2.1
1959,9,32,29.3,13.8,35,1.7
1959,10,40,25.2,8.7,41,1.3
1959,11,99,16,1,53,2.4
1959,12,29,9.5,-0.9,33,1.9
1960,1,23,6,-1.6,22,1.3
1960,2,51,12.9,3.3,34,0.6
1960,3,118,13.2,4.2,68,-1.3
1960,4,119,18.5,7.9,102,-1.2
1960,5,86,25.6,12.4,120,-0.9
1960,6,21,30.8,15.8,49,-1.2
1960,7,56,30.5,19.1,63,-1
1960,8,50,30.5,19.1,53,-1
1960,9,11,28.2,13.7,14,-1.7
1960,10,0,23.4,6.7,2,-2.5
1960,11,12,15.5,1.1,13,-2.9
1960,12,61,9.6,-2.3,41,-2.6
1961,1,88,6.8,-0.2,27,-1.7
1961,2,40,7.8,-0.6,39,-2.1
1961,3,49,15.5,5.2,62,-2.6
1961,4,145,20.5,8.8,103,-2.3
1961,5,45,26.6,12.4,107,-2.8
1961,6,38,30.7,16,48,-3.1
1961,7,45,31.1,18.9,49,-2.8
1961,8,34,30,18.1,36,-2.9
1961,9,39,29.1,14.5,39,-2.7
1961,10,42,22.8,7.1,42,-2.6
1961,11,44,15.2,0.1,43,-2.3
1961,12,33,8.2,-2.8,31,-2.4
1962,1,17,5.8,-1.2,17,-2.9
1962,2,76,10.9,1.8,34,-3.1
1962,3,30,15.8,5,43,-3.7
1962,4,159,20.9,10.3,102,-3.2
1962,5,32,25.2,12.2,77,-3.9
1962,6,33,30.5,15.8,43,-4.2
1962,7,46,30.6,19.4,50,-3.9
1962,8,39,29.9,18.6,40,-3.8
1962,9,107,26.9,12.9,102,-1.9
1962,10,5,22.6,6.6,7,-2.4
1962,11,59,15.2,1.6,49,-1.7
1962,12,51,8.3,-1.5,33,-1.5
1963,1,0,6.2,-2.1,8,-2.2
1963,2,47,11.7,2.3,33,-2.8
1963,3,215,15.1,4.8,68,-1.9
1963,4,145,19.7,8.8,94,-1.2
1963,5,58,24.2,10.4,101,-1.1
1963,6,13,30.9,16.5,36,-1.6
1963,7,18,31,19.2,26,-2.2
1963,8,23,29.6,18.6,27,-2.7
1963,9,25,27.9,12.9,27,-2.8
1963,10,12,24.1,7.7,14,-3.2
1963,11,66,16.5,1.8,50,-2.3
1963,12,75,9.9,-1.7,41,-1.7
1964,1,76,2.8,-2.2,8,-0.7
1964,2,64,8.4,0.4,33,1.6
1964,3,56,16.5,6,63,0.7
1964,4,167,20.4,9.7,103,1.2
1964,5,50,24.3,11.1,104,0.8
1964,6,65,29,14.8,78,0.9
1964,7,76,29.3,17.8,80,1.5
1964,8,45,30.6,18.2,47,1
1964,9,26,28.1,13.8,27,-0.3
1964,10,0,23.3,6.6,2,-1.6
1964,11,2,16.3,-0.3,4,-2.3
1964,12,103,9.2,-1.3,42,-1.4
1965,1,73,6.8,-0.8,21,-0.7
1965,2,114,8.1,1.1,35,1.9
1965,3,67,14.7,4.3,65,1.1
1965,4,152,18.1,6.4,89,1.6
1965,5,116,24,10.5,121,2.3
1965,6,11,30,15.8,65,2.5
1965,7,37,29.8,17.7,46,1.9
1965,8,36,28.5,16.6,40,1.4
1965,9,14,28.2,12.4,17,0.6
1965,10,42,24.1,7.2,42,-1.1
1965,11,28,17.4,2.7,29,-1.2
1965,12,13,9.2,-2.5,13,-1.8
1966,1,0,8,-1.5,2,-2.9
1966,2,184,11.7,3.1,26,-1.5
1966,3,183,14.4,5.2,61,-0.6
1966,4,98,19.2,8.4,91,-0.8
1966,5,108,25.2,11.7,122,1.9
1966,6,24,30.6,15.8,69,2.1
1966,7,50,30.1,17.7,59,1.9
1966,8,36,29.5,18.7,40,1.3
1966,9,100,26.5,12.2,96,2.6
1966,10,128,21.6,6.3,74,4
1966,11,3,16.4,0.2,25,3.5
1966,12,17,8.9,-2.1,22,2.6
1967,1,9,5,-1.7,13,1.6
1967,2,106,10.9,2.8,36,1.5
1967,3,115,14.1,3.9,61,1.2
1967,4,83,19.8,8.3,87,0.6
1967,5,146,24.1,11.1,128,1.8
1967,6,24,30.5,15.8,87,2.5
1967,7,15,31.3,19.1,26,1.5
1967,8,41,29.4,18.1,45,1.1
1967,9,37,28.4,13.5,39,0.9
1967,10,54,21.4,5.5,54,1.1
1967,11,26,15.8,1.3,26,0.8
1967,12,131,9.1,-1.3,26,1.9
1968,1,62,4,-3,7,2.6
1968,2,49,7.4,-2.1,28,2.3
1968,3,75,15.2,5.3,56,1.5
1968,4,110,20.3,9.5,101,1.2
1968,5,58,23.3,10.7,96,1.1
1968,6,19,30.8,16.1,45,0.7
1968,7,35,30.7,18.5,42,-0.2
1968,8,49,29.4,17.7,52,-0.9
1968,9,2,29.4,13.5,5,-1.7
1968,10,65,21.7,5.7,64,-1.1
1968,11,44,16.4,0.5,42,-0.7
1968,12,34,8.4,-1.4,24,-0.9
1969,1,50,5,-1.1,22,-0.7
1969,2,104,8.7,1.3,36,0.2
1969,3,103,18,6.9,62,-0.2
1969,4,234,19.3,9.2,91,2.2
1969,5,94,24.4,10.8,109,2.6
1969,6,25,30.1,15.7,70,2.8
1969,7,31,30.9,18.6,41,2.1
1969,8,17,30.3,18.8,22,1.1
1969,9,17,28,13.3,20,-1.5
1969,10,85,23.5,7.5,78,-0.6
1969,11,1,17.3,2.3,4,-1
1969,12,0,10.4,-0.9,2,-1.7
1970,1,35,6.4,0.2,22,-2
1970,2,37,11.4,1.5,35,-2.7
1970,3,74,14.6,5.2,60,-2.9
1970,4,84,22.8,11.1,86,-3.4
1970,5,58,27.6,13.6,63,-4
1970,6,56,30.7,15.9,57,-3.9
1970,7,39,31,18.3,40,-3.8
1970,8,46,31.1,18.6,46,-3.6
1970,9,40,28.9,14.1,40,-3.2
1970,10,88,24.4,7.5,78,-2
1970,11,0,17.6,0.2,3,-2.3
1970,12,5,10.1,-1,7,-2.8
1971,1,9,6.3,-1.4,10,-3.5
1971,2,98,10.9,1.5,35,-3.4
1971,3,21,17.2,6,45,-4.1
1971,4,111,23.1,10.9,94,-4
1971,5,30,26.5,13.8,52,-4.9
1971,6,55,30.1,16,61,-4.5
1971,7,30,30.4,18.6,33,-4.4
1971,8,34,29.8,18.3,36,-4.4
1971,9,13,27.3,12.6,15,-4.5
1971,10,7,23.5,6.7,9,-4.7
1971,11,15,17.6,1.7,15,-4.7
1971,12,3,11.1,-0.9,4,-5
1972,1,49,6.6,0.6,27,-4.8
1972,2,86,6.7,-1,36,-4.5
1972,3,194,15.3,5.7,55,-3.4
1972,4,59,20,8.2,77,-3.7
1972,5,131,25.3,11.8,125,-2.5
1972,6,21,30.3,15.7,63,-1.9
1972,7,40,30.1,17.6,49,-1.9
1972,8,64,28.9,18.1,66,-1.5
1972,9,40,27.4,12.4,42,-1.3
1972,10,94,21.9,5.5,73,1.8
1972,11,19,17.4,2.1,24,1.7
1972,12,49,9.4,-0.6,31,1.6
1973,1,134,5.3,-0.5,27,2.9
1973,2,89,11.5,1.5,33,3.1
1973,3,204,14,4.6,63,3.8
1973,4,148,22.2,10,93,3.9
1973,5,59,26.7,12.9,104,3.4
1973,6,16,32.2,17.2,38,2.5
1973,7,57,30.9,18.9,62,2.4
1973,8,97,29.8,17.9,97,3.2
1973,9,34,29.3,14.2,35,2.7
1973,10,24,22.8,6.3,25,2
1973,11,0,17.7,0.7,2,1.1
1973,12,29,9.8,-2.1,28,0.6
1974,1,87,5.7,-0.1,26,0.9
1974,2,96,7.3,-0.3,35,1
1974,3,80,16.4,7.2,65,-1.1
1974,4,40,23.1,10.5,77,-2.1
1974,5,71,26,12.6,97,-2.3
1974,6,93,28.8,14.8,98,-1.5
1974,7,38,30.1,18.2,42,-1.6
1974,8,18,29.9,18.4,20,-2.2
1974,9,27,27.8,12.9,28,-2.2
1974,10,12,22.4,5.7,13,-2.6
1974,11,3,16.3,0.2,4,-3.1
1974,12,69,6.8,-2.3,28,-2.5
1975,1,52,5.1,-2,18,-2.1
1975,2,96,7.2,-1,32,-1.5
1975,3,171,13.6,3.4,64,-0.8
1975,4,69,19.6,9.2,84,-1.4
1975,5,139,25.2,11.8,127,1.4
1975,6,26,28.9,15.2,76,1.8
1975,7,78,29.3,16.7,85,2.2
1975,8,153,29.4,17.5,136,3.9
1975,9,42,27.3,13.4,50,3.9
1975,10,3,23.9,7.1,8,2.7
1975,11,9,15,-0.1,12,1.8
1975,12,8,9.5,-1.2,10,0.9
1976,1,89,6.6,-0.4,22,1.3
1976,2,138,8.3,0.9,37,2.1
1976,3,90,12.8,4.5,67,1.4
1976,4,52,20.2,8.7,76,-1.4
1976,5,37,26.1,12.2,73,-2
1976,6,19,28.3,14.9,28,-2.7
1976,7,22,31.2,19.1,27,-3
1976,8,161,28.6,16.6,128,2.3
1976,9,67,27.6,12.4,80,3.3
1976,10,61,22.8,7.1,64,3.3
1976,11,2,16.6,1.5,7,2.3
1976,12,15,9.7,-0.9,18,1.5
1977,1,88,4.9,0,29,1.8
1977,2,15,10.2,0.2,26,0.6
1977,3,17,17.6,6.6,35,-2.4
1977,4,122,21.4,10.2,98,-2.4
1977,5,51,24.4,11.4,73,-3
1977,6,23,29.6,15.7,31,-3.4
1977,7,32,30.7,18.9,36,-3.5
1977,8,40,29.9,18,41,-3.4
1977,9,18,27.9,13.7,20,-3.6
1977,10,80,23.5,8.1,76,-2.5
1977,11,20,17.8,3.3,21,-2.5
1977,12,63,9.4,0,30,-2.1
1978,1,30,4.8,-1.3,20,-2.1
1978,2,47,9.3,1.2,37,-2.5
1978,3,161,12.4,4,70,-2.1
1978,4,65,21.4,9.4,78,-2.5
1978,5,67,28.8,14.4,104,-2.5
1978,6,31,31.7,17.2,45,-2.8
1978,7,127,29.8,18.2,126,-0.8
1978,8,52,29.7,18.9,55,-0.8
1978,9,30,28.4,13.5,32,-0.9
1978,10,2,23.5,7.2,4,-1.5
1978,11,108,15.7,1.5,43,1.8
1978,12,4,10.5,-0.8,15,1.1
1979,1,34,6.7,-0.5,25,0.8
1979,2,63,10.2,1.1,33,-0.3
1979,3,128,13.2,4.2,60,0
1979,4,139,22.2,11.6,95,0.3
1979,5,144,22.9,10.8,122,1.7
1979,6,31,30.4,15.6,94,2.5
1979,7,17,31.6,18.6,28,1.6
1979,8,57,29.5,18.2,60,1.4
1979,9,55,27.3,12.2,55,1.6
1979,10,8,24.2,7,11,0.7
1979,11,70,17.4,2.1,47,1.4
1979,12,33,10.3,-0.1,28,1.1
1980,1,36,6.1,0.3,28,0.7
1980,2,155,9.5,1.7,34,1.6
1980,3,81,13.7,4.6,58,1.1
1980,4,55,22.9,10.7,80,-1.2
1980,5,76,26.5,13.2,106,-1.4
1980,6,60,30.5,16.2,70,-1.3
1980,7,71,30.6,18.8,74,-0.7
1980,8,36,29.3,17.9,38,-1
1980,9,74,27.4,12.6,73,0.8
1980,10,28,23.1,6.7,29,-0.3
1980,11,39,17.7,1.1,38,0.5
1980,12,21,9.9,-1.3,21,0
1981,1,95,6.6,0.7,20,0.7
1981,2,95,10.7,1.9,30,0.9
1981,3,246,14.9,4.8,56,2.4
1981,4,191,21.9,9.9,98,3.3
1981,5,60,26.9,13.7,105,2.9
1981,6,48,29.4,15.6,69,2.6
1981,7,79,29.6,18.5,84,3.1
1981,8,30,29,18,34,2.3
1981,9,14,28,12.5,16,1.5
1981,10,26,21.9,5.8,27,1
1981,11,33,15.6,1.1,33,0.9
1981,12,1,9.5,-1.5,2,-1.8
1982,1,34,6.7,-0.2,24,-2.1
1982,2,93,7.7,-0.8,31,-2
1982,3,162,12.6,3,52,-1.4
1982,4,133,20.4,9.2,86,-0.9
1982,5,64,24,10.8,98,-0.7
1982,6,15,29.2,15.4,45,-0.8
1982,7,26,31,18.4,35,-1.3
1982,8,41,29.2,18.2,44,-1.4
1982,9,26,26.9,12.5,28,-1.5
1982,10,98,22.3,6.7,73,1.1
1982,11,91,15.3,1.9,42,2.7
1982,12,78,8.6,-0.8,35,3
1983,1,58,5.6,-0.5,22,3.3
1983,2,45,10,-0.1,36,2.7
1983,3,297,11.9,3,58,4.6
1983,4,170,18,7.3,80,5.1
1983,5,101,24.4,11.2,107,5.4
1983,6,47,28.1,14.5,98,6
1983,7,36,29.7,17.4,46,5.2
1983,8,58,30,18.3,61,4.9
1983,9,42,28.5,14,43,4.5
1983,10,32,22.2,6.3,33,3.8
1983,11,6,17.3,0.9,8,2.8
1983,12,6,9.5,-0.5,7,1.8
1984,1,19,6,-0.4,19,0.8
1984,2,67,7.9,-0.1,38,-2.5
1984,3,81,17.2,6.9,58,-2.7
1984,4,140,20.3,9.7,89,-2.3
1984,5,103,27.3,13.9,124,-1.9
1984,6,24,32.3,17.2,60,-1.9
1984,7,59,30,18,66,-1.4
1984,8,72,30.8,17.8,74,-0.7
1984,9,51,26.2,12.1,51,1.2
1984,10,6,22.8,5.9,8,-0.7
1984,11,43,16,1.1,40,0.6
1984,12,38,8.1,-0.4,32,0.3
1985,1,38,6.1,-0.4,24,-0.2
1985,2,25,12.4,1.6,28,-1.2
1985,3,27,16.7,7.7,32,-2.1
1985,4,79,22,9.8,78,-2.7
1985,5,98,25.9,12.5,96,-2.7
1985,6,13,30.2,15.5,14,-3.5
1985,7,51,31,18.2,50,-3.1
1985,8,46,29.6,18.6,45,-3
1985,9,4,28.9,13.6,4,-3.5
1985,10,53,22,6.1,52,-3
1985,11,7,16.6,1.6,7,-3.3
1985,12,184,9.6,-0.2,31,-0.9
1986,1,8,4.4,-2.9,9,-1
1986,2,111,10.4,0.9,33,2.3
1986,3,170,13.5,4.1,62,2.7
1986,4,181,19.8,8.6,87,3.5
1986,5,49,24.2,10.8,98,3
1986,6,34,29.2,15.1,52,2.5
1986,7,37,29.7,18.1,43,2
1986,8,83,29.1,17.7,84,2.5
1986,9,16,28.2,12.4,18,1.8
1986,10,39,23.3,7.1,39,1.5
1986,11,139,16,2.3,43,3.6
1986,12,132,7.7,-1.7,30,4.9
1987,1,15,6.2,-2,18,4.2
1987,2,86,11.3,2,32,4.2
1987,3,65,15.1,5.5,50,3.3
1987,4,188,20.8,9.6,90,4.1
1987,5,149,22.1,9.6,120,5.2
1987,6,79,28.4,14.3,119,6.6
1987,7,30,29.7,18.8,54,6
1987,8,12,30.9,18.2,21,4.5
1987,9,13,29.6,13.9,17,3.5
1987,10,170,21.7,7.3,74,5.5
1987,11,0,17.5,1.7,30,5
1987,12,8,10.5,-0.2,20,3.9
1988,1,52,7.9,1,24,3.7
1988,2,108,11.4,2.6,36,3.9
1988,3,195,13.6,5.2,56,4.4
1988,4,48,22.4,10.7,77,3
1988,5,18,27.4,13.9,52,1.4
1988,6,74,30,15.8,81,1.4
1988,7,111,30.6,18.7,111,2.6
1988,8,51,29,17.7,52,2.3
1988,9,74,27.9,13.5,73,2.8
1988,10,13,22.1,6.7,14,1.9
1988,11,3,18.2,1.8,5,1
1988,12,65,10.3,-0.2,29,1.1
1989,1,28,5.6,-1.2,27,0.6
1989,2,53,9,0.5,37,-1.7
1989,3,76,14.2,5,55,-2
1989,4,87,19.1,8.1,90,-2.3
1989,5,112,24.5,12.4,121,-1.9
1989,6,22,28.4,15.5,41,-2.2
1989,7,85,29,17.7,89,-1.2
1989,8,67,28.1,16.8,68,-0.8
1989,9,47,28.5,12.5,47,-0.6
1989,10,38,23.2,6.5,38,-0.7
1989,11,33,15.8,1.6,33,-0.6
1989,12,33,9.8,-0.2,25,-0.8
1990,1,83,7.3,2.3,23,0.5
1990,2,107,9.9,2.3,29,1.2
1990,3,205,13.9,3.9,64,2.1
1990,4,95,19.5,9.1,90,1.6
1990,5,24,27.7,14.4,87,0.7
1990,6,24,30.6,16.3,35,-1.6
1990,7,40,30.8,18.8,44,-1.7
1990,8,73,29.9,17.7,73,-1.1
1990,9,29,29.3,14,30,-1.2
1990,10,16,22.3,5.8,17,-1.5
1990,11,7,18.2,1.5,8,-2
1990,12,232,8.8,-0.8,33,2.8
1991,1,30,3.7,-2,9,2.8
1991,2,77,8.4,1.3,33,2.8
1991,3,119,14.3,4.8,56,2.6
1991,4,172,18.8,8,84,3.3
1991,5,104,23.8,11.1,109,3.8
1991,6,16,29.5,15.4,70,4
1991,7,42,30.5,19.1,52,3.4
1991,8,39,29.9,17.7,43,2.7
1991,9,34,28.2,13.1,36,2.4
1991,10,6,21.9,5.9,8,1.5
1991,11,5,16.7,0.8,7,0.7
1991,12,27,9.7,1,24,-1.8
1992,1,124,6,0.7,22,1.2
1992,2,62,9.5,0.5,37,1
1992,3,219,12.6,5.5,57,2.1
1992,4,73,19.2,8.4,80,1.4
1992,5,78,23.4,10.8,101,1.5
1992,6,19,28.8,15.1,48,1.1
1992,7,35,29.5,18,43,0.9
1992,8,51,29.2,17.9,54,0.8
1992,9,102,26.9,12.5,98,2.2
1992,10,27,22.7,6.6,28,1.8
1992,11,49,17.3,1.1,46,1.9
1992,12,20,11.1,0.1,20,1.3
1993,1,62,5,-0.7,26,1.2
1993,2,86,12.3,3.7,31,1
1993,3,179,12.7,3.9,64,1.5
1993,4,33,21.5,9.2,72,-1.1
1993,5,85,26.1,14,103,-1.2
1993,6,75,29.3,15.5,84,-0.8
1993,7,90,28.9,17.6,92,1.2
1993,8,11,30.2,18.5,15,-1
1993,9,27,28.1,13,28,-1.1
1993,10,6,22.3,6.6,8,-1.7
1993,11,34,16.8,2.7,34,-1.5
1993,12,0,10.1,0.2,2,-2.2
1994,1,72,6.4,1,25,-1.8
1994,2,98,9,0.9,37,-1.6
1994,3,99,16.7,6.2,60,-1.7
1994,4,118,18.7,8.2,90,-1.4
1994,5,85,25.6,12.4,113,-0.9
1994,6,48,30.4,16,80,0.4
1994,7,51,30.4,18.3,59,0.9
1994,8,57,29.7,18,59,1
1994,9,39,26.1,12.8,40,1
1994,10,42,21.5,5.6,42,0.9
1994,11,2,17.9,1.3,4,-0.7
1994,12,131,8,0.4,31,1.1
1995,1,34,3.7,-0.8,17,1.2
1995,2,126,9.4,0.8,35,2.2
1995,3,75,13.3,4.9,54,1.5
1995,4,130,18,8.2,80,1.7
1995,5,44,25.5,13.1,97,1.3
1995,6,39,30,16.7,54,0.8
1995,7,135,30,18.8,126,2.7
1995,8,73,28.6,17.6,79,3.2
1995,9,13,26.8,13.2,18,2.4
1995,10,40,22.1,7.6,41,2.1
1995,11,39,16.8,1,38,2
1995,12,35,8.3,-0.7,32,1.5
1996,1,70,5.5,-0.6,25,1.6
1996,2,122,10.6,2.6,37,1.9
1996,3,194,14.4,6.8,57,2.6
1996,4,159,20.2,10.7,91,3
1996,5,157,23.4,11.9,124,4.3
1996,6,115,28.1,15.3,117,6.6
1996,7,29,29.8,18.3,85,7.4
1996,8,76,28,17.7,83,7.2
1996,9,11,28,14.2,17,5.8
1996,10,81,21.9,5.6,77,5.9
1996,11,21,15.8,0.8,24,5.3
1996,12,19,9.8,-2.4,20,4.2
1997,1,19,5.5,-2,18,3.1
1997,2,20,10.8,0.4,20,1.4
1997,3,104,14.8,4.9,59,1
1997,4,128,19.7,7.6,90,0.8
1997,5,66,23.3,9.8,97,-2.2
1997,6,34,28.1,15.1,51,-2.3
1997,7,37,31.4,18.6,44,-2.3
1997,8,137,29.4,16.9,131,1.8
1997,9,23,28.5,13.6,26,1.5
1997,10,50,22.5,4.4,50,1.6
1997,11,54,15.5,1,42,1.9
1997,12,32,8,-1,30,1.4
1998,1,67,5.4,-0.6,24,1.6
1998,2,155,9.9,1.5,33,2.7
1998,3,66,13.7,4.4,63,1.7
1998,4,176,21.1,10.4,84,2.6
1998,5,97,25.6,13.5,115,2.9
1998,6,37,28.8,16.1,78,3.2
1998,7,23,30.6,18.9,33,2.3
1998,8,24,29.3,19.1,28,1.4
1998,9,42,27.6,14,44,1.4
1998,10,53,23.3,8.8,53,1.4
1998,11,0,16.5,0.2,2,-1.3
1998,12,9,9.1,-2.1,10,-1.9
1999,1,114,5.1,-0.2,26,-0.8
1999,2,66,11.6,2.1,31,-0.8
1999,3,60,15.2,6.3,58,-1.4
1999,4,131,22.6,11.9,98,-1.1
1999,5,44,26.6,13.9,101,-1.3
1999,6,23,29.7,16.2,36,-1.8
1999,7,41,30.8,19.3,45,-1.8
1999,8,56,29.4,18.6,57,-1.5
1999,9,32,29.5,15.1,33,-1.5
1999,10,4,23.8,8.2,6,-2.1
1999,11,67,17.3,3,46,-1.2
1999,12,0,11.1,-0.6,8,-1.8
2000,1,71,5.6,0.3,27,-1.4
2000,2,51,9.2,0.1,37,-1.8
2000,3,47,15.1,4.6,55,-2.4
2000,4,35,22.9,11.6,63,-3.6
2000,5,48,29.1,15.8,56,-4.3
2000,6,57,29.5,16.5,59,-4
2000,7,53,28.8,19,53,-3.5
2000,8,44,29.4,18,44,-3.3
2000,9,37,27.7,13.3,37,-3
2000,10,5,24.2,8.1,6,-3.5
2000,11,10,17.2,2.9,11,-3.7
2000,12,16,9.7,1,16,-3.9
2001,1,12,6.5,-0.6,12,-4.5
2001,2,30,11.9,2.5,29,-5.2
2001,3,66,16.9,5.9,63,-5.2
2001,4,66,21.2,10.7,63,-5.6
2001,5,50,28.1,14.9,48,-6.2
2001,6,69,29,16.4,66,-5.4
2001,7,57,29.3,18.8,54,-4.7
2001,8,45,29.4,18.8,43,-4.5
2001,9,33,26.7,13,32,-4.2
2001,10,21,23.9,7.8,20,-4.2
2001,11,60,17.1,1.9,47,-3.3
2001,12,24,9.6,1.2,23,-3.3
2002,1,28,6.1,0,25,-3.4
2002,2,106,9.7,1,34,-3
2002,3,88,16.8,6,61,-3.2
2002,4,105,22,11.1,88,-3
2002,5,48,27.6,14,104,-3
2002,6,82,29.4,16,93,-2.1
2002,7,20,30.6,19.4,26,-2.6
2002,8,63,28.9,19,64,-2
2002,9,51,25.1,12.8,51,-1.4
2002,10,9,23.2,7.5,10,-1.9
2002,11,2,17.9,2.2,3,-2.4
2002,12,14,9,1.6,15,-2.7
2003,1,24,6.4,0.2,23,-3.2
2003,2,251,9.5,1.9,31,-0.7
2003,3,164,14.4,5.6,58,2.5
2003,4,134,21.2,10.8,88,2.6
2003,5,136,23.9,11.7,132,3.5
2003,6,33,29.9,16.6,93,4.2
2003,7,67,29.9,18.7,75,4.2
2003,8,34,28.2,18.7,38,3.4
2003,9,74,27.1,14.1,74,3.9
2003,10,25,22.6,6.6,27,3.1
2003,11,32,15.5,1.5,33,2.8
2003,12,59,9.4,0.4,29,2.6
2004,1,84,5.5,1,20,3
2004,2,58,12.3,2.1,34,2.5
2004,3,20,19.6,9,51,1.2
2004,4,195,22.9,11.2,94,2.1
2004,5,94,26,13.2,120,2.3
2004,6,44,28.1,15.5,78,2.6
2004,7,38,29.7,18.7,47,2
2004,8,52,28.8,18,55,1.8
2004,9,12,28.6,13.6,15,1
2004,10,75,20.9,6.4,72,1.5
2004,11,28,17.4,2.3,29,1.4
2004,12,37,10.3,0.3,29,1
2005,1,110,5.1,-0.6,20,2
2005,2,134,7.6,1.2,32,3
2005,3,97,15.5,6.2,55,2.4
2005,4,118,20.6,9.4,100,2.2
2005,5,79,23.2,11.9,106,2.3
2005,6,12,29.5,16.7,46,2
2005,7,69,29,18.5,75,2.2
2005,8,18,29.8,18.5,23,1.1
2005,9,23,27.9,14.6,25,0.7
2005,10,30,22.7,7.9,31,-1.2
2005,11,41,16.6,1.4,40,-0.9
2005,12,5,9.2,-1.2,6,-1.6
2006,1,126,4.5,0.9,25,1.2
2006,2,85,12.6,5.9,26,1.4
2006,3,54,15.9,6.2,58,0.6
2006,4,89,21.6,11,91,-1.1
2006,5,31,28.4,16,81,-1.7
2006,6,45,28.2,15.6,54,-1.9
2006,7,77,30.6,18.9,79,-1.2
2006,8,130,28.2,18.8,119,2.1
2006,9,74,27,13.3,76,3
2006,10,45,23.4,8.6,46,2.8
2006,11,83,16.9,2.8,43,3.5
2006,12,90,9.6,-0.9,34,3.8
2007,1,5,7.4,-0.7,20,2.9
2007,2,88,11.9,1.8,31,2.9
2007,3,201,14.7,4.9,62,3.5
2007,4,16,24.1,12.8,70,1.7
2007,5,51,26.5,13.7,66,0.6
2007,6,69,29.4,15.8,73,0.7
2007,7,54,30,18.4,56,0.6
2007,8,37,29.3,19.3,38,-1.9
2007,9,27,27.6,14.4,27,-2
2007,10,0,22.3,7.3,2,-2.6
2007,11,10,18.4,1.1,10,-2.9
2007,12,9,8.9,-0.3,10,-3.3
2008,1,78,3.1,0.2,22,-2.6
2008,2,67,8.9,0.7,36,-2.6
2008,3,8,18.8,8.1,40,-3.4
2008,4,139,20.5,9.6,91,-3
2008,5,78,25.9,14.4,106,-2.7
2008,6,51,30,18,80,-2.3
2008,7,33,29.8,19.2,41,-2.3
2008,8,56,28.8,17.6,59,-2
2008,9,33,26.9,13.2,35,-1.9
2008,10,55,23.8,8.5,55,-1.5
2008,11,55,17.7,2.1,48,-0.9
2008,12,102,11.1,0.5,31,1.3
2009,1,86,7.6,1.5,24,2.1
2009,2,142,11.7,2.5,31,3.3
2009,3,56,16.4,6.2,57,2.3
2009,4,134,21,10,91,2.3
2009,5,50,26.5,13.2,101,1.9
2009,6,51,28.3,15.6,67,1.7
2009,7,19,30,19,26,0.8
2009,8,25,30.8,19.3,28,-1.6
2009,9,27,27.2,14.1,29,-1.7
2009,10,10,22.7,8,12,-2.1
2009,11,44,15.5,1.4,42,-1.7
2009,12,31,9.9,-0.3,28,-1.8
2010,1,17,7.7,0.6,17,-2.3
2010,2,104,10.1,1.9,25,-2
2010,3,73,19.1,9.1,64,-2.4
2010,4,116,23.4,12.6,94,-2.3
2010,5,166,25,13.4,121,1.7
2010,6,56,27.4,14.9,107,3.1
2010,7,85,28.9,18.5,98,4
2010,8,129,28.4,19,118,5.4
2010,9,30,26.3,14.1,39,5.1
2010,10,34,23.4,9.3,38,4.5
2010,11,1,18.8,2.4,5,3.3
2010,12,27,9.9,-1.3,27,2.6
2011,1,55,5.1,-1.3,22,2.3
2011,2,132,10.2,2.1,34,2.6
2011,3,97,15.5,6.9,66,2
2011,4,100,20.8,9.1,95,1.5
2011,5,32,28,15.2,94,0.7
2011,6,44,29.7,17.4,53,-1.6
2011,7,37,29.4,18.9,41,-1.7
2011,8,50,29.1,18.6,51,-1.6
2011,9,58,27.1,14.4,57,-0.9
2011,10,44,23.4,8.4,44,-0.8
2011,11,24,17.6,2.8,24,-0.9
2011,12,19,9,0.2,19,-1.4
2012,1,58,4.1,-1.1,18,-1.2
2012,2,62,7.4,1.7,35,-1.5
2012,3,106,14.5,6.3,63,-1.7
2012,4,114,20.2,9.9,88,-1.6
2012,5,42,24.8,12.9,98,-1.7
2012,6,20,29.1,16.7,34,-2.1
2012,7,14,31,20.3,21,-2.7
2012,8,32,28.9,19,34,-2.9
2012,9,103,27.1,14.1,98,-1
2012,10,23,22.4,6.5,25,-1.1
2012,11,14,16.4,1.9,16,-1.4
2012,12,56,9.9,0.1,35,-1.3
2013,1,48,5.5,-1.5,22,-1.2
2013,2,149,9.9,0,28,1.5
2013,3,81,15.3,4.7,62,0.9
2013,4,138,21,10.5,88,1.2
2013,5,49,26,14.3,100,0.8
2013,6,61,30,17.1,76,0.9
2013,7,64,30.8,19.7,69,1.1
2013,8,75,29,19.6,75,1.6
2013,9,34,28.4,14.7,35,1.4
2013,10,25,25.2,9.6,26,0.9
2013,11,37,16.2,2.2,37,0.9
2013,12,13,10,0.6,14,-0.6
2014,1,62,6.8,0.3,25,0
2014,2,51,9.3,1.4,39,-1.3
2014,3,230,14.4,5.5,58,1
2014,4,173,19.8,9.6,88,1.9
2014,5,79,24.3,12.3,108,2
2014,6,22,29.7,17.2,54,1.7
2014,7,40,30.4,20.1,48,1.3
2014,8,51,29.4,19.3,54,1.1
2014,9,105,27.6,14.2,100,2.5
2014,10,61,22.8,8.7,61,2.8
2014,11,30,17.2,1.7,31,2.5
2014,12,0,8.6,-0.6,2,1.4
2015,1,25,6.2,0.6,23,0.6
2015,2,160,9.3,1.5,32,1.3
2015,3,303,13.8,4.8,58,3.4
2015,4,219,20.9,10.5,89,4.7
2015,5,72,25.1,13.5,108,4.4
2015,6,63,28.1,16.2,88,4.6
2015,7,94,29.5,18.8,99,5.1
2015,8,57,28,18.9,59,4.7
2015,9,58,26.7,13.5,59,4.7
2015,10,76,23.1,8.5,73,4.8
2015,11,39,17.3,3.1,38,4.5
2015,12,25,9.3,0.3,25,3.7
2016,1,35,7,0.7,28,2.7
2016,2,39,11.6,2.6,38,1.4
2016,3,161,15.9,6.5,59,1.1
2016,4,64,22.1,11.5,82,0.9
2016,5,80,26.5,13.9,105,0.7
2016,6,63,31,17.8,81,0.6
2016,7,48,30.6,19.4,54,0.7
2016,8,48,29.1,18.5,50,1
2016,9,16,28.9,14.9,18,0.8
2016,10,2,24,8.6,4,-1.5
2016,11,3,16.9,2.1,5,-1.9
2016,12,7,10.5,0.3,8,-2.5
2017,1,127,5.3,-0.3,22,-1.6
2017,2,61,11,2.9,37,-1.7
2017,3,58,15,5.9,57,-2.2
2017,4,190,22.6,11.8,96,-1.1
2017,5,53,26.9,14.3,98,-0.7
2017,6,61,29.8,16.1,81,2.1
2017,7,38,30.3,19.3,45,2.4
2017,8,35,29.7,18.8,38,2
2017,9,37,28.3,14.2,38,1.4
2017,10,1,24.5,9,3,0.6
2017,11,42,16.9,1.9,41,-1.6
2017,12,36,10,0.4,34,-1.7
2018,1,4,7.9,1.4,6,-2.2
2018,2,50,12.2,3.5,36,-2.8
2018,3,34,17.8,8.2,37,-2.9
2018,4,123,22.8,12,89,-2.3
2018,5,50,25.9,13.4,64,-1.7
2018,6,46,30.1,17.1,51,2
2018,7,52,30.4,19.2,54,3.7
2018,8,45,30.3,19.4,46,4.2
2018,9,39,28.2,14.2,39,4.4
2018,10,26,22.3,7,26,4.8
2018,11,57,16.8,2,42,5.4
2018,12,12,9.2,-0.5,15,4.6
2019,1,103,5.9,-0.3,21,-1.1
2019,2,113,10.6,1.8,31,1.4
2019,3,90,13.9,4.6,60,0.9
2019,4,68,21.8,10.5,78,-0.6
2019,5,73,24.9,11.8,100,0.1
2019,6,53,27.5,13.6,75,0.7
2019,7,29,30.7,18.9,37,-0.4
2019,8,63,30,18.4,65,0.2
2019,9,11,30.7,16,14,-0.9
2019,10,32,23.5,7.4,32,-0.9
2019,11,100,16.6,1.2,39,1.5
2019,12,46,7.4,-2.8,25,1.5
