Product: Historical Climate - TerraClimate(http://www.climatologylab.org/terraclimate.html) 
Location (Lat/Lon of 4-km Grid Cell Center): 34.3542 North,73.4792 East 
Data Source: NW Climate Toolbox(https://climatetoolbox.org/tool/point-data-download)
Download Date: 07/25/2020
Variable List: 
ppt: ppt (Precipitation)
tmax: tmax (Maximum Temperature)
tmin: tmin (Minimum Temperature)
aet: aet (Actual Evapotranspiration)
PDSI: pdsi (Palmer Drought Severity Index (PDSI))
********************************************************
Year,Month,ppt(mm),tmax(degC),tmin(degC),aet(mm),PDSI(unitless)
1958,1,57,15.2,3.8,36,0.9
1958,2,16,17,2.6,41,-0.9
1958,3,80,21.8,8,78,-1.4
1958,4,77,27.7,15.4,93,-2
1958,5,43,29.7,16.9,57,-2.7
1958,6,50,35.1,21.2,55,-2.9
1958,7,115,33.8,22.6,113,-3.3
1958,8,171,31.3,21.3,145,-3.3
1958,9,89,30.7,18.3,95,-3.1
1958,10,10,27.9,12.8,14,-3.7
1958,11,32,21.7,7.8,34,-3.5
1958,12,162,16.4,4.6,34,-1.7
1959,1,143,12.9,1,42,2.9
1959,2,156,13,1.7,47,3.5
1959,3,129,21.1,8.4,84,3
1959,4,82,26.6,12.6,111,2.1
1959,5,142,29.6,17.3,146,2.7
1959,6,23,36.2,22.1,40,1.8
1959,7,425,32.1,21,148,3
1959,8,109,32.3,21.9,132,2.1
1959,9,99,32.2,18.7,106,2
1959,10,41,30.3,14.3,59,1.7
1959,11,88,21,7.1,57,2.5
1959,12,63,15.9,3.2,52,2.4
1960,1,31,14,1.1,37,1.8
1960,2,78,18.8,6.1,45,1.3
1960,3,132,18.9,6.9,81,1.1
1960,4,125,23.8,11.7,114,1.2
1960,5,69,30.9,17.4,123,1.3
1960,6,33,36.3,21.6,42,-0.7
1960,7,245,33.2,22,162,-0.8
1960,8,163,32.9,21.9,156,-1.2
1960,9,42,31.1,18.4,96,-1.5
1960,10,3,28.7,12.3,13,-2.5
1960,11,13,20.7,6.9,17,-2.7
1960,12,70,16,1.9,53,-2.5
1961,1,128,14.8,2.7,40,-1.3
1961,2,51,13.5,1.7,48,-1.6
1961,3,46,21.3,7.5,72,-2.3
1961,4,157,26,12.6,114,-1.7
1961,5,27,32.3,17.2,82,-1.9
1961,6,81,36.1,21.7,87,-1.8
1961,7,235,33.5,21.8,149,-1.7
1961,8,145,32.1,20.9,139,-2
1961,9,106,32.2,19.4,112,-1.2
1961,10,56,27.9,12.4,79,1.1
1961,11,48,21.1,4.6,50,1.6
1961,12,34,15.3,1,38,1.2
1962,1,20,13.7,1.5,28,-0.6
1962,2,90,16.7,4,42,-1.1
1962,3,42,21.9,7.6,61,-1.8
1962,4,132,26,14.2,112,-1.5
1962,5,36,30.5,17.1,70,-1.9
1962,6,65,35.7,21.6,71,-2
1962,7,242,32.9,22.2,157,-1.9
1962,8,166,31.7,21.7,143,-2
1962,9,159,29.1,17.4,114,1.4
1962,10,7,27.4,12.4,60,1.1
1962,11,43,20.1,7.2,45,1.3
1962,12,66,15.3,2,44,1.3
1963,1,0,14.2,1,22,-0.9
1963,2,63,17.7,5.2,44,-1.5
1963,3,218,21,7.7,82,-0.8
1963,4,121,25.4,12.6,108,0.2
1963,5,86,29.4,15.5,125,1.3
1963,6,35,36.3,22.5,52,0.8
1963,7,81,33.4,22.3,85,-1.4
1963,8,124,31.8,21.6,122,-2
1963,9,60,30.9,17.6,60,-2.6
1963,10,10,29.1,13.7,12,-3.4
1963,11,62,21.9,7.2,55,-2.7
1963,12,78,16.5,2.4,52,-2.2
1964,1,99,10.9,0.2,40,-1.4
1964,2,90,14.2,2.8,42,-1.2
1964,3,63,22.1,8.9,74,-1.7
1964,4,149,25.5,13.5,118,-1.2
1964,5,41,29.8,16.2,95,-1.2
1964,6,94,34.5,20.8,100,-0.9
1964,7,374,31.7,21,152,1.4
1964,8,140,32.5,21.2,145,0.7
1964,9,62,30.7,18.5,97,-0.2
1964,10,8,28.1,12.2,22,-1.4
1964,11,6,21.9,4.9,12,-2
1964,12,101,15.4,2,51,-1.4
1965,1,88,14.4,2.6,34,-0.7
1965,2,145,13.8,3.4,45,1.6
1965,3,83,20.2,7.2,80,0.9
1965,4,178,23.4,10.1,102,1.9
1965,5,128,29.7,15.2,139,2.9
1965,6,25,35.3,21.4,64,2.7
1965,7,265,32.1,20.8,154,2.5
1965,8,125,30.4,19.8,133,1.7
1965,9,31,30.9,17.1,72,0.9
1965,10,44,29,13.3,52,-1.4
1965,11,27,22.7,8,31,-1.5
1965,12,19,15.9,0.7,21,-2.1
1966,1,0,16.2,2.1,3,-3.2
1966,2,205,17.4,6,35,-2.2
1966,3,220,19.9,8.1,74,-1
1966,4,109,24.4,11.8,103,-0.8
1966,5,62,30.3,16.7,115,1.6
1966,6,44,36.1,21.7,52,1.1
1966,7,223,32.4,21,161,0.8
1966,8,125,31.6,21.7,134,-1
1966,9,143,29.3,17.2,112,0.9
1966,10,93,26.2,12.6,81,2.1
1966,11,3,21.6,5.5,38,1.8
1966,12,15,15.4,1.7,28,1.1
1967,1,11,12.8,1.2,23,-1.3
1967,2,140,16.2,5.6,46,-1.2
1967,3,148,19.8,6.4,79,-0.9
1967,4,94,25,12,99,-0.9
1967,5,121,29.1,16.2,135,1
1967,6,40,35.5,21.9,68,1
1967,7,73,33.3,22.3,78,-1
1967,8,141,31.3,21.1,136,-1.4
1967,9,74,30.9,18.7,74,-1.7
1967,10,51,25.9,11.6,51,-1.6
1967,11,26,20.9,7,26,-1.6
1967,12,158,15.5,2.7,34,1.3
1968,1,82,11.9,-0.4,32,2
1968,2,69,13.4,0.4,40,1.7
1968,3,88,20.6,8.2,70,1
1968,4,105,25.7,13.4,109,0.8
1968,5,67,28.2,15.7,107,1.1
1968,6,25,35.8,22.1,36,-0.6
1968,7,141,33,21.8,140,-1.2
1968,8,185,31.4,20.8,141,-1.4
1968,9,8,31.9,18.5,32,-2.4
1968,10,57,26.7,11.6,62,-2.2
1968,11,47,21.3,6.6,45,-1.8
1968,12,45,14.5,2.6,32,-1.7
1969,1,55,12.8,2,41,-1.6
1969,2,122,14.2,3.7,44,-1.4
1969,3,96,23,10.4,76,-1.7
1969,4,173,24.4,12.9,106,1
1969,5,86,29.6,15.7,119,1.7
1969,6,37,35.1,21.5,59,1.3
1969,7,163,33.1,22.1,157,0.8
1969,8,73,32,21.8,77,-1.5
1969,9,56,30.8,17.9,57,-2.1
1969,10,74,28.1,13.6,72,-1.6
1969,11,7,21.9,8.2,9,-2
1969,12,0,17,3.3,2,-2.7
1970,1,52,14.1,3.2,33,-2.8
1970,2,56,17.2,4,45,-3.3
1970,3,83,20.5,7.7,76,-3.4
1970,4,84,28.1,15.2,92,-3.7
1970,5,43,33.3,18.3,47,-4.3
1970,6,82,36.2,21.8,81,-3.8
1970,7,213,33,21.7,157,-3.6
1970,8,163,33.3,21.8,142,-3.7
1970,9,129,31.6,18.8,115,-2.5
1970,10,65,29.2,13.6,74,-1.4
1970,11,0,23,5.7,27,-1.4
1970,12,13,16.5,3.2,22,-1.8
1971,1,8,14,1.6,17,-2.4
1971,2,152,16.6,4,44,-2
1971,3,37,23.2,8.5,66,-2.6
1971,4,108,28.5,14.7,106,-2.6
1971,5,24,32.4,18.4,48,-3.2
1971,6,89,35.8,21.8,93,-2.5
1971,7,170,32.8,21.7,152,-2.6
1971,8,126,31.8,21.4,127,-2.9
1971,9,55,29.7,17.7,57,-3.3
1971,10,8,28.5,12.3,11,-3.9
1971,11,10,23,7.3,12,-4
1971,12,8,17.7,3.3,9,-4.4
1972,1,85,14.2,3.7,40,-3.9
1972,2,108,12.1,1.3,48,-3.7
1972,3,178,20.4,8.3,66,-2.8
1972,4,75,25.4,12.1,93,-2.9
1972,5,102,30.2,17.3,122,-2.1
1972,6,62,35.3,21.6,75,-1.8
1972,7,204,32.3,21.1,159,-1.8
1972,8,191,30.6,21.1,144,-1.9
1972,9,93,30.3,17.2,106,-1.3
1972,10,49,27.2,11,64,-0.6
1972,11,18,23.3,7.2,29,0.1
1972,12,63,16,3.3,39,1
1973,1,146,13.3,1.9,42,2.4
1973,2,136,17,3.9,42,2.9
1973,3,228,19.4,7.4,74,3.7
1973,4,115,27.1,14,106,3.4
1973,5,63,31.8,17.9,117,3.3
1973,6,22,37.5,23.1,31,2.2
1973,7,281,33.1,22.1,157,2.2
1973,8,265,31.9,21,139,2.6
1973,9,102,31.9,19,112,2.8
1973,10,25,28.1,11.9,61,2.7
1973,11,2,23.6,6.2,14,2
1973,12,24,16.9,1.5,28,1.3
1974,1,83,13.4,2.6,39,1.2
1974,2,115,12.6,2,44,1.2
1974,3,58,22.4,10,68,-1.2
1974,4,54,28.4,14.7,88,-2
1974,5,53,31.4,17.5,65,-2.4
1974,6,133,34.4,20.7,133,-1.3
1974,7,189,32.6,21.5,155,-1.5
1974,8,128,31.9,21.6,130,-1.8
1974,9,71,30.4,18,79,-2.1
1974,10,7,27.4,11.3,12,-2.8
1974,11,3,21.8,5.7,6,-3.3
1974,12,71,13.5,1.4,45,-2.9
1975,1,52,13.1,0.4,41,-2.7
1975,2,111,13.1,1.3,43,-2.6
1975,3,133,19.3,6.2,79,-2.3
1975,4,79,25,13.4,95,-2.4
1975,5,118,30.6,17.1,133,-1.5
1975,6,53,34.5,20.9,70,-1.4
1975,7,330,31.9,20,161,-0.7
1975,8,452,31.6,20.8,151,3.2
1975,9,85,30.2,18.2,108,3.1
1975,10,10,28.8,13,41,2.4
1975,11,10,20.4,5.8,19,1.6
1975,12,15,16.2,2.9,19,0.7
1976,1,97,14.7,2.5,38,0.9
1976,2,181,13.9,3.5,48,1.7
1976,3,102,18.3,7,85,1.1
1976,4,63,25.5,12.7,89,-0.5
1976,5,27,31.6,17.4,56,-1.6
1976,6,47,34,20.7,54,-1.9
1976,7,127,33.6,22.2,125,-2.3
1976,8,592,30.7,19.7,141,3.1
1976,9,115,30.3,17.8,113,3.5
1976,10,42,27.4,13.6,70,3.6
1976,11,3,21.3,7.3,26,3
1976,12,13,16.2,3.1,23,2.1
1977,1,133,12.3,2.5,43,2.7
1977,2,19,15.9,2.4,35,1.7
1977,3,19,23.7,9.7,49,0.6
1977,4,110,27.1,13.9,108,-1.7
1977,5,41,29.9,16.5,51,-2.4
1977,6,42,35.5,21.5,46,-2.6
1977,7,315,33.2,21.9,161,-2
1977,8,122,32.1,21.2,133,-2.3
1977,9,67,30.8,18.3,96,-2.2
1977,10,49,28.3,14.7,61,-2
1977,11,24,22.5,9.6,29,-1.9
1977,12,52,16,3.9,40,-1.8
1978,1,45,12.6,1.3,39,-1.8
1978,2,52,15.2,3.4,49,-2.4
1978,3,207,18.3,6.7,86,-1.7
1978,4,54,26.9,13.4,83,-2.1
1978,5,50,33.9,19.4,76,-2.4
1978,6,51,36.8,23.1,57,-2.5
1978,7,575,32,21.2,157,2.5
1978,8,192,31.9,21.8,150,2.1
1978,9,64,31.6,18,98,1.9
1978,10,8,28.5,13.1,31,1.3
1978,11,84,21.1,7.2,47,2.1
1978,12,4,17.2,3.5,21,1.4
1979,1,61,14.8,2.6,38,1.2
1979,2,111,16.2,3.5,42,1.1
1979,3,134,19.4,6.8,72,1
1979,4,162,27.8,15.4,109,1.7
1979,5,107,28.1,15.7,127,2.5
1979,6,67,35.7,21.5,97,2.9
1979,7,107,34.1,22,111,1.8
1979,8,294,30.8,21.7,151,2
1979,9,90,30.1,17.4,103,2.2
1979,10,5,29.6,12.7,44,1.7
1979,11,46,23,7.1,45,1.8
1979,12,31,17.1,3.7,31,1.4
1980,1,57,13.6,2.9,39,1.1
1980,2,182,15,4.3,42,1.8
1980,3,113,19.3,7.2,67,1.5
1980,4,50,28.2,14.8,88,-0.8
1980,5,71,31.9,18,89,-1.2
1980,6,123,35.9,21.9,125,0.8
1980,7,333,33.2,21.7,156,1.3
1980,8,125,31.2,21.1,138,0.6
1980,9,134,30.4,17.4,114,1.4
1980,10,36,28.3,12.6,63,1.7
1980,11,35,23.1,6.8,40,1.9
1980,12,26,16.8,2.8,30,1.4
1981,1,110,14.5,3.1,31,2.1
1981,2,118,16,4.2,38,2.4
1981,3,273,20.9,7.7,67,3.8
1981,4,178,27.4,14,112,4.4
1981,5,65,32.4,18.5,119,4.2
1981,6,78,34.7,21.4,85,3.9
1981,7,315,31.9,21.7,148,4
1981,8,144,31,21,145,3.1
1981,9,35,30.8,17.6,82,2.4
1981,10,29,26.5,12,38,1.8
1981,11,16,21.9,6.3,21,1.3
1981,12,4,16.4,2.6,7,-1.9
1982,1,50,14.8,2.5,36,-2.1
1982,2,107,13.4,1.3,40,-2.2
1982,3,176,18.2,5.8,59,-1.4
1982,4,106,26.3,12.8,95,-1.1
1982,5,45,30,15.8,99,-0.8
1982,6,23,34.7,21.3,32,-1.3
1982,7,114,33.5,21.7,114,-2
1982,8,158,31.2,21.4,134,-2.1
1982,9,47,29.5,17.7,55,-2.6
1982,10,61,27,12.7,63,-2.2
1982,11,94,19.9,8.2,44,-0.8
1982,12,87,15.1,2.6,42,1.6
1983,1,77,13.7,2.2,35,2.1
1983,2,54,16.3,2.2,44,1.5
1983,3,250,17.7,5.5,72,2.7
1983,4,179,23.6,11,89,3.8
1983,5,72,30.4,16.3,106,4
1983,6,94,33.8,20.2,112,4.4
1983,7,196,32.4,20.7,161,3.6
1983,8,287,32,21.4,121,4
1983,9,58,31.3,18.9,88,3.6
1983,10,24,27.6,11.9,49,3.1
1983,11,7,23.3,6.2,15,2.4
1983,12,11,16.1,3.1,15,1.5
1984,1,20,14.2,2.2,22,0.6
1984,2,86,13.4,2.4,44,-2.2
1984,3,87,22.8,9.8,70,-2.5
1984,4,109,26.1,13.4,99,-2.2
1984,5,76,32.7,19.2,110,-2.1
1984,6,53,37.5,23.1,60,-2.2
1984,7,293,32.4,21.1,139,-1.5
1984,8,294,32.4,21.2,119,1.5
1984,9,135,29,16.9,105,2.5
1984,10,10,27.9,11.7,57,2.1
1984,11,45,21.4,7.1,44,2.4
1984,12,38,14.7,3.4,36,2
1985,1,50,14,2.2,35,1.8
1985,2,26,18.2,4.2,36,0.8
1985,3,30,22.7,10.6,45,-1.8
1985,4,74,27.8,13.5,78,-2.3
1985,5,83,31.5,17.5,83,-2.5
1985,6,14,36.1,21.3,16,-3.2
1985,7,222,33.5,21.4,139,-3
1985,8,198,31.6,21.8,150,-2.8
1985,9,9,31.8,18.2,66,-3.3
1985,10,44,27,12.2,52,-3.1
1985,11,10,22.4,6.8,15,-3.2
1985,12,189,16.1,3.8,39,-1.1
1986,1,22,12.7,0,32,-1.2
1986,2,160,16,3.2,41,2.1
1986,3,180,19.3,7,72,2.5
1986,4,134,25.6,12.5,97,2.7
1986,5,38,30.1,15.9,92,2.5
1986,6,76,34.7,21.1,83,2.3
1986,7,193,32.2,21.4,153,1.8
1986,8,338,31,20.9,137,2.6
1986,9,51,30.8,17.7,87,2.2
1986,10,31,28.6,12.8,51,2
1986,11,133,21.6,7.9,46,3.8
1986,12,134,14.5,2.6,40,4.9
1987,1,10,14.9,1.1,27,4
1987,2,111,17.2,4.4,40,3.8
1987,3,122,20.9,8.6,61,3.4
1987,4,148,26.4,13.6,104,3.7
1987,5,102,28.2,14.8,122,4.4
1987,6,138,33.9,20.3,148,5.6
1987,7,164,32.1,22.2,165,4.6
1987,8,66,33.1,21.5,76,3
1987,9,33,32.3,19.2,37,1.6
1987,10,141,26.3,13.7,81,2.9
1987,11,0,22.9,7.8,28,2.4
1987,12,10,17.9,3.8,22,1.6
1988,1,67,15.9,4,35,1.4
1988,2,114,17,5.2,46,1.3
1988,3,209,19.4,8.1,68,2.1
1988,4,44,28.1,14.4,85,1
1988,5,15,33.2,19,34,-2.1
1988,6,128,35.7,21.5,129,-1
1988,7,389,33.2,21.7,145,1.8
1988,8,228,31.3,20.7,141,2
1988,9,79,31,18.3,102,2
1988,10,18,27.4,12.7,50,1.7
1988,11,5,24.3,7,14,1.1
1988,12,73,17.4,3.7,37,1.2
1989,1,49,13.7,1.2,45,0.9
1989,2,55,14.8,2.7,44,-0.6
1989,3,73,20.4,7.4,65,-1.4
1989,4,67,25.1,11.5,89,-1.9
1989,5,90,30.2,17.2,103,-1.8
1989,6,38,34.5,21.1,43,-2.2
1989,7,405,31.4,21.1,162,-0.8
1989,8,230,30.4,19.9,148,1.3
1989,9,75,31.4,17.4,102,1.3
1989,10,24,28.8,12.4,52,1
1989,11,20,21.6,7,26,0.8
1989,12,43,16.9,3.8,32,0.6
1990,1,102,14.8,5.3,33,1.1
1990,2,131,15.5,4.6,38,1.7
1990,3,170,19.9,6.7,74,2
1990,4,72,25.2,12.8,90,1.4
1990,5,26,33.6,19,61,-1
1990,6,55,36.4,21.9,62,-1.2
1990,7,127,33.4,21.9,126,-1.7
1990,8,228,32,20.8,131,-1.6
1990,9,79,32.6,18.3,97,-1.2
1990,10,40,27.8,11.4,61,-0.7
1990,11,6,24.4,6.7,22,-1
1990,12,239,15.6,2.9,41,2.9
1991,1,43,12,1.1,35,2.7
1991,2,145,13.9,3.2,41,3.3
1991,3,122,20,7.5,67,2.9
1991,4,151,24.4,11.5,93,3.5
1991,5,101,29.1,15.9,119,4.1
1991,6,32,34.9,21.3,65,3.8
1991,7,183,33,22.2,162,3.1
1991,8,135,32.2,20.9,133,2.3
1991,9,111,31.1,17.8,103,2.5
1991,10,5,26.9,11.8,21,1.7
1991,11,9,22.5,6.2,15,1
1991,12,25,16.4,5.1,25,-1.5
1992,1,176,13.7,3.3,34,1.5
1992,2,84,15.3,2.9,44,1.4
1992,3,209,18.5,7.8,68,2.2
1992,4,90,24.4,11.6,94,1.9
1992,5,81,28.7,15.7,113,2.2
1992,6,26,34.4,21.1,44,1.6
1992,7,158,32.2,20.9,140,1.1
1992,8,209,31.2,20.8,140,0.8
1992,9,156,29.5,17.4,109,2.1
1992,10,38,27.7,12.5,66,2.3
1992,11,39,23,6.2,42,2.5
1992,12,32,17.9,3.9,33,2.1
1993,1,68,13.2,1.2,41,2.1
1993,2,81,17.8,6.2,39,1.8
1993,3,156,18.6,6.5,77,1.9
1993,4,42,26.8,13,82,0.9
1993,5,57,31.6,18.9,74,-1.3
1993,6,120,34.8,21,121,0.7
1993,7,384,31.6,20.3,143,1.7
1993,8,59,32.3,21.7,113,0.6
1993,9,94,31.5,17.5,95,0
1993,10,16,27.5,12.3,23,-1.5
1993,11,28,21.9,8.4,31,-1.5
1993,12,2,16.5,4.6,4,-2.2
1994,1,75,14.5,3.5,36,-2
1994,2,124,15,2.9,44,-1.8
1994,3,97,22.7,8.7,72,-2
1994,4,121,24.6,11.6,103,-1.5
1994,5,61,31.3,17.1,114,-1.1
1994,6,93,36,21.7,99,-0.7
1994,7,380,32.8,21,133,1.8
1994,8,191,31.9,20.9,127,1.8
1994,9,104,28.6,17.3,109,2.2
1994,10,63,26.1,11.6,71,2.8
1994,11,5,23.8,6.5,27,2.4
1994,12,130,15,3.9,39,3.3
1995,1,29,12.5,2.1,34,2.8
1995,2,122,15.7,3.2,44,3
1995,3,76,19.2,7.3,66,2.2
1995,4,153,23.5,11.6,88,2.9
1995,5,47,31.1,17.6,101,2.7
1995,6,79,35.2,22.6,85,2.4
1995,7,549,32.6,21.7,142,4.5
1995,8,220,31.2,20.4,127,4.4
1995,9,63,29.8,17.8,94,4
1995,10,46,27.3,13.3,60,3.9
1995,11,36,23.1,5.9,39,3.8
1995,12,34,15.5,2.4,35,3.1
1996,1,74,13.8,1.5,38,3
1996,2,157,16.3,5.1,44,3.4
1996,3,189,19.8,9.5,68,3.8
1996,4,132,25.7,14.6,106,3.8
1996,5,113,29.1,16.5,130,4.5
1996,6,180,33.6,20.8,136,6.6
1996,7,157,32.2,21.2,155,5.7
1996,8,248,30.2,20.7,127,5.7
1996,9,48,31.2,18.6,90,4.9
1996,10,71,27.1,11.3,73,5
1996,11,26,21.4,5.9,33,4.5
1996,12,13,16.8,0.8,21,3.5
1997,1,28,13.6,0.4,29,2.5
1997,2,24,16.7,2.4,27,1.1
1997,3,95,20.6,7.2,69,0.6
1997,4,157,25,11.2,102,1
1997,5,58,28.7,14.3,106,1.1
1997,6,92,33.4,20.6,98,1.5
1997,7,207,33.6,21.8,151,1.2
1997,8,406,31.5,19.9,149,2.7
1997,9,44,31.4,18.3,87,2.2
1997,10,58,27.3,10.1,61,2.4
1997,11,38,21.1,6.3,38,2.5
1997,12,45,14.9,2.3,35,2.2
1998,1,91,13.2,2.5,37,2.6
1998,2,201,15.3,4,42,3.9
1998,3,71,19.2,7.3,72,2.8
1998,4,167,26.5,14.4,99,3.5
1998,5,88,30.6,18.5,125,3.8
1998,6,108,34,21.7,123,4.3
1998,7,193,32.7,21.9,153,3.6
1998,8,130,30.9,22.1,130,2.7
1998,9,88,30.5,18.3,95,2.6
1998,10,44,28.5,14.7,57,2.2
1998,11,0,22.6,5.8,7,1.4
1998,12,5,16.2,2.1,9,-1.7
1999,1,132,12.9,2.5,39,-0.8
1999,2,107,17.3,4.4,39,1.1
1999,3,70,20.9,8.9,69,-0.6
1999,4,121,28.1,15.7,116,0
1999,5,35,32.2,18.6,87,-0.7
1999,6,36,35.4,21.8,44,-1.1
1999,7,178,33.1,22.7,160,-1.4
1999,8,175,31.6,21.7,140,-1.6
1999,9,88,32.4,19.8,97,-1.3
1999,10,5,28.9,14.1,23,-1.9
1999,11,71,22.6,8.5,48,-1
1999,12,0,18.1,3.1,16,-1.5
2000,1,78,13.3,3,39,-1.3
2000,2,56,15.2,2.5,44,-1.7
2000,3,49,21.1,7.2,64,-2.3
2000,4,23,28.7,15.7,49,-3.7
2000,5,32,34.7,20.8,39,-4.4
2000,6,91,34.7,22.2,91,-3.6
2000,7,284,31.1,22.2,152,-3
2000,8,166,31.5,21.1,144,-3
2000,9,78,30.4,18.2,98,-2.4
2000,10,12,29,14.1,46,-2.4
2000,11,14,22.5,8.1,23,-2.5
2000,12,22,16.3,5,25,-2.7
2001,1,11,14.3,2,14,-3.4
2001,2,33,17.7,4.5,33,-4.2
2001,3,72,22.9,8.3,70,-4.4
2001,4,65,26.8,14.3,63,-4.9
2001,5,33,33.6,19.9,32,-5.5
2001,6,147,34.4,21.8,140,-3.7
2001,7,255,31.5,21.8,142,-3.3
2001,8,168,31.2,22,145,-3.2
2001,9,66,29.3,17.9,93,-2.8
2001,10,18,28.8,13.6,46,-2.6
2001,11,52,22.7,7.3,50,-2
2001,12,20,16.4,5.1,23,-2.1
2002,1,37,14.2,2.7,36,-2.4
2002,2,129,15.4,3.2,42,-2.2
2002,3,91,22.5,8.9,75,-2.5
2002,4,100,27.7,14.6,100,-2.3
2002,5,26,32.9,19.3,77,-2.4
2002,6,151,34.7,21.6,146,-0.9
2002,7,92,32.9,22.7,96,-1.9
2002,8,218,31.3,22,130,-1.8
2002,9,80,28.3,17.3,96,-1.3
2002,10,8,28.6,13.4,44,-1.4
2002,11,10,23.6,7.6,20,-1.6
2002,12,32,15.7,5,32,-1.8
2003,1,32,13.8,3,32,-2.1
2003,2,306,14.9,4.6,38,2.1
2003,3,150,19.8,8.4,71,2.1
2003,4,131,26.4,14.7,101,2.3
2003,5,102,29.5,16.7,133,2.9
2003,6,67,35.3,22.4,88,3
2003,7,301,32.1,21.7,146,3.1
2003,8,204,30.2,21.5,146,2.9
2003,9,131,29.7,18.9,105,3.7
2003,10,27,27.6,12.6,61,3.5
2003,11,41,20.7,7,42,3.6
2003,12,50,15.8,4.6,36,3.3
2004,1,120,12.9,4,26,4.2
2004,2,91,17.6,4.8,42,3.9
2004,3,21,25,12.2,64,2.5
2004,4,165,28.5,15.1,112,2.7
2004,5,56,31.2,18.4,110,2.4
2004,6,77,33.6,21,83,2.3
2004,7,151,32,22,149,1.5
2004,8,188,30.8,21.2,143,1.1
2004,9,46,31,18.6,68,-1.4
2004,10,80,25.5,12.3,77,-0.8
2004,11,23,22.9,8,29,-0.9
2004,12,56,16.7,4.4,38,-0.8
2005,1,146,12.7,2.4,30,1.6
2005,2,182,12.8,3.5,37,2.8
2005,3,86,21,9.1,63,2.1
2005,4,116,26.2,13.2,113,1.9
2005,5,82,28.5,16.6,118,2.3
2005,6,22,34.9,22.5,41,1.7
2005,7,230,31.4,21.5,158,1.4
2005,8,80,31.4,22,123,-1.2
2005,9,61,30.7,19.3,74,-1.5
2005,10,38,27.8,13.7,43,-1.7
2005,11,45,22.1,6.8,43,-1.3
2005,12,5,16.1,2.7,8,-1.9
2006,1,156,12,3.8,38,-0.6
2006,2,97,18,8.5,33,1.3
2006,3,54,21.4,8.8,65,-0.7
2006,4,78,27.6,14.5,95,-1.1
2006,5,24,33.9,20.7,49,-1.9
2006,6,79,33.6,21,83,-1.5
2006,7,348,32.7,22,152,-0.6
2006,8,418,30.3,21.4,132,2.9
2006,9,94,29.6,18.1,101,3.1
2006,10,45,28.8,14.2,63,3.3
2006,11,71,22.3,7.9,46,4
2006,12,131,16,2.6,42,5
2007,1,4,15,1.7,25,4
2007,2,128,17.4,3.7,34,4
2007,3,221,20.1,7.6,72,4.6
2007,4,35,29.5,16.4,87,3
2007,5,50,31.8,18.3,59,2
2007,6,148,34.4,21.3,143,3
2007,7,265,32,21.2,163,2.7
2007,8,121,31.3,22.3,137,1.8
2007,9,89,30.5,19.1,98,1.9
2007,10,2,27.3,12.9,26,1.2
2007,11,9,23.9,6.5,17,0.6
2007,12,10,15.2,3.2,14,-1.8
2008,1,123,10.8,2.6,40,-1
2008,2,55,14.6,3.4,45,-1.3
2008,3,14,24.7,11,55,-2.2
2008,4,150,26,13.2,102,-1.6
2008,5,56,31.8,19.2,109,-1.4
2008,6,119,35.3,23.1,120,1.3
2008,7,226,32.1,22.1,154,1
2008,8,248,30.6,20.6,137,1.4
2008,9,78,29.8,17.9,96,1.5
2008,10,42,28.7,14.6,61,1.7
2008,11,34,23,7.6,38,1.8
2008,12,115,17.6,4.3,39,2.5
2009,1,108,15.2,4.1,34,3.4
2009,2,181,17.5,4.6,39,4.4
2009,3,75,22.1,8.7,72,3.3
2009,4,156,25.9,13.8,103,3.8
2009,5,55,32.1,18.2,109,3.6
2009,6,107,33.7,21.4,112,3.7
2009,7,99,32.8,21.8,100,2.4
2009,8,107,32.7,22.5,105,1.4
2009,9,61,30,19.1,60,0.6
2009,10,8,27.9,13.6,9,-2.8
2009,11,40,21.1,6.8,39,-2.4
2009,12,34,16.4,3.5,32,-2.5
2010,1,29,15.5,3.7,28,-2.8
2010,2,143,15.2,4.5,32,-2.5
2010,3,76,24.7,12.1,76,-2.9
2010,4,84,29,16.6,99,-3
2010,5,114,30.2,18.5,128,-2
2010,6,117,33,20.4,130,-0.8
2010,7,508,31.2,21.5,141,3.5
2010,8,470,30.2,21.7,130,5.7
2010,9,84,29.2,18.4,98,5.5
2010,10,15,28.3,15.1,50,4.9
2010,11,1,23.7,7.8,13,3.9
2010,12,18,16.7,2.1,22,3
2011,1,52,13.1,1.7,37,2.4
2011,2,190,15.8,4.3,42,2.9
2011,3,88,21.1,10.1,77,2.1
2011,4,79,26.5,12.6,96,1.5
2011,5,32,33.7,20,68,0.7
2011,6,69,35.3,23.1,75,0.7
2011,7,166,31.9,21.8,154,-1.6
2011,8,204,30.9,21.4,133,-1.6
2011,9,118,29.4,18.9,100,-0.6
2011,10,48,28,14.2,66,1.4
2011,11,21,22.5,8.6,34,1.4
2011,12,7,15.1,3.7,22,0.7
2012,1,78,12.1,1.3,36,0.9
2012,2,77,12.7,3.7,41,0.7
2012,3,115,19.9,9.1,74,-0.2
2012,4,93,25.6,13.3,94,-0.1
2012,5,51,30,17.7,99,0.1
2012,6,31,34.7,22.3,40,-1
2012,7,102,33.2,23.2,102,-1.8
2012,8,140,30.9,21.8,135,-2.1
2012,9,158,29.5,18.6,101,-1
2012,10,30,27.6,12,53,-0.8
2012,11,16,21.8,7,26,-0.9
2012,12,80,16.4,3.5,42,0.3
2013,1,52,13.8,1.4,39,0.8
2013,2,209,15.3,3.1,34,2.3
2013,3,110,20.8,6.9,71,1.8
2013,4,116,26.4,14.1,101,1.9
2013,5,33,31.5,19.1,88,1.5
2013,6,120,35.4,22.6,125,2
2013,7,299,33.3,22.6,169,2
2013,8,297,30.8,22.4,126,2.9
2013,9,77,31.6,19.2,95,2.9
2013,10,26,29.8,14.8,51,2.7
2013,11,52,21.7,7.5,48,3
2013,12,11,16.3,4.7,20,2.2
2014,1,49,15,2.9,36,1.8
2014,2,77,15.1,3.7,45,1.2
2014,3,237,20.1,8.2,69,2.2
2014,4,161,25.2,13.5,99,2.9
2014,5,79,30,17.3,116,3.2
2014,6,45,35.3,22.9,63,2.8
2014,7,177,33,23.3,166,2.1
2014,8,180,31.6,22.5,152,1.6
2014,9,157,30.5,19.1,107,2.5
2014,10,61,27.5,14.5,70,3.1
2014,11,34,22.6,7.1,41,3.3
2014,12,0,15.4,3,20,2.4
2015,1,48,14,3.2,33,2.1
2015,2,175,14.5,3.8,32,3.1
2015,3,292,19.5,7.4,67,4.6
2015,4,201,26,14,101,5.6
2015,5,64,30.4,18,117,5.3
2015,6,90,34.2,21.8,95,5.3
2015,7,369,31.8,21.9,153,5.6
2015,8,299,29.9,21.7,146,6
2015,9,98,29.3,18.2,104,5.9
2015,10,66,28,14.5,72,6.2
2015,11,39,22.1,8.2,42,6.1
2015,12,32,16,3.8,35,5.3
2016,1,53,14.8,3.1,37,4.6
2016,2,53,17.2,4.9,51,3.5
2016,3,184,20.8,8.2,67,3.2
2016,4,73,27.4,14.5,91,3.2
2016,5,71,31.9,18.3,104,3
2016,6,107,36.5,23,111,2.5
2016,7,253,33.1,22.2,161,2.5
2016,8,177,31.2,21,148,2.2
2016,9,45,31.9,19.4,85,2
2016,10,5,29.2,14.3,24,1.3
2016,11,5,22.1,7,12,0.6
2016,12,22,16.8,3.8,24,-1.7
2017,1,154,13.3,1.8,35,-1.2
2017,2,98,16.5,4.7,46,-1.4
2017,3,69,20.6,8.4,68,-2
2017,4,157,28,15.3,109,-1.5
2017,5,45,32.6,18.9,100,-1.1
2017,6,92,35.3,21.7,98,1.7
2017,7,174,32.8,22,142,1.7
2017,8,130,31.8,21.6,129,1.1
2017,9,77,31.1,18.6,86,0.7
2017,10,4,29.8,14.7,11,-1.2
2017,11,31,22.3,7,33,-1.5
2017,12,36,16.7,3.6,35,-1.9
2018,1,7,15.4,3.7,10,-2.4
2018,2,76,17.8,5.6,42,-2.8
2018,3,62,23.9,11.2,63,-2.9
2018,4,116,28.4,15.6,97,-1.5
2018,5,55,31.4,17.9,75,-0.6
2018,6,74,35.6,22,78,3.8
2018,7,220,32.9,22,129,6
2018,8,183,32.5,22.3,136,6.1
2018,9,61,31.2,18.7,89,7.2
2018,10,21,27.7,12.8,46,7.7
2018,11,46,22.5,7.1,42,7.8
2018,12,17,16.1,3.1,22,6.8
2019,1,153,14.1,2.7,31,1.4
2019,2,127,16.8,4.6,36,2
2019,3,77,20.5,8,66,1.3
2019,4,68,27.8,14.9,84,0.7
2019,5,42,30.5,16.8,78,-0.2
2019,6,113,33.1,19.5,117,0.6
2019,7,194,32.9,21.7,144,-0.3
2019,8,179,32.1,21.6,142,-0.8
2019,9,89,32.4,19.7,101,0.4
2019,10,18,27.9,12.6,50,0
2019,11,59,22.1,6.6,43,1
2019,12,23,15.2,2.1,28,0.6
