Product: Historical Climate - TerraClimate(http://www.climatologylab.org/terraclimate.html) 
Location (Lat/Lon of 4-km Grid Cell Center): 33.7292 North,75.1458 East 
Data Source: NW Climate Toolbox(https://climatetoolbox.org/tool/point-data-download)
Download Date: 07/24/2020
Variable List: 
ppt: ppt (Precipitation)
tmax: tmax (Maximum Temperature)
tmin: tmin (Minimum Temperature)
aet: aet (Actual Evapotranspiration)
PDSI: pdsi (Palmer Drought Severity Index (PDSI))
********************************************************
Year,Month,ppt(mm),tmax(degC),tmin(degC),aet(mm),PDSI(unitless)
1958,1,72,8.4,1.7,27,-0.6
1958,2,18,11.7,1.1,33,-1.5
1958,3,78,16.3,5.9,69,-1.9
1958,4,95,22.8,11.6,101,-2.6
1958,5,64,23.8,11.9,105,-3.2
1958,6,26,30.6,17.3,39,-3.9
1958,7,39,30.2,19.9,43,-4
1958,8,47,28,18.5,49,-3.7
1958,9,97,27.1,14.8,95,-2.7
1958,10,18,22.2,8.5,19,-2.9
1958,11,28,16,3,28,-3
1958,12,209,10.3,1,28,-1.5
1959,1,187,5.6,-1.4,22,2.8
1959,2,158,7.8,0,36,3.1
1959,3,145,15.4,5.8,73,2.5
1959,4,62,21.5,9.8,98,1.3
1959,5,171,23.2,12.5,134,2
1959,6,11,31.7,18.4,70,1.5
1959,7,144,28.7,18.3,135,2.9
1959,8,30,29,19.1,42,2.4
1959,9,51,28.4,15.3,55,2.1
1959,10,42,24.7,10.1,44,1.6
1959,11,121,15.5,2,52,2.8
1959,12,44,9.9,-0.2,38,2.2
1960,1,45,6.7,-1.3,26,1.6
1960,2,60,13.3,3.5,42,0.7
1960,3,159,13.3,4.4,68,0.6
1960,4,138,18.8,8.5,107,-1.3
1960,5,87,25,12.6,121,-1.3
1960,6,25,31.6,17.7,58,-1.8
1960,7,72,29.4,19.3,79,-1.4
1960,8,45,29.2,19.3,49,-1.5
1960,9,17,27.7,15.3,20,-2.1
1960,10,0,22.9,8,3,-2.9
1960,11,11,15.2,2.1,13,-3.2
1960,12,96,10.3,-1.2,39,-3
1961,1,177,7.6,0.2,28,-1.5
1961,2,69,8.3,-0.1,38,-1.8
1961,3,65,15.7,5.7,70,-2.4
1961,4,201,20.3,8.8,107,-1.7
1961,5,54,25.4,12.3,108,-2.1
1961,6,39,31.6,18,57,-2.6
1961,7,59,30,19.2,65,-2.3
1961,8,33,28.9,18.5,37,-2.4
1961,9,67,28.5,16,66,-2.1
1961,10,50,22.5,8.7,50,-1.9
1961,11,50,14.6,1.3,48,-1.6
1961,12,51,8.6,-2.1,32,-1.9
1962,1,41,6.5,-0.8,27,-2.3
1962,2,128,11.4,2.4,36,-2.6
1962,3,52,15.5,5.1,62,-3.1
1962,4,174,21.1,10.6,108,-2.7
1962,5,38,24.2,12.1,101,-3.2
1962,6,35,31.2,17.6,48,-3.7
1962,7,55,29.7,19.6,59,-3.4
1962,8,37,28.8,18.7,39,-3.4
1962,9,170,26.4,14.4,104,-1.1
1962,10,4,22.4,8.1,41,-1.1
1962,11,80,14.9,2.9,47,2.2
1962,12,88,8.7,-0.8,31,2.1
1963,1,0,7,-1.7,18,1.2
1963,2,67,12.1,2.5,39,-1.3
1963,3,255,15.1,5,69,-0.6
1963,4,176,19.8,9.1,100,0.4
1963,5,75,23.2,10.3,108,-0.1
1963,6,14,31.5,18.3,49,-0.8
1963,7,24,30.3,19.7,34,-1.5
1963,8,23,28.3,18.8,27,-2
1963,9,46,27.5,14.5,47,-2.1
1963,10,10,23.8,9.2,12,-2.6
1963,11,87,16.4,3.2,49,-1.6
1963,12,120,10.3,-1.2,37,-1.2
1964,1,132,4,-1.7,15,2
1964,2,85,9.2,1.1,34,1.6
1964,3,69,16.7,6.4,71,0.6
1964,4,207,20.8,10.3,110,1.1
1964,5,70,23.4,10.9,110,0.7
1964,6,68,29.7,16.7,94,0.8
1964,7,91,28.4,18.2,96,1.3
1964,8,48,29.4,18.5,51,1
1964,9,40,27.6,15.4,42,-0.4
1964,10,0,23,8.1,2,-1.4
1964,11,4,15.9,0.8,5,-2
1964,12,149,9.7,-0.4,38,-1.5
1965,1,111,7.7,-0.5,25,-0.7
1965,2,159,8.8,1.8,33,1.5
1965,3,87,15,4.8,67,0.7
1965,4,219,18.4,7,93,1.6
1965,5,135,22.9,10.4,124,2.2
1965,6,10,30.8,17.7,79,2.3
1965,7,48,29.1,18.1,58,1.7
1965,8,32,27.6,17,36,1.1
1965,9,19,27.7,14.1,22,-1.3
1965,10,53,23.7,8.6,53,-1.1
1965,11,41,17.1,3.7,40,-1
1965,12,17,9.9,-1.6,18,-1.7
1966,1,1,8.7,-1.5,2,-2.8
1966,2,276,12.1,3.3,32,-1.9
1966,3,210,14.6,5.5,64,-1.3
1966,4,115,19.5,9,96,-1.5
1966,5,133,24.3,11.4,130,-0.7
1966,6,37,31.1,17.4,100,1.8
1966,7,58,29.3,17.9,68,1.6
1966,8,34,28.3,18.8,39,1.2
1966,9,152,26.1,13.6,101,2.7
1966,10,109,21.4,7.6,77,4.1
1966,11,4,15.9,1.2,27,3.6
1966,12,28,9.4,-1.5,29,2.8
1967,1,13,6,-1.4,17,1.7
1967,2,151,11.5,3.1,32,1.5
1967,3,185,14.1,4.2,61,1.6
1967,4,99,20.1,8.7,95,0.9
1967,5,150,23.2,10.9,127,1.7
1967,6,23,31.4,17.7,91,2.1
1967,7,22,30.4,19.2,33,1.1
1967,8,43,28.2,18.2,47,0.9
1967,9,51,27.9,14.9,53,0.7
1967,10,53,21.2,6.9,53,0.8
1967,11,30,15.3,2.2,30,-0.2
1967,12,250,9.6,-0.7,25,1.6
1968,1,107,4.8,-2.6,12,2.3
1968,2,85,7.9,-1.7,28,1.9
1968,3,105,15.2,5.2,58,1.3
1968,4,119,20.4,9.7,105,0.8
1968,5,57,22.5,10.6,95,-1.1
1968,6,21,31.6,17.9,52,-1.6
1968,7,46,29.6,18.6,54,-1.6
1968,8,47,28.2,17.7,51,-1.5
1968,9,2,29,15,5,-2.3
1968,10,60,21.3,7,60,-1.8
1968,11,49,15.9,1.4,43,-1.4
1968,12,58,9.3,-0.6,26,-1.5
1969,1,77,5.9,-0.7,23,-1.6
1969,2,151,9.3,1.9,30,-1
1969,3,142,18.3,6.9,67,-1.1
1969,4,300,19.5,9.7,95,2
1969,5,118,23.4,10.6,117,2.4
1969,6,24,30.8,17.5,88,2.7
1969,7,43,30.1,18.8,53,2
1969,8,19,29.2,18.9,24,1.1
1969,9,28,27.5,14.8,30,-1.4
1969,10,71,23.3,9,69,-0.8
1969,11,1,17.2,3.4,3,-1.5
1969,12,0,10.9,-0.2,2,-2.2
1970,1,64,7.2,0.4,23,-2.5
1970,2,71,11.3,1.4,35,-3.1
1970,3,92,14.7,5.3,60,-3.4
1970,4,88,22.9,11.3,97,-3.8
1970,5,63,26.5,13.4,106,-4.1
1970,6,69,31.1,17.4,84,-3.9
1970,7,43,30.4,18.7,49,-3.8
1970,8,43,29.7,18.5,45,-3.6
1970,9,63,28.5,15.7,63,-3.1
1970,10,71,24,8.9,69,-2.3
1970,11,0,17,1.1,2,-2.7
1970,12,7,10.5,-0.4,8,-3.3
1971,1,13,6.9,-1.3,14,-4
1971,2,134,11,1.4,32,-4.3
1971,3,24,16.9,5.9,53,-4.6
1971,4,140,23.1,11.1,99,-4.7
1971,5,55,25.3,13.4,104,-5
1971,6,66,30.4,17.6,85,-4.5
1971,7,39,29.3,18.7,46,-4.4
1971,8,37,28.6,18.3,40,-4.2
1971,9,18,27,14,20,-4.5
1971,10,8,23.1,8,10,-4.6
1971,11,18,17.1,2.7,19,-4.5
1971,12,4,11.4,-0.5,6,-4.9
1972,1,76,7.4,0.8,24,-4.8
1972,2,118,7.7,-0.2,33,-4.8
1972,3,234,15.6,5.9,57,-3.8
1972,4,68,20.2,8.4,82,-4.1
1972,5,133,24.7,11.8,126,-3.1
1972,6,27,31.1,17.5,78,-2.5
1972,7,47,29.6,18.1,57,-2.6
1972,8,53,27.9,18.2,56,-2.3
1972,9,60,26.9,13.8,60,-2.1
1972,10,80,21.4,6.7,75,-1.2
1972,11,36,16.7,3.1,35,-1
1972,12,86,9.8,0.1,27,-0.9
1973,1,199,6.3,-0.1,26,2.3
1973,2,123,12.1,1.9,34,2.3
1973,3,236,14.3,5,66,2.5
1973,4,158,22.6,10.3,99,2.4
1973,5,82,25.9,12.8,112,2.1
1973,6,23,32.6,18.7,60,1.5
1973,7,73,29.7,18.8,80,1.5
1973,8,88,28.4,17.8,90,2.3
1973,9,48,28.8,15.6,49,1.8
1973,10,19,22.4,7.7,20,1.1
1973,11,0,17.1,1.7,2,-1.3
1973,12,82,9.8,-1.8,30,-1.3
1974,1,137,6.4,0,25,-0.6
1974,2,136,8,0,33,0.4
1974,3,100,16.5,7.3,67,-0.6
1974,4,44,23.2,10.7,82,-1.5
1974,5,74,25,12.4,99,-2
1974,6,95,29.4,16.4,103,-1.6
1974,7,49,29.2,18.4,53,-1.7
1974,8,19,28.9,18.6,22,-2.1
1974,9,36,27.4,14.3,37,-2.3
1974,10,10,22,7.1,12,-2.7
1974,11,3,15.8,1.1,4,-3.1
1974,12,110,7.6,-1.3,30,-2.7
1975,1,86,6.2,-1.2,24,-2.3
1975,2,149,8,-0.4,32,-1.5
1975,3,222,13.7,3.7,64,-1
1975,4,77,19.6,9.4,89,-1.6
1975,5,144,24.4,11.7,127,-0.7
1975,6,43,29.4,16.8,103,1.5
1975,7,94,28.2,16.7,102,1.9
1975,8,126,28,17.4,123,3.2
1975,9,79,26.8,14.9,80,3.2
1975,10,1,23.5,8.5,4,2.1
1975,11,8,14.6,0.9,10,1.2
1975,12,11,10,-0.5,12,-1.9
1976,1,141,7.6,0.1,25,-1.5
1976,2,205,9.1,1.5,35,1.2
1976,3,124,13,4.8,66,0.8
1976,4,76,20.3,8.9,88,-1
1976,5,46,25.1,12,93,-1.7
1976,6,28,28.8,16.5,41,-2.4
1976,7,33,29.9,19,39,-2.7
1976,8,145,27.1,16.5,126,2
1976,9,101,27.1,13.6,99,2.8
1976,10,60,22.5,8.2,64,3.1
1976,11,2,16.3,2.6,7,2.1
1976,12,21,10,-0.5,22,1.3
1977,1,150,6,0.4,29,1.4
1977,2,19,10.8,0.6,28,-1.5
1977,3,21,17.5,6.6,44,-2.2
1977,4,188,21.3,10.3,101,-2
1977,5,80,23.2,11,110,-1.8
1977,6,39,30,17.3,75,-1.6
1977,7,43,29.5,19,52,-1.8
1977,8,37,28.7,18.1,41,-1.9
1977,9,26,27.2,15,28,-2.2
1977,10,79,23.2,9.4,76,-1.4
1977,11,22,17.5,4.4,23,-1.6
1977,12,97,9.9,0.8,31,-1.5
1978,1,52,5.9,-0.8,23,-1.7
1978,2,80,9.8,1.8,37,-1.9
1978,3,262,12.6,4.2,71,-1.1
1978,4,83,21.5,9.7,87,-1.6
1978,5,65,27.8,14.1,106,-1.9
1978,6,41,32.3,19,62,-2.2
1978,7,147,28.6,18.2,140,1.6
1978,8,54,28.3,18.8,60,1.7
1978,9,51,27.7,14.8,53,1.5
1978,10,3,23.1,8.4,6,0.7
1978,11,119,15,2.3,42,2
1978,12,7,10.8,-0.3,18,1.2
1979,1,58,7.1,-0.5,26,0.8
1979,2,121,10,0.8,34,0.7
1979,3,191,13.1,4.2,60,0.8
1979,4,135,22.2,11.7,100,0.6
1979,5,151,22.1,10.7,121,1.6
1979,6,38,31,17.3,105,2.1
1979,7,27,30.5,18.8,38,1.3
1979,8,46,28.6,18.3,50,1
1979,9,78,26.5,13.3,78,1.2
1979,10,13,23.7,8.3,15,-0.6
1979,11,87,16.9,3.2,45,0.8
1979,12,49,10.7,0.3,29,-0.3
1980,1,67,6.7,0.3,27,-0.2
1980,2,200,10.3,2.1,32,1.1
1980,3,118,13.8,4.9,60,0.7
1980,4,72,23,11,89,-1.1
1980,5,76,25.7,13.2,108,-1.4
1980,6,71,31.1,17.9,87,-1.4
1980,7,91,29.4,18.9,95,-0.7
1980,8,38,28.2,18,41,-1
1980,9,104,26.8,14,100,0.8
1980,10,30,22.6,8,32,-0.2
1980,11,56,17.1,2,45,0.8
1980,12,46,10,-0.9,29,-0.4
1981,1,196,7.1,0.7,23,1.6
1981,2,141,11.3,2.3,33,1.9
1981,3,314,14.7,4.9,59,2.8
1981,4,192,21.9,10.1,103,3
1981,5,70,25.9,13.5,108,2.4
1981,6,45,30.3,17.5,74,2
1981,7,101,28.5,18.6,106,2.6
1981,8,28,28,18.2,32,1.8
1981,9,18,27.5,14,21,0.9
1981,10,24,21.5,7.1,25,-1.4
1981,11,55,14.8,1.9,43,-1
1981,12,1,9.6,-1.1,6,-1.6
1982,1,69,7.5,0.2,26,-1.9
1982,2,138,8.3,-0.1,32,-2
1982,3,296,12.5,3.1,54,-0.8
1982,4,229,20.3,9.3,90,2
1982,5,96,22.7,10.3,108,2.1
1982,6,18,29.8,17,70,2
1982,7,31,30.1,18.6,41,1
1982,8,44,28.1,18.3,48,0.7
1982,9,31,26.6,13.9,34,-1.3
1982,10,86,22,8,76,0.8
1982,11,117,15,3,42,2.2
1982,12,128,9.2,0.1,32,2.7
1983,1,113,6.6,-0.1,26,3.2
1983,2,91,10,0.1,35,2.7
1983,3,373,12,3.2,58,4
1983,4,252,17.9,7.4,83,5
1983,5,169,23.2,10.9,112,5.9
1983,6,50,28.6,16.1,103,6.4
1983,7,47,28.7,17.6,65,5.7
1983,8,54,28.7,18.3,60,5.3
1983,9,58,27.9,15.4,60,4.8
1983,10,48,21.7,7.5,49,4.4
1983,11,6,16.6,1.7,8,3.3
1983,12,7,9.8,0,9,2.2
1984,1,26,6.5,-0.4,24,1.1
1984,2,125,8.3,0.3,34,-2.6
1984,3,109,17.2,7.1,63,-2.9
1984,4,170,20.5,10,94,-2.3
1984,5,102,26.6,13.9,125,-2
1984,6,29,32.7,18.9,71,-1.8
1984,7,77,28.6,17.9,85,-1.2
1984,8,66,29.5,17.8,68,-0.6
1984,9,75,25.5,13.5,75,1.3
1984,10,7,22.3,7.2,10,-0.6
1984,11,48,15.3,2,41,0.6
1984,12,70,9,0.4,30,-0.2
1985,1,56,6.9,-0.1,26,-0.9
1985,2,33,12.7,1.7,37,-1.7
1985,3,34,16.8,7.8,50,-2.3
1985,4,129,21.8,9.9,99,-2.6
1985,5,106,24.9,12.3,118,-2.4
1985,6,18,30.8,17.1,48,-2.9
1985,7,64,29.5,18.1,71,-2.4
1985,8,42,28.4,18.6,46,-2.3
1985,9,11,28.3,15,14,-2.9
1985,10,58,21.5,7.4,57,-2.3
1985,11,8,16,2.6,10,-2.6
1985,12,293,10.2,0.5,31,2.1
1986,1,13,5.2,-2.6,15,1.4
1986,2,177,10.6,1.1,33,2
1986,3,213,13.5,4.4,63,2.2
1986,4,222,19.9,8.9,92,2.9
1986,5,63,22.9,10.3,103,2.3
1986,6,40,29.9,16.9,69,1.9
1986,7,49,28.3,18,56,1.6
1986,8,71,27.9,17.8,73,1.9
1986,9,29,27.5,13.6,32,1.2
1986,10,44,22.5,8.2,45,1.1
1986,11,144,15.5,3.4,42,2.8
1986,12,194,8.1,-1,30,4.1
1987,1,37,7,-1.8,25,3.4
1987,2,144,11.6,2.2,32,3.5
1987,3,97,15.2,5.7,55,2.6
1987,4,212,20.9,9.9,95,3.2
1987,5,190,21,9.3,118,4.6
1987,6,80,29.2,16.2,120,5.6
1987,7,33,29,19.2,61,4.8
1987,8,15,29.7,18.3,24,3.6
1987,9,17,29,15.4,22,2.5
1987,10,149,21.5,8.7,76,4.1
1987,11,0,16.9,2.5,25,3.5
1987,12,11,10.4,0,20,2.5
1988,1,84,8.7,1.3,26,2.1
1988,2,146,11.9,3.1,35,2.1
1988,3,267,13.7,5.3,58,2.7
1988,4,60,22.6,11,84,1.6
1988,5,16,26.4,13.7,58,-2.4
1988,6,77,30.5,17.4,84,-2.3
1988,7,129,29.4,18.8,124,-0.8
1988,8,46,27.8,17.8,49,-0.8
1988,9,122,27.2,14.8,109,2.1
1988,10,14,21.7,7.9,20,1.5
1988,11,7,17.2,2.5,10,0.7
1988,12,141,10.6,0.3,30,1
1989,1,62,6.3,-0.9,29,0.9
1989,2,72,9.6,1.2,34,-0.4
1989,3,108,14.1,5,57,-1.1
1989,4,102,19.2,8.4,100,-1.5
1989,5,113,23.5,12.3,125,-1.1
1989,6,23,29,17.2,72,-0.8
1989,7,98,28.1,17.9,105,0.6
1989,8,56,26.9,16.9,60,0.9
1989,9,64,27.9,13.9,65,0.8
1989,10,31,22.7,7.8,32,-0.3
1989,11,47,15.4,2.7,41,0.6
1989,12,65,10.1,0.2,27,-0.2
1990,1,123,8.2,2.6,25,0.6
1990,2,205,10.3,2.7,32,1.7
1990,3,307,13.6,3.8,64,2.5
1990,4,134,19.5,9.3,95,2.2
1990,5,36,26.4,14,98,1.1
1990,6,24,31.2,18.2,38,-1.7
1990,7,58,29.6,18.8,62,-1.7
1990,8,67,28.5,17.7,68,-1
1990,9,68,28.4,15.4,68,-0.7
1990,10,13,21.7,7.1,14,-1.2
1990,11,12,17.5,2.6,13,-1.6
1990,12,377,9.3,0,31,3.1
1991,1,44,4.6,-1.7,17,2.7
1991,2,142,8.9,1.7,31,2.8
1991,3,150,14.4,5,59,2.4
1991,4,265,18.8,8.2,89,3.7
1991,5,116,23,11.1,114,3.9
1991,6,24,30.2,17.3,88,4
1991,7,48,29.7,19.4,58,3.3
1991,8,39,28.7,17.8,43,2.7
1991,9,48,27.7,14.7,50,2.3
1991,10,8,21.5,7.2,10,1.5
1991,11,8,16,1.8,9,0.8
1991,12,48,10.1,1.6,26,-1.8
1992,1,213,7,1.2,25,1.4
1992,2,113,10.2,1,37,1.3
1992,3,309,12.7,5.8,57,2.3
1992,4,90,19.3,8.8,89,1.5
1992,5,101,22.6,10.9,111,1.6
1992,6,22,29.5,17,73,1.6
1992,7,40,28.4,18.3,50,1.2
1992,8,51,28.1,18,54,1
1992,9,156,26.4,14,99,2.6
1992,10,26,22.4,8,52,2.6
1992,11,69,16.7,2.1,45,3
1992,12,32,11.6,0.7,30,2.2
1993,1,97,5.8,-0.2,27,2.1
1993,2,126,12.8,4,34,2.1
1993,3,231,12.8,4.2,64,2.4
1993,4,69,21.6,9.5,88,1.3
1993,5,90,25.2,13.8,110,1
1993,6,76,30,17.3,99,1.1
1993,7,103,27.8,17.9,107,1.9
1993,8,10,29.1,18.7,15,0.7
1993,9,43,27.4,14.6,45,-1
1993,10,4,22,8.1,6,-1.6
1993,11,36,16.4,3.6,36,-1.5
1993,12,0,10.4,0.7,2,-2.3
1994,1,116,7.3,1.3,26,-2.1
1994,2,135,9.6,1.6,35,-1.8
1994,3,121,16.8,6.5,64,-2
1994,4,150,18.8,8.6,94,-1.7
1994,5,110,24.8,12.4,122,-1.2
1994,6,47,31.1,17.8,97,-0.5
1994,7,62,29.4,18.6,71,0.1
1994,8,53,28.5,18.2,57,1
1994,9,58,25.7,14.3,59,0.9
1994,10,37,21.2,7.1,38,0.7
1994,11,2,17.3,2.4,4,-0.7
1994,12,209,8.5,1.1,30,1.1
1995,1,73,4.6,-0.4,22,1.2
1995,2,217,10,1.2,33,2.3
1995,3,110,13.4,5.3,57,1.7
1995,4,159,18.3,8.6,85,1.8
1995,5,43,24.7,13.1,98,1
1995,6,41,30.9,18.5,59,-1.2
1995,7,152,29,19,126,1.8
1995,8,70,27.4,17.8,84,2.8
1995,9,24,26.4,14.8,32,2
1995,10,34,21.9,9,38,1.7
1995,11,50,16.3,2.2,46,1.7
1995,12,49,8.9,0.2,30,1.1
1996,1,120,6.3,-0.1,26,1.2
1996,2,202,11.2,3,36,2.1
1996,3,239,14.7,7.1,60,2.5
1996,4,169,20.4,11,95,2.5
1996,5,155,22.6,11.9,125,3.4
1996,6,134,28.7,16.9,122,5.5
1996,7,36,28.8,18.5,103,6.2
1996,8,75,26.8,17.7,83,6.3
1996,9,22,27.3,15.6,27,5.1
1996,10,69,21.6,7.2,68,5.1
1996,11,21,15.3,2,23,4.2
1996,12,28,10.2,-1.7,27,3.2
1997,1,36,6.2,-1.7,23,2.1
1997,2,33,11.3,0.9,33,0.8
1997,3,133,15,5.2,61,-2.6
1997,4,208,19.9,8.2,94,-1.9
1997,5,85,22.3,9.9,108,-1.6
1997,6,43,28.7,16.9,84,-1.1
1997,7,55,30.4,18.8,64,-1.1
1997,8,118,28.1,17.1,116,1.9
1997,9,38,28,15.1,41,1.4
1997,10,66,22,5.7,65,1.7
1997,11,80,14.9,2.2,41,2.3
1997,12,56,8.4,-0.1,28,1.8
1998,1,95,6.4,-0.2,25,1.9
1998,2,237,10.6,2.1,32,3.1
1998,3,92,13.8,4.8,65,2.2
1998,4,231,21.3,10.7,89,3.1
1998,5,102,24.8,13.5,117,3
1998,6,36,29.5,17.8,84,3
1998,7,35,29.7,19.1,45,2.1
1998,8,25,28.2,19.3,30,1.3
1998,9,60,27.1,15.6,61,1.3
1998,10,78,22.7,10.1,76,1.7
1998,11,0,15.9,1.3,2,0.9
1998,12,14,9.4,-1.5,15,-1.5
1999,1,203,6,0.3,26,1
1999,2,79,12.2,2.7,33,0.6
1999,3,85,15.2,6.5,62,-0.6
1999,4,130,22.8,12.2,104,-1.1
1999,5,51,25.5,13.8,103,-1.5
1999,6,30,30.1,17.7,50,-2
1999,7,48,29.9,19.5,54,-2
1999,8,52,28.1,18.7,54,-1.8
1999,9,47,28.9,16.5,48,-1.8
1999,10,3,23.2,9.6,5,-2.3
1999,11,69,16.8,4,46,-1.6
1999,12,0,11.5,0,9,-2.2
2000,1,125,6.6,0.6,28,-1.9
2000,2,85,9.6,0.6,35,-2
2000,3,56,15.2,4.8,62,-2.6
2000,4,39,23,11.7,76,-3.5
2000,5,69,27.9,15.5,93,-4
2000,6,60,30.1,18.3,67,-3.9
2000,7,62,27.8,19.2,65,-3.4
2000,8,38,28.2,18.2,40,-3.3
2000,9,50,27.2,14.8,50,-3.1
2000,10,3,23.9,9.6,5,-3.6
2000,11,15,16.7,4.2,16,-3.7
2000,12,20,10.2,1.7,20,-4
2001,1,21,7.2,-0.2,21,-4.6
2001,2,41,12.4,3,36,-5.3
2001,3,90,16.9,6.2,68,-5.2
2001,4,87,21.4,11,85,-5.6
2001,5,87,26.9,14.7,88,-5.7
2001,6,80,29.5,18.2,79,-5.1
2001,7,75,28.4,19.2,74,-4.4
2001,8,38,28.4,19.1,38,-4.3
2001,9,51,26.3,14.6,50,-4
2001,10,21,23.6,9.3,21,-4
2001,11,49,16.7,3.1,47,-3.5
2001,12,36,10,1.9,29,-3.7
2002,1,50,7.1,0.3,29,-3.9
2002,2,129,10.4,1.6,35,-4
2002,3,108,16.9,6.3,64,-4.1
2002,4,113,22.1,11.4,93,-4
2002,5,63,26.7,13.8,110,-4
2002,6,84,30,17.7,104,-3.2
2002,7,23,29.8,19.6,31,-3.7
2002,8,53,27.9,19.3,56,-3.1
2002,9,80,24.6,14.3,79,-2.3
2002,10,11,22.8,9,13,-2.6
2002,11,1,17.4,3.4,3,-3
2002,12,29,9.6,2.3,28,-3.3
2003,1,45,7.2,0.2,28,-3.7
2003,2,384,10.2,2.4,32,-1.2
2003,3,206,14.5,5.8,61,-0.7
2003,4,146,21.4,11.1,93,-0.6
2003,5,123,22.9,11.5,126,2.4
2003,6,43,30.5,18.4,101,2.9
2003,7,81,28.9,19,89,3
2003,8,33,27.1,18.8,38,2.3
2003,9,98,26.6,15.5,95,2.8
2003,10,24,22.3,8,26,2.2
2003,11,62,15.1,2.4,44,2.3
2003,12,88,9.9,1,28,2.1
2004,1,156,6.4,1.3,25,3
2004,2,82,12.9,2.5,38,2.4
2004,3,20,19.6,9,53,1.3
2004,4,216,23.1,11.5,96,1.5
2004,5,138,25.1,13,136,2
2004,6,49,28.5,17.1,104,2.9
2004,7,47,28.7,18.9,61,2.4
2004,8,49,27.5,18,54,2.1
2004,9,17,28.1,14.9,20,1.2
2004,10,75,20.4,7.8,72,1.7
2004,11,41,16.9,3.2,40,1.7
2004,12,55,10.7,0.8,30,1.2
2005,1,192,5.9,-0.3,24,2.4
2005,2,207,8.2,1.7,30,3.3
2005,3,147,15.5,6.2,59,2.8
2005,4,123,20.7,9.6,103,2.2
2005,5,80,22.6,12.1,107,1.9
2005,6,17,30.2,18.5,57,1.5
2005,7,82,27.9,18.6,90,1.7
2005,8,21,28.7,18.6,26,0.8
2005,9,39,27.4,16.1,41,-1.1
2005,10,34,22.2,9.2,35,-1.2
2005,11,37,16.1,2.4,36,-1.1
2005,12,5,9.5,-0.6,6,-1.8
2006,1,190,5.6,1.4,25,-0.8
2006,2,104,13.3,6.3,32,-0.7
2006,3,87,15.8,6.3,65,-1.3
2006,4,92,21.6,11.3,94,-1.7
2006,5,49,27.2,15.7,101,-2.3
2006,6,53,28.7,17.4,67,-2.4
2006,7,100,29.7,19.1,103,-1.5
2006,8,106,27,19,104,1.9
2006,9,118,26.3,14.6,104,2.8
2006,10,61,22.9,9.9,62,3
2006,11,105,16.4,4,43,4
2006,12,156,10,-0.1,31,4.5
2007,1,7,8.2,-0.4,21,3.4
2007,2,195,12.4,2.4,33,3.8
2007,3,293,14.8,5,66,4.4
2007,4,14,24.2,13,73,2.6
2007,5,68,25.3,13.5,83,1.4
2007,6,80,30,17.6,84,1.2
2007,7,59,28.9,18.6,60,0.9
2007,8,33,28.2,19.4,34,-2.2
2007,9,43,26.9,15.7,43,-2.2
2007,10,0,21.9,8.6,2,-2.7
2007,11,25,17.8,2.1,25,-2.8
2007,12,16,9.4,0.5,17,-3.2
2008,1,131,4,0.7,24,-2.7
2008,2,96,9.3,0.9,33,-2.7
2008,3,10,18.7,8,45,-3.3
2008,4,233,20.7,9.9,95,-2.3
2008,5,97,24.4,13.8,114,-1.9
2008,6,72,30.3,19.5,103,-0.7
2008,7,42,28.7,19.4,61,-0.8
2008,8,58,27.5,17.7,64,1.4
2008,9,48,26.2,14.5,50,1.2
2008,10,56,23.4,9.7,56,1.3
2008,11,57,17.1,3,47,1.4
2008,12,137,11.4,1.1,30,1.6
2009,1,142,8.3,1.7,26,2.6
2009,2,190,12.3,3.1,36,3.2
2009,3,85,16.4,6.3,63,2.3
2009,4,164,21.2,10.4,95,2.3
2009,5,57,25.4,13.2,103,1.6
2009,6,48,29.1,17.5,71,1.1
2009,7,25,28.8,19.1,33,-1.6
2009,8,26,29.5,19.3,30,-2
2009,9,35,26.7,15.4,37,-2.2
2009,10,8,22.3,9.3,10,-2.6
2009,11,59,15,2.5,44,-2
2009,12,39,10.3,0.4,28,-2.2
2010,1,26,8.2,0.4,26,-2.7
2010,2,124,10.9,2.6,33,-3
2010,3,87,19.3,9.3,68,-3.4
2010,4,120,23.5,12.8,98,-3.3
2010,5,174,24.2,13.4,121,-1.5
2010,6,50,28.1,17,107,2.4
2010,7,92,28,18.8,104,3
2010,8,97,27.2,19.2,99,3.8
2010,9,45,25.7,15.7,49,3.3
2010,10,30,23,10.6,32,2.8
2010,11,1,18.2,3.5,4,1.8
2010,12,53,10.3,-0.6,31,1.2
2011,1,70,6,-1,25,0.8
2011,2,191,10.7,2.7,32,1.2
2011,3,113,15.7,7.1,68,0.7
2011,4,140,20.7,9.3,98,-1.1
2011,5,36,26.8,15,100,-1.8
2011,6,54,30.1,19.1,66,-2
2011,7,48,28.4,19.2,52,-2.1
2011,8,49,27.9,18.7,50,-1.8
2011,9,96,26.8,16,92,-0.9
2011,10,38,23,9.7,38,-0.9
2011,11,28,17.4,4.1,28,-1
2011,12,39,9.7,1,32,-1.4
2012,1,113,5,-0.6,22,-1.2
2012,2,85,8.1,2.3,32,-1.4
2012,3,103,14.7,6.6,65,-1.8
2012,4,176,20.4,10.3,92,-1.2
2012,5,45,24,12.8,99,-1.7
2012,6,19,29.8,18.5,38,-2.3
2012,7,21,30,20.4,29,-2.9
2012,8,33,27.8,19.2,36,-2.9
2012,9,157,26.6,15.6,101,-0.9
2012,10,32,21.8,7.9,53,1.9
2012,11,17,16,3.2,25,1.5
2012,12,95,10.2,0.7,31,1.3
2013,1,78,6.4,-1,26,1.3
2013,2,225,10.6,0.6,32,2.5
2013,3,96,15.6,5.2,66,1.7
2013,4,192,21.1,10.8,92,2.1
2013,5,55,25,14,101,1.4
2013,6,73,30.5,18.8,95,1.4
2013,7,78,29.7,19.9,83,1.5
2013,8,64,27.6,19.4,66,1.8
2013,9,47,27.8,16.2,48,1.4
2013,10,22,24.6,10.9,23,0.9
2013,11,54,15.7,3.3,47,1
2013,12,23,10.2,1.1,23,-0.6
2014,1,107,7.2,0.4,27,-0.7
2014,2,70,9.7,1.9,35,-1.3
2014,3,307,14.1,5.3,58,1.1
2014,4,251,19.8,9.7,92,2.3
2014,5,97,23.2,12,115,2.2
2014,6,26,30.5,19,72,2
2014,7,47,29.4,20.2,57,1.4
2014,8,44,28.2,19.3,48,1
2014,9,184,26.7,15.2,100,3.1
2014,10,60,22.3,10,69,3.8
2014,11,42,16.5,2.9,43,3.9
2014,12,0,9,0.1,16,2.8
2015,1,46,7,1,27,2.1
2015,2,226,10,2.1,35,2.8
2015,3,435,13.9,5,60,4.5
2015,4,290,21,10.8,92,5.8
2015,5,85,24.3,13.5,113,5.2
2015,6,73,28.4,17.9,101,5.3
2015,7,114,28.1,18.8,118,5.9
2015,8,43,27.1,19.2,50,5.3
2015,9,97,26.3,15,96,5.4
2015,10,68,22.6,9.8,67,5.3
2015,11,44,16.6,4.1,42,4.9
2015,12,39,9.8,1.1,32,3.9
2016,1,65,7.9,1.1,29,2.9
2016,2,59,12.5,3.1,41,1.7
2016,3,216,16.1,6.9,61,1.4
2016,4,71,22.1,11.9,88,1.3
2016,5,107,25.6,13.9,117,1.1
2016,6,70,31.5,19.7,103,1.2
2016,7,64,29.4,19.7,72,1.1
2016,8,49,27.7,18.7,52,1.2
2016,9,23,28.3,16.4,26,1
2016,10,1,23.7,10.1,3,-1.4
2016,11,5,16.7,3.7,7,-1.8
2016,12,5,11.3,1.3,6,-2.5
2017,1,233,6.1,0.5,25,-1.7
2017,2,80,11.7,3.5,36,-1.6
2017,3,85,15.5,6.4,63,-2
2017,4,269,22.7,12.1,103,-0.8
2017,5,66,25.6,14.2,101,1.1
2017,6,84,30.4,17.7,107,2.3
2017,7,51,29.2,19.6,63,3
2017,8,33,28.4,19,38,2.5
2017,9,45,27.6,15.8,46,1.8
2017,10,0,24.1,10.3,3,1
2017,11,71,16.2,3,47,-1.6
2017,12,66,10.4,1.3,32,-1.7
2018,1,8,8.8,1.6,16,-2.2
2018,2,76,12.7,3.9,35,-2.8
2018,3,44,17.9,8.3,57,-3.2
2018,4,162,22.9,12.4,97,-2.6
2018,5,51,24.8,13.3,98,-2.2
2018,6,64,30.5,19,86,2.1
2018,7,74,29.1,19.6,80,4
2018,8,34,29,19.6,38,4.8
2018,9,73,27.5,15.8,72,5.1
2018,10,26,21.7,8.5,27,5.2
2018,11,79,16.2,3.2,40,5.9
2018,12,20,9.5,0.3,22,5
2019,1,179,6,-0.7,20,1.3
2019,2,215,11.1,2.2,30,2.4
2019,3,124,13.7,4.5,61,1.9
2019,4,89,22.1,11.1,88,1.1
2019,5,100,23.8,11.5,112,1.2
2019,6,51,28.2,15.4,97,1.8
2019,7,39,29.6,18.9,49,1.3
2019,8,61,28.6,18.4,64,1.5
2019,9,17,29.9,17.1,20,0.7
2019,10,42,23,8.7,43,0.6
2019,11,135,16,2.2,40,2.3
2019,12,85,7,-3,22,2.3
