Product: Historical Climate - TerraClimate(http://www.climatologylab.org/terraclimate.html) 
Location (Lat/Lon of 4-km Grid Cell Center): 24.1458 North,84.1875 East 
Data Source: NW Climate Toolbox(https://climatetoolbox.org/tool/point-data-download)
Download Date: 07/25/2020
Variable List: 
ppt: ppt (Precipitation)
tmax: tmax (Maximum Temperature)
tmin: tmin (Minimum Temperature)
aet: aet (Actual Evapotranspiration)
PDSI: pdsi (Palmer Drought Severity Index (PDSI))
********************************************************
Year,Month,ppt(mm),tmax(degC),tmin(degC),aet(mm),PDSI(unitless)
1958,1,28,26.3,11.2,52,-0.6
1958,2,10,27.9,13.2,44,-0.7
1958,3,24,34.6,16.6,48,0.1
1958,4,10,40,23.2,23,-0.1
1958,5,2,42.4,27,10,-0.7
1958,6,67,40.8,29.1,70,-1.6
1958,7,422,33.7,26.4,122,-0.9
1958,8,326,31.6,25.5,112,0.4
1958,9,258,31.7,24.6,105,1.1
1958,10,111,31.7,21.1,110,2
1958,11,0,28.8,13.8,54,2.2
1958,12,0,26.3,10.8,43,2.2
1959,1,67,24.5,10.4,68,3.4
1959,2,2,27,11.7,42,3.1
1959,3,5,33.6,16.7,39,2.9
1959,4,5,38.8,22.9,21,2.6
1959,5,15,41.5,26,24,2.3
1959,6,66,38.3,27.7,70,1.3
1959,7,298,32.8,26.3,130,0.8
1959,8,288,31.7,25.7,117,-1.3
1959,9,183,30.7,24.7,103,-1.6
1959,10,127,30.2,21.7,106,1.4
1959,11,0,28.1,13.3,53,1.6
1959,12,0,25.6,10.1,39,1.7
1960,1,4,24.3,9.3,36,1.3
1960,2,0,29.9,13.1,37,0.9
1960,3,41,31.9,16,65,1.6
1960,4,4,39.8,22.1,17,1.3
1960,5,4,41.8,26.1,12,0.7
1960,6,85,39.1,28.2,87,-1.3
1960,7,358,32.1,25.9,121,-1.1
1960,8,393,31.7,26,116,0.8
1960,9,184,30.9,25.2,105,-0.4
1960,10,38,31.1,20.5,89,-0.7
1960,11,0,27.8,12,44,-0.8
1960,12,0,25.9,8.8,30,-0.9
1961,1,37,24.6,10.5,49,0.5
1961,2,42,25.3,11.5,59,1.2
1961,3,1,33.4,18.1,27,0.8
1961,4,0,39.3,22.4,14,-0.3
1961,5,5,41.5,26.2,13,-0.9
1961,6,191,37,26.6,150,0.7
1961,7,219,32.8,25.8,121,-0.7
1961,8,353,31.9,25.8,113,-0.6
1961,9,204,31,24.8,104,-0.8
1961,10,90,30.8,20.2,101,0.7
1961,11,0,27,12.1,51,0.9
1961,12,8,23.5,7.1,40,1.2
1962,1,22,23.5,7.9,46,1.3
1962,2,12,27.3,12.2,41,1.3
1962,3,7,33.7,15.2,36,1.2
1962,4,6,38.2,21.8,20,1.1
1962,5,4,40.8,25.5,13,0.6
1962,6,122,38.3,28,121,0
1962,7,278,33.9,26.4,133,-0.9
1962,8,304,31.3,25.2,111,-1
1962,9,282,31,24.4,109,0.5
1962,10,21,30.3,19.5,79,-0.6
1962,11,0,28.6,12.4,45,-0.7
1962,12,4,25.9,9.5,36,-0.8
1963,1,6,24.1,7.8,31,-1.2
1963,2,5,29.7,12.3,30,-1.6
1963,3,33,32.4,15.5,45,-1
1963,4,5,37.4,21,13,-1.1
1963,5,38,39.6,24.3,42,0.6
1963,6,126,37.1,26.6,124,-0.1
1963,7,304,32.5,25.8,118,-0.3
1963,8,416,31.8,25.6,113,0.9
1963,9,241,31.7,24.3,114,0.8
1963,10,150,31.2,20.9,113,2.5
1963,11,4,28.9,14.6,59,2.7
1963,12,0,26.3,10.2,39,2.7
1964,1,4,24.2,9.3,39,2.1
1964,2,11,27.8,12.9,42,1.9
1964,3,1,34.7,17.8,26,1.3
1964,4,11,38.4,23,24,1.2
1964,5,21,40.4,24.9,28,1.2
1964,6,178,38.3,26.9,170,1.5
1964,7,342,31.3,24.7,124,1.3
1964,8,380,31.9,25.8,114,1.9
1964,9,237,31.2,24.8,110,1.7
1964,10,60,31.6,21.4,94,1.7
1964,11,11,28,13.4,53,1.9
1964,12,0,26,9.8,39,1.7
1965,1,0,25.2,10.1,31,1
1965,2,1,27.7,12.2,32,-1
1965,3,16,32.2,14.9,31,-1
1965,4,17,37.5,21.4,26,-0.6
1965,5,5,41.7,25.8,11,-1
1965,6,45,39.7,28.3,48,-2
1965,7,317,33,25.9,134,-2.1
1965,8,247,31.9,25.2,122,-2.4
1965,9,206,31.5,24.1,112,-2.4
1965,10,30,31.4,20.5,82,-2.6
1965,11,2,29,13.6,49,-2.5
1965,12,3,25.1,9,34,-2.4
1966,1,37,24.2,10,49,-1.7
1966,2,7,29.4,13.5,36,-1.8
1966,3,0,33.8,16.6,18,-2.2
1966,4,0,39.6,22.5,11,-2.4
1966,5,5,42.3,26.2,12,-2.6
1966,6,180,38.2,27.6,172,-1.9
1966,7,105,34.1,26.3,105,-3.5
1966,8,216,31.6,25.2,119,-4.4
1966,9,60,31.8,24.6,80,-5
1966,10,5,31.6,20,34,-6.1
1966,11,9,29.2,14.2,23,-6.9
1966,12,14,24.9,9.2,22,-6.9
1967,1,1,23.9,9.8,7,-7.3
1967,2,0,29.5,13,5,-7.8
1967,3,52,31.1,15.7,53,-6.2
1967,4,9,37.5,20.1,12,-5.9
1967,5,7,41.5,25.5,9,-5.8
1967,6,90,39.6,28.1,87,-5.9
1967,7,273,33.5,26,140,-5.9
1967,8,560,31.4,25.2,115,-4.1
1967,9,301,31,24.1,107,-3
1967,10,15,31.4,19.8,79,-3.4
1967,11,0,28,12.3,45,-3.4
1967,12,12,26.3,10.4,38,-3
1968,1,44,23.5,9.6,54,-2.1
1968,2,6,26.5,11.2,33,-2.1
1968,3,2,32.9,16.7,20,-2.4
1968,4,0,37.7,21.4,11,-2.5
1968,5,3,41.5,25.4,10,-2.8
1968,6,131,36.1,26.6,129,-2.5
1968,7,220,32.2,25.7,127,-3.1
1968,8,312,32,25.2,124,-3.5
1968,9,93,32.3,25,108,-4.4
1968,10,36,30.4,20.1,85,-4.3
1968,11,0,28.3,13.8,44,-4.2
1968,12,4,26,10.2,36,-4.1
1969,1,11,24.6,8.7,33,-4.1
1969,2,7,29.1,12.9,28,-4.3
1969,3,8,34.7,17.8,19,-4.3
1969,4,7,38.8,22,15,-4.1
1969,5,31,40.6,24.5,35,-3.2
1969,6,106,38.6,27.6,105,-3.3
1969,7,420,32.7,26,126,-2.4
1969,8,339,31,24.8,113,-1.7
1969,9,240,30.9,24.5,106,-1.4
1969,10,6,31.7,20.7,75,-2.1
1969,11,11,29.6,14.5,51,-2
1969,12,0,25.9,9.7,28,-2.2
1970,1,49,24.1,10.1,57,-1.2
1970,2,22,26.9,11.9,42,-0.9
1970,3,18,32.4,16.8,39,-0.7
1970,4,1,39.5,22.6,12,-0.9
1970,5,22,42,26.1,28,-0.7
1970,6,190,36.6,26.1,166,1.1
1970,7,311,32.7,25.5,127,0.8
1970,8,260,32,25.7,124,-0.2
1970,9,400,30.6,24.5,107,2.1
1970,10,36,31.4,21,85,1.5
1970,11,0,28.1,12.9,49,1.2
1970,12,0,25.9,8.6,32,0.8
1971,1,57,23.5,9.5,60,1.7
1971,2,8,26.4,11,35,1.4
1971,3,5,32.7,15.5,28,1.1
1971,4,26,36,20.9,37,1.7
1971,5,49,38.6,23.6,54,2.7
1971,6,366,34.7,25.4,144,5
1971,7,454,31.2,24.6,119,6.8
1971,8,553,30.4,24.5,106,8
1971,9,141,31.6,24.1,110,6.3
1971,10,87,30.7,20.5,103,6.3
1971,11,1,27.3,12.7,51,5.9
1971,12,0,26,8.9,37,5.4
1972,1,17,24.5,8.9,39,4.9
1972,2,61,25.1,10.2,69,5.9
1972,3,2,32.9,16.1,39,5.4
1972,4,16,38.8,20.9,32,5.3
1972,5,1,42.8,26,11,4.2
1972,6,37,40.2,27.9,41,2.4
1972,7,253,34,25.9,141,1.4
1972,8,336,31.8,24.8,122,0.9
1972,9,151,31.6,23.8,122,-3.1
1972,10,106,31.3,19.5,108,-1.8
1972,11,13,28,12.7,56,-0.9
1972,12,1,25.9,9.4,43,1.9
1973,1,18,24.7,10.1,45,1.8
1973,2,11,28.6,13.5,42,1.8
1973,3,3,32.5,15.4,34,1.6
1973,4,1,40,22.9,16,1.2
1973,5,7,40.9,25.5,16,0.8
1973,6,145,37.3,27,141,0.8
1973,7,178,33.5,26,136,-1.5
1973,8,339,31.6,25.2,117,-2
1973,9,283,30.7,24.8,102,-1.3
1973,10,132,30.1,21.1,112,1.9
1973,11,2,26.8,13.9,54,2.1
1973,12,0,24.3,9.5,39,2.2
1974,1,1,23.3,8.8,36,1.6
1974,2,4,27,10.7,36,1.3
1974,3,7,32.9,17.3,35,1.2
1974,4,1,38.4,22.9,15,0.8
1974,5,8,40.8,25.4,16,-0.3
1974,6,64,38.6,27.4,67,-1.5
1974,7,492,32.2,25.5,135,1.1
1974,8,274,31.6,25.3,115,1
1974,9,166,31.5,24.3,103,-0.6
1974,10,59,32.4,21.7,94,0.1
1974,11,2,28.2,13.2,51,0.1
1974,12,1,24.4,8.1,33,-0.1
1975,1,43,23.6,9.1,54,0.9
1975,2,10,26.8,12.2,40,0.9
1975,3,28,33.3,16.3,52,1.2
1975,4,1,39.8,22.1,15,0.8
1975,5,9,42.3,25.8,16,-0.3
1975,6,80,37.9,26.9,82,-1.2
1975,7,487,31.9,25,128,1.1
1975,8,128,31.7,24.9,118,-1
1975,9,349,30.6,24.7,120,1
1975,10,59,32,22,93,1
1975,11,0,27.8,12.7,52,0.9
1975,12,0,25.2,8.4,36,0.6
1976,1,7,24.7,9.6,33,-0.4
1976,2,9,27.8,13.6,36,-0.8
1976,3,0,33.1,17.3,17,-1.3
1976,4,15,38.3,21.3,24,-1
1976,5,9,40.4,24.9,16,-1.2
1976,6,74,38.1,27.3,76,-1.9
1976,7,328,33.1,25.5,132,-1.9
1976,8,250,31.2,24.9,116,-2.1
1976,9,489,31,24.2,112,2.4
1976,10,11,32.1,20.3,73,1.4
1976,11,1,30.1,15.2,49,0.9
1976,12,0,25.7,9,31,-1.3
1977,1,34,23.9,9.1,46,-0.9
1977,2,6,28.1,12.1,34,-1.3
1977,3,1,34.5,18.2,15,-1.9
1977,4,25,37.5,22.1,32,-1.2
1977,5,68,39,23.7,71,2.1
1977,6,127,36.9,26.5,125,1.7
1977,7,507,32.2,25.6,127,2.7
1977,8,322,32,25.6,117,2.8
1977,9,250,31.4,24.6,110,2.7
1977,10,75,30.8,20.5,103,2.7
1977,11,18,29.1,15.5,57,3.1
1977,12,10,24.8,9.9,42,3.2
1978,1,19,23.1,8.5,44,3
1978,2,65,26.3,12.1,72,4.2
1978,3,32,31.2,14.7,68,4.9
1978,4,25,37.9,21.2,40,5.2
1978,5,8,41.3,26,17,4.5
1978,6,318,37.3,27.1,168,6
1978,7,256,32.6,25.3,121,5.6
1978,8,339,31.7,25.5,119,5.4
1978,9,399,30.4,24.6,116,6.4
1978,10,61,30.9,21,94,5.9
1978,11,0,29.3,15.2,49,5.3
1978,12,16,25.3,9.9,44,5.2
1979,1,15,24.9,10.5,38,4.6
1979,2,8,25.5,11.9,36,4.1
1979,3,2,32.1,16.3,25,3.3
1979,4,11,38.6,22.7,23,3
1979,5,1,42.8,25.3,9,2.1
1979,6,122,38.5,27.6,122,1.6
1979,7,355,33.6,26.1,141,1.3
1979,8,172,32.5,26.1,136,-1.9
1979,9,124,32.2,24.8,128,-2.9
1979,10,31,32.2,21.5,85,-3.1
1979,11,15,30.6,16.6,52,-2.6
1979,12,13,25.2,11.9,41,-2.1
1980,1,11,24,10.2,34,-2.1
1980,2,4,27.2,13.5,31,-2.3
1980,3,13,31.9,17.2,28,-2.3
1980,4,2,39.7,23.6,11,-2.4
1980,5,8,41.1,26,14,-2.5
1980,6,140,36.6,27,134,-2
1980,7,369,32.2,25.6,111,-1.6
1980,8,339,31.7,25.4,101,-0.9
1980,9,120,31.5,25.2,116,-1.9
1980,10,21,30.9,21,81,-2.3
1980,11,0,28.9,13.3,50,-2.4
1980,12,2,25.8,10.6,32,-2.5
1981,1,30,22.8,10.4,42,-2
1981,2,9,27.1,13.2,35,-2.1
1981,3,35,31.5,16.7,49,-1.4
1981,4,8,36.5,21.7,17,-1.4
1981,5,21,39.2,24.9,26,-1.1
1981,6,53,38.2,27.8,55,-2
1981,7,439,32,25.9,126,-1.1
1981,8,236,32.2,25.6,115,-1.2
1981,9,190,31.4,24.8,114,-1.5
1981,10,0,32.2,19.9,81,-2.4
1981,11,3,28.5,12.6,48,-2.7
1981,12,3,24.5,9.8,31,-2.9
1982,1,7,25,10.6,26,-3.1
1982,2,15,26.2,13,33,-3.1
1982,3,65,30.2,15.3,73,-1.5
1982,4,27,37.2,21.5,33,-0.8
1982,5,45,41.5,24.9,48,2.4
1982,6,92,37.6,26.8,91,1.7
1982,7,140,34.9,27.1,134,-2
1982,8,386,31.7,25.2,113,-2.5
1982,9,248,32.2,24.4,130,-2.3
1982,10,49,31.8,20.6,89,-2.1
1982,11,8,28.1,13.8,52,-1.6
1982,12,4,25.5,9.4,38,-1.5
1983,1,17,23.2,9.3,39,-1.3
1983,2,2,26.6,12.8,31,-1.5
1983,3,5,32,16.8,24,-1.8
1983,4,34,37,20.6,44,-0.7
1983,5,34,39.9,24.3,40,1.5
1983,6,78,39.4,27.7,80,-0.8
1983,7,294,33.7,25.8,133,-1.1
1983,8,189,32.5,25.7,121,-2
1983,9,172,31.2,25.2,106,-2.4
1983,10,123,30.5,20.5,109,-0.8
1983,11,0,28.3,12.6,60,1.5
1983,12,8,25.4,9.5,42,1.8
1984,1,50,23.5,9.5,56,2.7
1984,2,51,25.7,11.8,63,3.8
1984,3,0,34.4,16.8,53,4
1984,4,3,39.1,22.5,24,3.7
1984,5,5,41.8,26.5,16,3
1984,6,169,35.8,26.2,139,3.3
1984,7,307,32.1,25.6,125,2.8
1984,8,350,31.6,25,113,3
1984,9,179,30.9,23.9,126,2.1
1984,10,24,32.2,21,80,1.3
1984,11,0,28.2,12,52,0.9
1984,12,1,26.1,10.2,34,-1.5
1985,1,41,24,10.8,49,-0.8
1985,2,3,27.6,12.2,34,-1.3
1985,3,1,34.7,18.8,16,-1.8
1985,4,4,39.4,22.9,13,-2
1985,5,8,41.3,25.3,14,-2.1
1985,6,83,38.7,27.8,83,-2.5
1985,7,432,31.8,25.2,121,-1.6
1985,8,341,32.1,25.5,116,-1
1985,9,203,31,24.7,117,-1.2
1985,10,165,31.1,19.9,112,2.6
1985,11,0,29.1,13.2,60,2.7
1985,12,4,26.9,10.9,44,2.7
1986,1,2,24.4,10.2,35,2.1
1986,2,31,27.6,12.2,51,2.4
1986,3,1,33.6,16.2,31,1.9
1986,4,10,38.1,21.9,24,1.9
1986,5,21,39.9,23.7,29,1.9
1986,6,131,38.4,26.8,130,1.6
1986,7,322,32.3,24.8,125,1.3
1986,8,348,32.2,24.7,118,1.4
1986,9,170,31.4,24.2,117,0.6
1986,10,27,30.6,19.8,79,-1
1986,11,3,28.5,14.6,48,-1
1986,12,18,24.9,10.7,40,0.4
1987,1,3,23.9,9.6,31,-0.4
1987,2,13,28.5,13.7,37,-0.1
1987,3,10,32.6,17,29,-0.6
1987,4,6,38.1,22.2,17,-0.7
1987,5,9,41.2,24.7,16,-0.9
1987,6,51,39.9,28.6,53,-1.9
1987,7,345,32.7,25.5,132,-1.8
1987,8,457,31.7,25.4,118,1.1
1987,9,542,31.6,25.1,113,3.9
1987,10,47,31.9,21,92,3.3
1987,11,7,28.9,14.6,53,3.1
1987,12,3,26,10.3,36,2.7
1988,1,6,25,10.4,35,2
1988,2,22,28.3,13.6,43,1.9
1988,3,46,32.6,17.1,62,2.5
1988,4,8,39.1,22.8,18,2.2
1988,5,16,41.4,26.7,22,1.9
1988,6,203,36.7,26.4,156,2.5
1988,7,261,32.2,26.1,120,1.9
1988,8,253,31.5,25.8,106,1.4
1988,9,153,32.5,25.4,120,-1.4
1988,10,27,31.7,20.4,88,-1.8
1988,11,1,28.9,14.3,50,-1.9
1988,12,12,26.3,11.8,39,-1.7
1989,1,8,23.2,8.9,33,-2
1989,2,3,27.2,13.1,27,-2.5
1989,3,10,32.5,16.7,22,-2.6
1989,4,0,39.4,22.1,8,-2.9
1989,5,28,41.9,25.9,32,-2.4
1989,6,172,36.7,26.4,158,-1.7
1989,7,295,32.7,25.4,121,-1.8
1989,8,262,31.8,25.5,108,-1.9
1989,9,183,31.3,25.2,104,-2.1
1989,10,39,31.6,21.6,86,-2.1
1989,11,5,28.8,14.4,53,-1.9
1989,12,21,25,9.7,44,-1.1
1990,1,2,25.5,10.1,35,-1.5
1990,2,45,26.8,14,56,0.9
1990,3,17,31,16.6,39,1
1990,4,4,37.7,22.7,17,0.7
1990,5,27,39.9,25.2,34,1.1
1990,6,273,37.6,27,148,2.6
1990,7,539,31.4,25.1,101,4.9
1990,8,268,32,25.8,113,4.4
1990,9,214,31.2,25.1,101,3.8
1990,10,47,30.7,20.7,81,3.4
1990,11,0,29.8,14.8,54,3.1
1990,12,0,25.9,10.5,36,2.6
1991,1,26,22.9,9.9,43,2.5
1991,2,8,28.7,14.1,36,2.1
1991,3,43,33.5,17.5,61,2.7
1991,4,16,37.9,21.8,27,2.6
1991,5,7,41.7,25.9,14,2
1991,6,206,36.1,26.7,154,2.6
1991,7,206,33.3,26.4,131,1.6
1991,8,535,31.3,25.4,103,2.7
1991,9,145,31.3,24.6,113,1.6
1991,10,4,31.8,20.5,77,-1.7
1991,11,1,28.8,13.3,48,-2
1991,12,23,24.9,9.9,41,-1.4
1992,1,19,23,9.3,38,-1.4
1992,2,8,25.2,11.5,32,-1.7
1992,3,1,34.3,17.9,15,-2.3
1992,4,2,39.6,22.1,11,-2.5
1992,5,4,40.1,24.9,10,-2.7
1992,6,38,38.4,26.9,41,-3.6
1992,7,150,33.4,26.4,133,-4.6
1992,8,115,31.6,25.4,112,-5.7
1992,9,99,31.6,24,99,-5.5
1992,10,20,31.4,20.7,23,-6.6
1992,11,1,28.9,13.8,4,-8
1992,12,0,25.1,9.8,3,-8.6
1993,1,2,24.1,10.7,4,-8.9
1993,2,1,28.9,14.3,3,-9.1
1993,3,17,31.4,15.3,17,-8.7
1993,4,1,36.9,21.3,2,-8.4
1993,5,14,40.6,25.2,15,-7.8
1993,6,30,38.7,28.2,30,-8.2
1993,7,82,34,26,79,-9.4
1993,8,171,31.5,25.5,119,-9.9
1993,9,274,30.8,24.6,102,-8.4
1993,10,54,32,21.1,86,-7.6
1993,11,10,29.6,13.8,51,-6.7
1993,12,0,26.1,10.1,33,-6.3
1994,1,57,24.6,10.4,61,-4.7
1994,2,12,26.2,13.1,36,-4.3
1994,3,0,34.2,18.1,19,-4.4
1994,4,10,37.6,21.3,20,-3.8
1994,5,4,41.5,25.7,11,-3.8
1994,6,294,37.7,27.4,148,-1.6
1994,7,301,32.9,24.7,130,-1
1994,8,329,31.9,25.3,115,2.3
1994,9,53,32.2,24.7,99,-1.5
1994,10,88,32.2,20,101,-0.9
1994,11,0,27.8,14.6,46,-1.1
1994,12,0,26,9.9,33,-1.4
1995,1,23,22.6,9.1,39,-1.2
1995,2,13,27.5,13.8,34,-1.3
1995,3,27,32.4,16.1,40,-1
1995,4,1,39.2,21.9,10,-1.3
1995,5,11,42.3,26.3,16,-1.4
1995,6,39,39.2,28.9,41,-2.4
1995,7,231,33.2,26,134,-3
1995,8,215,31.9,25.5,113,-3.7
1995,9,224,31.5,24.7,110,-3.5
1995,10,11,32.6,21.2,74,-3.8
1995,11,5,28.4,14.4,51,-3.7
1995,12,0,25.9,10.8,33,-3.7
1996,1,48,24.5,10.8,55,-2.7
1996,2,12,27.1,12.1,37,-2.6
1996,3,1,34.3,18.4,19,-2.9
1996,4,1,38.8,21.5,11,-3
1996,5,3,42.2,26,10,-3.2
1996,6,230,37.3,26.2,165,-1.8
1996,7,267,33,26,127,-1.9
1996,8,324,31.2,24.7,107,-1.4
1996,9,121,31.3,25.6,112,-2.4
1996,10,130,31.6,20.8,116,-0.7
1996,11,0,30,13.4,63,1.6
1996,12,0,26.5,8.7,44,1.6
1997,1,3,24,9.1,34,1
1997,2,0,26.1,12,35,-0.4
1997,3,1,33,17.3,21,-1.2
1997,4,5,36.1,20.8,15,-1.2
1997,5,42,40.5,25,47,0.8
1997,6,23,39.1,28.3,27,-1.2
1997,7,225,32.8,25.5,114,-1.9
1997,8,380,32.3,25.3,108,-1.7
1997,9,98,31.1,25,103,-2.7
1997,10,19,30.7,20.2,73,-3
1997,11,16,29,15,49,-2.4
1997,12,15,24.4,11,37,-1.8
1998,1,4,23.3,9.6,31,-2
1998,2,13,27.9,13.4,37,-1.8
1998,3,10,31.6,15.8,29,-1.8
1998,4,7,38.1,22.1,18,-1.6
1998,5,43,42.3,26.2,48,-0.6
1998,6,27,40,28.8,31,-1.7
1998,7,189,32.8,26.1,121,-2.6
1998,8,254,31.6,26.8,107,-3.3
1998,9,179,32.3,25.5,107,-3.5
1998,10,127,33.2,22.7,100,-1.6
1998,11,14,29.8,15.9,59,-0.7
1998,12,0,26.3,10.6,44,2.2
1999,1,1,24.3,9.3,37,1.7
1999,2,9,28.9,13.5,42,1.5
1999,3,0,34.7,17.1,27,0.8
1999,4,0,40.6,23.3,14,-1.1
1999,5,19,41,26.2,27,-0.9
1999,6,108,37.6,27.5,109,-1
1999,7,316,32.8,25.8,119,-1.1
1999,8,267,31.3,25.9,105,-1.2
1999,9,138,31.2,24.5,109,-1.9
1999,10,24,31.5,22,77,-2.2
1999,11,0,30,15.1,53,-2.2
1999,12,1,26.1,11.4,32,-2.4
2000,1,1,24.6,10.8,29,-2.8
2000,2,16,26,12.9,35,-2.7
2000,3,0,32,17,14,-3.1
2000,4,8,38.7,23,16,-3
2000,5,6,40.6,25.5,12,-3
2000,6,129,36.8,26.6,127,-2.7
2000,7,125,33.3,26.4,119,-3.9
2000,8,121,32.5,26,116,-5.1
2000,9,268,30.9,24.5,107,-4
2000,10,1,32.7,22.1,62,-4.8
2000,11,0,30.2,15.2,36,-5.4
2000,12,0,26.8,9.9,22,-5.8
2001,1,4,25.8,9.7,16,-6.2
2001,2,1,28.6,12.9,8,-6.6
2001,3,35,32.9,17.1,38,-5.7
2001,4,9,38.1,22,12,-5.3
2001,5,4,40.4,26.1,7,-5.3
2001,6,193,35.8,26.2,127,-3.9
2001,7,309,32.4,25.1,115,-3.4
2001,8,309,32,26.5,112,-2.7
2001,9,51,32.4,25.6,93,-4
2001,10,67,32.4,22.4,90,-3.5
2001,11,0,30.9,15,47,-3.5
2001,12,0,26.8,10.3,32,-3.6
2002,1,2,24.1,10.4,26,-3.8
2002,2,10,28.7,13.5,29,-3.9
2002,3,7,34.1,18,18,-4
2002,4,1,39.3,22.9,8,-4.1
2002,5,4,41.6,26.9,9,-4.1
2002,6,23,38.5,28.1,26,-4.9
2002,7,159,33.5,27.8,139,-5.8
2002,8,318,31.8,25.6,103,-6.1
2002,9,194,31.3,25,111,-5.8
2002,10,63,32.5,21,94,-5
2002,11,1,29.9,14.4,54,-4.4
2002,12,0,27.1,11.3,37,-4.1
2003,1,8,25.3,9,36,-4.1
2003,2,20,27.7,13.8,40,-3.5
2003,3,20,32.2,16.9,39,-3.1
2003,4,6,39.7,23.2,17,-2.9
2003,5,0,41.3,26,7,-3.2
2003,6,76,38.9,29.7,77,-3.5
2003,7,146,33.1,26.5,123,-4.5
2003,8,209,32.7,25.9,109,-5.2
2003,9,295,31,25.5,102,-4.1
2003,10,116,32.4,21.3,103,-2.4
2003,11,0,30.3,14.9,60,-1.8
2003,12,0,25.5,11.2,39,-1.5
2004,1,16,23.1,9.6,41,-1.3
2004,2,0,28.5,12.3,37,-1.4
2004,3,1,36,18,26,-1.7
2004,4,11,39.2,23.7,24,-1.4
2004,5,2,41.7,26.4,10,-1.8
2004,6,89,36.7,27.3,90,-2.1
2004,7,149,32.5,26.9,137,-3.3
2004,8,477,32.1,25.5,110,-2.9
2004,9,354,32.9,25.1,125,-1.6
2004,10,27,31.2,21.1,81,-1.9
2004,11,1,28.5,14.8,51,-1.9
2004,12,0,27.5,11,33,-2.1
2005,1,23,23.9,12,39,-1.8
2005,2,14,28,14.7,40,-1.9
2005,3,40,33.8,18.5,53,-1.1
2005,4,4,38.4,22.1,13,-1.3
2005,5,16,40.9,25.6,22,-1.2
2005,6,84,39.6,29,85,-1.8
2005,7,188,32.4,26.2,132,-2.7
2005,8,305,32.2,26.4,120,-3.4
2005,9,126,32,24.9,124,-4.2
2005,10,10,31.1,21.7,68,-4.4
2005,11,0,29.6,13.4,52,-4.3
2005,12,7,26.3,9.6,36,-4
2006,1,0,26.8,10.1,31,-4.4
2006,2,0,31.1,14.6,19,-4.9
2006,3,45,32.5,17.1,53,-3.8
2006,4,9,37.5,22.7,15,-3.5
2006,5,66,40.6,26,68,-1.6
2006,6,138,37.4,27.5,134,-1.3
2006,7,334,32.7,25.1,120,-1.2
2006,8,138,31.8,25.6,117,-2.1
2006,9,101,32.1,25.3,108,-3.1
2006,10,3,32.1,22.5,73,-3.8
2006,11,0,28.5,16.2,43,-4
2006,12,0,27.6,11.2,30,-4.2
2007,1,0,25.6,9.4,24,-4.6
2007,2,87,27.1,14,84,-2.5
2007,3,20,33,16.1,32,-2.3
2007,4,2,39.2,22.7,10,-2.4
2007,5,21,40.9,25.4,26,-2
2007,6,93,38,26.8,93,-2.3
2007,7,258,32.4,26.1,120,-2.7
2007,8,341,32.4,26.2,112,-2.5
2007,9,256,31.6,26.1,110,-2
2007,10,3,32.2,21.8,75,-2.8
2007,11,0,29.8,14.9,45,-2.9
2007,12,0,26.9,10.7,33,-3.1
2008,1,45,23.8,12.2,54,-2.3
2008,2,6,26.8,11.8,30,-2.5
2008,3,21,34,18.3,33,-2.3
2008,4,7,38.5,22.8,16,-2.2
2008,5,33,40.1,26.5,38,-1.5
2008,6,341,34.6,26.8,128,3
2008,7,202,31.3,25.2,115,2.8
2008,8,322,31.8,26,104,3
2008,9,53,31.9,24.9,97,1.1
2008,10,3,32.1,21,65,-2.5
2008,11,0,30.5,14.6,39,-3.1
2008,12,0,28,11.5,24,-3.6
2009,1,9,27.1,11.3,27,-3.9
2009,2,0,29.8,14.5,12,-4.6
2009,3,2,33.8,17.9,9,-4.9
2009,4,0,40.6,23.1,5,-5.1
2009,5,27,40.9,26.4,30,-4.3
2009,6,24,39.4,29,26,-5.3
2009,7,244,33.9,25.8,125,-5.4
2009,8,165,33,26.1,114,-6.1
2009,9,265,32.1,25.1,122,-5.3
2009,10,36,32.5,20.8,91,-5.1
2009,11,5,30.5,15.1,51,-4.6
2009,12,3,26.5,11.6,35,-4.4
2010,1,1,24.1,7.9,29,-4.5
2010,2,5,29.6,12.9,29,-4.7
2010,3,1,35.5,18.8,14,-4.9
2010,4,0,41.4,24.1,8,-5
2010,5,16,41.5,26.7,21,-4.5
2010,6,65,38.6,28.1,66,-4.9
2010,7,178,34,27.1,132,-5.6
2010,8,163,32.4,27,120,-6.4
2010,9,101,31.5,26.2,103,-6.4
2010,10,28,31.8,22.9,52,-6.7
2010,11,2,30.5,16.6,18,-7.4
2010,12,18,26,10.4,26,-7.1
2011,1,0,23.6,9.8,7,-7.4
2011,2,5,29,13,9,-7.6
2011,3,0,33.5,18.2,4,-7.7
2011,4,17,37.5,22.3,19,-6.8
2011,5,16,40.3,26.7,18,-6.2
2011,6,361,36.7,27.3,157,-3.1
2011,7,204,32.5,26.9,129,-2.8
2011,8,309,32.2,25.8,99,-2.2
2011,9,333,31.3,25.2,99,-0.9
2011,10,46,32.2,21.3,90,-0.9
2011,11,0,29.9,14.8,52,-0.9
2011,12,0,27,9.9,34,-1.1
2012,1,83,22.6,9.8,70,3.3
2012,2,1,27.5,13.7,39,2.9
2012,3,1,33.6,17,27,2.2
2012,4,3,38.1,22.8,16,1.7
2012,5,0,42.1,26.4,9,1
2012,6,101,40,29.5,101,-1.6
2012,7,386,32.7,26.4,122,-1.1
2012,8,457,32.3,25.5,111,1.6
2012,9,246,31.8,24.9,112,1.5
2012,10,8,31.8,19.9,74,-0.8
2012,11,1,29.3,12.8,47,-1.1
2012,12,0,26.7,9.7,33,-1.4
2013,1,1,24.4,9,27,-1.9
2013,2,20,27.2,12.9,37,-1.9
2013,3,13,33.2,16.8,24,-2.1
2013,4,5,38,22.4,12,-2.2
2013,5,1,41.2,26.7,7,-2.6
2013,6,125,37.2,26.8,123,-2.3
2013,7,288,33,26.4,129,-2.6
2013,8,413,32.1,25.1,113,-1.8
2013,9,266,32.4,25.3,117,-1.4
2013,10,229,30.3,21.5,98,4
2013,11,0,28.4,12.5,58,3.9
2013,12,0,25.1,10.3,39,3.7
2014,1,95,22.6,9.8,69,5.5
2014,2,60,26,12.6,71,6.9
2014,3,32,32.1,16.3,79,8.4
2014,4,1,39,22.1,40,8
2014,5,52,41.1,25.5,67,8.5
2014,6,25,39,27.8,34,6.4
2014,7,186,33.3,26.3,125,4.7
2014,8,240,32.5,25.9,117,3.2
2014,9,95,31.5,24.8,103,1.7
2014,10,13,31.6,20.3,66,0.7
2014,11,0,28.9,13.5,42,-4.6
2014,12,1,24.6,9.9,25,-4.8
2015,1,20,21.9,9.4,31,-4.4
2015,2,25,27.2,13.1,37,-4.1
2015,3,15,31.5,16.2,22,-3.9
2015,4,14,35.9,21.4,19,-3.4
2015,5,11,41.7,26,14,-3.3
2015,6,138,38.6,27.8,134,-2.9
2015,7,339,33.4,25.4,122,-2.7
2015,8,415,32.4,25.8,115,-1.6
2015,9,69,32.6,24.8,107,-2.9
2015,10,33,32.4,21.2,81,-3.1
2015,11,1,29.8,14.2,43,-3.4
2015,12,5,25.6,10.2,30,-3.5
2016,1,36,23.8,9.8,45,-3.5
2016,2,17,28.4,14.6,37,-3.9
2016,3,14,33.4,17.9,26,-3.4
2016,4,9,39.6,22.9,17,-3.6
2016,5,22,41,25.3,27,-3
2016,6,143,38.7,27.6,140,-3.2
2016,7,397,32.7,25.5,118,-3.2
2016,8,310,32.3,25.7,113,-2.3
2016,9,299,31.8,25,99,-1.3
2016,10,57,31.8,20.9,92,-0.9
2016,11,0,28.4,13.5,56,-0.6
2016,12,0,25.6,10.2,34,-0.7
2017,1,59,23.7,9.5,63,-0.8
2017,2,16,27.6,13.2,45,-1.2
2017,3,6,31.7,16.7,30,-1.5
2017,4,10,38,22.6,22,-1.6
2017,5,5,41.5,25.8,13,-1.7
2017,6,94,38.3,27.4,95,-1.7
2017,7,548,32.6,25.6,112,-1.2
2017,8,221,32.3,25.8,119,-1.4
2017,9,81,32.2,25.2,101,-2
2017,10,21,31.8,21.4,72,-2.1
2017,11,0,29,14,46,-1.9
2017,12,0,25.7,10.6,29,-1.9
2018,1,2,23.2,9.2,27,-2.4
2018,2,11,27.7,13.6,29,-2.5
2018,3,1,33.3,17.7,11,-2.7
2018,4,6,37.1,21.4,12,-2.1
2018,5,9,40.3,24.9,14,-1.7
2018,6,106,38.1,27,104,-1.6
2018,7,368,32.8,25.6,128,-1.6
2018,8,328,32.1,25.5,104,1.1
2018,9,225,31.7,24.6,116,0.8
2018,10,16,31.3,20.5,78,-0.4
2018,11,0,28.8,13.6,45,-0.7
2018,12,0,24.9,9.4,31,0.1
2019,1,11,23.5,9.3,31,-2.6
2019,2,18,27.6,13.2,37,-2.4
2019,3,12,31.9,15.9,28,-2.3
2019,4,10,38.5,22.1,20,-2
2019,5,1,41.9,26.2,8,-2.4
2019,6,43,40.4,29.7,45,-3.3
2019,7,252,34,26.9,138,-3.7
2019,8,301,32.7,26.3,118,-3.9
2019,9,300,32.1,25.4,108,-2.8
2019,10,56,31.7,20.9,79,-2.3
2019,11,1,29.3,14.5,53,-1.8
2019,12,14,24.9,9.3,40,-1.2
