Product: Historical Climate - TerraClimate(http://www.climatologylab.org/terraclimate.html) 
Location (Lat/Lon of 4-km Grid Cell Center): 25.2292 North,87.6458 East 
Data Source: NW Climate Toolbox(https://climatetoolbox.org/tool/point-data-download)
Download Date: 07/25/2020
Variable List: 
ppt: ppt (Precipitation)
tmax: tmax (Maximum Temperature)
tmin: tmin (Minimum Temperature)
aet: aet (Actual Evapotranspiration)
PDSI: pdsi (Palmer Drought Severity Index (PDSI))
********************************************************
Year,Month,ppt(mm),tmax(degC),tmin(degC),aet(mm),PDSI(unitless)
1958,1,18,26.3,11,45,0.6
1958,2,7,27.2,12.6,39,0.7
1958,3,1,34.1,16.5,24,-0.4
1958,4,13,37.5,22.4,25,0
1958,5,42,36.5,25.5,48,-1
1958,6,160,35.1,26.4,153,-2.1
1958,7,242,32.7,26.3,124,-3.2
1958,8,561,31.2,26.1,106,-0.7
1958,9,176,32,25.2,100,-0.8
1958,10,111,31.8,22.5,107,-0.6
1958,11,4,29.3,14.9,54,1.6
1958,12,0,26.2,11.7,36,1.6
1959,1,41,24.6,10.3,53,2.5
1959,2,0,26.6,11.7,36,2.4
1959,3,11,33.1,16.4,38,2.4
1959,4,12,36.7,22.2,25,2.2
1959,5,41,35.9,24.5,47,1.4
1959,6,246,32.8,25.2,125,1.6
1959,7,224,31.8,26.1,123,-1.1
1959,8,311,31.8,25.9,115,-0.6
1959,9,202,30.9,24.3,101,0.3
1959,10,250,29.7,22.4,98,3.1
1959,11,0,28.1,14.2,51,2.7
1959,12,0,25.6,10.7,34,2.5
1960,1,0,24.5,9,33,1.9
1960,2,0,29.6,13.1,31,1.7
1960,3,20,31.5,15.8,41,1.9
1960,4,0,38.5,21.4,12,1.1
1960,5,46,36.3,24.9,51,-1
1960,6,168,33.7,25.5,149,-2
1960,7,302,31.2,25.9,119,-2.7
1960,8,208,31.7,26.3,123,-3.3
1960,9,243,30.8,25.1,97,-1.9
1960,10,55,30.8,21.4,90,-2.5
1960,11,1,27.9,13.2,45,-2.6
1960,12,0,26.8,10.5,29,-2.6
1961,1,14,25,10.5,34,-2.4
1961,2,21,25.2,11.3,41,-1.6
1961,3,2,33.3,18.1,22,-1.7
1961,4,6,37.6,21.6,17,-1.9
1961,5,64,35.7,24.7,68,-1.7
1961,6,267,32.6,24.9,133,-1.1
1961,7,159,32.3,25.9,132,-2.3
1961,8,334,31.8,26.2,124,-2
1961,9,141,31.5,24.9,115,-2.8
1961,10,202,30.7,21.2,103,-0.8
1961,11,3,26.8,13.4,51,-0.7
1961,12,0,23.4,8.2,36,1.6
1962,1,22,24,7.9,44,1.9
1962,2,8,27.3,12,37,2.1
1962,3,7,33.7,15.2,36,2.1
1962,4,7,36.3,21,21,1.7
1962,5,65,35,23.9,70,1.6
1962,6,230,32.7,25.3,125,1.6
1962,7,211,32.6,26.2,131,-1.1
1962,8,481,31.1,25.7,109,1.9
1962,9,116,31.7,24.8,111,-1.3
1962,10,61,30.4,20.4,88,-1.7
1962,11,0,28.7,13.3,46,-1.9
1962,12,1,25.5,10.1,31,-1.8
1963,1,1,24.7,7.9,31,-2.1
1963,2,0,29.9,11.9,29,-2.3
1963,3,13,32.7,16.2,27,-2.2
1963,4,22,35.3,20.4,30,-1.7
1963,5,70,34.3,23.1,72,-1.4
1963,6,303,32.6,24.9,129,1.3
1963,7,329,31.7,26.1,110,2
1963,8,225,31.7,26.2,122,1.2
1963,9,187,31.8,24.9,110,1
1963,10,191,30.8,21.5,110,2.3
1963,11,28,28.1,15,65,3
1963,12,0,26.2,11.2,39,3.1
1964,1,2,24.7,9.3,37,2.5
1964,2,1,28.2,12.4,38,2.2
1964,3,4,34.5,18,24,1.5
1964,4,16,35.9,21.9,27,1.3
1964,5,83,34.4,23.5,86,1.6
1964,6,193,33.7,25.8,154,0.6
1964,7,437,30.9,25.5,125,1.1
1964,8,201,31.7,26.1,127,-1.2
1964,9,167,31.5,25.3,110,-1.6
1964,10,117,31.1,22.6,106,-1.1
1964,11,0,28.2,14.8,55,-1.1
1964,12,0,26,10.5,39,-0.9
1965,1,0,25.6,9.5,34,-1.3
1965,2,3,27.9,11.6,32,-1.3
1965,3,17,32.2,14.8,34,-1.1
1965,4,7,36,20.9,17,-1.3
1965,5,31,36.3,24.8,36,-2.1
1965,6,189,33.4,25.6,146,-2.6
1965,7,300,31.3,25.5,125,-3.2
1965,8,444,30.7,25.5,117,-1.2
1965,9,163,31.2,24.6,105,-1.5
1965,10,48,30.5,20.7,85,-2.1
1965,11,15,28.4,14.6,54,-1.8
1965,12,0,24.8,10.1,33,-1.8
1966,1,63,23.7,9.6,63,1.6
1966,2,4,28.8,13.3,34,1.5
1966,3,1,34.1,16.5,24,1.1
1966,4,5,37.7,21.7,16,0.6
1966,5,40,36.9,25.2,45,-1.5
1966,6,119,33.6,25.5,118,-3
1966,7,252,32.2,25.8,131,-4.2
1966,8,452,31.4,25.9,116,-2.9
1966,9,89,31.1,24.2,106,-4.3
1966,10,40,29.8,20,81,-4.7
1966,11,24,28.7,15.1,52,-4.2
1966,12,1,25.1,10.1,30,-4
1967,1,9,24.5,9.7,32,-4
1967,2,2,29.3,12.2,25,-4.1
1967,3,37,31.3,15.7,48,-2.9
1967,4,21,35.3,19.2,28,-2.4
1967,5,36,35.6,23.8,39,-2.9
1967,6,178,33.5,25.1,151,-3.6
1967,7,291,32.2,25.8,128,-4.2
1967,8,258,31.6,25.5,126,-4.4
1967,9,119,31.2,24.2,107,-5.1
1967,10,44,30.2,20.2,84,-5.4
1967,11,0,26.8,12.6,45,-5.3
1967,12,0,26.2,11.1,29,-5.1
1968,1,33,23.7,9.6,46,-4
1968,2,1,26.6,11,28,-3.8
1968,3,11,32.9,17,28,-3.4
1968,4,7,36,20.8,17,-3.4
1968,5,35,36.1,24.4,40,-4
1968,6,333,31.3,24.2,115,-1.9
1968,7,338,31.1,25.9,115,2.7
1968,8,239,31.8,25.6,128,1.9
1968,9,159,32.3,25.7,114,1
1968,10,207,29.8,20.6,108,2.7
1968,11,2,27.7,14.6,51,2.4
1968,12,0,25.5,10.9,35,2.3
1969,1,7,24.4,8.5,37,2
1969,2,2,28.3,12,33,1.8
1969,3,19,34.5,17.7,42,2
1969,4,13,37,21.3,24,1.8
1969,5,84,35.5,24,87,2.4
1969,6,235,33.3,25.5,131,2.2
1969,7,349,31.7,25.9,121,2.2
1969,8,329,30.9,25.2,109,2.6
1969,9,196,31.3,24.9,106,2.4
1969,10,34,30.8,21,83,1.2
1969,11,26,28.9,15.1,54,1.4
1969,12,0,25.8,10.6,30,1.1
1970,1,29,24,9.7,43,1.5
1970,2,4,27,12.2,31,1.3
1970,3,7,32.8,16.9,26,1.1
1970,4,4,37.3,21.7,15,-0.4
1970,5,44,36.6,25.1,49,-1.2
1970,6,231,32.7,24.8,129,-1
1970,7,379,31.7,25.9,120,0.6
1970,8,260,31.6,26,124,-0.2
1970,9,242,31.1,25,104,1.2
1970,10,125,30.9,21.4,107,1.4
1970,11,4,28,13.9,54,1.3
1970,12,0,25.9,9.1,34,1.4
1971,1,20,23.8,9.4,42,1.6
1971,2,4,26.5,10.5,34,1.7
1971,3,4,32.9,15.8,33,1.6
1971,4,45,33.6,20.4,56,2.9
1971,5,66,33.5,22.8,71,2.8
1971,6,348,31.4,24.8,120,4.3
1971,7,327,30.8,24.9,119,4.9
1971,8,417,30.4,24.6,105,6
1971,9,229,31.5,24.6,102,6
1971,10,143,30.3,21.6,102,6.1
1971,11,19,27.1,13.8,57,6.1
1971,12,0,26.2,10,39,5.9
1972,1,8,25.2,9.4,36,5.3
1972,2,14,25,10.1,41,5.3
1972,3,5,33.6,16.8,35,5
1972,4,5,36.9,20.3,19,4.2
1972,5,24,37.2,25.3,31,2.5
1972,6,158,34,24.8,152,1
1972,7,237,32.6,26,125,-3.8
1972,8,217,31.4,25.1,131,-5.1
1972,9,204,31.9,24.3,110,-4.6
1972,10,56,31.2,20.2,88,-4.8
1972,11,4,27.8,13.6,46,-4.5
1972,12,0,25.5,10.1,32,-4.2
1973,1,38,25,10.1,49,-3.1
1973,2,9,28.1,12.9,35,-2.6
1973,3,6,32.1,15.5,27,-2.3
1973,4,7,37.4,21.7,18,-2.4
1973,5,72,34.3,23.4,75,-1.8
1973,6,453,32.2,24.3,122,3.8
1973,7,227,32.4,25.6,129,3.3
1973,8,226,31.6,25.4,127,2.4
1973,9,320,31.2,24.9,98,4.4
1973,10,212,29.9,21.8,104,5.8
1973,11,15,26.7,15.3,55,5.6
1973,12,1,24.2,10.9,37,5.4
1974,1,16,23.5,9.1,40,5.1
1974,2,0,27.3,11.3,34,4.7
1974,3,26,32.4,17.1,54,5.2
1974,4,16,35.7,21.8,29,4.8
1974,5,62,34.9,24,67,4.4
1974,6,203,33.3,24.8,126,3.7
1974,7,465,31.1,25.3,128,4.5
1974,8,355,31.5,25.5,125,4.7
1974,9,247,31.3,24.3,99,5.3
1974,10,90,32.1,22.7,100,4.6
1974,11,1,28.8,14.3,51,4
1974,12,1,24.2,8.9,31,3.6
1975,1,21,24,9.2,42,3.5
1975,2,4,26.8,12.3,35,3.2
1975,3,5,33.6,16.4,27,2.7
1975,4,11,37.6,21.4,22,2.2
1975,5,80,36,23.9,83,2.3
1975,6,213,33.2,25.1,145,1.7
1975,7,419,30.7,25.1,109,2.3
1975,8,144,31.7,25.3,116,0.7
1975,9,283,31,24.7,110,2.1
1975,10,105,31.6,23.3,106,1.9
1975,11,0,28.5,14.1,53,1.6
1975,12,0,25.3,9.2,35,1.5
1976,1,5,25,9.1,34,1.1
1976,2,11,27.6,13.5,37,1.3
1976,3,3,33.3,17.6,24,0.9
1976,4,12,36.7,21.2,22,0.7
1976,5,91,34.4,23.6,93,1.2
1976,6,252,33,24.6,142,1.2
1976,7,313,32.1,25.3,115,1.1
1976,8,359,30.9,25.1,127,1.8
1976,9,186,31.6,24.1,104,1.5
1976,10,38,31.4,21.1,81,-0.9
1976,11,7,30.2,16,51,-1.2
1976,12,0,25.9,9.5,30,-1.4
1977,1,6,24.5,9.2,31,-1.7
1977,2,4,28,11.8,28,-2.1
1977,3,4,34.6,18.6,17,-2.5
1977,4,19,35.2,21.4,26,-2.1
1977,5,124,33.1,22.4,123,1.6
1977,6,248,31.9,24.3,134,1.7
1977,7,388,31.6,25.8,126,2.1
1977,8,237,31.9,26.2,114,1.5
1977,9,107,32.1,25.1,107,-1.8
1977,10,142,30,21.3,112,-1
1977,11,12,28.6,16.6,57,0.4
1977,12,4,24.3,10.5,38,1.2
1978,1,6,23.1,8,36,1
1978,2,11,26.1,11.8,38,1.4
1978,3,19,31.6,15.2,46,1.9
1978,4,25,35.3,20.5,38,2.2
1978,5,95,34.7,24.2,98,2.9
1978,6,286,32.4,24.7,136,3.3
1978,7,333,31.7,25.4,114,3.6
1978,8,237,32,26.1,119,2.8
1978,9,257,31,24.9,113,3.5
1978,10,106,31.1,22.1,104,3.2
1978,11,11,28.9,16.3,54,3.2
1978,12,1,25.6,10.8,36,3.1
1979,1,23,25.4,10.3,47,3.2
1979,2,13,25.6,11.6,42,3.5
1979,3,3,32.5,17.1,31,3.1
1979,4,21,36.4,22.1,33,3.1
1979,5,18,38,24.6,25,1.2
1979,6,157,34.3,25.4,150,-2.6
1979,7,387,32.3,26,133,-2.7
1979,8,349,32.3,26.4,134,-1.8
1979,9,184,31.7,24.8,121,-2
1979,10,117,31.4,22.2,110,-1.6
1979,11,18,30.6,17.6,60,-0.8
1979,12,4,24.8,12.6,41,1.2
1980,1,13,24.2,9.7,41,1.3
1980,2,5,26.9,12.9,37,1.3
1980,3,16,32.2,17.5,42,1.6
1980,4,6,37.2,23,19,1.1
1980,5,73,34.8,23.5,78,1.2
1980,6,252,33,25.5,124,1.5
1980,7,292,31.9,26,119,1.2
1980,8,303,31.9,26.1,112,1.4
1980,9,159,32,25.6,114,0.6
1980,10,52,30.3,21.7,88,-1.3
1980,11,2,29.1,14.3,52,-1.7
1980,12,0,26.4,11.7,33,-1.9
1981,1,29,22.8,10.1,42,-1.3
1981,2,10,27,12.7,34,-1.2
1981,3,17,31.5,16.7,32,-0.9
1981,4,32,33.5,20.4,40,1.1
1981,5,90,33.8,23,92,1.8
1981,6,164,33.5,25.4,145,-1.1
1981,7,433,31.3,25.9,120,-0.6
1981,8,325,32,26,115,0.5
1981,9,183,31.6,25,115,-0.3
1981,10,0,32.2,21.3,77,-1.9
1981,11,2,28.9,14.1,47,-2.8
1981,12,2,24.4,10.5,26,-3.3
1982,1,4,25.5,10.2,24,-3.7
1982,2,3,26.2,12.6,16,-4.2
1982,3,23,30.9,15.9,30,-3.6
1982,4,12,35.3,21.3,17,-3.5
1982,5,26,37,24.3,29,-4.5
1982,6,234,33.1,24.9,133,-4
1982,7,291,32.8,26.5,140,-4.2
1982,8,194,31.8,25.7,127,-4.7
1982,9,177,32.6,25.2,127,-4.8
1982,10,28,31.5,20.8,83,-5.5
1982,11,21,27.8,14.9,52,-4.8
1982,12,0,25,10.1,31,-4.6
1983,1,14,23.7,9.2,35,-4.3
1983,2,1,26.4,11.8,27,-4.3
1983,3,6,32.5,17.1,19,-4.4
1983,4,14,35.4,20.5,22,-4.1
1983,5,99,34.6,23.2,99,-2.7
1983,6,199,34.5,25.7,154,-3.1
1983,7,435,32.7,26.3,130,-2.3
1983,8,234,32.1,25.8,119,-2.6
1983,9,185,31.9,25.7,107,-2.4
1983,10,136,30.8,21.9,110,-1.6
1983,11,1,29.1,14.4,60,-1.6
1983,12,4,25.2,9.9,39,-1.2
1984,1,31,23.6,9.4,48,1.1
1984,2,6,26.3,12,37,1.2
1984,3,3,34.6,17,27,0.8
1984,4,9,37.2,21.9,21,-0.2
1984,5,66,35.3,24.9,70,0.1
1984,6,436,32,24.7,118,3.1
1984,7,449,31.1,25.8,122,5.1
1984,8,282,31.5,25.6,122,4.6
1984,9,346,31.2,24.6,118,6.5
1984,10,48,32,22.8,88,4.9
1984,11,2,28.3,13.5,53,3.9
1984,12,1,26.3,11.2,31,3.1
1985,1,2,24.4,10.8,28,2.2
1985,2,6,27.2,12.2,27,1.5
1985,3,4,34.8,18.5,16,0.6
1985,4,10,37.4,22.4,17,-2.8
1985,5,66,34.7,23.7,68,-2.5
1985,6,173,33.4,25.5,141,-3.2
1985,7,386,30.7,25.4,119,-2.9
1985,8,214,32,26.3,122,-3.3
1985,9,196,31.3,25,110,-2.9
1985,10,118,31.3,21.4,108,-2.4
1985,11,3,28.7,14.5,58,-2.1
1985,12,2,26.6,11.8,39,-1.7
1986,1,2,24.8,10.7,35,-1.9
1986,2,1,27.7,12.5,34,-1.9
1986,3,0,33.9,16.7,18,-2.4
1986,4,25,35.2,21.3,34,-1.8
1986,5,76,34.4,22.7,79,-1.3
1986,6,123,33.9,25.8,120,-2.7
1986,7,251,31.5,25.4,124,-3.8
1986,8,218,32.1,25.5,123,-5
1986,9,200,31,24.5,107,-4.4
1986,10,188,30.2,20.8,104,-2.5
1986,11,15,28.8,15.8,58,-1.8
1986,12,3,25.2,11.6,39,-1.2
1987,1,0,24.3,9.8,37,-1.4
1987,2,7,28.5,13.6,37,-1.1
1987,3,17,32.5,17.4,39,-0.6
1987,4,18,35.5,21.5,29,1.7
1987,5,34,35.7,23.8,40,0.6
1987,6,182,33.9,26.4,148,-1.7
1987,7,284,31.1,25.9,124,-2.5
1987,8,414,31,25.8,114,-1
1987,9,178,31.6,25.8,119,-1.4
1987,10,100,31.4,21.8,107,-1.3
1987,11,7,28.7,15.2,56,-1.1
1987,12,1,26.3,11.9,38,-0.9
1988,1,4,25.3,10.9,36,-1.1
1988,2,14,28,13.6,38,-0.8
1988,3,34,32.5,17.7,50,1.2
1988,4,25,36.6,22.3,34,1.5
1988,5,47,35,24.8,51,0.8
1988,6,227,32.4,24.8,125,0.8
1988,7,317,31.5,26.3,118,0.6
1988,8,395,31.3,26.5,103,1.9
1988,9,161,32.4,25.8,114,1.1
1988,10,26,32,21.7,84,-1.8
1988,11,15,29.1,15.6,55,-1.9
1988,12,1,26.5,12.7,31,-2.2
1989,1,14,23.5,9.1,34,-2.3
1989,2,6,27.2,12.8,26,-2.7
1989,3,3,33.1,17.4,14,-3.1
1989,4,1,37.7,22.2,9,-3.5
1989,5,98,36.2,24.6,98,-2.3
1989,6,206,32.5,25.1,132,-2.4
1989,7,343,31.7,25.7,116,-2.2
1989,8,215,31.6,26,115,-2.6
1989,9,243,31.7,25.9,100,-1.4
1989,10,64,31.6,22.7,89,-1.8
1989,11,2,28.6,15.6,53,-1.9
1989,12,1,24.8,10.4,34,-1.9
1990,1,0,25.8,10.4,30,-2.3
1990,2,11,26.5,13.6,31,-2
1990,3,17,30.9,16.7,31,-1.7
1990,4,26,34.8,21.4,33,-1.1
1990,5,87,34.6,24.3,88,1.4
1990,6,228,33.5,25.8,125,1.3
1990,7,325,31.3,26.1,108,1.2
1990,8,237,31.9,26.3,114,0.7
1990,9,220,31.8,25.8,107,1.1
1990,10,164,30.2,21.6,105,2
1990,11,2,29.9,16.1,58,1.8
1990,12,0,26,11.6,39,1.7
1991,1,29,23,9.4,45,2
1991,2,4,28.5,13.7,37,1.9
1991,3,8,33.7,17.8,31,1.7
1991,4,9,36.1,21.5,21,1.3
1991,5,58,35.6,24.2,63,0.9
1991,6,222,32,25.3,129,0.8
1991,7,240,32,26.3,134,-1.4
1991,8,286,31.4,26.2,118,-1.4
1991,9,356,31.3,24.8,106,2.7
1991,10,81,31.6,21.6,98,2.1
1991,11,1,28.7,14.3,53,1.7
1991,12,3,24.5,10.5,34,1.5
1992,1,18,23.4,9.2,39,1.4
1992,2,11,25.4,11.4,35,1.5
1992,3,1,34.3,17.9,22,0.7
1992,4,8,37.6,21.7,19,-1
1992,5,64,34.1,23.5,68,-0.9
1992,6,159,33.4,24.8,146,-1.9
1992,7,269,31.2,25.4,129,-3
1992,8,192,31.4,25.9,129,-4.3
1992,9,189,31.9,24.5,123,-4.1
1992,10,58,31.1,21.7,92,-4.4
1992,11,2,28.4,14.4,51,-4.3
1992,12,0,24.6,10.2,31,-4.2
1993,1,25,24.3,10.7,43,-3.6
1993,2,4,28.4,13.6,30,-3.5
1993,3,13,31.6,15.5,27,-3.3
1993,4,14,34.6,20.5,23,-3
1993,5,69,34.5,23.4,71,-2.5
1993,6,267,32.9,25.3,134,-1.8
1993,7,257,32.6,25.8,133,-2.2
1993,8,276,31.3,26,106,-1.8
1993,9,236,31,24.8,103,-0.9
1993,10,64,31.5,22,89,-1.3
1993,11,9,29.5,15.1,53,-1.2
1993,12,0,26.2,11.2,36,-1.2
1994,1,38,24.6,10.1,51,0.7
1994,2,13,25.5,12.2,37,1.1
1994,3,5,33.6,17.7,28,0.8
1994,4,9,35.4,20.9,20,-0.2
1994,5,42,35.8,24.6,48,-0.9
1994,6,182,33,25.4,133,-1.5
1994,7,195,32.6,25.5,138,-2.9
1994,8,221,31.8,25.8,125,-4.2
1994,9,129,32.4,25.1,127,-5.3
1994,10,63,31.7,20.8,92,-5.4
1994,11,4,27.3,15.2,48,-5.2
1994,12,0,25.5,10.3,31,-5
1995,1,23,22.9,9.2,39,-4.4
1995,2,7,27.6,13.8,29,-4.1
1995,3,5,33.4,17.3,17,-4.1
1995,4,3,37.3,21.6,10,-4.3
1995,5,38,36.9,25.3,42,-4.7
1995,6,192,33.9,26.4,133,-4.8
1995,7,329,31.8,25.9,130,-4.7
1995,8,274,31.6,25.8,118,-4.3
1995,9,311,31.5,25,110,-1.9
1995,10,46,32,21.8,87,-2.6
1995,11,36,28.3,15.3,63,-1.5
1995,12,0,25,10.9,35,-1.4
1996,1,29,24.6,10.5,46,-0.8
1996,2,6,26.9,11.6,35,-0.7
1996,3,4,34.1,18.4,23,-1
1996,4,16,36.7,21.1,26,-0.9
1996,5,49,36.3,24.8,54,-1.3
1996,6,174,32.9,24.6,124,-1.8
1996,7,246,32.1,26.4,123,-2.8
1996,8,265,31.1,25.4,113,-3
1996,9,151,31.2,25.5,110,-3.4
1996,10,135,31.2,21.8,111,-2.5
1996,11,0,29.8,14.7,59,-2.4
1996,12,0,26.3,9.5,40,-2.1
1997,1,34,24.2,9,49,-1.2
1997,2,7,26,12.2,36,-0.9
1997,3,11,33.1,17.5,34,-0.8
1997,4,26,33.7,20.1,37,1.5
1997,5,51,35,24.1,56,1
1997,6,165,33.1,25.3,137,-1.3
1997,7,362,31.9,25.8,119,-1.4
1997,8,318,31.9,25.6,115,-0.8
1997,9,211,31,25,103,0.4
1997,10,24,29.9,20.6,84,-1.2
1997,11,4,28.6,15.8,47,-1.8
1997,12,4,23.6,11,29,-2
1998,1,26,24.1,9.9,41,-1.6
1998,2,9,28.2,13.4,32,-1.7
1998,3,26,32,16.4,38,-1.2
1998,4,20,35.6,21.4,27,-0.9
1998,5,56,36.5,25,59,-1
1998,6,187,34.6,26.4,145,-1.7
1998,7,363,31.8,26.4,119,-1.7
1998,8,355,31.2,26.9,104,-0.6
1998,9,178,32.4,25.6,110,-0.8
1998,10,199,33,23.9,103,2.1
1998,11,20,29,16.2,64,2.5
1998,12,0,26,11.1,42,2.6
1999,1,1,25.4,10,38,1.9
1999,2,0,29.7,13.7,36,1.4
1999,3,2,35.2,17.6,18,0.6
1999,4,14,38.7,23.1,23,-1.3
1999,5,83,35.4,24.9,85,-0.6
1999,6,225,33.2,25.9,127,0
1999,7,333,31.4,25.7,121,0
1999,8,464,31,26.2,113,2.4
1999,9,232,31.6,24.9,113,2.7
1999,10,184,30.8,22.6,107,3.8
1999,11,8,29.1,15.7,60,3.6
1999,12,0,26.1,12.7,39,3.3
2000,1,20,24.1,10.2,44,3.2
2000,2,12,25.5,12,39,3.2
2000,3,13,31.5,17.1,36,3.1
2000,4,32,35.1,21.4,43,3.6
2000,5,100,35,24.5,103,4.4
2000,6,196,33.2,25.5,135,3.4
2000,7,230,32.1,26.1,133,1.8
2000,8,263,31.8,26,118,0.9
2000,9,230,31.1,24.7,102,1.6
2000,10,63,31.7,22.2,92,0.8
2000,11,1,29.7,15.9,52,-1.9
2000,12,0,26.6,10.6,36,-2.1
2001,1,5,26.8,10,32,-2.4
2001,2,4,29.3,13.3,26,-2.8
2001,3,13,33,17,25,-2.8
2001,4,16,36.2,21.6,23,-2.5
2001,5,122,34.7,24.7,121,-0.6
2001,6,263,32.3,25.2,120,2.1
2001,7,314,32,25.7,130,2
2001,8,296,31.5,26.6,118,2
2001,9,119,32.2,25.6,114,-1.3
2001,10,114,31.5,22.9,106,-1
2001,11,3,30.2,15.4,58,-0.9
2001,12,0,26.6,10.8,40,-0.7
2002,1,28,24.3,10.3,47,0.5
2002,2,2,28.7,12.9,36,0.7
2002,3,13,33.9,17.8,33,0.6
2002,4,16,36.2,21.3,27,0.7
2002,5,57,34.9,24.6,61,-0.1
2002,6,210,33.3,25.7,124,-0.2
2002,7,402,31.4,26.8,123,0.9
2002,8,353,31.4,25.9,115,1.6
2002,9,154,31.3,25.3,108,0.8
2002,10,66,31.4,21.4,93,-1.1
2002,11,23,29.7,15.4,61,0.5
2002,12,0,26.4,11.5,36,-0.1
2003,1,20,25.3,8.5,42,0.1
2003,2,11,27.1,13,34,0.6
2003,3,14,32.3,17,33,0.7
2003,4,13,36.9,22.1,23,0.6
2003,5,52,35,24.4,56,-0.3
2003,6,242,32.7,26.4,125,0.2
2003,7,365,31.8,26.4,119,0.8
2003,8,198,32.7,26.5,114,-0.8
2003,9,174,31.9,26.3,105,-1
2003,10,164,32.2,22.5,99,1.1
2003,11,7,29.9,15.6,60,1.1
2003,12,2,24.5,11.3,39,1.2
2004,1,16,23.9,9.9,42,1.2
2004,2,1,28.4,12.3,34,1.1
2004,3,8,36.3,18.4,28,0.8
2004,4,22,35.8,22.1,32,1
2004,5,57,36.3,25.5,62,0.6
2004,6,192,32.5,26,128,-0.4
2004,7,304,30.7,26.3,117,-1.1
2004,8,249,32.1,26.1,116,-1.3
2004,9,179,32.7,25,112,-1.5
2004,10,160,30.3,21.5,108,0.9
2004,11,12,27.8,15.3,60,1.2
2004,12,0,27.4,11.6,39,1.3
2005,1,38,24,11.4,52,2.1
2005,2,3,28,14.3,43,2.1
2005,3,20,33.9,18.5,44,2.3
2005,4,16,36.4,21.7,28,2.2
2005,5,53,34.8,24.2,58,1.6
2005,6,154,34.1,26.3,147,-1.6
2005,7,265,31.6,26.6,137,-2.8
2005,8,243,32,26.9,121,-3.7
2005,9,191,32.5,25.5,127,-3.7
2005,10,109,30.4,22.6,99,-3.1
2005,11,0,29.6,14.4,58,-2.9
2005,12,0,26.5,10.6,40,-2.5
2006,1,0,27.4,10.1,37,-2.9
2006,2,0,31.6,14.6,29,-3.2
2006,3,10,33.9,18.3,23,-3.2
2006,4,23,35.4,22,30,-2.5
2006,5,96,35.5,25.2,97,-1.4
2006,6,169,33,25.8,133,-2.1
2006,7,330,32.5,26,135,-2.6
2006,8,238,32.1,26.1,135,-2.9
2006,9,209,32.3,25.5,111,-2.4
2006,10,64,31.2,22.7,94,-2.8
2006,11,12,28.2,17,54,-2.4
2006,12,0,27.6,11.8,36,-2.3
2007,1,4,26.7,9.9,34,-2.6
2007,2,19,26.4,13.2,36,-1.9
2007,3,7,34.1,17.1,24,-2
2007,4,14,37.3,22.1,23,-1.9
2007,5,71,36.6,25.3,73,-1.5
2007,6,208,33.8,25.3,134,-1.7
2007,7,370,31.5,26.2,112,-1.2
2007,8,378,32.3,26.8,117,1.3
2007,9,287,31.6,26.1,108,2.7
2007,10,55,32.3,23,88,1.7
2007,11,4,29.5,15.7,53,1.2
2007,12,0,26.9,11.2,35,0.8
2008,1,32,24.4,11.8,47,1.1
2008,2,2,26.8,11.7,29,0.8
2008,3,14,33.9,18.4,28,0.6
2008,4,12,36.8,22.7,21,-0.1
2008,5,85,35,25.7,87,0.6
2008,6,392,31.3,25.9,116,3
2008,7,306,31.2,26.1,114,3.6
2008,8,267,31.4,26.5,106,3.2
2008,9,137,32.1,25.4,110,1.9
2008,10,75,31.4,21.7,97,1.3
2008,11,1,29.8,15.3,52,0.9
2008,12,0,27.5,12,32,0.6
2009,1,4,27.6,11.3,34,-1.8
2009,2,2,29.6,13.9,29,-2.3
2009,3,9,34.1,18,22,-2.4
2009,4,7,38.8,22.8,15,-2.6
2009,5,119,35.2,24.8,119,-0.8
2009,6,90,34.1,26.4,89,-2.8
2009,7,321,33.1,26.2,128,-3.5
2009,8,281,32.3,26.3,106,-3.3
2009,9,189,32.6,25.7,119,-3.2
2009,10,93,32.5,21.9,104,-3.1
2009,11,13,30.3,15.6,62,-2.4
2009,12,0,26.2,11.9,37,-2.1
2010,1,0,25.7,8.9,35,-2.5
2010,2,2,29.6,12.3,32,-2.7
2010,3,13,35.9,19.3,27,-2.7
2010,4,12,38.7,23.1,20,-2.7
2010,5,89,35.7,25.3,90,-1.8
2010,6,205,33.8,26.1,138,-2
2010,7,270,32.5,26.9,131,-2.8
2010,8,299,31.9,27.2,120,-2.4
2010,9,306,31.7,26.4,106,2
2010,10,96,31.4,23.7,103,1.7
2010,11,7,30.4,17.5,56,1.6
2010,12,1,25.9,11.1,37,1.5
2011,1,8,24.5,9.8,37,1.1
2011,2,13,28.5,11.9,40,1.3
2011,3,7,33.5,18.2,25,0.9
2011,4,13,35.6,21.8,23,0.8
2011,5,90,34.9,25.3,92,1.5
2011,6,311,32.7,26,128,2.5
2011,7,314,31.3,26.8,122,2.8
2011,8,409,31.6,25.9,105,4
2011,9,265,31.9,25.6,106,4.8
2011,10,25,31.6,21.8,77,3.2
2011,11,3,29.3,15.2,47,2.3
2011,12,0,27.7,11.3,32,1.5
2012,1,34,22.5,9,44,1.8
2012,2,5,27,12.6,30,1.2
2012,3,6,34.2,17.4,18,-2
2012,4,22,35.4,21.6,29,-1.5
2012,5,37,36.3,24.9,41,-2.2
2012,6,159,34,26.4,151,-3.2
2012,7,281,31.9,26.7,121,-4
2012,8,294,32.3,26.2,118,-3.9
2012,9,228,31.9,25.1,109,-3
2012,10,45,30.9,20.3,88,-3.5
2012,11,4,29.2,13.5,50,-3.6
2012,12,1,26.6,10.2,33,-3.6
2013,1,5,24.9,8.9,30,-3.8
2013,2,9,26.9,12.1,30,-3.8
2013,3,3,33.8,17.3,14,-4.1
2013,4,12,35.6,21.7,19,-3.9
2013,5,76,34.8,24.7,77,-3.2
2013,6,215,33.6,26,128,-3
2013,7,241,32.3,26.6,133,-3.8
2013,8,289,31.7,25.5,120,-3.5
2013,9,141,32,25,117,-4.1
2013,10,186,30.2,22.5,97,-2.2
2013,11,0,28.3,13.6,58,-2.1
2013,12,0,24.6,10.9,36,-1.8
2014,1,2,22.7,9.6,33,-2
2014,2,15,25.4,12,39,-1.4
2014,3,2,32.6,16.9,23,-1.7
2014,4,4,37.5,22,15,-2
2014,5,54,36.1,24.8,59,-2.2
2014,6,222,33.6,25.3,134,-2.1
2014,7,182,32.2,26.3,127,-3.2
2014,8,239,31.8,25.8,114,-4
2014,9,234,31.6,24.9,113,-3
2014,10,38,31.3,21.1,84,-3.6
2014,11,0,28.3,14.1,49,-3.9
2014,12,0,24.4,10.8,29,-4
2015,1,26,22.8,9.9,41,-3.4
2015,2,12,26.6,12.4,33,-3
2015,3,8,31.9,16.9,22,-3.1
2015,4,29,33.7,20.7,36,-2.1
2015,5,57,35.8,24.4,60,-2.1
2015,6,250,33.5,25.5,133,-1.6
2015,7,328,32.2,25.2,125,-1.4
2015,8,408,31.8,25.8,108,2
2015,9,202,32.3,24.7,122,1.7
2015,10,36,31.5,21.6,85,-1.1
2015,11,0,28.7,14.5,47,-1.6
2015,12,0,24.6,10.1,30,-1.9
2016,1,16,22.9,10.1,34,-2
2016,2,5,27.7,14.8,29,-2.5
2016,3,16,33.2,18.8,28,-2.2
2016,4,8,36.7,21.7,15,-2.6
2016,5,76,34.9,23.8,77,-1.7
2016,6,185,34.1,25.4,136,-2.5
2016,7,404,31.9,25.7,111,-2.5
2016,8,274,32.7,26.1,134,-2.9
2016,9,182,32.2,25.2,102,-1.1
2016,10,106,32,22.4,107,-0.9
2016,11,8,28.4,15,58,-1
2016,12,0,25.5,11.4,37,-0.8
2017,1,5,24.1,9.8,37,-0.7
2017,2,1,27.4,13,32,-0.8
2017,3,28,30.6,17.2,45,-0.6
2017,4,25,34.5,21.9,34,1
2017,5,66,35.6,24.2,69,1.1
2017,6,151,33.8,25.3,140,-1
2017,7,417,31.9,25.9,122,-1.3
2017,8,353,32.2,26,114,-1
2017,9,143,32.3,25.2,114,-1.6
2017,10,168,30.8,22,103,2.6
2017,11,6,29.3,15.7,59,2.2
2017,12,2,25.7,12.5,40,2.1
2018,1,2,22.9,9.1,33,1.4
2018,2,5,27.3,13.8,35,1.2
2018,3,7,32.7,17.9,26,1.2
2018,4,28,34.4,20.7,38,2.9
2018,5,77,34.1,23.3,80,3.7
2018,6,203,34,25,144,2.1
2018,7,275,32.4,25.9,129,-2.9
2018,8,193,32.5,26.2,125,-4.6
2018,9,108,32.6,25,114,-6.4
2018,10,45,30.3,20.8,84,-6.6
2018,11,2,28.1,13.9,44,-7
2018,12,2,24.8,10.7,31,-7.1
2019,1,1,24.5,9.9,27,-4.4
2019,2,29,26.8,12.3,42,-3.4
2019,3,6,31.9,15.9,19,-3.4
2019,4,18,34.4,19.8,26,-2.8
2019,5,31,35.8,24.6,35,-3.5
2019,6,117,35.2,27.3,115,-5
2019,7,342,33,27.1,136,-5.4
2019,8,212,33.4,27.7,135,-5.9
2019,9,430,32.2,25.6,107,-1.4
2019,10,112,31.3,21.9,98,-1
2019,11,2,29.7,16.1,53,-0.9
2019,12,1,24.4,9.7,36,-0.6
