Product: Historical Climate - TerraClimate(http://www.climatologylab.org/terraclimate.html) 
Location (Lat/Lon of 4-km Grid Cell Center): 24.1458 North,83.8125 East 
Data Source: NW Climate Toolbox(https://climatetoolbox.org/tool/point-data-download)
Download Date: 07/25/2020
Variable List: 
ppt: ppt (Precipitation)
tmax: tmax (Maximum Temperature)
tmin: tmin (Minimum Temperature)
aet: aet (Actual Evapotranspiration)
PDSI: pdsi (Palmer Drought Severity Index (PDSI))
********************************************************
Year,Month,ppt(mm),tmax(degC),tmin(degC),aet(mm),PDSI(unitless)
1958,1,27,26.4,11.3,51,-0.6
1958,2,9,28,13.2,42,-0.8
1958,3,26,34.7,16.6,46,0.3
1958,4,8,40.4,23.4,19,-0.1
1958,5,1,42.9,27.5,8,-0.6
1958,6,59,41.1,29.4,61,-1.6
1958,7,401,33.6,26.4,121,-0.8
1958,8,323,31.7,25.6,113,0.4
1958,9,254,31.7,24.7,106,1.1
1958,10,99,31.9,21.1,107,1.9
1958,11,0,29.1,14,54,2.1
1958,12,0,26.4,10.9,42,2.1
1959,1,68,24.5,10.4,68,3.4
1959,2,3,27.1,11.8,41,3.1
1959,3,4,33.8,16.8,33,2.8
1959,4,4,39.2,23.2,18,2.5
1959,5,12,42,26.6,21,2.3
1959,6,55,38.7,28,58,1.2
1959,7,283,32.9,26.5,131,0.7
1959,8,306,31.7,25.8,117,-1.3
1959,9,178,30.8,24.8,104,-1.6
1959,10,127,30.5,21.9,107,1.6
1959,11,0,28.5,13.5,54,1.8
1959,12,0,25.8,10.3,39,1.9
1960,1,5,24.3,9.3,36,1.5
1960,2,0,30.1,13.2,37,1.2
1960,3,37,32.1,16.1,58,1.9
1960,4,4,40.1,22.2,16,1.5
1960,5,2,42.2,26.6,10,1
1960,6,77,39.6,28.6,79,-1.2
1960,7,356,32.3,26.2,121,-0.8
1960,8,412,31.7,26,115,1.2
1960,9,176,31,25.3,106,0.6
1960,10,37,31.4,20.6,90,-0.3
1960,11,0,28.1,12.1,44,-0.8
1960,12,0,26,9,30,-0.9
1961,1,37,24.7,10.6,49,0.5
1961,2,35,25.4,11.5,54,1.2
1961,3,1,33.6,18.2,23,0.7
1961,4,0,39.8,22.7,12,-0.3
1961,5,3,42,26.8,11,-0.8
1961,6,171,37.4,26.9,157,0.7
1961,7,218,32.9,26,122,-0.8
1961,8,371,31.8,25.8,113,-0.7
1961,9,212,31,24.8,105,-0.8
1961,10,83,31.1,20.3,99,0.7
1961,11,0,27.3,12.2,52,1
1961,12,7,23.7,7.4,39,1.2
1962,1,22,23.6,8,45,1.3
1962,2,10,27.3,12.2,40,1.3
1962,3,6,33.9,15.3,31,1.1
1962,4,6,38.6,22,18,1
1962,5,3,41.2,26.1,11,0.6
1962,6,105,38.9,28.5,106,-0.1
1962,7,271,34,26.6,135,-0.9
1962,8,300,31.3,25.3,111,-1.1
1962,9,295,31.1,24.6,110,0.6
1962,10,17,30.6,19.6,78,-0.6
1962,11,0,29,12.5,45,-0.8
1962,12,4,26.1,9.7,35,-0.9
1963,1,8,24.1,7.9,30,-1.2
1963,2,5,29.7,12.3,28,-1.6
1963,3,29,32.5,15.6,40,-1.1
1963,4,4,37.8,21.2,12,-1.2
1963,5,25,40,24.9,29,-0.6
1963,6,112,37.4,26.8,111,-0.7
1963,7,317,32.4,25.8,119,-0.7
1963,8,425,31.7,25.7,112,1.1
1963,9,244,31.8,24.4,115,1
1963,10,130,31.7,21.1,114,2.5
1963,11,3,29.3,14.8,60,2.8
1963,12,0,26.5,10.3,39,2.7
1964,1,3,24.3,9.4,38,2.1
1964,2,9,27.9,12.9,41,2
1964,3,1,34.9,17.8,23,1.4
1964,4,10,39,23.4,21,1.3
1964,5,13,40.8,25.4,20,1.2
1964,6,158,38.7,27.2,154,1.4
1964,7,328,31.4,25,125,1.3
1964,8,387,31.8,25.9,114,1.8
1964,9,246,31.3,24.9,110,1.7
1964,10,51,31.9,21.5,91,1.6
1964,11,8,28.3,13.4,52,1.7
1964,12,0,26.2,10,38,1.5
1965,1,0,25.3,10.2,30,0.7
1965,2,1,27.9,12.3,28,-1.1
1965,3,17,32.5,15.1,30,-1
1965,4,17,37.9,21.6,25,-0.6
1965,5,3,42.1,26.3,9,-0.9
1965,6,38,40.3,28.7,41,-1.9
1965,7,336,33.2,26.3,135,-1.8
1965,8,231,32,25.5,124,-2.1
1965,9,206,31.6,24.2,114,-2.2
1965,10,28,31.8,20.7,82,-2.3
1965,11,2,29.3,13.7,50,-2.2
1965,12,3,25.3,9.2,34,-2.2
1966,1,33,24.4,10.1,46,-1.6
1966,2,7,29.7,13.7,36,-1.8
1966,3,0,34,16.7,15,-2.1
1966,4,0,40,22.7,9,-2.3
1966,5,3,42.8,26.7,9,-2.4
1966,6,189,38.5,27.8,180,-1.5
1966,7,137,34.3,26.7,132,-2.9
1966,8,198,31.7,25.4,120,-3.9
1966,9,59,32.1,24.8,78,-4.6
1966,10,4,32,20.2,25,-5.9
1966,11,7,29.5,14.4,19,-6.9
1966,12,14,25.1,9.4,20,-6.9
1967,1,1,23.9,9.9,6,-7.3
1967,2,0,29.7,13.1,4,-7.7
1967,3,49,31.3,15.8,50,-6.1
1967,4,8,38,20.5,10,-5.8
1967,5,4,41.9,26,6,-5.7
1967,6,83,40,28.4,80,-5.8
1967,7,267,33.5,26.1,140,-5.8
1967,8,582,31.3,25.2,114,-3.8
1967,9,309,31.2,24.3,108,-2.7
1967,10,12,31.8,20,79,-3.1
1967,11,0,28.4,12.5,45,-3.1
1967,12,12,26.5,10.6,38,-2.7
1968,1,42,23.5,9.7,52,-1.9
1968,2,6,26.7,11.2,32,-2
1968,3,2,33,16.8,17,-2.3
1968,4,0,38,21.6,10,-2.4
1968,5,2,41.8,25.9,8,-2.6
1968,6,111,36.5,26.9,110,-2.4
1968,7,208,32.4,26.1,129,-3.1
1968,8,308,32.1,25.4,124,-3.5
1968,9,98,32.3,25.1,111,-4.5
1968,10,31,30.8,20.3,84,-4.4
1968,11,0,28.7,14.1,44,-4.3
1968,12,4,26.2,10.4,35,-4.2
1969,1,10,24.7,8.7,32,-4.1
1969,2,6,29.2,12.8,25,-4.3
1969,3,7,35,17.9,18,-4.3
1969,4,6,39.2,22.3,13,-4.1
1969,5,22,41,25.1,26,-3.3
1969,6,91,39,27.9,90,-3.4
1969,7,422,32.6,26,124,-2.3
1969,8,332,31,24.9,113,-1.6
1969,9,233,31,24.6,107,-1.5
1969,10,5,32.1,20.9,76,-2.2
1969,11,7,30,14.7,50,-2.1
1969,12,0,26.1,9.9,28,-2.3
1970,1,50,24.2,10.2,56,-1.3
1970,2,23,26.9,11.9,42,-0.8
1970,3,16,32.5,16.8,33,-0.7
1970,4,0,39.9,22.8,11,-0.9
1970,5,17,42.5,26.6,23,-0.6
1970,6,175,36.9,26.2,167,1.2
1970,7,301,32.8,25.8,129,0.9
1970,8,262,32,25.8,125,-0.4
1970,9,447,30.6,24.6,107,2.4
1970,10,35,31.8,21.2,85,1.9
1970,11,0,28.3,13,49,1.5
1970,12,0,26.1,8.8,32,1.1
1971,1,54,23.6,9.7,59,2
1971,2,7,26.6,11,34,1.7
1971,3,5,32.8,15.4,25,1.3
1971,4,24,36.4,21.2,34,1.9
1971,5,34,39.1,24.2,40,2.7
1971,6,338,34.9,25.5,151,5.1
1971,7,425,31.3,24.8,120,6.7
1971,8,555,30.4,24.6,107,8
1971,9,152,31.7,24.2,110,6.4
1971,10,89,31,20.6,104,6.5
1971,11,0,27.6,12.8,52,6.2
1971,12,0,26,8.9,38,5.6
1972,1,17,24.5,9,39,5.1
1972,2,53,25.2,10.3,65,6
1972,3,2,33.1,16.2,34,5.5
1972,4,13,39.3,21.2,28,5.3
1972,5,0,43.2,26.5,10,4.3
1972,6,31,40.7,28.3,35,2.4
1972,7,236,34.1,26.1,144,1.3
1972,8,341,31.9,24.9,124,0.8
1972,9,154,31.7,23.9,123,-3.2
1972,10,106,31.6,19.6,108,-1.7
1972,11,10,28.4,12.9,56,-0.8
1972,12,1,26.1,9.6,43,2
1973,1,17,24.9,10.2,43,1.9
1973,2,9,28.6,13.5,41,1.9
1973,3,3,32.8,15.5,29,1.7
1973,4,1,40.5,23.2,14,1.3
1973,5,4,41.4,26.1,13,0.9
1973,6,123,37.7,27.3,123,0.8
1973,7,192,33.6,26.2,137,-1.5
1973,8,362,31.6,25.3,117,-1.8
1973,9,276,30.7,24.9,103,-1.1
1973,10,124,30.4,21.2,113,1.9
1973,11,1,27,14,54,2.1
1973,12,0,24.4,9.6,39,2.2
1974,1,1,23.3,8.8,35,1.7
1974,2,3,27.1,10.7,36,1.5
1974,3,6,33.2,17.5,30,1.3
1974,4,1,38.9,23.2,14,0.9
1974,5,5,41.1,25.9,13,0.6
1974,6,57,39,27.7,60,-1.4
1974,7,474,32.3,25.8,136,1.2
1974,8,271,31.5,25.3,115,1.1
1974,9,155,31.9,24.6,104,-0.7
1974,10,52,32.6,21.7,92,0
1974,11,1,28.4,13.3,51,0.1
1974,12,1,24.5,8.3,32,-0.5
1975,1,40,23.6,9.1,51,0.1
1975,2,9,27,12.3,38,0.2
1975,3,28,33.5,16.4,47,0.6
1975,4,2,40.3,22.3,13,-0.3
1975,5,5,42.9,26.4,13,-0.2
1975,6,90,38.3,27.2,91,-1
1975,7,458,32,25.3,129,1.1
1975,8,134,31.7,25,119,-0.9
1975,9,333,30.7,24.9,121,0.9
1975,10,55,32.3,22.1,93,0.9
1975,11,0,28.2,12.8,51,0.9
1975,12,0,25.3,8.6,36,0.6
1976,1,9,24.7,9.7,34,-0.3
1976,2,7,27.8,13.5,34,-0.8
1976,3,0,33.2,17.4,14,-1.2
1976,4,13,38.7,21.6,21,-1
1976,5,6,40.9,25.5,12,-1.2
1976,6,62,38.5,27.5,64,-1.9
1976,7,313,33.3,25.9,132,-1.9
1976,8,244,31.3,25.1,116,-2.2
1976,9,491,31.1,24.4,113,2.4
1976,10,10,32.4,20.4,73,1.4
1976,11,0,30.5,15.4,49,1
1976,12,0,25.9,9.3,31,-1.3
1977,1,34,24,9.2,46,-0.8
1977,2,7,28.2,12.2,32,-1.3
1977,3,0,34.8,18.3,14,-1.7
1977,4,22,37.9,22.4,29,-1.1
1977,5,43,39.6,24.3,47,1.6
1977,6,118,37.5,27,116,1.2
1977,7,484,32.4,25.9,128,2.4
1977,8,319,32,25.7,118,2.5
1977,9,248,31.4,24.7,111,2.4
1977,10,71,31.2,20.6,103,2.5
1977,11,13,29.5,15.7,55,2.8
1977,12,9,25,10.2,42,2.9
1978,1,22,23.2,8.6,44,2.7
1978,2,58,26.3,12,68,4
1978,3,30,31.5,14.9,59,4.5
1978,4,21,38.3,21.5,35,4.8
1978,5,5,41.9,26.6,14,4.1
1978,6,293,37.7,27.3,172,5.7
1978,7,235,32.7,25.5,122,5.1
1978,8,339,31.6,25.6,119,5
1978,9,407,30.6,24.8,117,6.1
1978,10,51,31.2,21.1,91,5.5
1978,11,0,29.6,15.3,49,5
1978,12,15,25.3,9.9,43,4.9
1979,1,14,25,10.6,36,4.3
1979,2,7,25.6,11.9,34,3.8
1979,3,1,32.2,16.3,20,3
1979,4,10,39,22.8,20,2.8
1979,5,0,43.1,25.6,8,2
1979,6,119,38.8,27.9,118,1.6
1979,7,337,33.7,26.4,141,1.3
1979,8,170,32.5,26.2,136,-1.9
1979,9,122,32.5,25.1,128,-2.9
1979,10,25,32.6,21.7,82,-3.1
1979,11,12,30.9,16.8,49,-2.7
1979,12,12,25.4,12.1,38,-2.4
1980,1,9,24.1,10.4,31,-2.5
1980,2,3,27.3,13.5,25,-2.7
1980,3,11,32.2,17.4,23,-2.7
1980,4,1,40.1,23.8,9,-2.8
1980,5,5,41.7,26.7,10,-2.8
1980,6,138,36.9,27.1,133,-2.1
1980,7,369,32.4,25.9,111,-1.5
1980,8,364,31.7,25.5,99,-0.6
1980,9,124,31.7,25.3,118,-1.6
1980,10,19,31.4,21.3,81,-2.1
1980,11,0,29.3,13.6,50,-2.2
1980,12,3,26,10.9,31,-2.2
1981,1,29,22.8,10.5,41,-1.8
1981,2,7,27.3,13.2,33,-2
1981,3,32,31.8,16.9,44,-1.3
1981,4,6,37,21.9,15,-1.3
1981,5,13,39.7,25.5,18,-1.1
1981,6,58,38.6,28.1,59,-1.9
1981,7,425,32,26.1,126,-0.9
1981,8,248,32.2,25.7,115,-0.9
1981,9,193,31.5,24.9,115,-1.3
1981,10,0,32.5,19.9,81,-2.2
1981,11,2,28.8,12.7,47,-2.4
1981,12,4,24.6,9.9,31,-2.6
1982,1,12,25.1,10.7,29,-2.7
1982,2,13,26.1,12.9,31,-2.7
1982,3,61,30.5,15.5,68,-1.1
1982,4,24,37.7,21.7,29,1.7
1982,5,31,41.7,25.2,34,2.3
1982,6,85,37.9,27,84,1.6
1982,7,139,35.1,27.4,134,-2.1
1982,8,399,31.7,25.3,112,-2.4
1982,9,273,32.3,24.5,130,-2
1982,10,44,32.1,20.7,87,-1.9
1982,11,7,28.5,14,51,-1.5
1982,12,4,25.8,9.7,38,-1.3
1983,1,17,23.3,9.4,37,-1.2
1983,2,1,26.6,12.7,30,-1.4
1983,3,4,32.2,16.9,20,-1.7
1983,4,30,37.4,20.8,39,-0.6
1983,5,24,40.3,24.8,29,1.3
1983,6,73,39.8,27.9,74,-0.8
1983,7,277,33.8,26,132,-1.2
1983,8,192,32.6,25.8,121,-2.1
1983,9,173,31.4,25.4,106,-2.4
1983,10,112,30.9,20.6,108,-0.9
1983,11,0,28.5,12.6,60,1.6
1983,12,7,25.6,9.7,41,1.9
1984,1,49,23.6,9.7,56,2.8
1984,2,44,25.8,11.7,60,3.9
1984,3,0,34.6,16.9,47,4.1
1984,4,4,39.5,22.7,23,3.8
1984,5,3,42.3,27.1,14,3.2
1984,6,154,36.2,26.5,145,3.4
1984,7,281,32.2,25.9,125,2.8
1984,8,343,31.5,25,113,2.7
1984,9,176,31,24,126,1.8
1984,10,25,32.4,21,79,1.1
1984,11,0,28.6,12.2,52,0.8
1984,12,0,26.4,10.5,34,-1.4
1985,1,40,24,10.9,48,-0.7
1985,2,2,27.7,12.2,31,-1.2
1985,3,1,34.9,18.9,15,-1.7
1985,4,5,39.8,23.2,13,-1.7
1985,5,5,41.8,25.9,11,-1.8
1985,6,77,39.1,28.1,78,-2.3
1985,7,400,31.9,25.5,122,-1.4
1985,8,338,32,25.6,116,-0.8
1985,9,215,31.2,24.8,118,-1
1985,10,153,31.3,19.9,112,2.6
1985,11,0,29.4,13.3,60,2.8
1985,12,3,27.2,11.2,43,2.9
1986,1,3,24.4,10.2,35,2.3
1986,2,29,27.7,12.2,50,2.7
1986,3,1,33.8,16.3,28,2.2
1986,4,8,38.6,22.2,22,2.1
1986,5,17,40.4,24.3,24,2.1
1986,6,117,38.7,27,117,1.8
1986,7,307,32.3,24.9,125,1.4
1986,8,365,32.2,24.8,118,1.6
1986,9,177,31.6,24.4,118,0.9
1986,10,22,31,20.1,78,-1
1986,11,2,28.9,14.8,48,-1
1986,12,19,25.1,10.8,40,0.5
1987,1,4,24.1,9.7,30,-0.4
1987,2,11,28.5,13.7,35,-0.1
1987,3,10,32.8,17.1,26,-0.6
1987,4,5,38.6,22.6,14,-0.7
1987,5,6,41.5,25.1,12,-0.9
1987,6,41,40.3,28.9,44,-2
1987,7,303,33,25.9,134,-2.1
1987,8,447,31.8,25.5,119,-1
1987,9,517,31.9,25.3,112,3.4
1987,10,51,32.2,21.1,93,3
1987,11,5,29.2,14.7,52,2.9
1987,12,3,26.1,10.4,36,2.5
1988,1,7,25.2,10.6,34,1.9
1988,2,17,28.4,13.6,40,1.7
1988,3,43,32.9,17.3,56,2.4
1988,4,7,39.5,23.1,16,2.1
1988,5,11,41.9,27.3,17,1.8
1988,6,187,37.1,26.7,162,2.4
1988,7,250,32.2,26.2,120,1.7
1988,8,252,31.5,26,106,1.1
1988,9,147,32.5,25.5,121,-1.7
1988,10,25,32,20.4,87,-2
1988,11,0,29.2,14.3,50,-2.1
1988,12,12,26.5,11.9,38,-1.9
1989,1,6,23.2,8.9,31,-2.2
1989,2,3,27.2,13,24,-2.6
1989,3,9,32.5,16.7,21,-2.7
1989,4,0,39.8,22.3,8,-3
1989,5,17,42.4,26.4,22,-2.5
1989,6,158,37,26.6,152,-1.8
1989,7,285,32.8,25.6,121,-2
1989,8,254,31.9,25.7,108,-2.2
1989,9,180,31.4,25.3,105,-2.5
1989,10,35,32,21.7,85,-2.5
1989,11,4,29.1,14.5,52,-2.2
1989,12,22,25.3,9.9,43,-1.4
1990,1,3,25.5,10.1,34,-1.8
1990,2,39,26.9,14.1,52,-0.9
1990,3,15,31.2,16.7,33,-0.6
1990,4,5,38.2,23,16,-0.8
1990,5,19,40.2,25.6,25,0.4
1990,6,256,37.8,27.2,151,2.5
1990,7,508,31.4,25.2,101,4.8
1990,8,295,32,25.9,113,4.5
1990,9,223,31.3,25.2,101,4
1990,10,40,31.1,20.8,79,3.5
1990,11,0,30.1,14.9,53,3.2
1990,12,0,26.1,10.7,35,2.7
1991,1,27,23,9.9,43,2.6
1991,2,8,28.9,14.1,35,2.2
1991,3,40,33.7,17.6,55,2.8
1991,4,15,38.4,22,24,2.7
1991,5,5,42.2,26.5,12,2.1
1991,6,215,36.7,27,159,3.1
1991,7,195,33.6,26.8,130,2
1991,8,544,31.3,25.5,102,3.1
1991,9,140,31.5,24.9,114,1.8
1991,10,2,32.2,20.7,77,0.7
1991,11,0,29.2,13.4,48,-2.1
1991,12,23,25.1,10.1,41,-1.4
1992,1,19,23.2,9.4,38,-1.4
1992,2,6,25.4,11.6,29,-1.7
1992,3,1,34.6,17.9,13,-2.3
1992,4,1,40.1,22.3,9,-2.5
1992,5,3,40.5,25.5,8,-2.6
1992,6,33,38.8,27.3,35,-3.5
1992,7,144,33.7,26.8,134,-4.6
1992,8,131,31.6,25.5,123,-5.7
1992,9,106,31.7,24.2,104,-5.6
1992,10,18,31.7,20.8,21,-6.7
1992,11,0,29.3,14,3,-8.1
1992,12,0,25.3,10,2,-8.7
1993,1,2,24.2,10.7,4,-9
1993,2,1,29,14.3,3,-9.2
1993,3,18,31.6,15.4,19,-8.5
1993,4,1,37.5,21.6,2,-8.3
1993,5,10,41.2,25.8,10,-7.7
1993,6,31,39.1,28.5,30,-8
1993,7,69,34.2,26.2,66,-9.5
1993,8,177,31.6,25.6,120,-9.9
1993,9,275,30.9,24.7,102,-8.6
1993,10,47,32.3,21.2,84,-7.7
1993,11,7,29.7,13.8,51,-6.8
1993,12,0,26.1,10.1,33,-6.4
1994,1,54,24.7,10.5,59,-4.8
1994,2,11,26.2,13.1,36,-4.3
1994,3,0,34.4,18.2,18,-4.3
1994,4,9,38,21.5,19,-3.8
1994,5,3,42,26.3,9,-3.7
1994,6,277,37.8,27.4,151,-1.4
1994,7,298,32.8,24.9,129,-0.7
1994,8,333,31.9,25.4,114,2.5
1994,9,57,32.2,24.8,101,0.7
1994,10,79,32.4,20.2,97,1
1994,11,0,28.1,14.7,45,0.6
1994,12,0,26.3,10.2,32,-1.4
1995,1,23,22.6,9.2,39,-1.2
1995,2,12,27.4,13.7,33,-1.3
1995,3,25,32.4,16.1,37,-0.9
1995,4,2,39.5,22,10,-1.2
1995,5,7,42.5,26.5,12,-1.2
1995,6,41,39.7,29.3,43,-2.2
1995,7,226,33.3,26.3,134,-2.9
1995,8,224,32,25.6,113,-3.6
1995,9,220,31.6,24.8,110,-3.4
1995,10,11,32.9,21.3,75,-3.7
1995,11,4,28.7,14.5,50,-3.6
1995,12,0,26.2,11.1,32,-3.6
1996,1,48,24.6,10.9,54,-2.5
1996,2,11,27.4,12.4,36,-2.4
1996,3,1,34.5,18.5,16,-2.8
1996,4,1,39.2,21.6,10,-2.8
1996,5,2,42.6,26.6,8,-3
1996,6,217,37.8,26.5,169,-1.6
1996,7,258,33.1,26.2,127,-1.7
1996,8,334,31.1,24.8,107,-1.3
1996,9,121,31.6,25.8,113,-2.3
1996,10,128,31.8,20.9,117,1.5
1996,11,0,30.3,13.5,63,1.8
1996,12,0,26.5,8.8,43,1.8
1997,1,3,23.9,9,34,1.3
1997,2,0,26.1,11.9,35,0.8
1997,3,1,33.2,17.4,19,-1.1
1997,4,4,36.6,21,14,-1.1
1997,5,27,41,25.5,33,0.6
1997,6,25,39.5,28.7,29,-1.2
1997,7,210,32.9,25.8,113,-1.9
1997,8,373,32.3,25.5,108,-1.8
1997,9,110,31.1,25.1,107,-2.8
1997,10,19,31,20.4,73,-3
1997,11,12,29.3,15.3,47,-2.4
1997,12,15,24.6,11.4,37,-1.7
1998,1,3,23.4,9.6,31,-1.9
1998,2,11,28.1,13.5,36,-1.7
1998,3,10,31.7,15.8,28,-1.6
1998,4,6,38.6,22.4,17,-1.5
1998,5,28,42.6,26.7,33,-0.7
1998,6,31,40.4,29,34,-1.7
1998,7,183,33,26.3,121,-2.6
1998,8,268,31.6,26.9,106,-3.3
1998,9,184,32.4,25.6,106,-3.4
1998,10,112,33.4,22.8,101,-1.8
1998,11,10,29.9,15.9,58,-0.8
1998,12,0,26.3,10.6,43,2.1
1999,1,1,24.2,9.2,36,1.6
1999,2,8,28.8,13.4,41,1.5
1999,3,0,34.8,17.1,24,0.9
1999,4,0,40.8,23.4,13,-0.4
1999,5,13,41.4,26.7,20,0.1
1999,6,104,37.9,27.6,105,-0.8
1999,7,315,32.9,26.1,118,-0.8
1999,8,263,31.3,26.1,105,-0.9
1999,9,143,31.4,24.6,108,-1.6
1999,10,23,31.9,22.3,77,-1.9
1999,11,0,30.3,15.3,53,-1.9
1999,12,1,26.2,11.6,32,-2.1
2000,1,1,24.7,10.9,28,-2.5
2000,2,13,26.2,13.1,33,-2.5
2000,3,0,32.3,17.2,12,-2.9
2000,4,7,39.2,23.4,14,-2.8
2000,5,4,40.9,25.9,9,-2.8
2000,6,119,37.1,26.8,117,-2.5
2000,7,128,33.3,26.5,118,-3.7
2000,8,129,32.5,26.1,122,-4.9
2000,9,283,31,24.6,108,-3.9
2000,10,0,33,22.2,67,-4.7
2000,11,0,30.5,15.3,39,-5
2000,12,0,26.9,10.1,25,-5.3
2001,1,4,25.7,9.6,18,-5.7
2001,2,0,28.6,12.8,9,-6.1
2001,3,31,33.1,17.2,36,-5.2
2001,4,8,38.5,22.2,12,-4.8
2001,5,3,40.9,26.7,6,-4.7
2001,6,177,36.1,26.3,131,-3.3
2001,7,293,32.4,25.3,112,-3
2001,8,306,31.9,26.6,112,-2.4
2001,9,55,32.7,25.9,96,-3.7
2001,10,65,32.7,22.5,90,-3.1
2001,11,0,31.2,15.3,47,-3.2
2001,12,0,27,10.6,31,-3.3
2002,1,3,24.1,10.6,26,-3.5
2002,2,10,28.6,13.5,27,-3.6
2002,3,6,34.3,18.1,16,-3.7
2002,4,1,39.7,23.1,7,-3.8
2002,5,3,42.2,27.6,7,-3.8
2002,6,21,38.8,28.4,24,-4.6
2002,7,145,33.7,28.2,138,-5.7
2002,8,316,31.9,25.7,103,-6
2002,9,197,31.4,25.1,112,-5.8
2002,10,63,32.9,21.2,94,-4.9
2002,11,1,30.2,14.5,54,-4.2
2002,12,0,27.4,11.6,36,-3.9
2003,1,8,25.5,9.1,36,-3.9
2003,2,21,27.9,13.9,41,-3.3
2003,3,18,32.3,17,34,-2.8
2003,4,5,40.1,23.5,15,-2.7
2003,5,0,41.8,26.6,7,-2.9
2003,6,67,39.5,30.1,69,-3.3
2003,7,134,33.3,26.7,124,-4.4
2003,8,207,32.7,26,109,-5.2
2003,9,307,31.2,25.6,101,-4
2003,10,101,32.8,21.4,101,-2.5
2003,11,0,30.6,15,60,-1.8
2003,12,0,25.8,11.5,38,-1.4
2004,1,16,23.1,9.6,41,-1.2
2004,2,0,28.6,12.3,37,-1.2
2004,3,0,36.3,18.2,22,-1.5
2004,4,9,39.8,24.1,21,-1.2
2004,5,1,42.1,26.9,9,-1.5
2004,6,96,37,27.5,97,-1.7
2004,7,139,32.7,27.2,133,-3.1
2004,8,469,32.2,25.6,111,-2.8
2004,9,359,33.1,25.2,126,-1.5
2004,10,16,31.6,21.3,78,-1.9
2004,11,0,28.9,15,49,-2
2004,12,0,27.8,11.2,32,-2.2
2005,1,19,23.9,12.1,35,-2.1
2005,2,13,28,14.7,36,-2.2
2005,3,39,34,18.7,49,-1.3
2005,4,3,39,22.3,11,-1.5
2005,5,11,41.4,26.1,16,-1.4
2005,6,73,40.1,29.4,73,-2
2005,7,181,32.4,26.4,131,-3
2005,8,311,32.2,26.5,120,-3.5
2005,9,123,32.1,25,123,-4.4
2005,10,10,31.5,21.9,69,-4.6
2005,11,0,29.9,13.5,52,-4.4
2005,12,7,26.3,9.8,35,-4.1
2006,1,0,26.7,10.1,29,-4.5
2006,2,0,31.1,14.6,17,-5
2006,3,43,32.6,17.1,50,-3.7
2006,4,9,38,23.1,15,-3.4
2006,5,42,41,26.6,45,-1.9
2006,6,122,37.7,27.7,120,-1.6
2006,7,326,32.6,25.2,118,-1.5
2006,8,121,31.6,25.7,115,-2.4
2006,9,94,32.1,25.5,106,-3.4
2006,10,2,32.5,22.8,69,-4.1
2006,11,0,28.8,16.4,39,-4.4
2006,12,0,27.6,11.3,27,-4.7
2007,1,0,25.6,9.5,18,-5.2
2007,2,77,27.1,14,76,-3.2
2007,3,20,33.1,16.2,29,-2.9
2007,4,2,39.6,22.9,8,-3
2007,5,14,41.1,26,18,-2.6
2007,6,83,38.2,27,82,-2.9
2007,7,242,32.4,26.4,121,-3.2
2007,8,341,32.3,26.2,112,-3.1
2007,9,251,31.8,26.4,111,-2.6
2007,10,2,32.5,21.9,76,-3.3
2007,11,0,30.1,15.1,45,-3.4
2007,12,0,27.1,10.8,33,-3.5
2008,1,43,23.8,12.3,52,-2.7
2008,2,5,26.8,11.8,28,-2.9
2008,3,19,34.2,18.3,30,-2.6
2008,4,6,38.9,22.9,14,-2.5
2008,5,23,40.6,27.1,27,-1.8
2008,6,324,34.9,26.9,132,3.1
2008,7,204,31.3,25.3,115,2.9
2008,8,330,31.8,26.2,104,3.1
2008,9,48,32.1,25.1,96,1.2
2008,10,3,32.7,21.3,65,-2.5
2008,11,0,30.9,15,38,-3.2
2008,12,0,28.1,11.9,23,-3.7
2009,1,9,27.2,11.4,26,-4
2009,2,0,30,14.6,10,-4.7
2009,3,1,34,17.9,8,-4.9
2009,4,0,40.9,23.3,5,-5.1
2009,5,18,41.5,27,21,-4.4
2009,6,21,39.8,29.4,23,-5.4
2009,7,229,34,26,125,-5.6
2009,8,155,33,26.2,115,-6.2
2009,9,268,32.2,25.3,123,-5.5
2009,10,33,32.8,20.9,90,-5.3
2009,11,4,30.8,15.3,50,-4.8
2009,12,3,26.6,11.9,34,-4.6
2010,1,1,24.2,8.1,28,-4.7
2010,2,5,29.6,12.9,27,-4.8
2010,3,0,35.7,18.7,12,-5
2010,4,0,42,24.2,8,-5
2010,5,10,42.1,27.3,15,-4.5
2010,6,56,39,28.6,58,-5
2010,7,161,34.2,27.4,131,-5.8
2010,8,154,32.4,27.2,121,-6.6
2010,9,79,31.8,26.4,87,-6.7
2010,10,25,32.2,23.1,39,-7.3
2010,11,2,30.7,16.8,10,-8.3
2010,12,17,26.1,10.8,22,-8
2011,1,0,23.6,9.9,5,-8.3
2011,2,4,29.1,13.1,7,-8.4
2011,3,0,33.6,18.4,3,-8.4
2011,4,15,37.9,22.6,16,-7.4
2011,5,11,40.8,27.3,12,-6.8
2011,6,342,36.9,27.4,161,-3.5
2011,7,200,32.6,27.1,128,-3.3
2011,8,314,32.1,26,99,-2.5
2011,9,338,31.4,25.5,100,-1.2
2011,10,41,32.5,21.6,89,-1.2
2011,11,0,30.2,15.1,52,-1.2
2011,12,0,27,10.1,33,-1.4
2012,1,81,22.7,10,70,3.4
2012,2,1,27.5,13.9,38,3
2012,3,1,33.8,16.9,23,2.3
2012,4,3,38.6,23,14,1.8
2012,5,0,42.7,26.9,8,1.2
2012,6,89,40.6,30,89,-1.5
2012,7,382,32.8,26.5,122,-0.9
2012,8,455,32.3,25.6,111,1.7
2012,9,264,31.9,25.1,113,1.8
2012,10,6,32.2,20.1,74,0.8
2012,11,1,29.6,12.9,46,-1
2012,12,0,27,10,32,-1.4
2013,1,0,24.5,9.1,26,-1.9
2013,2,20,27.3,13.1,37,-1.8
2013,3,12,33.4,16.8,23,-1.9
2013,4,4,38.4,22.6,11,-2
2013,5,1,41.8,27.3,6,-2.3
2013,6,133,37.3,26.9,130,-1.9
2013,7,283,33.1,26.5,128,-2.1
2013,8,413,32.1,25.2,112,-1.4
2013,9,261,32.6,25.4,118,-1.1
2013,10,211,30.6,21.6,98,3.9
2013,11,0,28.8,12.7,58,3.9
2013,12,0,25.3,10.6,39,3.7
2014,1,94,22.8,10.1,68,5.7
2014,2,53,26.2,12.6,68,7.1
2014,3,29,32.3,16.2,76,8.7
2014,4,1,39.4,22.3,35,8.1
2014,5,35,41.6,25.9,49,8.4
2014,6,21,39.4,28.1,30,6.3
2014,7,178,33.5,26.6,126,4.5
2014,8,242,32.6,26,118,3
2014,9,104,31.7,24.9,108,1.6
2014,10,14,32.1,20.6,67,0.7
2014,11,0,29.3,13.7,42,-4.5
2014,12,1,24.7,10,24,-4.7
2015,1,21,22,9.4,32,-4.3
2015,2,22,27.3,13.2,34,-3.9
2015,3,13,31.7,16.3,20,-3.7
2015,4,14,36.4,21.6,19,-3.1
2015,5,8,42.2,26.5,12,-3
2015,6,127,38.9,27.9,124,-2.6
2015,7,301,33.5,25.6,121,-2.6
2015,8,413,32.4,25.9,115,-1.7
2015,9,70,32.8,24.9,108,-3
2015,10,30,32.8,21.5,80,-3.2
2015,11,1,30.2,14.5,42,-3.5
2015,12,5,25.8,10.5,30,-3.5
2016,1,36,24,9.8,45,-3.5
2016,2,14,28.6,14.5,33,-3.9
2016,3,13,33.7,18,24,-3.4
2016,4,8,40,23.2,15,-3.6
2016,5,15,41.5,25.9,19,-3
2016,6,127,39,27.9,125,-3.3
2016,7,384,32.8,25.8,118,-3.3
2016,8,314,32.3,25.8,111,-2.4
2016,9,301,31.9,25.2,99,-1.5
2016,10,52,32.1,21.1,90,-0.9
2016,11,0,28.7,13.6,55,-0.6
2016,12,0,25.9,10.5,33,-0.6
2017,1,58,23.7,9.5,62,-0.8
2017,2,14,27.6,13,43,-1.2
2017,3,5,32.1,16.8,26,-1.4
2017,4,9,38.7,22.9,20,-1.6
2017,5,3,41.9,26.4,10,-1.6
2017,6,85,38.7,27.7,86,-1.7
2017,7,535,32.8,25.8,112,-1.1
2017,8,218,32.4,26,119,-1.3
2017,9,80,32.3,25.4,101,-2
2017,10,19,32.1,21.5,72,-2.2
2017,11,0,29.3,14.2,45,-2.1
2017,12,0,25.9,10.7,28,-2.2
2018,1,2,23.4,9.3,26,-2.6
2018,2,10,27.9,13.6,25,-2.7
2018,3,1,33.6,17.8,10,-2.9
2018,4,5,37.7,21.7,11,-2.3
2018,5,6,40.9,25.6,10,-1.9
2018,6,96,38.3,27.2,94,-1.7
2018,7,355,33,25.8,127,-1.5
2018,8,328,32.1,25.6,103,1.5
2018,9,229,31.7,24.7,116,1.1
2018,10,14,31.6,20.8,78,-0.4
2018,11,0,29.1,13.8,45,-0.8
2018,12,0,25.1,9.5,30,-0.7
2019,1,12,23.6,9.4,29,-2.5
2019,2,14,27.8,13.3,34,-2.3
2019,3,14,32.2,16.1,28,-2.1
2019,4,6,39.3,22.7,15,-2
2019,5,1,42.7,27.2,7,-2.3
2019,6,44,40.7,29.9,46,-3.1
2019,7,283,34.1,27.1,137,-3.3
2019,8,309,32.7,26.4,116,-3.2
2019,9,305,32.2,25.6,106,-2.2
2019,10,36,32,21.1,73,-2
2019,11,0,29.8,14.8,51,-1.7
2019,12,13,25.1,9.5,37,-1.2
