Product: Historical Climate - TerraClimate(http://www.climatologylab.org/terraclimate.html) 
Location (Lat/Lon of 4-km Grid Cell Center): 24.4792 North,85.6042 East 
Data Source: NW Climate Toolbox(https://climatetoolbox.org/tool/point-data-download)
Download Date: 07/25/2020
Variable List: 
ppt: ppt (Precipitation)
tmax: tmax (Maximum Temperature)
tmin: tmin (Minimum Temperature)
aet: aet (Actual Evapotranspiration)
PDSI: pdsi (Palmer Drought Severity Index (PDSI))
********************************************************
Year,Month,ppt(mm),tmax(degC),tmin(degC),aet(mm),PDSI(unitless)
1958,1,26,24.8,11.1,53,0.3
1958,2,7,26.5,13.2,46,-0.1
1958,3,7,33.7,17.5,47,-0.3
1958,4,11,38.8,24.3,29,0
1958,5,10,40.3,27.1,21,-1
1958,6,128,38.2,27.3,129,-1.9
1958,7,247,31.9,24.7,118,-2.2
1958,8,410,30.1,24.2,106,-1.1
1958,9,189,30.7,23.5,99,-0.9
1958,10,138,30.2,20.9,108,1.7
1958,11,0,27.1,13.9,54,1.6
1958,12,0,24.5,11.1,43,1.7
1959,1,56,23,10.3,62,2.9
1959,2,1,25.6,12,45,2.6
1959,3,9,32.6,17.5,56,2.8
1959,4,11,37.6,24.1,32,2.7
1959,5,23,39.5,26.2,34,2.1
1959,6,158,35.7,25.8,152,1.5
1959,7,195,31,24.7,124,-1.6
1959,8,237,30.3,24.5,113,-2.6
1959,9,164,29.5,23.2,98,-2.9
1959,10,169,28.5,20.9,99,-1.1
1959,11,0,26.4,13.1,52,-0.9
1959,12,0,23.6,10.3,40,-0.6
1960,1,2,22.9,9.2,37,-0.8
1960,2,0,28.6,13.3,39,-1
1960,3,30,31,16.9,64,1.3
1960,4,2,38.9,23.2,20,0.7
1960,5,13,39.6,26.3,23,-0.6
1960,6,143,36.5,26.3,143,-1.6
1960,7,263,30.4,24.3,117,-1.8
1960,8,261,30.5,24.9,116,-2.1
1960,9,195,29.7,23.6,98,-1.7
1960,10,50,29.4,19.8,89,-2.1
1960,11,0,26,12,46,-2.1
1960,12,0,24.3,9.4,34,-2.1
1961,1,24,23.2,10.5,44,-1.7
1961,2,33,23.9,11.7,57,-0.7
1961,3,0,32.6,19.1,37,-1
1961,4,2,38.5,23.7,19,-1.2
1961,5,18,39.4,26.3,28,-1.5
1961,6,259,34.8,25.1,143,-0.6
1961,7,137,31.3,24.3,122,-1.5
1961,8,285,30.4,24.6,111,-1.7
1961,9,146,30,23.4,102,-2.1
1961,10,163,29.2,19.7,105,1.4
1961,11,1,25.4,12.1,52,1.4
1961,12,2,21.7,7.3,42,1.6
1962,1,23,22.2,7.8,49,1.7
1962,2,12,26.1,12.4,44,1.9
1962,3,7,33.1,16.2,54,1.9
1962,4,9,37.4,23,29,1.8
1962,5,18,38.6,25.6,29,1.3
1962,6,195,35.7,26.1,139,1.2
1962,7,196,32.1,24.8,125,-0.7
1962,8,356,29.9,24,107,0.4
1962,9,171,30.1,23.2,104,-0.6
1962,10,48,28.6,19,84,-1.1
1962,11,0,26.8,12.2,47,-1.2
1962,12,2,24,9.6,37,-1.2
1963,1,5,22.7,7.9,36,-1.5
1963,2,2,28.4,12.5,35,-1.7
1963,3,21,32.1,16.7,47,-1.5
1963,4,12,36.8,22.3,26,-1.3
1963,5,46,37.6,24.7,53,-0.7
1963,6,256,34.9,25.1,152,1.1
1963,7,233,30.8,24.3,109,1
1963,8,315,30.4,24.5,115,1.6
1963,9,188,30.7,23.2,107,1.4
1963,10,190,29.6,20,108,3.1
1963,11,13,27.1,14,59,3.4
1963,12,0,24.6,10.5,42,3.3
1964,1,5,22.9,9.4,42,2.8
1964,2,4,26.7,13,42,2.4
1964,3,2,33.8,18.7,41,1.8
1964,4,14,37.2,24,32,1.7
1964,5,39,38.2,24.9,48,1.8
1964,6,219,36.2,25.6,181,1.6
1964,7,304,29.7,23.3,120,1.7
1964,8,221,30.3,24.5,116,1.3
1964,9,175,30.2,23.5,105,1
1964,10,108,29.6,21,106,1.3
1964,11,6,26.3,13.5,56,1.5
1964,12,0,24.1,10.1,43,1.6
1965,1,0,23.7,10.2,39,1
1965,2,3,26.4,12.4,39,0.7
1965,3,16,31.6,15.7,49,0.7
1965,4,10,36.6,22.7,26,-0.1
1965,5,8,39.7,26.2,17,-1.1
1965,6,109,37,26.5,111,-2
1965,7,242,30.9,24.1,128,-2.5
1965,8,339,30.1,23.8,113,-2.3
1965,9,174,30.2,22.8,104,-2.2
1965,10,46,29.3,19.5,84,-2.6
1965,11,5,27.3,13.5,52,-2.4
1965,12,0,22.9,9.4,37,-2.3
1966,1,49,22.6,10,58,-1.1
1966,2,7,27.9,13.6,41,-1
1966,3,1,33.1,17.7,37,-1.4
1966,4,1,38.7,23.7,18,-1.6
1966,5,18,40.4,26.6,28,-1.9
1966,6,161,35.9,26,156,-2.2
1966,7,132,31.9,24.4,128,-3.9
1966,8,324,30.1,24,113,-4.4
1966,9,65,30.1,22.8,91,-5.9
1966,10,20,29.1,18.7,68,-6.4
1966,11,18,27.2,14.1,47,-6.3
1966,12,3,23.1,9.5,30,-6.3
1967,1,4,22.5,9.8,26,-6.5
1967,2,2,28,13,21,-7
1967,3,39,30.4,16.8,49,-5.9
1967,4,18,36.6,21.2,24,-5.3
1967,5,11,39.1,25.5,16,-5.5
1967,6,131,36.9,26.1,128,-5.8
1967,7,205,31.6,24.3,130,-6.3
1967,8,372,30,24,113,-5.7
1967,9,206,29.9,22.9,102,-4.8
1967,10,21,29.2,18.8,77,-5.3
1967,11,0,25.9,11.7,45,-5.2
1967,12,2,24.5,10.7,35,-4.9
1968,1,45,22.1,9.5,56,-3.7
1968,2,3,25.3,11.4,36,-3.6
1968,3,5,32.1,17.6,34,-3.6
1968,4,1,36.9,22.9,16,-3.7
1968,5,11,39.7,26,20,-4
1968,6,299,33.6,24.8,143,-2.5
1968,7,199,30.4,24.1,116,-2.2
1968,8,255,30.5,24.1,119,-1.8
1968,9,106,31.1,23.8,107,-2.9
1968,10,101,28.5,19.2,104,-2.3
1968,11,0,26.3,13.6,50,-2
1968,12,2,24.3,10.6,42,-1.6
1969,1,8,23.2,8.5,40,-1.7
1969,2,6,27.5,12.7,42,-1.6
1969,3,12,34.1,18.9,43,-1.6
1969,4,10,38.3,23.4,26,-1.4
1969,5,49,38.9,25,56,-0.6
1969,6,197,36.2,26.1,157,-0.6
1969,7,281,31,24.4,122,0.1
1969,8,316,29.6,23.7,108,1.1
1969,9,207,29.9,23.2,100,1.4
1969,10,19,29.7,19.7,77,-1.1
1969,11,21,27.6,14.2,55,-0.7
1969,12,0,24.1,10,33,-0.9
1970,1,31,22.5,10,48,0.4
1970,2,9,25.8,12.3,37,0
1970,3,16,31.8,17.9,48,0.1
1970,4,1,38.4,23.7,18,-0.4
1970,5,35,40,26.4,43,0.1
1970,6,224,34.6,24.7,154,0.3
1970,7,273,30.9,23.9,118,0.6
1970,8,223,30.5,24.5,121,0.3
1970,9,274,29.6,23.3,99,1.7
1970,10,77,29.5,20.2,95,1.4
1970,11,1,26.5,13,54,1.3
1970,12,0,24,8.8,37,1.1
1971,1,35,22,9.5,50,1.6
1971,2,10,25,11,41,1.6
1971,3,5,32.2,16.7,47,1.5
1971,4,41,34.8,22,57,2.7
1971,5,64,36.7,24,72,3.7
1971,6,448,32.9,24.2,136,5.9
1971,7,320,29.6,23.2,111,7.4
1971,8,484,28.8,23.1,99,9.4
1971,9,150,30.5,23,102,7.9
1971,10,123,29,19.8,108,7.8
1971,11,3,25.5,12.6,52,7.2
1971,12,0,24.3,9.3,41,6.7
1972,1,15,23.1,9,41,6.1
1972,2,31,23.8,10.5,56,6.5
1972,3,2,32.6,17.5,51,6.2
1972,4,10,37.9,22.1,33,5.7
1972,5,3,40.8,26.6,16,4.2
1972,6,73,37.4,25.9,78,2.2
1972,7,171,32.1,24.3,131,0.6
1972,8,248,30.2,23.6,117,-4.4
1972,9,170,30.7,22.6,112,-4.8
1972,10,83,29.5,18.6,95,-4.3
1972,11,11,26.3,12.5,49,-3.6
1972,12,0,24,9.5,37,-3.3
1973,1,36,23.2,9.9,53,-2.4
1973,2,7,27.1,13.5,37,-2.2
1973,3,5,31.5,16.3,35,-2
1973,4,2,38.7,23.8,18,-2.2
1973,5,26,38.1,25.1,35,-2
1973,6,300,34.7,25,149,-0.8
1973,7,156,31.6,24.3,127,-1.3
1973,8,264,30.2,23.9,115,-1.4
1973,9,287,29.5,23.5,93,1.8
1973,10,182,28.3,20.3,105,3.3
1973,11,4,25.1,13.9,53,3.2
1973,12,0,22.5,10,40,3.2
1974,1,4,22,8.8,40,2.6
1974,2,1,25.7,10.9,37,2.2
1974,3,16,31.9,18.1,53,2.3
1974,4,4,37,23.8,23,1.8
1974,5,17,38.6,25.5,28,1.3
1974,6,148,36.1,25.6,143,0.7
1974,7,345,30.3,23.8,127,1.1
1974,8,303,30.2,24.1,114,1.5
1974,9,217,30.1,22.7,94,1.9
1974,10,65,30.8,21.3,92,1.4
1974,11,1,26.6,13.4,51,1.2
1974,12,1,22.5,8.4,35,1
1975,1,33,22.3,9.1,51,1.4
1975,2,7,25.7,12.4,43,1.3
1975,3,12,32.6,17.3,48,1
1975,4,3,38.7,23.2,21,0.6
1975,5,21,39.8,25.6,31,-0.3
1975,6,131,35.6,25.4,132,-1.4
1975,7,343,30,23.5,117,-0.7
1975,8,135,30.1,23.7,111,-1.7
1975,9,304,29.5,23.2,109,1.7
1975,10,92,30.2,21.4,102,1.6
1975,11,1,26.2,12.9,55,1.5
1975,12,0,23.4,8.7,40,1.4
1976,1,6,23.1,9.4,37,1
1976,2,11,26.5,13.8,43,0.9
1976,3,1,32.3,18.5,35,-0.4
1976,4,11,37.5,22.8,27,-0.6
1976,5,36,38.2,24.9,45,0.2
1976,6,171,35.8,25.5,164,-0.8
1976,7,233,31.3,23.9,125,-1.4
1976,8,275,29.7,23.6,115,-1.9
1976,9,311,30,22.8,105,1.9
1976,10,39,30.1,19.5,80,1
1976,11,3,28.2,15.2,53,0.7
1976,12,0,23.8,9.2,35,-0.2
1977,1,13,22.4,9,37,-1.1
1977,2,6,26.6,12.3,41,-1.3
1977,3,2,33.8,19.3,27,-1.9
1977,4,20,36.4,23.3,33,-1.5
1977,5,84,36.8,23.8,89,1.9
1977,6,177,34.5,24.8,157,1.4
1977,7,394,30.5,24.2,120,2.5
1977,8,273,30.5,24.4,111,2.8
1977,9,162,30.5,23.5,101,2.2
1977,10,145,28.9,19.6,114,3
1977,11,14,27.1,15.5,57,3.3
1977,12,7,22.9,10,44,3.5
1978,1,17,21.6,8.2,47,3.4
1978,2,32,24.9,12.2,56,4.1
1978,3,28,30.6,15.8,68,5.1
1978,4,21,36.7,22.2,50,5.4
1978,5,30,38.8,25.8,44,5
1978,6,349,34.9,25.3,160,5.9
1978,7,256,30.8,23.7,111,6.3
1978,8,296,30.4,24.4,112,6.4
1978,9,268,29.4,23.3,110,6.9
1978,10,127,29.3,20.4,108,6.9
1978,11,2,27.5,15.1,52,6.4
1978,12,4,23.7,10.3,43,6.1
1979,1,28,23.4,10.4,49,6
1979,2,15,24.3,12.1,48,5.8
1979,3,3,31.5,17.6,54,5.4
1979,4,14,37.5,23.9,34,5.1
1979,5,4,41,25.8,16,3.7
1979,6,146,36.2,25.9,146,2.6
1979,7,278,31.7,24.5,134,2
1979,8,185,31,24.8,130,0.6
1979,9,124,30.6,23.2,122,-3.8
1979,10,97,30.2,20.5,104,-3.3
1979,11,17,28.9,16.6,51,-2.7
1979,12,7,23.5,12,37,-2.4
1980,1,15,22.4,10.1,38,-2.3
1980,2,5,25.6,13.6,34,-2.3
1980,3,16,31.2,18.4,38,-2.1
1980,4,3,38.5,24.9,15,-2.3
1980,5,31,38.6,25.6,37,-2.1
1980,6,183,34.7,25.7,142,-1.9
1980,7,271,30.7,24.3,107,-1.6
1980,8,289,30.3,24.4,102,-1
1980,9,137,30.5,23.9,111,-1.7
1980,10,41,28.9,20,84,-2.3
1980,11,0,27.1,13.3,52,-2.4
1980,12,0,24,11.1,36,-2.4
1981,1,27,21.3,10.2,42,-1.9
1981,2,12,25.4,13.3,42,-1.7
1981,3,24,30.6,17.7,53,-1.2
1981,4,19,34.8,22.4,34,-0.8
1981,5,40,36.9,24.8,48,1.1
1981,6,116,35.8,26,117,-1
1981,7,376,30.3,24.3,120,0.8
1981,8,286,30.7,24.4,108,1.4
1981,9,173,30.2,23.4,109,1
1981,10,0,30.5,19.5,78,-1.7
1981,11,6,26.9,12.6,51,-2.2
1981,12,1,22.5,10.1,33,-2.5
1982,1,4,23.5,10.4,29,-2.9
1982,2,7,24.9,13.2,31,-3.1
1982,3,44,29.6,16.7,60,-2.2
1982,4,18,36.3,22.9,28,-1.8
1982,5,38,39.9,25.6,43,-1.5
1982,6,193,35.3,25.1,153,-1.4
1982,7,157,32.8,25.4,145,-2.7
1982,8,223,30.2,24.2,115,-3.8
1982,9,168,31.1,23.3,126,-4.4
1982,10,36,30,19.6,75,-4.8
1982,11,16,26.4,13.8,46,-4.5
1982,12,1,23.5,9.4,30,-4.5
1983,1,14,21.8,9.2,32,-4.3
1983,2,1,25.2,13,25,-4.4
1983,3,6,31.2,18.1,19,-4.7
1983,4,29,36.3,22.1,36,-3.7
1983,5,49,37.9,24.6,53,-2.7
1983,6,160,37.1,26.1,155,-3.1
1983,7,283,31.9,24.5,129,-3
1983,8,189,30.8,24.5,116,-3.8
1983,9,149,30.2,24,104,-4.2
1983,10,127,29,20.3,106,-3
1983,11,0,26.9,13.1,59,-2.6
1983,12,6,23.5,9.8,42,-2
1984,1,38,21.9,9.6,52,-1
1984,2,25,24.5,12,52,2.4
1984,3,0,33.6,17.8,55,2.4
1984,4,4,38.2,23.7,26,2.1
1984,5,14,39.3,26.5,26,1.3
1984,6,315,33.7,24.7,129,2.6
1984,7,286,30.4,23.9,119,3.5
1984,8,286,30.2,24,111,3.8
1984,9,219,29.9,22.7,120,3.7
1984,10,19,30.5,20.8,77,2.2
1984,11,1,26.7,12,52,1.5
1984,12,1,24.4,10.5,36,0.9
1985,1,18,22.7,10.7,37,0.7
1985,2,2,26.1,12.5,33,-2.1
1985,3,1,33.6,19.8,22,-2.9
1985,4,4,38.4,24.3,16,-3.1
1985,5,25,38.8,25.1,31,-3
1985,6,113,36.2,26,113,-3.6
1985,7,338,30,23.6,115,-2.7
1985,8,286,30.7,24.4,113,-2.1
1985,9,189,30.1,23.3,109,-1.9
1985,10,195,29.6,19.5,107,2.5
1985,11,1,27.4,13.2,58,2.4
1985,12,3,25.1,11,44,2.4
1986,1,2,23,10.3,37,1.8
1986,2,12,26.3,12.6,44,1.7
1986,3,1,33.1,17.2,39,1.1
1986,4,18,36.8,23,35,1.3
1986,5,38,37.8,23.9,47,1.5
1986,6,165,36.2,25.5,157,1
1986,7,218,30.6,23.3,118,-1
1986,8,263,30.8,23.6,114,-1.7
1986,9,140,30,22.7,107,-2.3
1986,10,103,28.8,18.9,103,-1.7
1986,11,3,26.8,14.7,53,-1.3
1986,12,6,23.3,11.1,40,-0.7
1987,1,1,22.5,9.6,37,-0.9
1987,2,9,27.2,13.9,43,-0.7
1987,3,11,31.7,18.1,53,0.3
1987,4,13,36.8,23.3,32,0.9
1987,5,14,39.2,25,25,-0.4
1987,6,133,37.2,26.6,133,-1.3
1987,7,311,30.7,23.9,123,-1
1987,8,369,30,23.8,112,1
1987,9,335,30.6,23.8,114,3
1987,10,62,30.1,20.2,95,2.3
1987,11,5,27,14.5,52,2
1987,12,2,24.4,10.9,39,1.8
1988,1,5,23.7,10.5,37,1.1
1988,2,18,26.9,13.7,43,1.2
1988,3,43,31.9,18.2,71,1.9
1988,4,17,37.9,24,31,1.9
1988,5,19,38.9,26.6,28,1.3
1988,6,238,34.4,24.8,147,1.6
1988,7,227,30.5,24.4,112,1.4
1988,8,315,30,24.6,99,2
1988,9,135,31.3,24,112,0.9
1988,10,34,30.2,20.1,86,-1.7
1988,11,3,27.3,14.4,52,-1.9
1988,12,4,24.6,12.3,38,-1.9
1989,1,11,21.7,8.8,37,-2
1989,2,4,25.9,13.2,36,-2.3
1989,3,7,32.1,18,28,-2.8
1989,4,0,38.7,23.6,12,-3.2
1989,5,44,39.7,26.1,50,-2.6
1989,6,195,34.5,24.9,154,-2.3
1989,7,263,30.9,23.8,112,-2.1
1989,8,219,30.3,24.3,103,-2.3
1989,9,201,30.2,24,99,-1.8
1989,10,46,29.9,20.9,83,-2.2
1989,11,3,27,14.3,52,-2.1
1989,12,5,23.1,9.8,39,-1.9
1990,1,0,23.9,10,35,-2.3
1990,2,22,25.4,14.2,42,-1.8
1990,3,14,30.2,17.7,44,-1.5
1990,4,11,36.4,23.6,26,-1.4
1990,5,45,37.9,25.5,52,-0.6
1990,6,305,35.5,25.7,147,1.9
1990,7,369,29.9,23.8,98,3.8
1990,8,202,30.5,24.6,108,3.4
1990,9,182,30.3,24,100,3
1990,10,94,28.9,19.9,97,3
1990,11,1,28.2,15,56,2.8
1990,12,0,24.1,10.8,41,2.6
1991,1,21,21.4,9.7,43,2.6
1991,2,4,27.3,14.3,41,2.3
1991,3,22,32.9,18.7,60,2.5
1991,4,11,37.1,23.2,29,2.3
1991,5,16,39.4,26,26,1.6
1991,6,216,33.9,25.1,148,1.7
1991,7,176,31.4,24.7,130,0.6
1991,8,376,30,24.3,105,1
1991,9,229,30.1,23.2,106,1.6
1991,10,41,29.9,19.7,85,0.7
1991,11,0,27.1,13.3,51,-0.3
1991,12,7,22.9,10.1,37,-0.9
1992,1,19,21.4,9,41,-0.8
1992,2,19,23.9,11.7,44,0.2
1992,3,0,33.5,19,32,-1.3
1992,4,4,38.7,23.5,20,-1.6
1992,5,19,37.8,25,28,-1.7
1992,6,94,35.9,25.1,96,-2.7
1992,7,170,31.1,24.3,128,-3.9
1992,8,115,30.1,24.2,112,-5.6
1992,9,102,30.5,22.7,102,-7
1992,10,37,29.6,19.9,48,-7.5
1992,11,1,27,13.7,10,-9.1
1992,12,0,23.1,9.9,6,-9.8
1993,1,12,22.6,10.6,16,-9.8
1993,2,2,27.4,14.4,5,-10.2
1993,3,13,30.7,16.3,15,-10.1
1993,4,6,35.7,22.3,8,-9.7
1993,5,31,38.2,25,31,-8.8
1993,6,106,35.9,26.1,103,-8.9
1993,7,153,32,24.3,136,-9.8
1993,8,162,29.9,24.2,108,-10.7
1993,9,232,29.6,23.1,98,-9.9
1993,10,62,30.1,20.3,83,-9.3
1993,11,8,27.8,13.8,44,-8.8
1993,12,0,24.4,10.5,30,-8.4
1994,1,49,22.9,10,56,-6.8
1994,2,14,24.6,12.9,35,-6.2
1994,3,2,33.3,19,20,-6.3
1994,4,9,36.6,22.7,19,-5.7
1994,5,13,39.5,26,20,-5.7
1994,6,274,35.4,25.8,151,-4.3
1994,7,208,31.5,23.6,127,-4.1
1994,8,267,30.5,24.2,115,-3.7
1994,9,92,31.1,23.5,111,-4.9
1994,10,84,30.4,19.4,99,-4.4
1994,11,1,25.9,14.3,49,-4.1
1994,12,0,24,10,39,-3.9
1995,1,21,21.2,9.1,42,-3.4
1995,2,12,26.4,14.2,39,-3.1
1995,3,15,32.2,17.7,44,-2.8
1995,4,1,38.4,23.4,17,-3
1995,5,18,40.5,26.8,26,-3
1995,6,100,36.6,27,101,-3.8
1995,7,195,31.3,24.3,128,-4.6
1995,8,195,30.3,24.2,111,-5.5
1995,9,219,30.3,23.3,105,-5.2
1995,10,25,30.7,20.3,76,-5.6
1995,11,14,26.5,14.2,54,-5
1995,12,0,23.7,10.7,36,-4.7
1996,1,37,22.9,10.6,51,-3.7
1996,2,8,25.7,12.2,39,-3.4
1996,3,2,33.4,19.4,31,-3.7
1996,4,6,37.7,22.7,21,-3.5
1996,5,11,40.1,26.3,20,-3.8
1996,6,230,34.9,24.5,156,-3.1
1996,7,183,31.2,24.5,120,-3.5
1996,8,256,29.6,23.5,105,-3.6
1996,9,108,30.1,24.1,104,-4.4
1996,10,129,29.8,20,112,-3.3
1996,11,0,28.2,13.5,60,-2.8
1996,12,0,24.5,8.9,45,-2.4
1997,1,19,22.5,9,44,-2.1
1997,2,5,24.8,12.3,42,-1.9
1997,3,6,32.2,18.3,43,-2
1997,4,12,35,21.9,29,-1.6
1997,5,55,38.5,25.3,63,-0.6
1997,6,69,36.4,26.4,73,-1.9
1997,7,245,31.1,24,110,-2.1
1997,8,335,30.7,24,103,-1.7
1997,9,125,29.8,23.4,102,-2.4
1997,10,26,28.6,19.1,79,-3.1
1997,11,13,27,14.7,51,-2.7
1997,12,7,22.2,10.8,35,-2.4
1998,1,20,21.9,9.6,41,-2
1998,2,14,26.7,13.7,42,-1.7
1998,3,18,31,17,51,-1.3
1998,4,11,36.9,23.2,27,-1.1
1998,5,55,40,26.3,63,1.3
1998,6,78,37.5,26.9,81,-1.3
1998,7,202,31.1,24.5,115,-2.1
1998,8,244,30,25.4,104,-2.9
1998,9,156,31.1,24,103,-3.2
1998,10,184,31.6,22.2,96,-1
1998,11,18,28,15.7,60,2.4
1998,12,0,24.4,10.7,45,2.5
1999,1,0,23.3,9.6,39,1.9
1999,2,3,27.8,13.8,44,1.6
1999,3,1,34.3,18.5,37,0.8
1999,4,2,39.6,24.7,20,-1.3
1999,5,36,39,26.4,45,-0.9
1999,6,169,35.5,26,146,-1
1999,7,257,30.8,24,115,-1.1
1999,8,305,29.7,24.6,104,-0.8
1999,9,182,30.2,23.3,107,-0.8
1999,10,78,29.6,21.2,94,-0.8
1999,11,2,28,14.9,57,-0.6
1999,12,0,24.5,11.8,39,-0.6
2000,1,6,22.7,10.3,38,-0.9
2000,2,14,24.6,12.9,42,-0.7
2000,3,5,31.1,17.9,37,-1
2000,4,15,37.1,23.7,31,-0.8
2000,5,28,38.5,25.7,37,-0.6
2000,6,176,34.9,25.2,152,-0.7
2000,7,151,31.5,24.6,122,-2
2000,8,161,30.8,24.5,119,-3.6
2000,9,212,29.6,23,100,-3.6
2000,10,25,30.5,21,73,-4.3
2000,11,1,28.3,14.9,42,-4.7
2000,12,0,24.8,10.1,30,-4.9
2001,1,3,24.5,9.7,26,-5.2
2001,2,2,27.5,13.3,19,-5.7
2001,3,28,32.2,18,37,-5.2
2001,4,8,37.3,23.3,15,-5
2001,5,16,38.3,26.2,20,-5
2001,6,277,34,25.1,128,-3.5
2001,7,242,30.8,23.7,119,-2.8
2001,8,276,30.4,25.2,109,-1.9
2001,9,63,31.2,24.2,92,-3.5
2001,10,97,30.5,21.5,101,-2.9
2001,11,2,28.9,14.7,52,-2.7
2001,12,0,24.9,10.4,38,-2.7
2002,1,10,22.7,10.4,36,-2.7
2002,2,5,27.5,13.5,37,-2.7
2002,3,9,33.3,18.9,35,-2.8
2002,4,4,37.9,23.6,18,-2.9
2002,5,11,39,26.6,20,-3.2
2002,6,73,36.1,26.4,76,-4
2002,7,204,31.2,25.7,130,-4.7
2002,8,310,30.4,24.5,103,-4.8
2002,9,165,30.1,23.7,103,-4.6
2002,10,80,30.4,20,97,-4.2
2002,11,8,28.1,14.2,57,-3.4
2002,12,0,25,11.2,41,-3
2003,1,7,23.5,8.6,39,-3
2003,2,13,26.2,13.7,41,-2.6
2003,3,19,31.4,17.8,53,-2.1
2003,4,7,38.5,24.2,24,-2
2003,5,7,38.8,26,17,-2.5
2003,6,140,36,27.5,135,-2.8
2003,7,169,31.2,24.9,117,-3.8
2003,8,193,31.3,24.9,104,-4.8
2003,9,219,30.3,24.4,101,-4.5
2003,10,167,30.7,20.8,99,-2.5
2003,11,2,28.4,14.6,59,-2.1
2003,12,2,23.3,11.1,41,-1.7
2004,1,13,21.8,9.7,42,-1.5
2004,2,0,27.3,12.7,40,-1.5
2004,3,3,35.4,19.3,41,-1.7
2004,4,16,37.8,24.5,33,-1.3
2004,5,10,40,27,20,-1.8
2004,6,143,34.6,26,140,-2.2
2004,7,148,30.4,25.1,124,-3.5
2004,8,375,30.9,24.7,106,-3.5
2004,9,317,31.6,23.6,116,-1.4
2004,10,140,29.2,20.2,108,2.6
2004,11,5,26.5,14.5,58,2.6
2004,12,0,25.7,11.3,42,2.5
2005,1,37,22.3,11.8,52,3
2005,2,5,26.8,15,49,2.8
2005,3,29,33.2,19.7,68,3.3
2005,4,8,37.5,23.5,29,3
2005,5,23,38.6,25.7,35,2.5
2005,6,136,37,27.1,137,1.4
2005,7,167,30.7,24.8,130,-2.3
2005,8,264,30.7,25.3,116,-3.2
2005,9,132,30.9,23.5,121,-4.2
2005,10,36,29.2,21,67,-4.5
2005,11,0,27.8,13.4,44,-4.8
2005,12,2,24.7,10,31,-4.9
2006,1,0,25.4,10.1,28,-5.4
2006,2,0,30.1,14.9,18,-6.1
2006,3,30,32.6,18.7,40,-5.5
2006,4,10,36.5,23.9,16,-5.1
2006,5,93,38.8,26.5,94,-2.7
2006,6,183,35.2,25.9,148,-2.5
2006,7,285,31.3,23.9,122,-2.2
2006,8,235,30.6,24.5,118,-2.4
2006,9,142,30.9,23.9,108,-2.8
2006,10,23,30.2,21.6,80,-3.6
2006,11,1,26.7,16.1,49,-3.7
2006,12,0,25.7,11.3,37,-3.7
2007,1,0,24.3,9.6,31,-4.1
2007,2,48,25.5,13.9,58,-2.7
2007,3,15,32.6,17.4,41,-2.6
2007,4,4,38.2,23.9,18,-2.7
2007,5,37,39.2,25.9,44,-2.1
2007,6,150,35.9,25.2,146,-2.5
2007,7,244,30.7,24.5,111,-2.6
2007,8,302,30.9,25.1,109,-2.6
2007,9,241,30.5,24.7,103,-1.4
2007,10,15,30.7,21.3,75,-2.4
2007,11,1,28.1,14.8,47,-2.7
2007,12,0,25,10.8,37,-2.9
2008,1,34,22.5,12.2,50,-2.2
2008,2,4,25.5,12,34,-2.4
2008,3,15,33.2,19.3,38,-2.4
2008,4,10,37.8,24.3,23,-2.3
2008,5,51,38.3,27,57,-1.3
2008,6,451,32.9,25.7,126,3.4
2008,7,171,29.8,23.9,108,3.5
2008,8,273,30.2,24.8,102,3.8
2008,9,100,30.8,23.7,107,2
2008,10,17,30.3,20.2,75,0.7
2008,11,0,28.5,14.3,46,-2.7
2008,12,0,26,11.6,32,-3
2009,1,6,25.7,11.3,33,-3.3
2009,2,0,28.4,14.5,32,-3.9
2009,3,4,33.1,18.9,20,-4.3
2009,4,1,39.7,24.4,11,-4.6
2009,5,50,38.7,26.4,54,-3.6
2009,6,49,36.9,27,51,-4.9
2009,7,210,32.2,24.4,120,-5.3
2009,8,183,31.3,24.8,105,-6.2
2009,9,215,31.2,23.9,115,-5.9
2009,10,55,31,20.3,92,-5.8
2009,11,9,28.8,15,55,-5.2
2009,12,1,24.5,11.5,38,-4.8
2010,1,1,23.1,8.2,33,-4.9
2010,2,4,28.4,13,36,-4.9
2010,3,3,34.8,19.9,24,-5.2
2010,4,2,40.1,25.2,14,-5.3
2010,5,33,39.3,26.8,40,-4.7
2010,6,116,36.3,26.4,116,-5.1
2010,7,162,32.1,25.5,130,-6.1
2010,8,185,30.8,25.7,117,-7.2
2010,9,195,30.5,24.9,112,-7.2
2010,10,45,30.1,22.1,74,-7.1
2010,11,2,28.7,16.4,39,-7.2
2010,12,6,24.2,10.7,30,-6.9
2011,1,1,22.4,10,24,-7
2011,2,4,27.6,13,22,-7.1
2011,3,2,32.8,19.3,13,-7.4
2011,4,18,36.8,23.8,25,-6.5
2011,5,31,38.3,26.9,35,-5.8
2011,6,458,34.7,26,152,-2.6
2011,7,181,30.6,25.3,125,-2
2011,8,282,30.5,24.4,95,-1
2011,9,277,30.3,23.9,93,4.5
2011,10,55,30.3,20.4,87,3.6
2011,11,0,28,14.4,51,3
2011,12,0,25.4,10.3,37,2.5
2012,1,60,21,9.4,62,3.6
2012,2,3,26,13.6,44,3.1
2012,3,2,33.2,18.2,37,2.3
2012,4,10,36.8,23.7,27,2
2012,5,7,39.9,26.5,17,1.1
2012,6,145,37.3,27.6,144,-1.8
2012,7,277,31,24.8,118,-1.8
2012,8,353,31,24.5,109,-1.1
2012,9,218,30.7,23.4,107,0.5
2012,10,27,29.7,18.9,80,-0.9
2012,11,4,27.4,12.6,51,-1.1
2012,12,2,24.8,9.8,38,-1.3
2013,1,4,23.1,9,32,-1.8
2013,2,12,25.7,12.8,39,-1.8
2013,3,8,32.7,18,30,-2.2
2013,4,9,36.9,23.6,21,-2.2
2013,5,26,38.7,26.5,33,-2.1
2013,6,193,35.3,25.6,150,-1.9
2013,7,215,31.5,24.9,127,-2.4
2013,8,353,30.5,23.9,111,-1.8
2013,9,203,31,23.7,111,-1.5
2013,10,145,28.6,20.8,95,1.6
2013,11,0,26.7,12.5,57,1.5
2013,12,0,23.1,10.4,40,1.5
2014,1,49,21.1,9.8,58,2.5
2014,2,32,24.5,12.6,57,3.3
2014,3,17,31.8,17.6,67,4
2014,4,2,38.6,23.9,28,3.4
2014,5,65,39.6,26.3,76,4.1
2014,6,143,36.2,25.8,141,3.1
2014,7,159,31.5,24.7,118,1.4
2014,8,203,30.8,24.4,112,-3.2
2014,9,178,30.3,23.3,109,-3.7
2014,10,29,29.8,19.6,71,-4.2
2014,11,0,26.9,13.2,45,-4.6
2014,12,0,22.9,10.2,28,-4.8
2015,1,23,21,9.7,37,-4.3
2015,2,19,25.5,13,37,-3.8
2015,3,12,31.2,17.7,28,-3.8
2015,4,26,35.1,22.7,35,-2.9
2015,5,23,39.6,26.1,29,-2.8
2015,6,197,36.3,26.1,157,-2.6
2015,7,316,31.3,23.5,120,-1.8
2015,8,360,30.7,24.3,109,1.8
2015,9,101,31.1,23.1,114,-1.5
2015,10,47,30.2,20.1,86,-2
2015,11,1,27.3,13.5,48,-2.2
2015,12,1,23.1,9.7,33,-2.3
2016,1,24,21.5,9.8,41,-2.5
2016,2,13,26.6,15,41,-2.7
2016,3,11,32.5,19.4,37,-2.6
2016,4,9,38,23.5,23,-3.1
2016,5,36,38.7,25.3,44,-2.1
2016,6,196,36.5,25.8,164,-2.7
2016,7,307,31.1,24,112,-2.6
2016,8,282,31.2,24.4,117,-2.2
2016,9,229,30.7,23.7,96,2
2016,10,88,30.5,20.7,99,1.7
2016,11,4,26.8,13.8,58,1.6
2016,12,0,23.8,10.7,39,1.4
2017,1,35,22.3,9.6,53,1.1
2017,2,8,26.3,13.5,44,0.6
2017,3,16,30.1,17.9,53,-0.2
2017,4,12,36,23.7,29,-0.7
2017,5,17,39.3,25.8,27,-0.8
2017,6,139,36.3,25.8,136,-1.2
2017,7,394,31,24.2,110,-0.6
2017,8,243,30.9,24.4,115,-1.1
2017,9,98,30.9,23.5,104,-1.5
2017,10,71,29.5,20.4,90,-0.9
2017,11,3,27.6,14.4,53,-0.6
2017,12,2,23.9,11.5,38,0.2
2018,1,3,21.3,9.1,34,-0.4
2018,2,7,26.3,14.2,37,-0.6
2018,3,3,32,18.7,31,-0.7
2018,4,12,35.7,22.6,26,1
2018,5,23,37.9,24.9,31,1.8
2018,6,172,36.4,25.5,162,0.8
2018,7,273,31.5,24.2,126,-1.3
2018,8,260,31.1,24.4,108,-1.2
2018,9,174,31.1,23.3,113,-1.5
2018,10,32,29,19.2,82,-2.1
2018,11,1,26.5,12.9,47,-2.2
2018,12,1,23.2,10,34,-2
2019,1,9,22.2,9.4,32,-2.8
2019,2,16,26.1,13.2,40,-2.4
2019,3,7,31.7,17.6,36,-2.5
2019,4,10,37.6,23.5,24,-2.1
2019,5,7,41,27.6,17,-2.8
2019,6,57,38.4,28.5,61,-4.1
2019,7,227,32.3,25.4,134,-4.5
2019,8,277,31.4,25.3,120,-4.9
2019,9,363,30.8,23.9,101,-1.8
2019,10,113,29.6,20,93,-1
2019,11,1,27.6,14.5,54,-0.7
2019,12,4,22.8,9.3,37,2.8
