Product: Historical Climate - TerraClimate(http://www.climatologylab.org/terraclimate.html) 
Location (Lat/Lon of 4-km Grid Cell Center): 23.3542 North,85.3125 East 
Data Source: NW Climate Toolbox(https://climatetoolbox.org/tool/point-data-download)
Download Date: 07/25/2020
Variable List: 
ppt: ppt (Precipitation)
tmax: tmax (Maximum Temperature)
tmin: tmin (Minimum Temperature)
aet: aet (Actual Evapotranspiration)
PDSI: pdsi (Palmer Drought Severity Index (PDSI))
********************************************************
Year,Month,ppt(mm),tmax(degC),tmin(degC),aet(mm),PDSI(unitless)
1958,1,29,26,11.5,53,0.2
1958,2,27,27.4,13.7,54,0.1
1958,3,25,34,17.2,45,-0.1
1958,4,18,38.2,23,28,-0.1
1958,5,11,38.9,25.2,18,-1.1
1958,6,114,36.6,25.2,113,-1.9
1958,7,422,30.2,23.3,102,-1.8
1958,8,393,28.9,22.3,100,-1.1
1958,9,277,29.7,22.1,96,-0.7
1958,10,149,29.6,19.9,107,1.6
1958,11,5,26.4,14.1,57,1.6
1958,12,0,24.7,11.1,42,1.4
1959,1,46,24.1,10.8,60,2
1959,2,5,26.4,12.2,43,1.6
1959,3,7,32.6,17.3,27,1
1959,4,17,37.1,22.7,27,0.8
1959,5,36,38.2,24.2,42,0.6
1959,6,146,33.9,23.9,142,-1.3
1959,7,316,29.3,23.2,105,-1.9
1959,8,339,29,22.6,102,-1.8
1959,9,259,28.6,21.8,88,-1.4
1959,10,202,28,19.9,96,2.1
1959,11,0,25.8,13,51,1.9
1959,12,1,23.9,10.1,40,1.7
1960,1,2,24,9.4,36,1.2
1960,2,0,29.5,13.6,36,-0.6
1960,3,58,31,16.6,71,0.7
1960,4,5,38.7,22.1,14,-0.5
1960,5,15,38.2,24.6,20,-1.2
1960,6,140,34.8,24.3,137,-1.8
1960,7,415,28.7,22.8,102,-1.7
1960,8,382,29.1,22.9,102,-1.2
1960,9,233,28.8,22.4,95,-1.3
1960,10,61,29,18.9,91,-1.6
1960,11,0,25.5,11.9,45,-1.7
1960,12,1,24.4,9.2,34,-1.8
1961,1,41,24.4,10.7,54,-1
1961,2,70,24.5,12,79,1.7
1961,3,1,32.8,19.2,28,1.1
1961,4,1,37.9,22.4,14,-0.5
1961,5,30,38,24.4,37,-1.1
1961,6,274,32.9,23,137,0.6
1961,7,232,29.4,22.8,100,-0.4
1961,8,398,29.1,22.8,97,0.6
1961,9,275,29,22,90,0.9
1961,10,143,28.8,18.7,103,1.7
1961,11,0,25.2,12.1,51,1.5
1961,12,6,22.4,7.4,44,1.6
1962,1,19,23.3,8.1,46,1.6
1962,2,16,27,12.7,45,1.4
1962,3,16,33.4,16.1,37,1.1
1962,4,15,36.8,21.8,26,0.8
1962,5,14,37.4,23.6,21,-0.7
1962,6,184,34,24,133,-1
1962,7,289,30.4,23.5,112,-1.5
1962,8,318,28.7,22.2,97,-1.6
1962,9,261,29.2,21.9,100,-1.3
1962,10,66,28.3,18.4,92,-1.6
1962,11,0,26.3,12.2,47,-1.6
1962,12,4,24.3,9.5,39,-1.6
1963,1,3,23.8,8.3,34,-1.9
1963,2,5,29.3,13,29,-2.4
1963,3,45,32.6,16.5,56,-1.8
1963,4,19,36.5,20.9,25,-1.7
1963,5,78,36.4,22.6,80,-0.7
1963,6,219,33.2,23.1,148,-0.6
1963,7,318,29.2,23,103,-0.8
1963,8,388,29.2,22.6,101,0.4
1963,9,290,29.7,22.1,101,1.2
1963,10,221,29.2,19.2,105,3.2
1963,11,8,26.8,13.9,57,3.2
1963,12,0,24.7,10.6,41,2.9
1964,1,3,24,9.9,40,2.2
1964,2,14,27.6,13.4,45,1.7
1964,3,4,33.9,18.7,19,0.9
1964,4,27,36.5,22.5,35,0.9
1964,5,57,37.2,23.3,60,1.1
1964,6,230,34.3,23.8,155,1.1
1964,7,428,28,21.8,112,1.4
1964,8,374,29.1,22.7,98,1.5
1964,9,231,29.2,22.1,100,1
1964,10,93,28.8,20.2,100,1
1964,11,15,25.8,13.6,60,1.4
1964,12,0,24.4,10.2,43,1.2
1965,1,3,24.7,10.8,37,0.6
1965,2,11,27.3,12.7,39,-0.5
1965,3,30,31.9,15.6,42,0
1965,4,26,36,21.4,33,0.1
1965,5,14,38.3,24.4,19,-1.2
1965,6,96,35.1,24.7,96,-2.1
1965,7,341,29.4,22.9,112,-2.6
1965,8,340,28.6,22.3,106,-2.4
1965,9,253,29.2,22,101,-2.2
1965,10,47,29.1,18.9,85,-2.6
1965,11,1,27.1,13.5,49,-2.8
1965,12,2,23,9.8,37,-2.8
1966,1,60,23.6,10.5,65,-1.5
1966,2,11,29,14,41,-1.7
1966,3,3,33.3,17.3,18,-2.3
1966,4,3,38.4,22.6,11,-2.6
1966,5,13,39.1,24.8,19,-3.1
1966,6,244,34.1,23.9,162,-2.6
1966,7,143,30.4,23.2,119,-3.5
1966,8,263,29,22.3,107,-4.8
1966,9,116,29.3,21.9,108,-6.1
1966,10,25,28.7,18.2,78,-6.5
1966,11,20,26.5,14.3,55,-5.8
1966,12,11,23.2,9.4,41,-5.3
1967,1,17,23.4,10.4,40,-4.9
1967,2,1,28.7,13.5,23,-5.3
1967,3,90,30.4,16.7,98,-3.4
1967,4,28,36.1,19.8,34,-2.8
1967,5,16,38,23.9,21,-3.2
1967,6,148,35.3,24.2,144,-3.5
1967,7,317,29.8,23.1,114,-3.9
1967,8,516,28.7,22.2,99,-2.1
1967,9,302,28.8,21.8,96,-1.2
1967,10,34,28.9,18.2,81,-2
1967,11,0,26.1,11.7,45,-2.3
1967,12,9,24.9,10.7,38,-2.2
1968,1,33,23.5,9.7,50,-1.8
1968,2,16,26.3,11.8,39,-1.9
1968,3,11,32.4,17.3,24,-2.2
1968,4,3,36.5,21.5,11,-2.6
1968,5,10,38.4,24,15,-3.2
1968,6,305,32.1,22.7,139,-2.1
1968,7,322,28.7,22.8,109,-1.6
1968,8,367,29.2,22.5,110,-1.3
1968,9,118,30.1,22.6,107,-3
1968,10,105,28.4,18.5,108,-2.5
1968,11,5,26.2,13.7,55,-2.1
1968,12,3,24.7,10.4,46,-1.8
1969,1,13,24.2,9,43,-1.8
1969,2,10,28.4,13.4,39,-2.1
1969,3,16,34,18.8,29,-2.3
1969,4,17,37.8,22.2,25,-2.2
1969,5,69,37.6,23.2,71,-1.3
1969,6,163,34.4,24.2,154,-1.6
1969,7,407,29.2,23,110,-1.6
1969,8,430,28.2,21.9,100,-0.6
1969,9,267,28.9,21.9,95,0.2
1969,10,28,29.3,18.9,79,-1
1969,11,24,27,14.2,57,-0.7
1969,12,0,24.2,10,33,-0.9
1970,1,35,23.6,10.5,51,0.3
1970,2,25,26.7,12.7,46,0
1970,3,46,31.7,17.9,59,0.6
1970,4,5,37.7,22.5,14,-0.5
1970,5,43,38.6,24.4,47,-0.5
1970,6,311,32.7,22.6,152,0.3
1970,7,343,29.2,22.5,110,0.6
1970,8,301,29.1,22.7,107,-0.4
1970,9,370,28.5,22,97,1.4
1970,10,94,28.8,19.3,101,1.3
1970,11,3,25.9,12.9,58,1.2
1970,12,0,24.1,8.9,39,0.9
1971,1,58,22.9,10.2,65,1.9
1971,2,26,25.7,11.7,51,2
1971,3,8,32.2,16.1,32,1.5
1971,4,61,33.9,20.6,71,2.8
1971,5,90,35.3,22,93,3.8
1971,6,510,31.1,21.8,135,5.9
1971,7,498,27.9,21.8,102,7
1971,8,596,27.5,21.6,92,8.6
1971,9,192,29.2,21.8,100,7
1971,10,136,28.4,18.9,108,7
1971,11,4,25,12.3,55,6.4
1971,12,0,24.3,9.3,40,5.8
1972,1,12,24.1,9.5,40,5.1
1972,2,71,24.3,10.8,78,5.9
1972,3,1,32.5,17.4,33,5
1972,4,22,37.1,21,35,4.7
1972,5,3,39.1,24.8,12,3.2
1972,6,69,35.8,24.2,72,1.5
1972,7,254,30.2,23.1,119,-3.1
1972,8,406,28.7,22,105,-2.9
1972,9,216,29.8,21.5,111,-3.2
1972,10,114,29.1,17.7,108,-2.5
1972,11,16,26.2,12.6,58,-1.7
1972,12,1,24.4,9.5,45,-1.4
1973,1,15,24.6,10.2,46,-1.3
1973,2,12,28.3,13.9,44,-1.4
1973,3,18,31.5,16.3,36,-1.4
1973,4,4,37.9,23,15,-1.8
1973,5,37,36.8,23.3,42,-1.7
1973,6,235,33.3,22.8,149,-1.4
1973,7,252,29.7,23.1,108,-1.9
1973,8,363,28.9,22.1,101,-1.5
1973,9,342,28.6,22,92,1.3
1973,10,190,28.2,19.3,105,2.8
1973,11,6,24.6,14,55,2.7
1973,12,12,22.4,10.2,46,2.9
1974,1,2,23,9.1,39,2.3
1974,2,4,26.4,11.2,38,1.7
1974,3,50,31.8,17.9,65,2
1974,4,5,36.1,22.8,14,1.3
1974,5,26,37,23.5,31,0.8
1974,6,115,34.4,23.6,114,-1.6
1974,7,449,28.8,22.4,108,-1.4
1974,8,314,29,22.3,101,-1.5
1974,9,245,29.1,21.5,92,-1.4
1974,10,106,29.8,20.2,105,-1
1974,11,3,25.8,13.8,58,-0.8
1974,12,2,22.6,8.4,39,-0.7
1975,1,32,23.3,9.4,52,0.4
1975,2,16,26.6,12.8,48,0
1975,3,37,32.8,17.3,55,0.7
1975,4,4,37.8,22.2,15,-0.5
1975,5,24,38.4,24,30,-0.9
1975,6,146,33.7,23.3,142,-1.5
1975,7,477,28.3,22.2,113,-1.1
1975,8,211,28.8,22.1,106,-2.2
1975,9,324,28.8,21.6,107,-1.2
1975,10,101,29.4,20.3,103,-1
1975,11,7,25.2,13.1,60,-0.7
1975,12,0,23.4,8.5,41,-0.7
1976,1,2,24.2,9.9,35,-1
1976,2,24,27.3,14.2,48,-1.1
1976,3,3,32.3,18.4,18,-1.6
1976,4,26,36.9,21.5,34,-1.3
1976,5,41,36.8,22.9,45,-1.3
1976,6,114,34.2,23.3,112,-2
1976,7,384,29.8,22.6,116,-2.3
1976,8,343,28.5,21.8,100,-2
1976,9,438,29.3,21.4,101,2.2
1976,10,25,29.7,18.8,75,1
1976,11,5,27.6,15.3,52,-1.4
1976,12,0,24,9.2,32,-1.8
1977,1,22,23.5,9.4,40,-1.7
1977,2,21,27.2,12.7,40,-2
1977,3,2,33.5,19.2,13,-2.6
1977,4,40,35.6,21.9,45,-1.8
1977,5,138,35.4,21.8,136,2.8
1977,6,249,32.9,23,158,2.7
1977,7,592,28.9,22.9,109,3.9
1977,8,333,29.2,22.7,106,3.4
1977,9,260,29.3,22,98,3.1
1977,10,104,28.6,18.6,109,2.9
1977,11,23,26.3,15.6,59,3.4
1977,12,18,23.2,9.8,49,3.8
1978,1,11,22.7,8.7,45,3.5
1978,2,72,25.7,12.5,80,4.6
1978,3,63,30.8,15.7,90,5.4
1978,4,40,36.1,20.9,55,5.7
1978,5,38,37.3,23.6,46,5.1
1978,6,367,33.2,23.2,150,5.8
1978,7,321,29.2,22.4,104,5.8
1978,8,381,29.1,22.6,102,5.5
1978,9,471,28.5,21.9,103,7.5
1978,10,118,28.7,19.3,109,7.1
1978,11,3,27.1,15,52,6.5
1978,12,19,23.9,10.2,50,6.5
1979,1,27,24.5,11,51,6.3
1979,2,21,25.2,12.4,51,5.9
1979,3,6,31.6,17.3,32,4.9
1979,4,27,36.8,22.4,39,4.7
1979,5,6,39.4,24.1,14,3.2
1979,6,155,34.5,23.8,150,2.3
1979,7,365,30.1,23.2,125,1.5
1979,8,208,29.6,23.1,119,-3.1
1979,9,158,29.6,22.2,118,-4.2
1979,10,61,29.7,19.5,93,-4.3
1979,11,18,28.2,16.4,54,-3.5
1979,12,19,23.7,11.9,48,-2.7
1980,1,31,23.4,10.7,50,-2
1980,2,32,26.3,14,55,-1.5
1980,3,47,31.2,18.3,66,-0.8
1980,4,7,37.8,23.7,18,-1.2
1980,5,31,37.5,23.4,37,-1.3
1980,6,255,32.9,23.4,126,-0.7
1980,7,396,28.9,22.9,96,1.6
1980,8,352,28.8,22.6,96,1.6
1980,9,176,29.4,22.6,105,-1
1980,10,48,28.4,19,86,-1.6
1980,11,0,26.6,13.4,52,-1.9
1980,12,3,24,11.1,35,-2.1
1981,1,31,22.5,10.8,45,-1.7
1981,2,31,26.1,14,51,-1.5
1981,3,65,30.4,17.5,76,0.8
1981,4,33,33.8,21.2,40,1.3
1981,5,66,35.4,22.6,68,1.8
1981,6,92,34,24,91,-1.1
1981,7,485,28.7,22.8,109,-0.7
1981,8,292,29.3,22.8,102,-1.1
1981,9,244,29.2,22.1,106,-1.2
1981,10,1,29.7,18.5,76,-2.6
1981,11,4,26.5,12.5,49,-3.3
1981,12,14,22.5,10.3,38,-3.3
1982,1,3,24.6,10.9,25,-3.7
1982,2,28,25.6,13.7,39,-3.5
1982,3,109,29.5,16.6,109,-1.5
1982,4,44,35.5,21.5,48,-0.6
1982,5,70,38.6,23.7,71,2.6
1982,6,156,33.5,23,149,1.9
1982,7,161,31.1,24.2,131,-1.7
1982,8,420,28.5,22.4,99,-2.4
1982,9,206,29.9,22.1,122,-3.1
1982,10,53,29.8,18.7,88,-3.3
1982,11,16,25.9,13.7,55,-2.8
1982,12,3,23.7,9.4,40,-2.7
1983,1,12,22.9,9.8,37,-2.7
1983,2,19,25.7,13.4,42,-2.6
1983,3,20,31,18,32,-2.7
1983,4,55,35.7,20.8,60,-1.4
1983,5,73,36.6,22.5,75,1.7
1983,6,156,35.3,24,150,0.9
1983,7,312,30.1,23.3,118,-1.4
1983,8,290,29,22.8,102,-1.9
1983,9,219,29.2,22.6,98,-2.1
1983,10,163,28.4,19.3,105,-0.7
1983,11,0,26.5,13.3,61,-0.7
1983,12,11,23.5,9.8,45,1.2
1984,1,46,22.8,10.1,57,1.9
1984,2,51,25.1,12.4,65,2.7
1984,3,0,33.4,17.5,35,2.1
1984,4,9,37.6,22.4,24,1.7
1984,5,14,37.5,24.6,23,0.9
1984,6,317,32,22.4,125,1.8
1984,7,368,28.9,22.5,109,2.3
1984,8,481,28.9,22.3,100,3.3
1984,9,192,29,21.4,117,2
1984,10,40,29.6,19.7,81,1.1
1984,11,1,26.2,12,54,-2
1984,12,2,24.3,10.1,37,-2.3
1985,1,29,23.8,11.3,43,-1.9
1985,2,11,26.7,12.9,32,-2.3
1985,3,1,33.4,19.6,13,-3
1985,4,8,37.6,23,15,-3.1
1985,5,22,37.4,23.2,26,-3.3
1985,6,142,34.6,24,137,-3.6
1985,7,433,28.6,22.2,106,-3.3
1985,8,365,29.3,22.5,103,-2.8
1985,9,214,29.1,21.9,106,-3.1
1985,10,210,29.1,18.3,107,-0.8
1985,11,1,27,13.1,60,-0.7
1985,12,2,25.3,10.8,44,-0.7
1986,1,14,23.8,10.8,42,-0.8
1986,2,28,27,13,50,-0.6
1986,3,3,33.2,17,22,-1.2
1986,4,29,36.3,21.7,38,-0.8
1986,5,45,36.8,22.1,49,-0.6
1986,6,213,34.3,23.6,150,-0.5
1986,7,372,29,22,106,0
1986,8,327,29.4,21.8,105,-0.2
1986,9,257,29,21.4,103,0
1986,10,84,28.4,18.1,96,-0.1
1986,11,16,26.1,14.7,56,0.6
1986,12,9,23.6,11.2,42,0.8
1987,1,3,23.7,10.2,38,-0.3
1987,2,11,27.9,14.1,41,-0.5
1987,3,14,31.6,17.7,30,-0.8
1987,4,21,36.3,22.1,30,-0.7
1987,5,23,37.8,23.2,29,-1.1
1987,6,109,35.6,24.7,108,-2
1987,7,392,29.1,22.7,115,-2.2
1987,8,450,28.9,22.1,104,-1
1987,9,429,29.6,22.4,105,2.9
1987,10,49,30,19.4,89,1.9
1987,11,12,26.7,14.8,53,1.6
1987,12,5,24.5,11.1,39,1.2
1988,1,5,24.5,10.8,35,-1.3
1988,2,32,27.6,14,49,-1.2
1988,3,83,31.6,18.1,90,1.1
1988,4,19,37.3,22.7,26,0.9
1988,5,37,37.3,24.7,40,0.6
1988,6,299,32.5,22.8,139,1.3
1988,7,306,29.1,22.9,104,1.3
1988,8,317,28.8,22.8,95,1
1988,9,199,30.2,22.7,106,-0.8
1988,10,49,29.4,19.2,91,-1.6
1988,11,7,26.7,14.4,56,-1.7
1988,12,9,24.8,12.5,40,-1.8
1989,1,6,22.8,9.1,34,-2.1
1989,2,5,26.7,13.5,23,-2.8
1989,3,13,32.1,17.4,23,-3.1
1989,4,1,38.1,22.6,8,-3.5
1989,5,71,38.3,24.2,72,-2.6
1989,6,259,32.9,22.8,144,-1.9
1989,7,348,29.4,22.6,103,-1.6
1989,8,309,29.2,22.6,91,-1.7
1989,9,234,29.1,22.4,96,-1.7
1989,10,75,29.1,19.9,93,-1.7
1989,11,6,26.7,14.3,55,-1.5
1989,12,17,23.4,9.8,47,-1
1990,1,0,24.6,10.5,38,-1.5
1990,2,56,26.2,14.6,64,-0.6
1990,3,47,29.9,17.4,64,1.3
1990,4,18,35.6,22.4,28,1.1
1990,5,70,36.4,23.5,73,1.8
1990,6,359,33.6,23.6,136,2.9
1990,7,589,28.2,22.3,90,5
1990,8,286,29.2,22.8,100,4
1990,9,247,29.3,22.6,92,3.5
1990,10,102,28.3,19,97,3.5
1990,11,4,27.5,15.1,60,3.2
1990,12,1,24.3,10.9,43,2.8
1991,1,50,22.5,10.4,60,3.4
1991,2,11,28.2,14.9,45,3
1991,3,58,32.6,18.7,77,3.4
1991,4,16,36.3,21.9,27,3
1991,5,14,37.7,24.2,21,2
1991,6,266,32.3,22.9,143,2.3
1991,7,316,29.9,23.4,113,2
1991,8,512,28.7,22.5,93,3.3
1991,9,230,29.2,21.9,105,2.6
1991,10,64,29.1,18.9,91,2
1991,11,6,26.4,13.4,55,1.7
1991,12,23,23.2,10.1,47,2
1992,1,25,22.3,9.6,47,1.9
1992,2,49,24.5,12.3,64,2.4
1992,3,0,33.1,18.5,23,1.4
1992,4,4,38,22.2,15,0.8
1992,5,39,36.5,23,45,0.7
1992,6,127,34.2,23.2,126,-1.7
1992,7,267,29.6,23,118,-2.5
1992,8,189,28.8,22.4,106,-4.2
1992,9,146,29.5,21.6,115,-5.3
1992,10,51,29.1,19,90,-5.4
1992,11,1,26.8,13.9,51,-5.3
1992,12,0,23.2,9.6,36,-5.3
1993,1,11,23.6,10.9,37,-5.2
1993,2,5,28,14.8,22,-5.5
1993,3,30,30.8,16.2,39,-5.1
1993,4,18,35.1,21,24,-4.6
1993,5,36,36.6,23.1,39,-4.3
1993,6,130,34.1,24.2,127,-4.6
1993,7,262,30.2,23,121,-5.1
1993,8,268,28.6,22.4,103,-6
1993,9,310,28.8,21.8,95,-4.6
1993,10,86,29.7,19.5,95,-4.2
1993,11,14,27.1,14,58,-3.3
1993,12,0,24.3,10.3,43,-3
1994,1,41,24,10.6,57,-2.1
1994,2,30,25.3,13.5,53,-1.5
1994,3,4,33,18.8,27,-1.9
1994,4,24,36.1,21.4,35,-1.5
1994,5,19,38,24,26,-1.9
1994,6,345,33.5,23.7,134,1.5
1994,7,331,29.5,22.3,105,2
1994,8,385,29,22.4,99,2.1
1994,9,101,30.1,22,107,-1.9
1994,10,114,29.8,18.6,106,-1.4
1994,11,1,25.7,14.3,53,-1.3
1994,12,0,24.3,10,43,-1.2
1995,1,29,22.2,9.7,49,-0.7
1995,2,23,27,14.4,47,-0.6
1995,3,39,32,17.4,56,0.3
1995,4,3,37.8,22.2,14,-0.5
1995,5,32,38.5,24.5,37,-0.7
1995,6,79,34.9,24.9,80,-1.7
1995,7,279,29.7,22.9,110,-2.5
1995,8,240,29.3,22.5,104,-3.6
1995,9,307,29.3,22,101,-2.6
1995,10,60,30,19.4,86,-2.7
1995,11,20,26,14.4,62,-2
1995,12,0,24.1,10.6,40,-2.1
1996,1,42,24,11.2,56,-1.3
1996,2,14,26.7,12.7,43,-1.4
1996,3,4,33.3,19.3,20,-1.9
1996,4,11,37,21.4,20,-2
1996,5,13,38.7,24.4,18,-2.6
1996,6,296,33.4,22.4,150,-1.7
1996,7,259,29.7,22.9,108,-1.8
1996,8,365,28.5,21.8,99,-1.4
1996,9,135,29.3,22.9,105,-2.7
1996,10,130,29.4,19,112,-1.9
1996,11,0,27.7,13.3,61,-1.7
1996,12,0,24.5,9,45,-1.7
1997,1,27,23.4,9.5,48,-1.3
1997,2,9,25.4,12.6,41,-1.6
1997,3,21,32.2,18.2,35,-1.7
1997,4,24,34.3,20.3,32,-1.4
1997,5,75,37.3,23.3,77,0.8
1997,6,75,35,24.4,75,-1.2
1997,7,320,29.5,22.6,97,-1.8
1997,8,494,29.3,22.4,96,1.4
1997,9,191,29.1,22.2,102,-0.8
1997,10,30,28.6,18.3,76,-1.6
1997,11,19,27,15.1,53,-1.2
1997,12,18,22.9,11.3,42,-0.8
1998,1,25,22.7,10.3,45,0.2
1998,2,36,27.2,14.2,54,1
1998,3,44,30.9,16.8,63,1.4
1998,4,23,36.1,21.9,33,1.4
1998,5,76,38.4,24.4,79,2.1
1998,6,88,35.9,24.9,89,0.8
1998,7,254,29.6,22.9,105,-1.9
1998,8,270,28.7,23.6,99,-2.9
1998,9,223,30.2,22.6,98,-3
1998,10,200,31.1,21.2,95,-0.8
1998,11,29,27.3,15.8,65,2.7
1998,12,0,24.5,10.4,48,2.7
1999,1,0,24,9.7,40,2
1999,2,8,28.4,14.1,42,1.3
1999,3,1,33.8,18.2,16,-1.5
1999,4,1,38.6,23.4,10,-2.1
1999,5,58,37.4,24.1,61,-1.5
1999,6,181,33.7,23.7,143,-1.5
1999,7,344,29.4,22.7,103,-1.7
1999,8,365,28.4,22.9,96,-1.3
1999,9,247,29.2,21.8,99,-1.2
1999,10,72,29.4,20.2,91,-1.4
1999,11,2,27.6,14.6,58,-1.3
1999,12,0,24.6,11.5,38,-1.5
2000,1,4,23.9,10.8,35,-2
2000,2,28,25.3,13.5,45,-1.8
2000,3,2,31.2,17.8,15,-2.4
2000,4,20,36.5,22.4,27,-2.2
2000,5,35,37,23.5,38,-2.1
2000,6,202,33.2,22.8,144,-2
2000,7,214,29.9,23.1,106,-2.7
2000,8,169,29.6,22.7,111,-4.5
2000,9,256,28.9,21.7,99,-4
2000,10,28,30,20,81,-4.6
2000,11,1,27.6,14.8,50,-4.8
2000,12,0,24.8,10,37,-5.1
2001,1,1,25.2,9.7,26,-5.5
2001,2,1,28.1,13.4,14,-6
2001,3,66,32.3,18.1,71,-4.7
2001,4,13,36.5,22.1,17,-4.5
2001,5,26,37,24.4,29,-4.4
2001,6,325,32.1,22.7,120,-2.9
2001,7,315,29.1,22.3,98,-2.1
2001,8,338,29,23.6,99,-2
2001,9,76,30.3,23,96,-3.8
2001,10,109,29.9,20.6,105,-3.3
2001,11,3,28.6,15.1,54,-3
2001,12,0,25,10.4,40,-2.9
2002,1,17,23.7,11,41,-2.8
2002,2,10,27.9,13.9,35,-3
2002,3,12,33.2,18.7,24,-3.1
2002,4,7,37.3,22.5,15,-3.3
2002,5,23,37.9,25,27,-3.4
2002,6,90,34.2,24.3,90,-4
2002,7,256,29.5,24.4,116,-4.6
2002,8,381,29,22.7,88,-4.3
2002,9,227,29.2,22.5,97,-4.2
2002,10,86,30.1,19.3,99,-3.9
2002,11,9,27.6,14.1,59,-3.3
2002,12,0,25.3,11.4,41,-3.1
2003,1,5,24.6,9,38,-3.3
2003,2,21,27.1,14.3,41,-3.1
2003,3,39,31.3,17.8,51,-2.6
2003,4,12,37.8,23.1,20,-2.7
2003,5,10,37.9,24.5,15,-3.2
2003,6,166,34.5,25.7,146,-3.2
2003,7,203,29.6,23.6,101,-3.9
2003,8,248,29.8,23,98,-5.2
2003,9,291,29.2,23,93,-4.1
2003,10,212,30,19.7,96,-1.6
2003,11,3,27.8,14.6,60,-1.4
2003,12,7,23.3,11,44,-1.1
2004,1,12,22.8,10,41,-1.1
2004,2,1,27.7,12.8,36,-1.5
2004,3,5,35,18.7,20,-2.1
2004,4,29,37.1,23.2,37,-1.6
2004,5,7,38.1,24.8,12,-2.3
2004,6,140,32.8,23.9,136,-2.6
2004,7,172,28.9,23.8,112,-3.6
2004,8,502,29.3,22.5,94,-3.1
2004,9,293,30.6,22.2,107,-2.4
2004,10,147,28.8,19.3,105,-1.2
2004,11,0,26.1,14.6,59,-1.1
2004,12,0,25.8,11,42,-1.1
2005,1,29,23.3,12.2,49,-0.7
2005,2,6,27.4,15.2,42,-1.1
2005,3,71,33,19.3,83,1.4
2005,4,15,36.8,22,24,1.1
2005,5,43,37.5,23.9,47,1
2005,6,146,35.3,25.2,142,-0.7
2005,7,239,28.8,23.4,114,-1.7
2005,8,335,29.2,23.4,108,-2.5
2005,9,199,29.9,22.1,115,-3.1
2005,10,33,28.5,20.1,70,-3.5
2005,11,0,27.1,13.1,55,-3.6
2005,12,7,24.8,10.1,41,-3.6
2006,1,0,26.1,10,33,-4.1
2006,2,0,30.5,15,15,-4.8
2006,3,66,32,18.2,72,-3.6
2006,4,16,35.8,22.7,21,-3.4
2006,5,137,37,24.3,134,-0.8
2006,6,209,33.4,23.9,144,-0.7
2006,7,407,29.3,22.3,100,2.4
2006,8,422,28.8,22.6,101,2.8
2006,9,196,29.9,22.7,101,1.8
2006,10,24,29.6,20.8,80,-1.7
2006,11,2,26.2,16.3,47,-2.2
2006,12,0,25.8,11.4,36,-2.7
2007,1,0,25.2,9.9,26,-3.4
2007,2,112,26.3,14.5,94,-1.2
2007,3,30,32.3,17.1,47,-0.7
2007,4,8,37.6,22.6,19,-1.1
2007,5,52,37.5,23.9,57,-0.7
2007,6,158,34.1,23.3,150,-1
2007,7,350,28.9,23.3,103,-1.4
2007,8,412,29.5,23.4,98,-0.7
2007,9,331,29.4,23.4,97,1.8
2007,10,19,29.8,20.2,75,-1.1
2007,11,1,27.4,14.7,47,-1.7
2007,12,0,25.1,10.7,35,-2.2
2008,1,48,23.4,12.4,58,-1.5
2008,2,13,26.1,12.3,32,-1.9
2008,3,33,33.1,18.9,42,-1.7
2008,4,20,36.8,22.7,26,-1.6
2008,5,74,36.8,24.9,75,-0.7
2008,6,510,30.9,23.4,123,3.3
2008,7,233,28.2,22.6,101,2.9
2008,8,360,28.8,23.2,94,2.8
2008,9,135,29.8,22.4,111,0.9
2008,10,19,29.9,19.4,76,-2.5
2008,11,0,28.1,14.6,48,-3
2008,12,0,26.1,11.8,32,-3.4
2009,1,7,26.6,11.7,31,-3.7
2009,2,0,29.2,14.9,14,-4.5
2009,3,7,33.1,18.7,15,-4.7
2009,4,0,38.9,23.1,6,-5.1
2009,5,71,37.3,24.7,72,-3.9
2009,6,51,35.1,25.3,52,-5
2009,7,316,30.3,22.9,103,-5.2
2009,8,231,29.9,23.2,101,-5.8
2009,9,303,30.2,22.7,110,-4.7
2009,10,55,30,19.1,93,-4.8
2009,11,13,28.1,14.9,55,-4.3
2009,12,2,24.5,11.6,38,-4.2
2010,1,1,24,8.6,33,-4.4
2010,2,6,29.1,13.4,26,-4.7
2010,3,2,34.7,19.5,13,-5.1
2010,4,1,39.5,23.7,8,-5.3
2010,5,55,37.9,24.8,57,-4.5
2010,6,141,34.4,24.6,137,-4.7
2010,7,218,30.2,24.1,117,-5.3
2010,8,210,29.4,24.1,109,-7
2010,9,270,29.4,23.6,107,-6.3
2010,10,55,29.3,21.2,85,-6.2
2010,11,5,28.1,16.5,51,-5.7
2010,12,22,24.2,10.7,49,-4.7
2011,1,0,23.3,10.1,35,-4.8
2011,2,13,28.3,13.3,36,-4.8
2011,3,4,32.6,19.1,16,-5
2011,4,34,35.7,22.2,40,-4
2011,5,44,36.8,24.9,47,-3.5
2011,6,509,32.9,23.9,142,-0.7
2011,7,239,29,24,113,-0.7
2011,8,378,29.1,22.9,87,2.7
2011,9,352,29.2,22.7,87,3.8
2011,10,63,29.8,19.7,90,2.9
2011,11,0,27.4,14.7,54,2.3
2011,12,0,25.2,10.2,37,1.6
2012,1,77,22,10.1,74,3
2012,2,3,26.6,13.9,38,2.2
2012,3,1,33.1,17.9,16,1.2
2012,4,18,36,22.3,27,1
2012,5,7,38.6,24.6,13,-1.9
2012,6,164,35.5,25.5,157,-2.3
2012,7,400,29.2,23.3,105,-2.2
2012,8,455,29.4,22.6,99,-1
2012,9,251,29.5,22.2,99,-0.9
2012,10,31,29.3,18.1,80,-1.7
2012,11,14,27.1,12.7,55,-1.7
2012,12,4,25.1,9.9,39,-1.8
2013,1,4,24,9.3,31,-2.3
2013,2,22,26.5,13.2,39,-2.4
2013,3,17,32.5,17.6,27,-2.6
2013,4,20,36.1,22.2,25,-2.4
2013,5,39,37.1,24.5,42,-2.3
2013,6,207,33.4,23.2,142,-2
2013,7,311,29.7,23.3,110,-2.3
2013,8,458,29.1,22.1,101,-1
2013,9,306,30.1,22.4,104,1.5
2013,10,152,28.1,19.7,92,2.5
2013,11,0,26.2,12.2,58,2.2
2013,12,0,23.1,10.3,41,1.9
2014,1,65,21.8,10.1,69,3
2014,2,77,25.1,13,81,4.4
2014,3,53,31.4,17.1,85,5.2
2014,4,7,37.6,22.2,28,4.5
2014,5,111,38,23.8,116,5.7
2014,6,158,34.6,23.9,152,4.6
2014,7,270,29.8,23.1,102,3.2
2014,8,271,29.5,22.7,105,1.9
2014,9,305,29.5,22,104,2.2
2014,10,50,29.4,18.6,84,1.4
2014,11,0,26.2,13.3,54,0.9
2014,12,0,22.6,9.9,35,-2.3
2015,1,15,21.6,9.8,36,-2.3
2015,2,34,26.3,13.5,50,-2
2015,3,31,30.9,17.2,43,-1.8
2015,4,57,34.4,21.3,62,1.3
2015,5,29,38.2,24.1,34,0.9
2015,6,205,34.4,23.9,151,0.7
2015,7,506,29.7,22.4,104,1.4
2015,8,366,29.5,22.7,105,1.4
2015,9,114,30.2,22,114,-1.9
2015,10,52,29.8,19.3,86,-2.3
2015,11,3,27.1,14,50,-2.4
2015,12,5,23.8,10.4,36,-2.4
2016,1,26,22.8,10.4,44,-2.4
2016,2,40,27.5,15.5,55,-2.5
2016,3,23,32.4,19,38,-2.2
2016,4,16,37.7,22.8,24,-2.7
2016,5,57,37.4,23.5,60,-1.9
2016,6,211,34.7,23.8,157,-2.2
2016,7,391,29.4,22.6,99,-2.3
2016,8,405,29.6,22.7,102,-0.8
2016,9,290,29.6,22.3,92,2.4
2016,10,81,29.6,19.3,97,2.3
2016,11,8,26,13.5,60,1.9
2016,12,0,23.7,10.4,40,1.5
2017,1,37,23.1,9.8,54,1.2
2017,2,17,26.9,13.6,45,-1.1
2017,3,35,30.5,17.9,49,-1.5
2017,4,19,36,22.9,27,-1.6
2017,5,17,37.9,24,22,-1.5
2017,6,158,34.4,23.6,149,-1.3
2017,7,584,29.2,22.7,97,0.6
2017,8,292,29.5,22.7,107,-0.8
2017,9,143,30,22.4,105,-0.7
2017,10,84,29.1,19.6,93,0.8
2017,11,6,26.9,14.2,58,0.9
2017,12,7,23.8,11.1,44,0.8
2018,1,2,22.3,9.3,38,-0.5
2018,2,13,27,14.3,39,-1
2018,3,4,32.2,18.6,17,-1.5
2018,4,22,35.1,21.2,29,1.7
2018,5,38,36.6,23.1,41,2.2
2018,6,202,34.4,23.2,152,1.6
2018,7,420,29.6,22.6,109,1
2018,8,341,29.4,22.4,96,1.5
2018,9,257,29.8,21.8,104,1.7
2018,10,42,28.8,18.7,84,1.4
2018,11,1,26.5,13.3,48,1.2
2018,12,3,23.1,9.8,36,2.6
2019,1,6,23.1,9.8,30,-2.4
2019,2,44,26.8,13.6,56,-1.8
2019,3,28,31.3,17,40,-1.6
2019,4,16,36.8,22.2,23,-1.5
2019,5,27,39.1,25.3,31,-1.9
2019,6,64,36.2,25.9,65,-3
2019,7,259,30.6,24,123,-3.7
2019,8,485,29.7,23.2,100,-2.8
2019,9,288,29.6,22.4,92,-2
2019,10,249,29.4,19.3,87,3.6
2019,11,0,27.3,14.8,57,3.2
2019,12,22,23.7,9.9,44,3.6
