Product: Historical Climate - TerraClimate(http://www.climatologylab.org/terraclimate.html) 
Location (Lat/Lon of 4-km Grid Cell Center): 23.9792 North,85.3542 East 
Data Source: NW Climate Toolbox(https://climatetoolbox.org/tool/point-data-download)
Download Date: 07/25/2020
Variable List: 
ppt: ppt (Precipitation)
tmax: tmax (Maximum Temperature)
tmin: tmin (Minimum Temperature)
aet: aet (Actual Evapotranspiration)
PDSI: pdsi (Palmer Drought Severity Index (PDSI))
********************************************************
Year,Month,ppt(mm),tmax(degC),tmin(degC),aet(mm),PDSI(unitless)
1958,1,31,25.1,11.1,55,0.2
1958,2,17,26.1,13,46,-0.1
1958,3,17,33.2,17,36,-0.2
1958,4,15,37.9,23.2,25,-0.1
1958,5,12,39.8,26.5,18,-1.2
1958,6,107,37.3,26.3,106,-2.1
1958,7,364,30.4,23.7,108,-2
1958,8,460,29.1,22.9,102,-0.8
1958,9,239,29.9,22.4,96,1.1
1958,10,143,29.2,19.8,108,2
1958,11,1,25.9,13.2,53,1.8
1958,12,0,24.1,10.6,41,1.7
1959,1,69,23.2,10.3,71,2.9
1959,2,3,25.2,11.7,42,2.4
1959,3,11,32,17,35,2.1
1959,4,13,36.8,22.9,25,1.9
1959,5,30,39,25.5,36,1.4
1959,6,134,34.7,25.1,132,0.7
1959,7,277,29.6,23.7,113,-1.5
1959,8,320,29.2,23.2,106,-1.9
1959,9,215,28.7,22.2,91,-1.7
1959,10,178,27.6,19.7,98,1.7
1959,11,0,25.3,12.3,51,1.5
1959,12,0,23.2,9.7,38,1.4
1960,1,3,23.1,9.2,36,0.9
1960,2,0,28.2,13.1,34,-0.5
1960,3,49,30.4,16.4,62,0.8
1960,4,4,38.2,22.1,13,-0.5
1960,5,14,39,25.6,20,-1.1
1960,6,120,35.5,25.4,119,-1.8
1960,7,358,29,23.2,108,-1.8
1960,8,367,29.3,23.5,108,-1.4
1960,9,223,28.9,22.6,96,-1.3
1960,10,52,28.5,18.7,89,-1.7
1960,11,0,25,11.2,44,-1.8
1960,12,0,23.8,8.7,31,-1.9
1961,1,36,23.5,10.5,50,-1.4
1961,2,63,23.4,11.5,73,1.4
1961,3,0,32.1,18.7,23,0.8
1961,4,2,37.6,22.6,13,-0.4
1961,5,22,38.8,25.6,29,-1.2
1961,6,245,33.6,24.1,140,0.7
1961,7,188,29.7,23.2,107,-0.7
1961,8,379,29.2,23.3,102,0.2
1961,9,196,29.2,22.4,94,-0.7
1961,10,149,28.3,18.5,104,1.1
1961,11,1,24.5,11.3,51,1.1
1961,12,6,21.4,6.7,42,1.3
1962,1,25,22.4,7.8,50,1.4
1962,2,19,25.8,12.2,46,1.5
1962,3,9,32.6,15.8,33,1.1
1962,4,10,36.6,22,22,0.9
1962,5,18,38.2,24.8,25,-0.5
1962,6,168,34.7,25.2,136,-0.7
1962,7,255,30.7,23.8,117,-1.3
1962,8,397,28.8,22.7,100,-0.9
1962,9,222,29.4,22.2,101,-0.9
1962,10,48,27.7,17.9,85,-1.3
1962,11,0,25.8,11.4,45,-1.5
1962,12,4,23.6,9,36,-1.5
1963,1,5,22.8,8,33,-1.9
1963,2,4,28,12.3,26,-2.3
1963,3,36,31.7,16.2,46,-1.8
1963,4,14,36.1,21.2,21,-1.7
1963,5,71,37.1,23.9,72,-0.8
1963,6,216,33.9,24.2,152,1.1
1963,7,304,29.4,23.3,105,0.8
1963,8,402,29.3,23.2,106,1.2
1963,9,239,29.9,22.3,103,1.2
1963,10,207,28.7,18.9,106,3.2
1963,11,13,26.3,13.2,58,3.3
1963,12,0,24.1,10,40,3.1
1964,1,5,23.1,9.5,41,2.5
1964,2,9,26.5,12.8,41,2
1964,3,3,33.3,18.3,20,1.2
1964,4,20,36.3,22.8,28,1.1
1964,5,51,37.7,24.2,55,1.2
1964,6,213,35.1,24.7,168,1.2
1964,7,388,28.2,22.2,114,1.4
1964,8,336,29.2,23.3,105,1.2
1964,9,212,29.4,22.4,102,0.9
1964,10,99,28.5,20,103,1
1964,11,13,25.3,12.8,58,1.4
1964,12,0,23.7,9.6,42,1.4
1965,1,0,23.9,10.3,36,0.7
1965,2,6,26,12.1,35,-0.5
1965,3,24,31.1,15.3,37,0.1
1965,4,18,35.8,21.6,25,-0.7
1965,5,12,39.2,25.5,17,-1.3
1965,6,92,36,25.7,91,-2.2
1965,7,312,29.6,23.2,118,-2.6
1965,8,382,28.9,22.7,108,-2.1
1965,9,215,29.4,22,102,-2.1
1965,10,44,28.5,18.5,84,-2.5
1965,11,5,26.5,12.7,49,-2.4
1965,12,2,22.3,9.1,35,-2.5
1966,1,59,22.7,10.1,64,-1.3
1966,2,11,27.6,13.4,39,-1.4
1966,3,2,32.6,17.2,17,-1.9
1966,4,1,38,22.7,10,-2.2
1966,5,18,40,25.9,24,-2.6
1966,6,185,34.9,25.1,169,-2.5
1966,7,137,30.6,23.5,128,-3.6
1966,8,341,29.1,22.8,109,-4.7
1966,9,77,29.4,22,95,-5.9
1966,10,18,28.2,17.7,73,-6.4
1966,11,20,26.1,13.4,51,-6
1966,12,9,22.6,8.9,36,-5.7
1967,1,5,22.6,9.9,29,-5.8
1967,2,2,27.6,12.9,16,-6.2
1967,3,68,29.8,16.4,73,-4.4
1967,4,21,35.7,20,26,-3.9
1967,5,17,38.6,24.8,20,-4.2
1967,6,121,36,25.3,118,-4.5
1967,7,272,30.1,23.4,121,-4.8
1967,8,524,28.8,22.7,104,-3.3
1967,9,261,29,22,97,-2.5
1967,10,27,28.4,17.8,79,-3.2
1967,11,0,25.2,10.9,44,-3.4
1967,12,7,24.2,10.2,35,-3.2
1968,1,52,22.5,9.6,61,-2.2
1968,2,8,24.9,11.2,34,-2.4
1968,3,7,31.6,17,20,-2.6
1968,4,2,36.1,21.8,10,-2.9
1968,5,12,39.2,25.2,17,-3.4
1968,6,258,32.7,23.9,144,-2.3
1968,7,268,29,23.1,112,-2.2
1968,8,362,29.4,22.9,113,-1.8
1968,9,106,30.3,22.8,106,-3.2
1968,10,86,27.7,18.1,100,-2.9
1968,11,1,25.3,12.8,50,-2.6
1968,12,4,23.9,10,41,-2.3
1969,1,12,23.4,8.6,40,-2.4
1969,2,10,27.1,12.6,35,-2.6
1969,3,15,33.4,18.5,27,-2.7
1969,4,14,37.5,22.4,21,-2.5
1969,5,68,38.4,24.3,70,-1.5
1969,6,166,35.2,25.3,157,-1.6
1969,7,375,29.5,23.4,115,-1.5
1969,8,414,28.3,22.4,103,-0.7
1969,9,248,29.1,22.2,95,1.2
1969,10,19,28.8,18.7,77,-1
1969,11,25,26.5,13.4,55,-0.7
1969,12,0,23.6,9.5,30,-1
1970,1,43,22.7,10,55,0.5
1970,2,20,25.4,12,41,0
1970,3,28,31.2,17.6,43,0.6
1970,4,2,37.5,22.6,11,-0.5
1970,5,44,39.5,25.6,48,0.1
1970,6,239,33.5,23.7,155,0.6
1970,7,334,29.5,22.9,112,0.7
1970,8,289,29.3,23.2,112,-0.4
1970,9,349,28.7,22.3,97,1.5
1970,10,80,28.5,19.1,96,1.3
1970,11,2,25.5,12.2,54,1.2
1970,12,0,23.6,8.3,36,0.9
1971,1,58,22.1,9.7,63,1.7
1971,2,18,24.6,11,43,1.7
1971,3,7,31.6,16.2,30,1.3
1971,4,51,33.8,20.9,61,2.6
1971,5,91,36.2,23.3,93,3.7
1971,6,433,31.8,23.1,137,5.8
1971,7,454,28.1,22.1,105,7.1
1971,8,626,27.6,21.9,93,8.8
1971,9,172,29.5,22,100,7.2
1971,10,122,28.1,18.7,108,7.1
1971,11,4,24.6,11.7,53,6.5
1971,12,0,23.8,8.8,39,6
1972,1,17,23.2,9,42,5.4
1972,2,67,23.3,10.3,74,6.3
1972,3,3,32,17,36,5.6
1972,4,17,37,21.1,31,5.3
1972,5,3,40.1,25.9,12,3.7
1972,6,61,36.4,25.1,64,1.9
1972,7,233,30.6,23.4,122,0.8
1972,8,363,29,22.4,108,-3.3
1972,9,179,29.9,21.7,110,-3.7
1972,10,104,28.6,17.5,104,-3
1972,11,16,25.5,11.8,55,-2.1
1972,12,1,23.6,9,42,-1.6
1973,1,32,23.5,9.9,55,-1
1973,2,14,26.9,13.3,44,-0.8
1973,3,8,30.9,15.8,31,-0.9
1973,4,3,37.7,22.9,15,-1.2
1973,5,33,37.5,24.3,39,-1.2
1973,6,250,33.8,24,151,0.6
1973,7,199,30.1,23.3,115,-0.7
1973,8,349,29.1,22.7,107,-0.7
1973,9,331,28.7,22.4,91,1.4
1973,10,182,27.6,19.2,105,2.9
1973,11,5,24.1,13.2,54,2.8
1973,12,3,22,9.5,40,2.8
1974,1,4,22.1,8.9,39,2.1
1974,2,3,25.2,10.6,34,1.6
1974,3,27,31.3,17.6,44,1.7
1974,4,4,36,22.8,14,1.1
1974,5,24,38,24.8,29,0.6
1974,6,115,35.1,24.7,114,-1.6
1974,7,456,28.9,22.7,114,-1
1974,8,345,29.1,22.8,105,-0.8
1974,9,234,29.3,21.7,92,0.2
1974,10,80,29.8,20.2,97,-0.1
1974,11,2,25.5,12.8,52,0
1974,12,2,22,7.8,35,-0.1
1975,1,42,22.5,9.1,56,0.8
1975,2,14,25.3,12.2,43,0.6
1975,3,26,32.1,16.8,43,0.6
1975,4,3,37.8,22.2,14,-0.5
1975,5,26,39.3,24.9,32,-0.8
1975,6,112,34.6,24.4,111,-1.5
1975,7,470,28.6,22.5,113,-0.8
1975,8,172,29,22.5,107,-2.1
1975,9,350,28.8,22.1,108,1.4
1975,10,94,29.2,20.3,102,1.4
1975,11,3,24.9,12.2,56,1.3
1975,12,0,22.9,8.1,39,1.1
1976,1,5,23.3,9.5,35,0.6
1976,2,21,26.1,13.6,44,-0.1
1976,3,1,31.7,18,15,-1.1
1976,4,19,36.6,21.6,26,-1
1976,5,42,37.7,24.1,46,-0.9
1976,6,130,34.9,24.5,127,-1.5
1976,7,329,30,22.9,120,-1.9
1976,8,331,28.6,22.3,105,-1.7
1976,9,405,29.4,21.8,102,2.2
1976,10,29,29.3,18.5,76,1.1
1976,11,4,27.2,14.5,51,0.6
1976,12,0,23.4,8.7,32,-1.5
1977,1,23,22.6,9,41,-1.5
1977,2,13,26.1,12.1,33,-1.8
1977,3,2,33.1,18.9,13,-2.4
1977,4,31,35.4,22.1,36,-1.7
1977,5,132,36.4,23.1,130,2.7
1977,6,191,33.5,23.9,159,2.4
1977,7,541,29.2,23.2,113,3.5
1977,8,340,29.4,23.2,107,3.1
1977,9,213,29.7,22.4,97,2.6
1977,10,124,28.1,18.5,115,3
1977,11,22,26,14.7,59,3.4
1977,12,17,22.5,9.3,48,3.9
1978,1,18,21.8,8.3,49,3.7
1978,2,68,24.6,12,76,4.9
1978,3,46,30,15.3,78,5.9
1978,4,32,35.8,21.2,51,6.2
1978,5,37,38.3,25,46,5.6
1978,6,347,33.8,24.4,156,6.5
1978,7,312,29.4,22.7,106,6.6
1978,8,388,29.3,23.1,105,6.3
1978,9,387,28.6,22.2,105,7.6
1978,10,115,28.4,19.2,109,7.3
1978,11,3,26.6,14.2,51,6.7
1978,12,11,23.4,9.7,45,6.5
1979,1,33,23.6,10.6,53,6.3
1979,2,22,24,11.8,50,6
1979,3,5,30.9,17,32,5.2
1979,4,18,36.6,22.7,31,4.8
1979,5,5,40.3,25.1,13,3.3
1979,6,140,35.1,24.9,138,2.4
1979,7,358,30.4,23.5,128,1.8
1979,8,217,29.8,23.6,123,-2.6
1979,9,143,29.8,22.3,121,-3.7
1979,10,76,29.4,19.4,99,-3.5
1979,11,22,27.8,15.8,57,-2.5
1979,12,18,23.1,11.4,47,-1.6
1980,1,22,22.5,10.2,46,-1.3
1980,2,13,25.1,13.4,43,-1.2
1980,3,30,30.6,18,49,-0.7
1980,4,3,37.6,23.9,14,-1.1
1980,5,34,38.3,24.7,39,-1.1
1980,6,178,33.6,24.6,136,-0.9
1980,7,361,29.2,23.2,100,-0.6
1980,8,361,29.1,23.1,97,0.3
1980,9,142,29.6,22.9,108,-1.1
1980,10,40,28.1,18.9,83,-1.7
1980,11,0,26.1,12.5,51,-2
1980,12,1,23.5,10.5,33,-2.3
1981,1,34,21.5,10.3,45,-1.8
1981,2,25,25,13.3,45,-1.7
1981,3,44,29.9,17.2,55,-0.9
1981,4,24,33.8,21.4,31,0.3
1981,5,57,36.3,23.9,59,1.3
1981,6,91,34.7,25.1,91,-1
1981,7,476,28.9,23.2,113,0.6
1981,8,320,29.5,23.2,103,-0.1
1981,9,205,29.4,22.4,106,-0.3
1981,10,0,29.5,18.4,77,-1.9
1981,11,6,26,11.8,48,-2.5
1981,12,5,22,9.6,31,-2.9
1982,1,4,23.7,10.5,25,-3.3
1982,2,17,24.5,13,28,-3.4
1982,3,80,28.8,16.1,83,-1.7
1982,4,32,35.3,21.7,36,-1
1982,5,66,39.4,24.9,66,2.2
1982,6,153,34.2,24.2,147,1.6
1982,7,174,31.4,24.5,137,-1.6
1982,8,354,29,23,105,-2.7
1982,9,196,30.2,22.3,123,-3.1
1982,10,48,29.2,18.4,87,-3.4
1982,11,18,25.3,12.8,55,-2.8
1982,12,3,23,8.9,38,-2.6
1983,1,17,22,9.3,39,-2.5
1983,2,5,24.7,12.8,30,-2.8
1983,3,12,30.5,17.6,24,-2.9
1983,4,43,35.3,21,49,-1.7
1983,5,69,37.4,23.7,71,-0.7
1983,6,139,36.1,25.1,136,-1.3
1983,7,332,30.4,23.5,122,-1.7
1983,8,250,29.5,23.3,108,-2.3
1983,9,182,29.4,22.9,100,-2.6
1983,10,145,28.1,19.1,106,-1.3
1983,11,0,25.9,12.4,60,-1.1
1983,12,11,23,9.3,44,-0.7
1984,1,50,22,9.7,59,2
1984,2,51,24,11.8,63,2.9
1984,3,0,32.9,17.2,37,2.6
1984,4,5,37.3,22.6,21,2.2
1984,5,16,38.6,25.8,25,1.3
1984,6,280,32.7,23.6,128,2.3
1984,7,351,29,22.9,112,2.8
1984,8,409,29.2,22.8,104,3.1
1984,9,213,29.2,21.8,118,2.4
1984,10,28,29.5,19.7,79,1.3
1984,11,1,25.8,11.3,52,-1.7
1984,12,2,23.9,9.8,34,-2.1
1985,1,29,22.9,10.8,43,-1.8
1985,2,4,25.6,12.3,23,-2.3
1985,3,1,32.9,19.3,12,-2.9
1985,4,5,37.5,23.2,12,-3.1
1985,5,27,38.3,24.5,30,-3.1
1985,6,112,35.3,25.1,110,-3.6
1985,7,433,28.7,22.5,109,-2.9
1985,8,360,29.6,23.1,106,-2.4
1985,9,204,29.3,22.3,108,-2.5
1985,10,203,28.7,18.2,107,2
1985,11,1,26.5,12.4,59,1.8
1985,12,5,24.8,10.5,44,1.8
1986,1,5,23.1,10.5,37,1.2
1986,2,26,25.9,12.4,47,1.2
1986,3,2,32.6,16.7,19,-0.6
1986,4,23,36,21.9,32,0.3
1986,5,46,37.3,23.1,50,0.2
1986,6,162,35.1,24.6,154,-0.2
1986,7,310,29.2,22.3,111,-1
1986,8,335,29.6,22.3,108,-0.9
1986,9,195,29.2,21.7,104,-1.3
1986,10,86,27.9,17.8,97,-1.1
1986,11,5,25.7,14,52,-0.8
1986,12,12,23,10.6,41,0.4
1987,1,2,22.8,9.8,36,-0.4
1987,2,15,26.8,13.6,41,-0.1
1987,3,15,31.1,17.6,32,-0.5
1987,4,17,35.9,22.2,26,-0.4
1987,5,20,38.7,24.3,26,-0.9
1987,6,107,36.3,25.8,106,-1.7
1987,7,388,29.3,23,118,-1.6
1987,8,485,28.9,22.6,107,1.2
1987,9,428,29.8,22.7,108,3.4
1987,10,54,29.4,19.1,92,2.5
1987,11,9,26.2,13.9,52,2.2
1987,12,4,23.9,10.4,37,1.8
1988,1,6,23.8,10.5,36,1.1
1988,2,32,26.5,13.4,48,1.1
1988,3,69,31.2,17.8,78,2.1
1988,4,18,37,22.9,25,1.9
1988,5,31,38.3,25.9,35,1.5
1988,6,251,33.3,23.9,145,2
1988,7,285,29.2,23.3,107,1.8
1988,8,364,28.9,23.4,96,1.9
1988,9,158,30.5,23,109,0.7
1988,10,39,29.2,19.1,88,-1.7
1988,11,5,26.4,13.7,52,-1.9
1988,12,10,24.2,11.8,38,-1.9
1989,1,11,21.9,8.8,36,-2.1
1989,2,7,25.5,12.9,24,-2.7
1989,3,11,31.6,17.4,21,-2.9
1989,4,0,37.9,22.6,7,-3.3
1989,5,62,39.2,25.4,63,-2.6
1989,6,202,33.5,24,150,-2.1
1989,7,317,29.5,22.9,107,-2.1
1989,8,289,29.2,23.1,95,-2.2
1989,9,222,29.4,22.9,97,-2
1989,10,62,28.9,19.8,88,-2.1
1989,11,5,26.1,13.5,53,-1.9
1989,12,15,22.8,9.3,43,-1.5
1990,1,0,24,10.2,35,-2
1990,2,48,25.1,14.1,56,-1.1
1990,3,26,29.5,17.1,42,-0.7
1990,4,13,35.5,22.6,22,-0.8
1990,5,64,37.3,24.7,67,1.4
1990,6,311,34.4,24.7,144,2.5
1990,7,533,28.5,22.7,92,4.5
1990,8,263,29.4,23.4,102,3.5
1990,9,223,29.5,23,95,3.1
1990,10,94,28,18.8,96,3.1
1990,11,2,27.1,14.2,57,2.8
1990,12,0,23.7,10.4,40,2.5
1991,1,35,21.6,9.9,51,2.7
1991,2,9,27,14.2,39,2.3
1991,3,43,32.1,18.2,60,2.7
1991,4,14,36.1,22,24,2.4
1991,5,17,38.8,25.3,23,1.5
1991,6,233,32.9,24.1,146,1.9
1991,7,250,30.1,23.8,120,1.2
1991,8,520,28.9,23.1,97,2.6
1991,9,235,29.3,22.2,104,2.4
1991,10,49,28.9,18.6,87,1.6
1991,11,2,26.1,12.6,52,1
1991,12,19,22.5,9.6,42,1.2
1992,1,24,21.5,9.1,45,1.1
1992,2,40,23.5,11.6,55,1.5
1992,3,0,32.8,18.4,18,-0.8
1992,4,4,37.7,22.4,13,-1.2
1992,5,27,37.3,24.2,32,-1.4
1992,6,92,34.9,24.3,92,-2.2
1992,7,221,29.9,23.4,121,-3
1992,8,157,29,23,112,-4.6
1992,9,119,29.7,21.8,115,-6.1
1992,10,39,28.7,18.8,75,-6.3
1992,11,1,26.1,13,37,-6.7
1992,12,0,22.6,9.2,23,-6.9
1993,1,12,22.8,10.7,24,-6.9
1993,2,4,27,14.2,11,-7.1
1993,3,23,30.1,15.9,27,-6.6
1993,4,9,34.8,21.2,13,-6.3
1993,5,37,37.6,24.3,38,-5.7
1993,6,94,34.9,25.3,92,-6.1
1993,7,207,30.6,23.3,127,-6.6
1993,8,224,28.8,23,105,-7.8
1993,9,281,28.9,22.1,95,-6.5
1993,10,73,29.2,19.2,93,-5.9
1993,11,13,26.8,13.1,56,-5
1993,12,0,23.9,10,39,-4.6
1994,1,56,23.1,10.1,64,-3.3
1994,2,24,24.2,12.9,47,-2.6
1994,3,2,32.7,18.6,25,-2.8
1994,4,15,35.7,21.6,26,-2.4
1994,5,17,38.9,25.2,24,-2.7
1994,6,301,34.4,24.9,143,-1.3
1994,7,294,29.9,22.6,114,-0.8
1994,8,364,29.3,23,106,1.6
1994,9,88,30.3,22.4,106,-1.8
1994,10,103,29.5,18.3,105,-1.3
1994,11,1,25.1,13.6,50,-1.2
1994,12,0,23.7,9.6,38,-1.4
1995,1,29,21.4,9.2,46,-1.1
1995,2,21,25.9,13.9,42,-1
1995,3,28,31.5,17.1,42,-0.7
1995,4,2,37.6,22.3,11,-1.2
1995,5,27,39.9,26.1,31,-1.4
1995,6,74,35.7,26.1,75,-2.4
1995,7,255,29.9,23.2,118,-3
1995,8,245,29.3,23,106,-4
1995,9,261,29.5,22.3,102,-3.2
1995,10,35,29.7,19.2,79,-3.6
1995,11,17,25.5,13.5,56,-3.1
1995,12,0,23.3,10.1,36,-3.2
1996,1,47,23.1,10.8,57,-2.3
1996,2,15,25.3,12,40,-2.2
1996,3,3,32.8,19,17,-2.7
1996,4,7,36.8,21.7,16,-2.7
1996,5,12,39.6,25.6,17,-3.2
1996,6,251,33.9,23.5,155,-2.2
1996,7,246,29.8,23.3,113,-2.4
1996,8,355,28.5,22.2,100,-2
1996,9,124,29.4,23.2,103,-3.1
1996,10,131,28.8,18.8,112,-2.1
1996,11,0,27.2,12.7,61,-1.8
1996,12,0,24,8.4,43,-1.7
1997,1,23,22.6,9.1,45,-1.5
1997,2,8,24.3,12.1,39,-1.7
1997,3,12,31.6,17.9,26,-2
1997,4,15,34.2,20.7,23,-1.7
1997,5,79,38,24.6,81,-0.6
1997,6,55,35.6,25.6,57,-1.8
1997,7,297,29.6,22.9,101,-2.2
1997,8,455,29.6,22.8,98,-1.1
1997,9,149,29.2,22.5,100,-1.9
1997,10,28,27.9,18.1,77,-2.6
1997,11,20,26.2,14.1,52,-2.1
1997,12,15,21.9,10.4,39,-1.6
1998,1,25,21.9,9.7,45,-1.3
1998,2,28,26.2,13.5,47,-0.8
1998,3,27,30.3,16.5,46,0.3
1998,4,14,36,22.1,24,1
1998,5,79,39.5,25.6,82,1.8
1998,6,63,36.5,26,64,-1.2
1998,7,236,29.7,23.4,108,-2
1998,8,289,28.8,24.1,100,-2.8
1998,9,188,30.3,22.9,99,-3
1998,10,187,30.7,21.1,96,-0.8
1998,11,25,27,15,63,2.5
1998,12,0,24,10.2,46,2.6
1999,1,0,23.3,9.6,39,1.9
1999,2,7,27.3,13.5,40,1.3
1999,3,1,33.5,17.8,16,-1.5
1999,4,1,38.6,23.6,10,-1.9
1999,5,50,38.4,25.5,54,-1.4
1999,6,153,34.5,25,145,-1.5
1999,7,327,29.6,23.1,107,-1.7
1999,8,356,28.6,23.4,98,-1.4
1999,9,207,29.3,22.1,102,-1.5
1999,10,64,28.8,20,88,-1.6
1999,11,2,27.1,14,56,-1.6
1999,12,0,24.1,11.2,36,-1.8
2000,1,6,22.9,10.4,35,-2.1
2000,2,26,24.2,12.8,42,-1.9
2000,3,4,30.6,17.5,16,-2.3
2000,4,17,36.2,22.6,24,-2.1
2000,5,31,38,24.9,35,-2.1
2000,6,166,33.9,24.1,150,-2
2000,7,190,30.1,23.6,112,-2.9
2000,8,179,29.8,23.3,114,-4.5
2000,9,253,28.9,22,98,-4.3
2000,10,24,29.5,19.9,80,-4.8
2000,11,1,27.3,14.1,49,-5
2000,12,0,24.4,9.5,35,-5.2
2001,1,3,24.6,9.6,27,-5.6
2001,2,2,26.9,12.9,14,-6
2001,3,48,31.7,17.7,53,-4.9
2001,4,11,36.3,22.2,15,-4.7
2001,5,21,37.8,25.5,24,-4.6
2001,6,269,32.8,23.9,124,-3.2
2001,7,306,29.3,22.6,106,-2.5
2001,8,345,29.3,24,102,-2.2
2001,9,67,30.4,23.2,92,-3.8
2001,10,100,29.6,20.4,101,-3.1
2001,11,2,28.1,14.1,52,-3
2001,12,0,24.4,9.8,37,-3
2002,1,14,22.9,10.5,37,-3
2002,2,10,27.1,13.3,31,-3.2
2002,3,12,32.7,18.4,23,-3.2
2002,4,5,37,22.6,12,-3.3
2002,5,17,38.6,26,21,-3.6
2002,6,66,35.1,25.5,67,-4.3
2002,7,241,29.8,24.8,121,-4.8
2002,8,384,29.2,23.2,93,-4.6
2002,9,199,29.3,22.7,99,-4.4
2002,10,82,29.7,19.1,98,-4
2002,11,9,27.1,13.4,58,-3.4
2002,12,0,24.6,10.7,39,-3.2
2003,1,8,23.7,8.6,38,-3.3
2003,2,22,25.9,13.7,41,-3
2003,3,30,30.8,17.4,43,-2.5
2003,4,10,37.6,23.2,18,-2.5
2003,5,8,38.5,25.5,14,-3.1
2003,6,132,35.2,26.8,128,-3.2
2003,7,194,29.9,24,108,-4
2003,8,244,30.1,23.5,100,-5.3
2003,9,264,29.4,23.4,96,-4.2
2003,10,183,29.7,19.6,97,-2
2003,11,3,27.4,13.8,60,-1.7
2003,12,5,22.8,10.6,41,-1.4
2004,1,15,21.9,9.7,42,-1.3
2004,2,1,26.7,12.3,35,-1.7
2004,3,4,34.6,18.6,19,-2.1
2004,4,22,36.9,23.4,30,-1.7
2004,5,8,39.2,26.1,14,-2.3
2004,6,125,33.5,25,123,-2.7
2004,7,171,29.1,24.2,118,-3.6
2004,8,502,29.6,23.3,98,-3.2
2004,9,382,30.8,22.6,111,-1.1
2004,10,132,28.3,19.2,107,2.5
2004,11,3,25.6,13.8,58,2.3
2004,12,0,25.2,10.6,41,2.1
2005,1,40,22.5,11.8,54,2.4
2005,2,8,26.3,14.7,44,2
2005,3,50,32.5,19.1,67,2.6
2005,4,10,36.6,22.4,21,2.2
2005,5,36,38.2,25.1,41,1.9
2005,6,125,36.1,26.3,124,0.9
2005,7,216,29.2,23.7,121,-1.9
2005,8,337,29.5,24,111,-2.7
2005,9,161,30.1,22.5,117,-3.4
2005,10,30,28.3,19.9,71,-3.8
2005,11,0,26.7,12.4,53,-3.9
2005,12,6,24.2,9.5,38,-3.8
2006,1,0,25.4,9.9,31,-4.3
2006,2,0,29.6,14.6,15,-5
2006,3,52,31.7,18.1,58,-3.8
2006,4,12,35.7,22.8,18,-3.6
2006,5,134,38.1,25.6,131,-0.9
2006,6,178,34.2,25,148,-0.9
2006,7,371,29.7,22.7,109,-0.7
2006,8,344,29.3,23.1,108,-0.6
2006,9,162,30.2,22.9,104,-1.4
2006,10,20,29.3,20.5,79,-2.3
2006,11,1,25.7,15.4,46,-2.8
2006,12,0,25.2,10.7,34,-3.1
2007,1,0,24.4,9.5,25,-3.7
2007,2,98,25.2,13.8,87,-1.6
2007,3,24,31.8,16.8,38,-1.3
2007,4,5,37.3,22.7,14,-1.5
2007,5,50,38.5,25,53,-1.1
2007,6,136,34.8,24.3,133,-1.5
2007,7,316,29.3,23.4,106,-1.8
2007,8,399,29.7,23.8,102,-1.2
2007,9,286,29.6,23.7,99,1.3
2007,10,15,29.6,20.1,75,-1.1
2007,11,1,27,13.9,45,-1.7
2007,12,0,24.5,10.2,33,-2.2
2008,1,49,22.5,12.1,57,-1.5
2008,2,9,25,11.8,28,-1.9
2008,3,25,32.5,18.8,34,-1.7
2008,4,14,36.7,23.1,20,-1.7
2008,5,71,37.6,26.1,72,-0.7
2008,6,437,31.6,24.5,125,3.3
2008,7,216,28.3,22.8,103,3.1
2008,8,356,29.1,23.6,97,3
2008,9,107,30,22.7,108,1.1
2008,10,16,29.4,19.2,75,-2.5
2008,11,0,27.6,13.7,45,-3.1
2008,12,0,25.6,11.1,29,-3.4
2009,1,8,25.8,11.3,31,-3.7
2009,2,0,28.1,14.3,13,-4.5
2009,3,5,32.5,18.4,13,-4.7
2009,4,0,38.8,23.3,6,-5
2009,5,67,38.2,25.7,68,-3.8
2009,6,43,35.9,26.2,44,-5
2009,7,280,30.7,23.3,109,-5.2
2009,8,225,30.1,23.6,102,-5.9
2009,9,266,30.4,23,111,-4.9
2009,10,53,29.8,19,92,-5
2009,11,12,27.8,14.2,55,-4.5
2009,12,2,24,11,37,-4.3
2010,1,1,23.2,8.2,32,-4.6
2010,2,7,28,12.8,25,-4.8
2010,3,3,34.1,19.3,13,-5.1
2010,4,2,39.2,24,8,-5.2
2010,5,47,38.8,26,49,-4.6
2010,6,112,35.3,25.5,110,-4.9
2010,7,203,30.6,24.4,123,-5.5
2010,8,216,29.7,24.6,112,-6.8
2010,9,229,29.6,23.9,109,-6.6
2010,10,47,29.1,21,83,-6.5
2010,11,4,27.6,15.6,50,-6
2010,12,17,23.7,10.1,44,-5.1
2011,1,1,22.5,9.9,33,-5.2
2011,2,9,27.2,12.8,30,-5.2
2011,3,3,32.2,18.8,15,-5.4
2011,4,26,35.7,22.6,32,-4.4
2011,5,41,37.7,26.1,44,-3.9
2011,6,443,33.6,25,148,-1.1
2011,7,224,29.2,24.3,118,-0.9
2011,8,366,29.4,23.3,90,2.7
2011,9,323,29.5,22.9,89,3.8
2011,10,59,29.5,19.4,89,3
2011,11,0,27,13.7,52,2.4
2011,12,0,24.8,9.7,35,1.8
2012,1,82,21.1,9.6,75,3.2
2012,2,4,25.5,13.3,40,2.6
2012,3,2,32.5,17.7,19,1.7
2012,4,12,35.9,22.6,22,1.4
2012,5,7,39.4,25.8,13,-1.6
2012,6,138,36.3,26.7,135,-2.1
2012,7,367,29.5,23.8,111,-2.1
2012,8,465,29.7,23.1,103,-0.8
2012,9,242,29.9,22.4,102,-0.6
2012,10,26,28.9,17.9,79,-1.4
2012,11,9,26.5,11.9,51,-1.6
2012,12,3,24.3,9.3,36,-1.8
2013,1,4,23.2,9.1,30,-2.3
2013,2,22,25.4,12.7,37,-2.4
2013,3,13,32.1,17.4,22,-2.6
2013,4,13,36,22.5,19,-2.5
2013,5,34,38.1,25.7,37,-2.4
2013,6,175,34.2,24.5,148,-2.2
2013,7,285,30.1,23.9,118,-2.6
2013,8,459,29.4,22.7,104,-1.5
2013,9,259,30.3,22.7,107,-1
2013,10,139,27.7,19.6,93,2
2013,11,0,25.7,11.6,58,1.8
2013,12,0,22.7,10,39,1.6
2014,1,73,21.1,9.7,72,2.9
2014,2,67,24,12.3,74,4.2
2014,3,35,31,16.9,73,5
2014,4,3,37.5,22.6,22,4.2
2014,5,100,38.9,25.2,105,5.3
2014,6,136,35.2,24.9,135,4.2
2014,7,224,30.1,23.6,108,2.8
2014,8,266,29.7,23.2,107,1.2
2014,9,230,29.6,22.3,106,1.1
2014,10,36,28.9,18.4,80,-2.8
2014,11,0,25.8,12.4,52,-3.1
2014,12,0,22.3,9.6,32,-3.2
2015,1,24,21,9.6,40,-2.9
2015,2,34,25.2,12.9,48,-2.4
2015,3,21,30.5,17,33,-2.3
2015,4,41,34.2,21.6,47,-1.1
2015,5,30,39.1,25.4,34,-1.2
2015,6,182,35.2,25.1,155,-1.1
2015,7,428,30,22.6,110,0.5
2015,8,418,29.7,23.2,106,1.5
2015,9,106,30.4,22.3,113,-1.7
2015,10,48,29.4,19.1,86,-2.1
2015,11,2,26.6,13.1,48,-2.3
2015,12,3,23,9.5,32,-2.5
2016,1,31,21.9,10,45,-2.6
2016,2,30,26.3,14.9,47,-2.9
2016,3,18,31.9,18.9,30,-2.5
2016,4,13,37.3,22.7,20,-2.8
2016,5,51,38.2,24.6,54,-1.9
2016,6,181,35.3,24.8,163,-2.4
2016,7,388,29.6,22.9,104,-2.4
2016,8,396,29.9,23.2,107,-1.2
2016,9,271,29.9,22.6,93,2.4
2016,10,83,29.4,19.4,98,2.1
2016,11,6,25.7,12.9,59,1.8
2016,12,0,23.3,10.1,37,1.4
2017,1,48,22.4,9.6,59,1.1
2017,2,17,25.8,13.2,45,-1.1
2017,3,23,29.8,17.5,39,-1.4
2017,4,15,35.5,22.8,24,-1.3
2017,5,15,38.8,25.2,21,-1.3
2017,6,135,35.2,24.8,132,-1.3
2017,7,559,29.5,23,100,-0.6
2017,8,289,29.7,23.2,109,-1.4
2017,9,108,30.2,22.7,105,-1.5
2017,10,68,28.7,19.4,88,-0.9
2017,11,4,26.5,13.5,54,-0.7
2017,12,4,23.3,10.7,38,0.1
2018,1,2,21.5,9.1,34,-0.5
2018,2,13,25.9,13.9,35,-0.9
2018,3,3,31.5,18.3,15,-1.3
2018,4,15,34.9,21.5,22,1.1
2018,5,26,37.4,24.2,30,1.8
2018,6,167,35.2,24.5,159,1.1
2018,7,371,29.9,23.1,116,-1
2018,8,345,29.7,23,100,0.8
2018,9,216,30,22.1,108,0
2018,10,31,28.3,18.3,80,-0.5
2018,11,1,25.8,12.4,46,-0.7
2018,12,2,22.6,9.3,33,0.4
2019,1,9,22.3,9.5,30,-3
2019,2,30,25.8,13.1,45,-2.6
2019,3,15,31,16.9,26,-2.6
2019,4,11,37,22.7,18,-2.5
2019,5,15,40.2,26.6,20,-3.1
2019,6,52,37.2,27.3,53,-4.2
2019,7,222,31,24.5,130,-4.8
2019,8,395,30,23.9,109,-4.9
2019,9,338,29.9,22.8,97,-3
2019,10,186,28.9,19.1,90,-0.9
2019,11,1,26.9,14,56,-0.7
2019,12,20,22.9,9.3,43,3.3
