Product: Historical Climate - TerraClimate(http://www.climatologylab.org/terraclimate.html) 
Location (Lat/Lon of 4-km Grid Cell Center): 23.7292 North,84.5208 East 
Data Source: NW Climate Toolbox(https://climatetoolbox.org/tool/point-data-download)
Download Date: 07/25/2020
Variable List: 
ppt: ppt (Precipitation)
tmax: tmax (Maximum Temperature)
tmin: tmin (Minimum Temperature)
aet: aet (Actual Evapotranspiration)
PDSI: pdsi (Palmer Drought Severity Index (PDSI))
********************************************************
Year,Month,ppt(mm),tmax(degC),tmin(degC),aet(mm),PDSI(unitless)
1958,1,31,26.2,11.1,55,0.2
1958,2,14,27.7,13.1,48,-0.1
1958,3,34,34.7,17,65,0.1
1958,4,12,39.6,23.3,27,0
1958,5,3,41.7,26.7,13,-0.7
1958,6,87,39.6,28,90,-1.6
1958,7,445,32,24.9,111,-1.1
1958,8,389,30.6,24.1,106,0.5
1958,9,282,30.7,23.4,101,1
1958,10,130,30.7,20.5,110,2.1
1958,11,0,27.4,13.6,54,2.1
1958,12,1,25.6,10.7,44,2
1959,1,64,24.4,10.4,68,3.1
1959,2,3,26.7,11.8,45,2.6
1959,3,8,33.5,17.1,47,2.2
1959,4,6,38.4,23,24,2
1959,5,16,40.9,25.7,26,1.6
1959,6,93,37,26.7,95,0.7
1959,7,324,31.3,24.9,118,-1.4
1959,8,314,30.6,24.4,110,-1.5
1959,9,207,29.8,23.4,95,-1.7
1959,10,152,29.3,20.8,101,1.7
1959,11,0,27,12.7,51,1.7
1959,12,0,24.8,9.8,39,1.6
1960,1,4,24.3,9.2,37,1.2
1960,2,0,29.8,13.2,40,0.7
1960,3,62,31.9,16.5,84,1.7
1960,4,5,39.8,22.2,22,1.2
1960,5,4,40.9,25.9,14,0.6
1960,6,108,37.8,27.1,110,-1.3
1960,7,383,30.6,24.4,111,-1.3
1960,8,419,30.7,24.7,109,0.7
1960,9,212,30,23.8,102,-0.4
1960,10,44,30.2,19.7,88,-0.7
1960,11,0,26.6,11.6,44,-0.9
1960,12,0,25.1,8.7,32,-1
1961,1,37,24.6,10.3,51,0.4
1961,2,56,24.9,11.6,70,1.4
1961,3,0,33.4,18.7,35,0.9
1961,4,1,39.2,22.6,17,-0.3
1961,5,8,40.7,25.9,17,-1
1961,6,236,35.8,25.7,148,0.7
1961,7,231,31.3,24.4,110,-0.6
1961,8,395,30.7,24.5,105,0.4
1961,9,230,30.1,23.5,96,-0.1
1961,10,110,29.9,19.4,105,1.2
1961,11,1,26.1,11.7,52,1.3
1961,12,8,23.1,7,43,1.6
1962,1,23,23.5,7.8,49,1.7
1962,2,16,27.2,12.2,48,1.7
1962,3,11,34,15.7,50,1.5
1962,4,6,38.1,22,23,1.3
1962,5,6,40.2,25.2,16,0.7
1962,6,147,37,26.8,141,0.6
1962,7,290,32.3,25.1,123,-1
1962,8,345,30.2,23.9,104,-1.2
1962,9,292,30.2,23.3,105,-0.7
1962,10,29,29.4,19,80,-1.2
1962,11,0,27.4,11.8,45,-1.4
1962,12,5,25.2,9.2,38,-1.5
1963,1,6,24,7.9,33,-1.8
1963,2,6,29.5,12.4,34,-2.1
1963,3,50,32.9,16,65,-1.4
1963,4,7,37.5,21.1,17,-1.5
1963,5,43,39,24.2,48,-0.7
1963,6,166,36,25.8,158,-0.6
1963,7,331,31,24.5,113,-0.9
1963,8,438,30.8,24.4,107,0.7
1963,9,262,30.8,23.3,107,0.9
1963,10,184,30.4,20,109,3
1963,11,6,28,13.8,58,3.1
1963,12,0,25.6,10.2,39,2.9
1964,1,4,24.2,9.5,41,2.3
1964,2,12,27.9,12.9,46,1.9
1964,3,2,34.7,18.4,31,1.2
1964,4,14,38,23,28,1.1
1964,5,25,39.7,24.6,33,1.1
1964,6,213,37.3,26.2,163,1.4
1964,7,386,29.8,23.4,121,1.4
1964,8,406,30.7,24.6,105,1.9
1964,9,261,30.3,23.5,105,1.8
1964,10,72,30.1,20.9,95,1.7
1964,11,13,26.8,13.2,56,2
1964,12,0,25.3,9.8,42,1.8
1965,1,0,25.1,10.3,34,1
1965,2,3,27.5,12.2,37,-1
1965,3,27,32.5,15.3,46,-0.9
1965,4,19,37.3,21.6,30,-0.6
1965,5,6,41,25.7,13,-1
1965,6,62,38.3,27.4,65,-2
1965,7,336,31.4,24.6,123,-2.2
1965,8,292,30.4,23.9,114,-2.4
1965,9,230,30.4,23.2,107,-2.4
1965,10,35,30.3,19.7,82,-2.7
1965,11,2,28.2,13.3,49,-2.7
1965,12,3,24,9.4,36,-2.6
1966,1,46,23.8,10.1,56,-1.7
1966,2,9,29.2,13.7,41,-1.8
1966,3,1,33.9,17,25,-2.3
1966,4,0,39.6,22.9,13,-2.5
1966,5,6,41.8,26.2,14,-2.7
1966,6,211,37.1,26.7,172,-2.1
1966,7,115,32.4,24.9,114,-3.2
1966,8,270,30.6,24,115,-4.4
1966,9,71,30.6,23.4,92,-5.3
1966,10,8,30.3,19.2,61,-6
1966,11,11,27.9,13.9,41,-6.2
1966,12,15,24.2,9.1,34,-5.9
1967,1,3,23.7,9.9,23,-6.1
1967,2,1,29.1,13,13,-6.7
1967,3,83,31.1,16.2,86,-4.8
1967,4,12,37.3,20.1,17,-4.6
1967,5,8,40.6,25.3,12,-4.6
1967,6,114,38.4,27,111,-4.8
1967,7,296,31.9,24.7,127,-4.9
1967,8,608,30.2,24,106,-3
1967,9,315,30,23.2,102,-2.1
1967,10,19,30.2,19,78,-2.7
1967,11,0,27,11.5,46,-2.8
1967,12,13,25.6,10.3,40,-2.5
1968,1,54,23.6,9.5,62,-1.5
1968,2,8,26.4,11.3,37,-1.6
1968,3,5,32.9,17,28,-2
1968,4,0,37.5,21.7,13,-2.2
1968,5,4,41,25.4,12,-2.6
1968,6,172,34.9,25.5,152,-2.2
1968,7,249,30.6,24.4,119,-2.7
1968,8,343,30.8,24.2,117,-2.9
1968,9,100,31.2,23.8,107,-4.1
1968,10,50,29.6,19.3,90,-4
1968,11,0,27.3,13.5,47,-3.8
1968,12,5,25.5,10,40,-3.7
1969,1,11,24.6,8.6,37,-3.7
1969,2,9,28.7,12.9,37,-3.9
1969,3,11,34.8,18.5,26,-4.1
1969,4,8,38.9,22.3,17,-4
1969,5,37,40.2,24.5,41,-3
1969,6,134,37.5,26.9,132,-3.1
1969,7,444,31,24.5,119,-2.5
1969,8,383,29.8,23.6,107,-1.8
1969,9,264,30,23.3,100,-1.5
1969,10,9,30.6,19.9,75,-2.4
1969,11,14,28.3,14,53,-2.2
1969,12,0,25.1,9.6,30,-2.4
1970,1,48,24,10.2,58,-1.5
1970,2,25,26.8,12.1,47,-1.2
1970,3,32,32.4,17.4,55,-0.9
1970,4,1,39.1,22.7,15,-1.2
1970,5,23,41.3,25.9,31,-1
1970,6,246,35.6,25.3,165,1
1970,7,331,31.1,24.1,120,0.9
1970,8,290,30.8,24.5,115,0.6
1970,9,422,29.6,23.3,103,2.2
1970,10,53,30.2,20.2,90,1.7
1970,11,1,27.1,12.6,52,1.4
1970,12,0,25.1,8.5,35,1
1971,1,60,23.3,9.7,64,1.9
1971,2,12,26.1,11.1,41,1.6
1971,3,8,32.7,15.9,38,1.2
1971,4,33,35.4,21,46,2
1971,5,54,37.9,23.3,61,2.9
1971,6,444,33.7,24.5,144,5.3
1971,7,488,29.7,23.3,111,6.7
1971,8,615,29.1,23.2,99,8.1
1971,9,169,30.5,23.2,106,6.5
1971,10,99,29.6,19.7,105,6.4
1971,11,1,26.2,12.1,52,5.9
1971,12,0,25.2,8.7,38,5.4
1972,1,18,24.3,9,42,4.9
1972,2,71,24.6,10.2,77,6
1972,3,3,33.1,16.8,50,5.5
1972,4,18,38.4,21.1,37,5.3
1972,5,1,42,26.1,12,4.1
1972,6,49,38.9,26.9,54,2.4
1972,7,266,32.3,24.7,131,1.3
1972,8,375,30.5,23.7,114,0.9
1972,9,173,30.8,22.6,116,-3.2
1972,10,119,30.3,18.6,109,-1.9
1972,11,15,27.1,12.2,56,-1
1972,12,1,25.3,9.3,44,-0.6
1973,1,24,24.7,9.9,49,1.8
1973,2,11,28.5,13.5,46,1.6
1973,3,5,32.4,15.9,43,1.3
1973,4,1,39.5,23.1,18,0.9
1973,5,10,39.8,25,20,-0.3
1973,6,192,36.2,25.8,160,0.2
1973,7,199,31.7,24.6,121,-1.2
1973,8,364,30.6,24,110,-1.6
1973,9,330,29.7,23.6,97,-0.6
1973,10,154,29.4,20.4,109,2.3
1973,11,2,25.7,13.6,54,2.4
1973,12,1,23.5,9.5,40,2.3
1974,1,2,23.3,8.7,38,1.7
1974,2,5,26.8,10.8,39,1.3
1974,3,16,32.8,17.7,46,1.1
1974,4,2,37.7,23,17,0.7
1974,5,10,39.9,25,19,-0.3
1974,6,83,37.4,26.4,86,-1.7
1974,7,520,30.6,24,120,-0.7
1974,8,309,30.5,24,108,-0.7
1974,9,202,30.5,23.2,98,-1.1
1974,10,69,31.1,20.9,95,-0.9
1974,11,2,27.1,13.1,53,-0.8
1974,12,2,23.5,8,36,-0.8
1975,1,44,23.6,9,57,0.6
1975,2,12,26.8,12.3,44,-0.1
1975,3,43,33.4,16.8,71,1
1975,4,2,39.5,22.3,17,0.6
1975,5,11,41.4,25.5,20,-0.3
1975,6,98,36.7,26,100,-1.3
1975,7,536,30.3,23.8,122,0.9
1975,8,147,30.5,23.8,112,-1.2
1975,9,379,29.7,23.3,114,1.1
1975,10,68,30.7,21.2,94,1
1975,11,1,26.4,12.5,53,0.9
1975,12,0,24.5,8.2,38,0.6
1976,1,6,24.5,9.4,35,-0.4
1976,2,14,27.6,13.7,42,-0.8
1976,3,0,33,17.9,22,-1.4
1976,4,17,38.1,21.6,28,-1.2
1976,5,13,39.7,24.5,20,-1.3
1976,6,95,37.1,26.2,95,-2
1976,7,357,31.6,24.2,125,-2.1
1976,8,286,30.1,23.5,108,-2.2
1976,9,524,30.3,23,107,2.5
1976,10,15,31,19.6,73,1.4
1976,11,1,28.8,14.9,50,0.9
1976,12,0,24.9,8.8,32,-1.5
1977,1,34,23.8,9,49,-1.1
1977,2,9,27.6,12.2,40,-1.5
1977,3,2,34.4,18.7,19,-2.2
1977,4,28,37.1,22.2,37,-1.5
1977,5,79,38.3,23.4,82,2.3
1977,6,166,35.8,25.6,160,1.9
1977,7,567,30.6,24.3,118,2.8
1977,8,348,30.8,24.4,112,2.7
1977,9,270,30.5,23.4,103,2.6
1977,10,89,29.8,19.6,107,2.7
1977,11,20,27.7,15.2,59,3.2
1977,12,14,24.2,9.6,46,3.5
1978,1,19,23,8.3,47,3.2
1978,2,78,26.1,12.1,82,4.7
1978,3,51,31.4,15.3,85,5.6
1978,4,29,37.5,21.3,55,6.1
1978,5,11,40.5,25.5,25,5.4
1978,6,374,36.1,26,161,6.7
1978,7,289,31,23.9,114,6.5
1978,8,376,30.6,24.3,110,6.2
1978,9,439,29.6,23.4,109,7.3
1978,10,75,30,20.2,97,6.7
1978,11,1,28.2,14.6,49,6.1
1978,12,19,24.7,9.7,46,6
1979,1,19,24.7,10.6,44,5.5
1979,2,14,25.5,12,44,4.9
1979,3,3,32.2,16.8,34,3.9
1979,4,13,38.2,22.7,28,3.7
1979,5,1,41.9,25.2,11,2.6
1979,6,145,37.4,26.5,144,2
1979,7,376,32,24.8,133,1.5
1979,8,192,31.2,24.8,127,-2.2
1979,9,149,31.1,23.8,126,-3.2
1979,10,41,31,20.5,88,-3.3
1979,11,18,29.4,16.2,55,-2.6
1979,12,17,24.7,11.6,46,-2
1980,1,15,23.8,10.3,41,-1.9
1980,2,7,26.7,13.6,39,-2
1980,3,25,31.9,17.8,47,-1.9
1980,4,2,39.1,23.9,15,-2.1
1980,5,11,40.4,25.3,18,-2.2
1980,6,174,35.6,26,133,-1.7
1980,7,393,30.6,24.3,103,-1.2
1980,8,368,30.5,24.3,96,-0.7
1980,9,133,30.5,24,112,-1.8
1980,10,26,29.8,20,81,-2.3
1980,11,0,27.7,13,52,-2.5
1980,12,2,25,10.6,34,-2.7
1981,1,32,22.7,10.3,45,-2.2
1981,2,16,26.5,13.4,43,-2.2
1981,3,56,31.3,17.2,73,-1.2
1981,4,12,35.8,21.8,23,-1.2
1981,5,25,38.2,24.2,31,-0.9
1981,6,71,36.9,26.7,73,-1.8
1981,7,482,30.6,24.5,118,-1.1
1981,8,271,30.9,24.5,108,-1.3
1981,9,215,30.3,23.5,110,-1.6
1981,10,0,30.9,19.2,79,-2.7
1981,11,4,27.5,12.1,50,-3.1
1981,12,4,23.6,9.8,33,-3.3
1982,1,6,24.8,10.5,28,-3.6
1982,2,18,26,13.1,37,-3.6
1982,3,103,30.2,16,106,-1.5
1982,4,31,36.8,21.7,40,-0.7
1982,5,49,41,24.9,53,2.8
1982,6,119,36.5,25.8,118,2.1
1982,7,157,33.2,25.8,141,-1.7
1982,8,417,30.3,24.1,105,-2.4
1982,9,262,31,23.3,126,-2.3
1982,10,55,31,19.6,90,-2.2
1982,11,11,27,13.3,54,-1.7
1982,12,4,24.7,9.1,40,-1.6
1983,1,17,23.1,9.3,41,-1.5
1983,2,3,26.2,12.9,35,-1.8
1983,3,7,31.8,17.6,30,-2.2
1983,4,39,36.8,20.9,50,-1
1983,5,38,39.1,23.9,45,1.5
1983,6,106,38.3,26.8,107,0.6
1983,7,330,32,24.7,126,-1.1
1983,8,219,31,24.6,112,-2
1983,9,198,30.3,24,102,-2.3
1983,10,141,29.6,20,107,-0.6
1983,11,0,27.3,12.7,61,1.5
1983,12,11,24.4,9.4,45,1.8
1984,1,52,23.1,9.6,59,2.6
1984,2,58,25.4,11.8,68,3.7
1984,3,0,34.1,17.1,59,3.6
1984,4,4,38.9,22.6,26,3.2
1984,5,6,40.5,26.1,18,2.5
1984,6,219,34.7,25.1,136,2.9
1984,7,342,30.7,24.1,117,2.7
1984,8,398,30.5,23.9,106,3
1984,9,202,30,22.7,122,2
1984,10,28,30.9,20.4,78,1.2
1984,11,0,27.2,11.5,54,0.7
1984,12,1,25.4,9.9,37,-1.8
1985,1,40,24,10.8,50,-1.2
1985,2,4,27.1,12.4,37,-1.6
1985,3,1,34.3,19.2,19,-2.4
1985,4,4,39,23.2,15,-2.5
1985,5,10,40.3,24.9,17,-2.6
1985,6,99,37.5,26.7,99,-3.1
1985,7,461,30.4,23.8,115,-2.3
1985,8,364,30.9,24.3,109,-1.8
1985,9,210,30.2,23.4,113,-2.1
1985,10,189,30.2,19.1,110,2.4
1985,11,0,28,12.7,61,2.3
1985,12,4,26.3,10.6,45,2.3
1986,1,3,24.1,10.3,37,1.6
1986,2,34,27.4,12.5,55,1.9
1986,3,2,33.9,16.6,35,1.3
1986,4,13,37.7,22,29,1.3
1986,5,23,39.3,23.5,32,1.3
1986,6,154,37.2,26.1,149,1
1986,7,340,30.7,23.4,116,0.6
1986,8,371,31,23.5,111,0.7
1986,9,182,30.2,22.9,110,-0.7
1986,10,40,29.7,19,82,-1.3
1986,11,4,27.3,14.3,50,-1.2
1986,12,20,24.4,10.7,43,-0.6
1987,1,3,23.8,9.6,35,-1
1987,2,16,28.2,13.7,41,-1
1987,3,18,32.5,17.4,41,-1.1
1987,4,8,37.6,22.3,20,-1.2
1987,5,10,40.4,24.5,18,-1.4
1987,6,68,38.6,27.6,71,-2.3
1987,7,363,31,24.2,125,-2.4
1987,8,492,30.5,23.9,111,-1
1987,9,564,30.7,23.9,109,3.9
1987,10,51,31,20.1,92,3.2
1987,11,9,27.8,14.3,53,3
1987,12,4,25.3,10.4,39,2.5
1988,1,7,24.9,10.4,38,1.8
1988,2,26,28,13.5,48,1.7
1988,3,77,32.5,17.6,92,2.8
1988,4,10,38.6,22.9,23,2.4
1988,5,18,40.3,26.2,26,2.1
1988,6,241,35.4,25.4,151,2.6
1988,7,289,30.8,24.6,113,2.1
1988,8,294,30.4,24.6,101,1.8
1988,9,167,31.4,24.1,113,0.7
1988,10,32,30.5,19.8,88,-1.7
1988,11,1,27.8,13.9,52,-1.9
1988,12,13,25.6,11.9,41,-1.8
1989,1,8,23.1,8.8,36,-2.1
1989,2,4,27,13.1,32,-2.7
1989,3,15,32.6,17,28,-2.9
1989,4,0,39.3,22.5,9,-3.3
1989,5,33,41.1,25.7,37,-2.7
1989,6,212,35.6,25.5,152,-2
1989,7,317,31.1,24.1,114,-1.9
1989,8,295,30.7,24.4,100,-1.9
1989,9,213,30.3,23.9,101,-2
1989,10,47,30.5,20.8,86,-2.1
1989,11,5,27.7,13.8,54,-1.9
1989,12,24,24.4,9.5,48,-1.1
1990,1,0,25.1,10.1,38,-1.6
1990,2,51,26.6,14.2,61,-0.6
1990,3,29,30.8,17,55,1.1
1990,4,7,37.3,22.9,21,0.8
1990,5,31,39.1,24.8,38,1.2
1990,6,329,36.5,26.2,144,2.7
1990,7,580,30,23.9,97,4.8
1990,8,287,30.8,24.6,106,4.1
1990,9,240,30.3,23.9,95,3.6
1990,10,65,29.6,19.8,85,3.3
1990,11,0,28.6,14.5,56,3.1
1990,12,0,25.1,10.4,39,2.6
1991,1,45,22.9,10,57,2.9
1991,2,9,28.5,14.2,42,2.5
1991,3,62,33.5,18.1,83,3.2
1991,4,13,37.6,22.1,29,3
1991,5,7,40.7,25.6,17,2.2
1991,6,237,35.1,25.7,151,2.7
1991,7,261,31.8,25.1,121,2
1991,8,560,30.2,24.2,98,3.5
1991,9,185,30.3,23.4,109,2.4
1991,10,26,30.5,19.7,81,1.4
1991,11,3,27.6,12.9,52,1
1991,12,26,24.1,9.7,46,1.4
1992,1,22,22.7,9.1,45,1.2
1992,2,23,25,11.7,47,1.1
1992,3,1,34,18.2,23,-1.5
1992,4,2,39.3,22.4,15,-1.8
1992,5,11,39.3,24.5,18,-1.8
1992,6,67,37.2,25.9,70,-2.7
1992,7,197,31.7,24.8,126,-3.5
1992,8,152,30.4,24.2,115,-4.7
1992,9,121,30.6,22.8,118,-5
1992,10,34,30.3,19.9,64,-5.4
1992,11,1,28,13.6,27,-6.3
1992,12,0,24.3,9.4,14,-6.8
1993,1,5,24,10.5,14,-7.1
1993,2,1,28.5,14.3,7,-7.5
1993,3,25,31.5,15.9,28,-7.2
1993,4,5,36.6,21.4,8,-6.9
1993,5,16,39.7,24.7,18,-6.5
1993,6,60,37.3,27.1,59,-6.9
1993,7,186,32.3,24.6,132,-7.3
1993,8,224,30.3,24.2,112,-8.1
1993,9,301,29.9,23.3,97,-6.8
1993,10,66,30.8,20.2,90,-6
1993,11,11,28.2,13.3,58,-5
1993,12,0,25.2,9.8,40,-4.6
1994,1,54,24.4,10.3,63,-3.3
1994,2,18,25.8,13.1,47,-2.8
1994,3,1,34.1,18.6,34,-3.1
1994,4,13,37.4,21.7,28,-2.5
1994,5,6,40.7,25.4,16,-2.7
1994,6,335,36.4,26.3,141,-0.7
1994,7,327,31.3,23.6,117,2.4
1994,8,375,30.7,24.2,107,2.6
1994,9,71,31.2,23.4,101,0.7
1994,10,101,31.1,19.3,104,1.2
1994,11,0,26.7,14.1,50,1
1994,12,0,25.2,9.6,39,0.6
1995,1,27,22.5,9.2,46,0.7
1995,2,16,27.3,13.9,42,-0.1
1995,3,40,32.4,16.6,61,0.4
1995,4,1,39,22.2,14,-0.7
1995,5,14,41.2,25.8,21,-0.8
1995,6,49,38,27.8,52,-1.9
1995,7,255,31.6,24.6,123,-2.5
1995,8,236,30.8,24.3,108,-3.5
1995,9,269,30.5,23.5,106,-3
1995,10,27,31.4,20.3,78,-3.4
1995,11,7,27.2,14,54,-3.2
1995,12,0,25.1,10.5,36,-3.2
1996,1,49,24.3,10.8,58,-2.3
1996,2,13,27,12.3,41,-2.2
1996,3,2,34.3,18.9,25,-2.8
1996,4,3,38.4,21.6,15,-2.8
1996,5,4,41.4,25.8,12,-3.1
1996,6,269,36.2,25.2,161,-1.9
1996,7,278,31.4,24.5,118,-1.9
1996,8,362,30,23.5,103,-1.3
1996,9,131,30.4,24.4,109,-2.4
1996,10,113,30.4,19.8,111,-1.3
1996,11,0,28.8,12.9,62,-1
1996,12,0,25.5,8.5,45,-0.9
1997,1,14,23.7,9,42,-1
1997,2,2,25.8,12.1,39,-1.3
1997,3,6,33,17.8,28,-1.8
1997,4,8,35.7,20.7,20,-1.7
1997,5,45,39.8,24.6,50,-0.8
1997,6,35,37.9,27.3,39,-2
1997,7,262,31.3,24.2,105,-2.5
1997,8,458,31,24.1,102,-1.8
1997,9,131,30.2,23.7,105,-2.8
1997,10,23,29.8,19.4,74,-3.2
1997,11,17,28,14.7,52,-2.5
1997,12,18,23.7,11,41,-1.8
1998,1,8,23.2,9.8,37,-1.9
1998,2,21,27.6,13.6,46,-1.6
1998,3,18,31.7,16.4,45,-1.5
1998,4,10,37.7,22.3,24,-1.3
1998,5,46,41.3,25.8,53,1.1
1998,6,45,38.8,27.7,49,-1.1
1998,7,218,31.3,24.7,113,-1.9
1998,8,269,30.4,25.5,103,-2.9
1998,9,207,31.4,24.2,101,-3.1
1998,10,157,32.1,21.9,97,-1
1998,11,17,28.5,15.4,61,2.4
1998,12,0,25.4,10.1,46,2.4
1999,1,0,24.1,9.2,40,1.7
1999,2,9,28.5,13.4,44,1.4
1999,3,0,34.6,17.6,29,-1.2
1999,4,0,40.1,23.6,15,-1.6
1999,5,24,40.2,25.7,32,-1.3
1999,6,135,36.5,26.4,132,-1.4
1999,7,332,31.3,24.4,111,-1.6
1999,8,322,29.9,24.6,100,-1.5
1999,9,179,30.2,23.2,103,-2
1999,10,36,30.5,21.1,79,-2.3
1999,11,1,28.7,14.4,56,-2.3
1999,12,0,25.3,11,35,-2.5
2000,1,1,24.4,10.6,32,-2.9
2000,2,22,25.7,13,41,-2.8
2000,3,1,32,17.5,18,-3.3
2000,4,10,38.1,23,20,-3.1
2000,5,10,39.7,25,17,-3.1
2000,6,167,35.9,25.5,153,-2.7
2000,7,147,31.8,24.8,113,-3.6
2000,8,131,31.3,24.6,118,-5
2000,9,265,30,23.2,103,-4.3
2000,10,7,31.4,21.2,72,-5
2000,11,0,28.9,14.6,45,-5.3
2000,12,0,25.8,9.6,32,-5.5
2001,1,2,25.5,9.4,26,-5.8
2001,2,1,28.3,12.9,14,-6.3
2001,3,56,33,17.6,61,-5.2
2001,4,9,37.7,22.2,14,-5
2001,5,8,39.7,25.8,12,-4.9
2001,6,246,34.6,25.2,125,-3.4
2001,7,326,30.8,23.7,105,-2.8
2001,8,339,30.7,25.3,106,-2.4
2001,9,60,31.5,24.4,94,-3.8
2001,10,79,31.2,21.5,94,-3.2
2001,11,1,29.8,14.7,50,-3.2
2001,12,0,26,10.1,36,-3.3
2002,1,8,24,10.5,34,-3.5
2002,2,10,28.4,13.5,36,-3.6
2002,3,11,34.1,18.5,25,-3.9
2002,4,2,38.9,23,11,-3.9
2002,5,7,40.9,26.6,13,-4
2002,6,43,37.2,27.1,45,-4.7
2002,7,187,31.7,26.3,128,-5.4
2002,8,358,30.6,24.4,94,-5.7
2002,9,216,30.4,24,104,-5.4
2002,10,70,31.4,20.2,95,-4.8
2002,11,3,28.7,13.9,56,-4.2
2002,12,0,26.4,11.2,40,-4
2003,1,7,25,8.8,39,-4.1
2003,2,20,27.5,13.9,42,-3.7
2003,3,32,32.2,17.4,53,-3.2
2003,4,7,39.3,23.4,19,-3
2003,5,2,40.6,25.9,10,-3.4
2003,6,107,37.7,28.7,108,-3.6
2003,7,167,31.5,25.1,114,-4.4
2003,8,236,31.5,24.7,104,-5.4
2003,9,308,30.2,24.3,97,-4.3
2003,10,148,31.3,20.5,98,-2.2
2003,11,1,29,14.4,61,-1.7
2003,12,2,24.6,10.9,41,-1.5
2004,1,15,23,9.6,43,-1.4
2004,2,1,28.2,12.3,40,-1.6
2004,3,2,35.9,18.4,29,-2.2
2004,4,15,38.7,23.7,28,-1.8
2004,5,2,40.9,26.1,11,-2.2
2004,6,104,35.6,26.4,105,-2.6
2004,7,161,30.9,25.6,126,-3.6
2004,8,524,30.9,24.3,102,-3.1
2004,9,341,31.8,23.8,116,-2.1
2004,10,67,30,20.2,92,-1.8
2004,11,0,27.3,14.3,56,-1.6
2004,12,0,26.8,10.8,39,-1.7
2005,1,26,23.7,11.9,45,-1.4
2005,2,11,27.8,14.8,43,-1.6
2005,3,61,33.8,19,81,-0.6
2005,4,6,38.1,22.3,18,-0.8
2005,5,20,40.1,25.3,27,-0.7
2005,6,109,38.4,28,109,-1.3
2005,7,214,30.8,24.9,124,-2.2
2005,8,334,30.9,25.2,114,-2.9
2005,9,162,31,23.6,121,-3.6
2005,10,15,29.9,20.9,67,-4
2005,11,0,28.4,12.9,55,-4
2005,12,8,25.6,9.6,40,-3.8
2006,1,0,26.5,9.9,35,-4.3
2006,2,0,30.8,14.6,24,-5
2006,3,65,32.6,17.6,75,-3.7
2006,4,9,37.2,22.9,17,-3.5
2006,5,75,39.8,25.7,77,-1.4
2006,6,172,36.3,26.6,151,-1.2
2006,7,373,31.1,23.8,109,-1.1
2006,8,297,30.5,24.3,107,-1.1
2006,9,138,31,24.1,108,-2.1
2006,10,8,30.9,21.7,77,-3
2006,11,1,27.4,15.9,47,-3.3
2006,12,0,26.8,11.1,36,-3.6
2007,1,0,25.5,9.5,29,-4
2007,2,103,26.7,14,89,-1.7
2007,3,28,33,16.6,51,-1.4
2007,4,3,38.9,22.8,16,-1.6
2007,5,25,40.1,25.2,32,-1.2
2007,6,118,36.9,25.9,118,-1.6
2007,7,301,30.8,24.8,113,-2
2007,8,390,31.1,25,104,-1.6
2007,9,297,30.6,25,103,-1
2007,10,7,31.1,20.9,74,-2
2007,11,0,28.6,14.4,47,-2.4
2007,12,0,26.2,10.5,35,-2.7
2008,1,50,23.6,12.1,60,-1.9
2008,2,8,26.5,11.9,35,-2.2
2008,3,32,33.9,18.7,47,-1.9
2008,4,10,38.2,23,20,-1.9
2008,5,38,39.4,26.3,43,-1.2
2008,6,414,33.5,25.8,127,2.9
2008,7,215,29.9,24,109,2.8
2008,8,356,30.5,24.9,99,2.9
2008,9,82,31,23.8,104,1
2008,10,6,31.1,20.2,70,-2.5
2008,11,0,29.3,14.3,44,-3.2
2008,12,0,27.2,11.5,29,-3.6
2009,1,10,27,11.3,32,-3.9
2009,2,0,29.6,14.5,18,-4.7
2009,3,3,33.8,18.3,14,-5
2009,4,0,40.2,23.2,7,-5.3
2009,5,33,40.1,26.1,37,-4.4
2009,6,34,38.3,28.1,36,-5.3
2009,7,284,32.2,24.3,114,-5.4
2009,8,199,31.7,24.9,108,-6.2
2009,9,295,31.2,24,116,-5.3
2009,10,42,31.3,19.9,91,-5.2
2009,11,7,29.3,14.6,53,-4.8
2009,12,3,25.6,11.3,38,-4.5
2010,1,1,24,8,33,-4.7
2010,2,5,29.4,12.9,34,-4.9
2010,3,1,35.5,19.2,16,-5.4
2010,4,0,41,24.1,10,-5.4
2010,5,22,40.7,26.3,27,-4.8
2010,6,93,37.4,27.2,93,-5.1
2010,7,201,32.3,25.7,126,-5.7
2010,8,188,31.1,25.8,115,-6.7
2010,9,184,30.6,25,113,-6.6
2010,10,36,30.6,22,76,-6.5
2010,11,3,29.3,16.2,44,-6.2
2010,12,22,25.2,10.3,44,-5.2
2011,1,0,23.5,9.8,30,-5.3
2011,2,8,28.7,13,31,-5.4
2011,3,1,33.4,18.7,14,-5.7
2011,4,21,37.1,22.4,28,-4.7
2011,5,19,39.6,26.4,24,-4.3
2011,6,432,35.6,26.4,153,-1.4
2011,7,222,30.9,25.5,122,-1.1
2011,8,352,30.9,24.6,92,-0.6
2011,9,357,30.3,24.1,92,3.5
2011,10,54,31.1,20.6,90,2.9
2011,11,0,28.7,14.4,54,2.4
2011,12,0,26.2,9.8,36,1.8
2012,1,88,22.5,9.8,74,3.4
2012,2,1,27,13.6,43,2.8
2012,3,1,33.7,17.4,31,1.9
2012,4,6,37.5,22.7,21,1.5
2012,5,1,41.3,26,11,0.8
2012,6,128,38.7,28.4,128,-1.8
2012,7,408,31.1,25,114,-1.5
2012,8,492,31,24.3,105,1.3
2012,9,258,30.7,23.6,106,1.2
2012,10,14,30.7,19.1,75,-0.9
2012,11,6,28.1,12.3,51,-1.1
2012,12,2,26,9.6,36,-1.4
2013,1,2,24.3,9,31,-2
2013,2,20,26.9,12.9,41,-2
2013,3,18,33.2,17.2,33,-2.3
2013,4,9,37.5,22.5,18,-2.2
2013,5,10,40.2,26.2,16,-2.4
2013,6,152,36.1,25.9,145,-2.3
2013,7,307,31.5,25,120,-2.6
2013,8,457,30.9,24,106,-1.7
2013,9,301,31.3,24,110,-1.1
2013,10,163,29.2,20.5,94,2.8
2013,11,0,27.3,12,59,2.7
2013,12,0,24.2,10,40,2.5
2014,1,95,22.4,9.7,73,4.3
2014,2,72,25.6,12.6,78,5.9
2014,3,50,32.1,16.7,90,7.3
2014,4,2,38.8,22.2,50,7.3
2014,5,60,40.4,25.1,77,8
2014,6,94,37.8,26.7,100,6.5
2014,7,218,31.7,24.9,114,4.9
2014,8,268,31.3,24.6,111,3.2
2014,9,289,30.6,23.5,109,3.1
2014,10,38,30.6,19.5,82,2.4
2014,11,0,27.7,13.1,55,1.8
2014,12,1,23.8,9.8,35,1.3
2015,1,19,21.9,9.4,39,1
2015,2,15,26.8,13.2,39,0.7
2015,3,29,31.6,16.8,48,0.7
2015,4,35,35.7,21.5,45,1.5
2015,5,13,40.9,25.5,20,1.1
2015,6,166,37.3,26.6,157,1
2015,7,448,31.9,24.1,113,1.3
2015,8,368,31.2,24.5,110,1.5
2015,9,82,31.5,23.5,107,-1.7
2015,10,39,31.2,20.3,83,-2
2015,11,2,28.6,13.8,47,-2.4
2015,12,6,25,10.3,34,-2.5
2016,1,39,23.4,9.8,50,-2.5
2016,2,23,28,14.7,44,-2.9
2016,3,22,33.4,18.6,40,-2.5
2016,4,11,39,23,21,-2.8
2016,5,27,40.2,25,33,-2.2
2016,6,173,37.5,26.6,165,-2.5
2016,7,422,31.2,24.2,109,-2.7
2016,8,359,31.1,24.4,105,-1.5
2016,9,321,30.8,23.8,95,2
2016,10,67,30.7,20.1,94,2.1
2016,11,1,27.3,13.1,58,2
2016,12,0,24.8,10,37,1.6
2017,1,60,23.6,9.5,66,1.3
2017,2,19,27.4,13.3,50,0.6
2017,3,12,31.6,17.4,40,-1.4
2017,4,11,37.6,22.9,25,-1.5
2017,5,5,40.7,25.5,14,-1.5
2017,6,120,37.2,26.4,120,-1.3
2017,7,604,31.1,24.3,104,-0.8
2017,8,248,31.1,24.5,112,-1.3
2017,9,98,31.2,24,104,-1.6
2017,10,32,30.5,20.6,76,-1.4
2017,11,1,27.9,13.6,50,-1.1
2017,12,2,24.9,10.5,35,-1.2
2018,1,2,22.8,9,32,-1.7
2018,2,14,27.4,13.7,36,-1.9
2018,3,2,33.1,18.1,17,-2.3
2018,4,8,36.6,21.5,17,-1.4
2018,5,12,39.6,24.7,18,-1
2018,6,139,37,26,136,-1
2018,7,405,31.3,24.3,117,-1.2
2018,8,360,30.9,24.2,98,1.1
2018,9,252,30.7,23.2,109,0.9
2018,10,21,30.1,19.6,77,-0.3
2018,11,0,27.7,13.1,46,-0.2
2018,12,1,24.1,9.3,33,1
2019,1,10,23.4,9.3,33,-2.8
2019,2,28,27.2,13.2,46,-2.4
2019,3,19,32.1,16.7,39,-2.2
2019,4,14,38.4,22.6,25,-1.9
2019,5,5,41.6,26.4,12,-2.3
2019,6,32,39.7,29.2,35,-3.5
2019,7,245,32.7,25.8,133,-4
2019,8,324,31.4,25.1,110,-4.5
2019,9,320,31.2,24.2,102,-3.4
2019,10,189,30.6,20.2,90,-0.7
2019,11,1,28.1,14,57,2.9
2019,12,17,24.4,9.3,42,3.3
