Product: Historical Climate - TerraClimate(http://www.climatologylab.org/terraclimate.html) 
Location (Lat/Lon of 4-km Grid Cell Center): 15.4375 North,75.6458 East 
Data Source: NW Climate Toolbox(https://climatetoolbox.org/tool/point-data-download)
Download Date: 07/25/2020
Variable List: 
ppt: ppt (Precipitation)
tmax: tmax (Maximum Temperature)
tmin: tmin (Minimum Temperature)
aet: aet (Actual Evapotranspiration)
PDSI: pdsi (Palmer Drought Severity Index (PDSI))
********************************************************
Year,Month,ppt(mm),tmax(degC),tmin(degC),aet(mm),PDSI(unitless)
1958,1,0,30.5,16.9,1,-0.6
1958,2,0,32.6,19.1,1,-0.6
1958,3,12,36.2,20.9,12,0.2
1958,4,56,36.3,22.1,53,0.2
1958,5,164,34.7,21.8,156,1.7
1958,6,55,30.7,22,52,1.1
1958,7,149,26.5,20.2,116,2.2
1958,8,92,27.1,20,98,2.4
1958,9,106,28.3,19.7,106,1.5
1958,10,124,29.8,20.1,119,1.2
1958,11,38,29.9,18.7,39,0.7
1958,12,0,28.9,16.4,2,-1.5
1959,1,0,30.2,17.4,1,-1.5
1959,2,0,32.9,19,1,-1.5
1959,3,1,36.5,20.5,2,-1.6
1959,4,53,36.2,21.7,51,-1.4
1959,5,85,35.2,21.8,81,-1.3
1959,6,135,28.9,20.4,128,1.7
1959,7,160,26.2,19.5,109,3.2
1959,8,60,27.1,19.6,81,3.2
1959,9,201,28.2,19.7,116,3.5
1959,10,37,29.5,20.3,80,2.3
1959,11,36,29.3,18.1,42,1.5
1959,12,2,29.2,16.3,6,0.9
1960,1,0,30.2,16.9,3,0.7
1960,2,0,33.4,17.8,2,-1.5
1960,3,24,35.2,20.8,24,-0.6
1960,4,39,36.2,21.3,38,-0.9
1960,5,146,34.6,20.8,140,1.4
1960,6,48,29.2,20.3,46,0.8
1960,7,87,27.1,20.7,84,0.6
1960,8,54,27.7,20.1,51,-1.3
1960,9,171,28.2,19.8,103,-1
1960,10,63,30.1,19.8,98,-1.5
1960,11,31,29.6,17.4,37,-1.8
1960,12,0,29.3,16.5,4,-2.1
1961,1,0,30.1,17,3,-1.9
1961,2,0,31.6,17.8,2,-1.8
1961,3,3,36.4,21.1,4,-1.8
1961,4,51,36.6,21.5,50,-1.6
1961,5,249,33.8,20.7,172,2.7
1961,6,51,28.6,19.6,93,3.6
1961,7,202,25.9,19.7,108,5.8
1961,8,74,27.3,19.8,100,6.2
1961,9,87,28.1,19.2,99,5
1961,10,138,29.3,19.2,122,4.8
1961,11,10,29.2,17.8,23,3.8
1961,12,0,28.7,15.8,6,3
1962,1,1,29.4,14.9,4,2.7
1962,2,4,32.9,17.7,6,2.6
1962,3,5,35.3,19.9,6,2.3
1962,4,86,35.5,21.1,83,2.9
1962,5,103,34.3,20.6,99,3
1962,6,37,29.6,20.5,35,2
1962,7,111,26.8,20.1,106,2.3
1962,8,93,27,19.5,89,2.3
1962,9,127,28.1,19.2,117,1.7
1962,10,161,30.5,19.5,121,2.1
1962,11,32,29.2,17.1,48,2.1
1962,12,88,28,16.1,89,4
1963,1,3,29.6,16.1,6,3.6
1963,2,5,32.7,17.1,7,3.5
1963,3,21,35.7,20.3,22,3.8
1963,4,87,35.3,20.4,84,4.3
1963,5,122,34.8,20.8,117,4.4
1963,6,48,29,19.7,46,3.6
1963,7,73,27.4,20.1,70,2.6
1963,8,150,27,19.1,118,3.8
1963,9,59,28.9,19.4,66,2.3
1963,10,222,29.9,19.7,117,3.7
1963,11,4,29.2,18.3,48,3.5
1963,12,1,29.1,16.2,9,2.7
1964,1,0,29.6,15.2,4,2.3
1964,2,0,33,17.5,3,2
1964,3,10,36.4,20.5,12,1.9
1964,4,33,36.8,21.7,32,1.2
1964,5,24,35.1,21.4,24,-1.9
1964,6,67,29.9,20,65,-1.7
1964,7,157,27.2,19.8,117,1.4
1964,8,155,26.9,19,111,3.5
1964,9,255,27.8,18.7,105,5.5
1964,10,152,29.9,19.3,120,6.1
1964,11,36,28.5,16.7,78,6.5
1964,12,9,28.4,14.3,17,5.9
1965,1,3,29.8,15.9,7,5.5
1965,2,0,32,17.7,3,5
1965,3,1,35.2,19.7,3,4.3
1965,4,35,35.6,20.6,35,3.5
1965,5,57,34.8,20.8,55,2.6
1965,6,62,29.8,19.9,59,2.2
1965,7,126,27,19.7,115,2.7
1965,8,80,27.6,19.5,78,2.4
1965,9,142,29,19.6,117,2
1965,10,23,31.7,19.9,31,-2.2
1965,11,16,30.6,18,20,-3.1
1965,12,63,29.2,16.7,63,-1.6
1966,1,17,30,16.5,18,-0.8
1966,2,2,33.3,18.3,3,-0.8
1966,3,5,36.1,20.4,6,-0.9
1966,4,16,36.4,21.3,16,-1.7
1966,5,167,34.5,20.6,159,1.3
1966,6,46,29.8,20.7,44,0.7
1966,7,160,27.5,20.6,109,2.1
1966,8,36,28.1,20.2,58,1.3
1966,9,224,28.8,19.3,116,2.1
1966,10,115,30.8,19.6,125,2.2
1966,11,162,29.3,18.4,120,5.1
1966,12,28,28.5,16,71,6.9
1967,1,8,29.9,15.8,15,6.7
1967,2,0,33.1,17.1,4,6
1967,3,2,35.1,20.5,5,5.2
1967,4,67,36.8,21.3,65,5.1
1967,5,50,35.4,21.5,48,4
1967,6,83,29.8,20.8,80,4
1967,7,153,26.6,19.9,110,5
1967,8,71,27.1,19.6,87,4.7
1967,9,116,28.2,19.3,112,3.8
1967,10,128,30,19.2,122,3.5
1967,11,2,29.4,16.7,8,2.1
1967,12,23,28.4,17.7,25,2
1968,1,0,28.8,15.7,2,1.8
1968,2,10,31.9,17.9,11,2.1
1968,3,4,35.5,20.1,5,1.8
1968,4,65,35.8,20.6,62,1.9
1968,5,61,34.8,21,59,1.4
1968,6,101,29.9,20.6,96,2
1968,7,95,27,20.1,90,1.8
1968,8,36,27.7,20.2,35,-1.3
1968,9,196,28.9,19.4,112,-0.8
1968,10,132,30.5,18.5,123,1.1
1968,11,28,29.6,17.4,71,1.7
1968,12,5,28.9,15.9,13,1.4
1969,1,0,29.7,16,4,1.3
1969,2,0,32.8,18.5,3,1.1
1969,3,16,36.8,21.1,17,1.5
1969,4,39,37.2,21.9,38,1.1
1969,5,66,35.2,21.6,64,0.6
1969,6,41,30.1,20.7,40,-1.1
1969,7,102,27.2,20,98,-0.9
1969,8,189,27.8,19.8,114,2.5
1969,9,82,27.9,19.2,102,1.9
1969,10,135,30,19.9,120,2.1
1969,11,41,30.1,18.5,69,2.5
1969,12,5,28.2,17,13,2.1
1970,1,2,29.9,16.3,6,2
1970,2,0,32.4,18.6,2,1.8
1970,3,1,35.6,20.6,3,1.4
1970,4,80,36.2,22.2,77,2
1970,5,134,34.5,21.3,128,2.6
1970,6,44,28.5,19.8,42,1.8
1970,7,101,27.2,20.2,97,1.8
1970,8,107,26.8,19.3,102,2
1970,9,143,28.1,19.3,111,1.7
1970,10,166,30,19.6,120,2.4
1970,11,2,29.2,17,44,2
1970,12,0,28.3,13.2,8,1.5
1971,1,0,29,16.1,4,1.3
1971,2,0,32.5,17.8,3,1.1
1971,3,0,35.4,20.2,2,0.7
1971,4,54,36.8,21.4,52,0.7
1971,5,97,34.3,20.9,93,0.8
1971,6,85,27.5,19.7,82,1.3
1971,7,38,27.3,20.5,37,-1.4
1971,8,81,27.5,19.7,78,-1.4
1971,9,159,28.5,19.8,115,-1.3
1971,10,90,29.5,18.9,99,-1.4
1971,11,1,28.7,16.3,11,-2.3
1971,12,0,27.3,15.3,5,-2.5
1972,1,0,29.9,14.7,3,-2.3
1972,2,2,31.5,17.7,4,-2
1972,3,2,36.2,20.1,3,-2
1972,4,43,36.4,21.2,42,-1.9
1972,5,76,34.5,20.9,73,-1.8
1972,6,48,30.9,21.5,46,-2.1
1972,7,81,27.7,20.5,77,-2.2
1972,8,28,28.3,20.1,28,-3.6
1972,9,165,29.6,20.1,118,-3.2
1972,10,58,30.7,20.7,75,-3.8
1972,11,26,29.4,17.7,32,-4
1972,12,5,29.2,17.3,8,-3.9
1973,1,0,30.9,15.2,2,-3.6
1973,2,0,33.6,18.5,2,-3.4
1973,3,0,36.6,20.5,1,-3.3
1973,4,31,37.7,23.1,30,-3.5
1973,5,51,35.7,22.4,49,-3.8
1973,6,106,29.8,20.9,102,-2.5
1973,7,86,27.2,20.4,83,-2.4
1973,8,105,26.9,19.2,100,-1.7
1973,9,96,28,19.8,92,-2.3
1973,10,174,29.8,20,119,-1.3
1973,11,15,29.1,17.3,41,-1.4
1973,12,3,28.3,16,10,-1.7
1974,1,0,30,15.2,4,-1.5
1974,2,0,32.9,17.6,2,-1.4
1974,3,21,36.6,20.6,22,-0.7
1974,4,76,36.8,22.1,73,1.1
1974,5,154,34.4,20.6,147,2
1974,6,45,29.4,20.2,43,1.3
1974,7,74,27.4,20.5,71,0.7
1974,8,71,27.5,19.4,68,-1.2
1974,9,273,28.8,19.5,119,1.4
1974,10,153,29.2,19.7,118,2.5
1974,11,2,29,16,47,2.4
1974,12,0,28.7,14,8,1.7
1975,1,2,29.5,15.1,6,1.5
1975,2,3,32.7,18,5,1.4
1975,3,1,35.3,20.3,3,1.1
1975,4,19,36.8,21.8,19,-1.2
1975,5,107,34.8,21.2,102,-0.7
1975,6,81,28.7,20,78,0.3
1975,7,127,26.8,19.7,113,1.4
1975,8,79,27,19.7,78,1.3
1975,9,219,27.8,18.9,105,2
1975,10,166,28.8,20,118,3.3
1975,11,44,27.8,16.5,81,4.1
1975,12,1,28.1,13.6,12,3.7
1976,1,0,29,14.8,5,3.4
1976,2,0,32.2,17.2,3,3.1
1976,3,3,37,20.1,5,2.7
1976,4,82,35.6,21,79,3.1
1976,5,8,34.6,21,9,1.6
1976,6,71,29.4,20.2,69,1.5
1976,7,66,27.1,19.8,63,0.8
1976,8,81,27.4,19.4,78,0.6
1976,9,79,28.6,19.6,76,-2.2
1976,10,21,31.1,20.2,20,-3.7
1976,11,70,29.3,19.5,67,-3.2
1976,12,0,28.8,16.7,0,-3.4
1977,1,0,29.6,15.7,0,-3.3
1977,2,1,32.5,18.6,1,-3.1
1977,3,15,36.5,21.6,14,-2.5
1977,4,79,35.8,22.3,76,-1.5
1977,5,126,34,21.4,120,-0.8
1977,6,82,29.7,20.6,78,1.6
1977,7,99,27.2,20.2,95,1.6
1977,8,86,27.6,19.9,82,1.3
1977,9,100,28.7,19.8,95,-0.8
1977,10,154,30.4,20,137,0.2
1977,11,94,29.1,20.1,92,1.1
1977,12,0,28.3,15.9,1,-0.6
1978,1,0,29.6,16.5,1,-0.8
1978,2,7,31.4,18.5,8,0.3
1978,3,0,34.8,20.5,1,-0.7
1978,4,50,36,22.1,48,-0.6
1978,5,128,35,21.7,122,0.7
1978,6,60,28.5,19.9,57,-0.1
1978,7,85,26.4,19.7,82,-0.2
1978,8,96,26.7,19.9,92,0.1
1978,9,186,28.2,19.8,120,0.6
1978,10,84,30.5,20.3,106,-0.3
1978,11,62,29.7,19.5,73,0.6
1978,12,23,28.4,17.7,27,0.8
1979,1,0,29.9,18.2,3,0.6
1979,2,5,31.8,18.7,7,0.8
1979,3,3,35.4,20.6,5,0.6
1979,4,17,36.4,22.1,18,-0.7
1979,5,67,34.7,21.2,64,-1
1979,6,74,30.1,21.6,71,-0.9
1979,7,60,27.3,21,57,-1.7
1979,8,96,27.4,20.2,91,-1.5
1979,9,222,28.7,20.1,112,-0.6
1979,10,61,30.2,21.1,103,-1
1979,11,91,28.7,20.4,92,1.2
1979,12,0,28.7,17.6,5,0.9
1980,1,0,29.6,17.4,3,0.8
1980,2,0,32.9,19.4,2,0.7
1980,3,3,35.4,21.7,4,-0.1
1980,4,80,36.5,23,77,1.2
1980,5,47,35.9,22.3,46,-0.7
1980,6,70,29.1,19.8,67,0.6
1980,7,94,27.2,20.7,89,0.6
1980,8,89,27.1,19.6,85,0.6
1980,9,140,29,20.2,117,-0.3
1980,10,52,30.5,20.9,55,-1.7
1980,11,39,29.7,19.1,40,-2
1980,12,8,28.5,16.3,9,-2.1
1981,1,5,29,16.9,7,-1.8
1981,2,0,32.9,18.7,1,-1.8
1981,3,16,35.6,20.8,16,-1.2
1981,4,58,36.1,22,56,-0.9
1981,5,96,34.9,21.8,92,-0.7
1981,6,58,28.9,20.8,55,-0.8
1981,7,69,27.3,20.7,66,-1.5
1981,8,92,26.9,19.7,87,-1.3
1981,9,273,28.6,20,111,1.6
1981,10,79,30,20.6,106,1.3
1981,11,32,28.7,17.9,48,1.1
1981,12,2,28.3,16.6,8,0.7
1982,1,0,29.2,17.5,3,0
1982,2,0,32.2,19.5,2,0
1982,3,0,35.5,20.8,2,-0.7
1982,4,38,35.5,21.8,37,-0.9
1982,5,100,34.6,21.6,96,0.3
1982,6,67,29.4,21.1,65,0
1982,7,95,27.6,20.8,91,-0.1
1982,8,51,27.7,20.2,49,-1.1
1982,9,136,29,19.9,124,-1.3
1982,10,104,31,20.7,101,-1.5
1982,11,61,28.5,19.8,59,-1.3
1982,12,0,28.8,17.1,1,-1.8
1983,1,0,29.8,16.5,1,-1.8
1983,2,0,32,19.1,1,-1.8
1983,3,0,34.8,22,1,-1.9
1983,4,0,36,21.4,0,-3
1983,5,51,35.2,22.2,49,-3.3
1983,6,135,30.7,22,129,-1.4
1983,7,92,28.1,20.9,87,-1.4
1983,8,107,27.1,20.1,101,-0.8
1983,9,194,28,19.5,109,1.8
1983,10,99,29.4,20.1,112,1.8
1983,11,19,28.6,16.5,46,1.5
1983,12,23,28.3,16.6,29,1.6
1984,1,1,29.1,17.6,5,1.4
1984,2,8,32,19,10,1.6
1984,3,20,35.9,21.5,21,2.1
1984,4,79,36,22.1,77,2.5
1984,5,22,35.8,22.6,22,1.1
1984,6,47,29.2,20.3,45,-1.5
1984,7,130,26.8,19.8,117,-0.6
1984,8,45,27.6,19.8,45,-1.5
1984,9,144,28.5,19.7,124,-1.6
1984,10,127,29.6,20,118,-1.2
1984,11,3,29.1,17.3,12,-1.9
1984,12,24,29.6,15.9,27,-1.6
1985,1,2,30.2,17.4,4,-1.5
1985,2,0,32.9,18.6,2,-1.5
1985,3,4,36.9,21.6,5,-1.4
1985,4,36,36.4,22.1,35,-1.7
1985,5,102,35.2,21.9,98,-1.3
1985,6,37,28.6,19.9,36,-1.9
1985,7,58,27.1,19.9,56,-2.7
1985,8,70,27.7,19.6,67,-3.1
1985,9,68,29.4,20.1,65,-4.2
1985,10,144,29.5,18.9,133,-3.7
1985,11,13,29.3,17.1,13,-4.2
1985,12,2,29.4,16.7,2,-4.3
1986,1,9,29.5,16.8,9,-3.6
1986,2,1,31.9,18.7,1,-3.4
1986,3,5,36,21.4,5,-3.1
1986,4,33,36.8,22.1,31,-3.2
1986,5,41,35.4,21.9,39,-3.7
1986,6,85,29.8,20.4,81,-3
1986,7,43,27.9,20.6,41,-4.1
1986,8,62,27.4,19.5,59,-4.5
1986,9,89,29.6,20.4,85,-5.1
1986,10,89,31.4,20.2,85,-5.5
1986,11,79,30.1,18.3,75,-4.4
1986,12,8,29.2,16.6,8,-4.3
1987,1,2,30.3,17.2,2,-4
1987,2,1,32.5,18.1,1,-3.7
1987,3,7,35.5,20.6,7,-3.4
1987,4,14,36.8,22.1,14,-4
1987,5,143,35.2,21.3,136,-2.6
1987,6,33,30.6,20.7,31,-3.3
1987,7,55,28.7,20.6,53,-4.2
1987,8,58,28.3,19.9,55,-4.7
1987,9,150,30.1,20.7,127,-4.4
1987,10,123,30.6,20.2,118,-3.9
1987,11,20,29.8,18.9,22,-3.8
1987,12,54,28.9,17.1,53,-2.4
1988,1,0,30.4,17.2,2,-2.4
1988,2,2,33.3,19.4,3,-2.3
1988,3,0,35.6,21.5,1,-2.3
1988,4,93,35.9,22.2,89,-1.1
1988,5,23,35.8,22.4,22,-2.1
1988,6,76,30.3,20.9,73,-1.8
1988,7,105,27.5,19.7,101,-1.4
1988,8,105,27.7,19.8,100,-0.9
1988,9,291,28.9,19.5,111,2.4
1988,10,38,30.6,19.5,81,1.2
1988,11,2,29.3,17.8,10,-2.1
1988,12,14,29.3,15.7,18,-2
1989,1,0,30.4,16.2,3,-1.9
1989,2,0,33.2,17.3,2,-1.9
1989,3,19,35.1,20.7,19,-1.1
1989,4,69,36.6,21.5,67,-0.6
1989,5,34,35.5,21.4,33,-1.5
1989,6,68,29,19.9,65,-1.2
1989,7,104,27.1,19.9,100,-0.9
1989,8,50,27.4,19.3,48,-1.7
1989,9,194,28.8,19.5,110,-1.2
1989,10,46,30.5,19.6,88,-1.9
1989,11,3,29.5,18.3,11,-3
1989,12,2,28.9,16.1,6,-3.1
1990,1,0,31.2,16.3,3,-2.9
1990,2,0,32.8,18.9,2,-2.7
1990,3,1,35.1,21.2,3,-2.6
1990,4,31,36.5,21.8,31,-2.8
1990,5,79,33.5,20.7,76,-2.5
1990,6,40,28.8,20,39,-2.8
1990,7,58,27.3,20.1,56,-3.4
1990,8,73,27.3,19.5,69,-3.4
1990,9,68,28.9,19.7,65,-4.4
1990,10,120,30,20.2,114,-4.3
1990,11,40,29.3,18.6,38,-4.3
1990,12,1,29,17.1,1,-4.4
1991,1,0,30.4,16.5,0,-4.1
1991,2,0,32.9,18.8,0,-3.9
1991,3,0,36.3,21,0,-3.8
1991,4,104,36.4,22.1,99,-2.1
1991,5,76,35.4,22.1,72,-2
1991,6,127,29,20.6,121,2.5
1991,7,83,26.8,20.1,79,2.1
1991,8,78,27.4,19.4,74,1.6
1991,9,147,29.6,20.2,124,1.1
1991,10,57,30.6,19.8,58,-1.8
1991,11,31,29.4,18.1,33,-2.3
1991,12,0,28.6,15.5,2,-2.6
1992,1,0,29.8,15.4,1,-2.5
1992,2,0,32.2,18.1,1,-2.5
1992,3,0,36.2,20.3,1,-2.5
1992,4,22,36,21.3,21,-2.8
1992,5,92,34.9,21.6,88,-2.4
1992,6,74,29.8,21.1,70,-2
1992,7,76,28,20.7,72,-2.5
1992,8,94,27.4,19.6,90,-2.1
1992,9,215,29.1,19.6,126,-1.5
1992,10,121,30.2,20.1,117,-0.7
1992,11,82,29.6,18.7,101,2.7
1992,12,0,28.8,15.3,22,3.1
1993,1,0,30.5,16.1,7,2.8
1993,2,0,33,17.4,4,2.5
1993,3,16,35.5,20.6,18,2.6
1993,4,26,36.1,21.3,26,1.9
1993,5,45,35.3,21.9,44,1.1
1993,6,78,30.2,21.5,75,1.2
1993,7,95,27.4,20.3,91,1
1993,8,71,28.1,19.8,68,-1.1
1993,9,88,28.5,19.4,84,-1.9
1993,10,204,29.8,20.4,108,1.4
1993,11,9,29.1,19,54,1.5
1993,12,39,28.2,15.9,45,2
1994,1,1,30.5,16.7,5,1.7
1994,2,0,32.5,18.5,3,1.5
1994,3,1,37,21.1,2,1.1
1994,4,104,35.8,21.6,100,2.3
1994,5,39,35.6,21.8,38,1.2
1994,6,76,29.1,20.5,73,1.4
1994,7,134,26.6,19.8,121,2.1
1994,8,85,27.6,19.8,83,1.8
1994,9,92,28.9,19.4,89,0.6
1994,10,235,30.4,19.6,117,2.3
1994,11,9,28.8,17.6,54,2.3
1994,12,1,28.7,14.4,9,1.6
1995,1,15,29.4,15.4,19,2.1
1995,2,0,32.8,18.7,3,1.8
1995,3,4,35.6,20.6,5,1.5
1995,4,37,36.6,21.2,36,1.1
1995,5,51,33.9,20.7,49,-0.5
1995,6,153,30.9,21.5,146,1.8
1995,7,88,27.2,20.2,84,1.4
1995,8,80,28.4,20.2,76,0.8
1995,9,155,29.1,19.8,113,0.7
1995,10,206,30.4,19.7,113,2.4
1995,11,12,29.8,17.5,56,2.5
1995,12,0,30,15.9,8,1.8
1996,1,0,30.6,17.1,4,1.6
1996,2,0,33.5,18.6,3,1.3
1996,3,1,37.2,21.1,2,0.9
1996,4,42,36.2,21.3,41,0.7
1996,5,162,35.7,21.9,155,1.8
1996,6,114,30,20.7,109,2.7
1996,7,54,27.3,20.6,52,1.3
1996,8,74,27.4,19.7,71,0.8
1996,9,162,28.7,19.8,114,0.7
1996,10,153,29.7,19,124,1.3
1996,11,13,29.6,17.6,54,1.3
1996,12,3,29,15.7,11,0.8
1997,1,9,29.7,15.7,13,1.1
1997,2,0,32.6,17,3,0.9
1997,3,10,36.7,20.4,11,1
1997,4,44,34.8,20.7,43,0.8
1997,5,20,35.1,21.4,20,-1.1
1997,6,79,30.2,21.1,76,-0.7
1997,7,57,27.8,21,55,-1.6
1997,8,131,27.9,20,124,-0.6
1997,9,54,29.3,20,52,-2.1
1997,10,120,31.4,20,114,-2.2
1997,11,57,29.8,20,55,-2
1997,12,59,28.9,18.4,56,-0.6
1998,1,0,31,17.8,0,-0.7
1998,2,0,33.6,18.8,0,-0.8
1998,3,0,37,20.6,0,-1.1
1998,4,16,36.9,23,15,-1.7
1998,5,198,36.2,22.6,184,1.8
1998,6,56,30.8,21.7,54,1.6
1998,7,106,27.9,21.1,101,1.7
1998,8,106,28.2,20.4,101,1.8
1998,9,173,28.8,20,109,1.8
1998,10,129,29.8,20,118,2.1
1998,11,44,29.2,18.4,81,2.6
1998,12,5,28.7,16.1,13,2.2
1999,1,0,30.1,15.7,4,2
1999,2,1,33.5,19.2,3,1.8
1999,3,0,37.1,21.1,2,1.4
1999,4,14,36.5,22.2,15,-1.2
1999,5,148,33.6,20.5,141,1.1
1999,6,65,28.7,19.9,63,1
1999,7,83,26.9,20.3,80,0.6
1999,8,38,27.8,20,37,-1.7
1999,9,78,28.8,19.4,75,-2.7
1999,10,179,30.3,19.9,119,-1.6
1999,11,7,29.8,17.7,38,-1.8
1999,12,2,29.6,15.2,9,-2
2000,1,0,30.8,17,4,-1.9
2000,2,0,32.2,18.7,3,-1.8
2000,3,0,36,19.7,2,-1.8
2000,4,47,36.5,22.3,46,-1.7
2000,5,120,33.9,20.5,115,-1
2000,6,59,28.7,20.1,57,-0.8
2000,7,76,26.8,20,73,-1.3
2000,8,93,27.2,19.9,88,-1.1
2000,9,189,29.3,20,121,-0.8
2000,10,106,30.4,20.3,109,0.2
2000,11,10,30.5,17.7,39,-0.5
2000,12,3,28.5,15.8,11,-0.7
2001,1,1,30.5,16.9,5,-0.7
2001,2,0,33.7,19.5,3,-0.7
2001,3,3,35.9,20.8,4,-0.7
2001,4,35,36.3,21.9,34,-0.9
2001,5,21,34.9,21.5,21,-1.9
2001,6,38,29.5,20.6,37,-2.4
2001,7,67,27.5,20.5,64,-3
2001,8,62,27.4,19.7,59,-3.5
2001,9,104,29.1,20.1,99,-3.9
2001,10,111,29.7,19.5,106,-3.7
2001,11,31,30.4,19.3,30,-4
2001,12,2,29.2,16.5,2,-4.1
2002,1,1,29.9,16.3,1,-3.9
2002,2,1,33,18.9,1,-3.6
2002,3,1,36.7,21.6,1,-3.5
2002,4,16,37.2,22.8,16,-3.9
2002,5,189,35.3,21.9,180,-1.8
2002,6,69,29.4,20.5,66,-1.3
2002,7,29,27.9,20.9,28,-2.8
2002,8,84,27.6,19.8,80,-2.7
2002,9,41,29.4,20.4,39,-4.2
2002,10,158,30.9,20.7,121,-3.3
2002,11,4,30,18.9,16,-3.7
2002,12,0,29.7,17,5,-3.9
2003,1,0,31.1,17.5,3,-3.6
2003,2,1,34.3,20.2,3,-3.3
2003,3,10,36.9,21.8,11,-2.9
2003,4,57,36.7,22.3,55,-2.3
2003,5,17,36.5,23.1,17,-3.4
2003,6,96,30.8,21.9,92,-2.5
2003,7,47,28.6,21.6,45,-3.5
2003,8,49,28.6,20.8,47,-4.4
2003,9,63,29.4,20.4,61,-5.4
2003,10,142,31,20.9,122,-4.7
2003,11,5,30.7,19.5,9,-5.2
2003,12,0,29.5,16.8,3,-5.2
2004,1,1,30.4,16.8,3,-4.8
2004,2,0,33.4,19.2,1,-4.5
2004,3,2,37.1,21.9,3,-4.3
2004,4,35,36.5,22.1,34,-4.2
2004,5,121,33.7,20.3,116,-3.1
2004,6,60,29.1,20.2,57,-2.9
2004,7,76,27.7,20.7,72,-3.2
2004,8,89,27.4,19.7,85,-3.1
2004,9,105,29,19.9,100,-3.4
2004,10,69,30.4,20.2,66,-4.3
2004,11,24,30.2,19,23,-4.8
2004,12,0,29.3,16.6,0,-4.9
2005,1,1,31.1,17.5,1,-4.6
2005,2,1,33.5,19.3,1,-4.3
2005,3,2,36.3,21.1,2,-4
2005,4,91,36.2,21.8,87,-2.6
2005,5,32,35.8,22.4,30,-3.2
2005,6,142,30.3,21.4,135,-1.2
2005,7,105,27.4,20.4,100,-0.9
2005,8,96,27.6,19.9,92,-0.7
2005,9,343,28.5,19.4,112,4.1
2005,10,148,30.1,19.9,108,5
2005,11,7,28.6,17.5,52,4.7
2005,12,1,28.8,16.1,9,3.8
2006,1,0,30.2,16.6,4,3.3
2006,2,0,32.8,18.7,3,2.8
2006,3,39,35.2,20,39,3.9
2006,4,23,36.6,22.2,23,2.9
2006,5,145,34.7,21.3,139,3.6
2006,6,77,29.3,20.5,74,3.5
2006,7,86,27.2,20.2,82,3
2006,8,102,27.5,19.8,97,2.9
2006,9,192,29.2,20.1,116,2.9
2006,10,122,30.8,20.6,125,2.9
2006,11,41,30,18.9,76,3.2
2006,12,0,28.9,16.2,8,2.5
2007,1,0,30.5,17,4,2.3
2007,2,0,32.4,18.2,3,2
2007,3,0,36.5,21.4,2,1.6
2007,4,65,36.7,22.3,63,1.9
2007,5,52,35,21.6,50,1.2
2007,6,124,30.1,21.2,118,2.4
2007,7,100,27.9,20.9,95,2.2
2007,8,120,27.8,20,114,2.7
2007,9,291,28.5,19.4,111,4.3
2007,10,57,30.5,20.3,96,3.4
2007,11,64,29.1,18,70,3.5
2007,12,3,29.7,17,7,2.8
2008,1,0,29.9,16.3,3,2.4
2008,2,12,32.6,18.4,13,2.9
2008,3,36,34.6,19.4,36,3.9
2008,4,83,35.6,21.2,80,4.3
2008,5,31,34.7,21.3,31,3
2008,6,52,29.3,20.5,50,2.4
2008,7,79,28.3,21.3,76,1.5
2008,8,137,28,20.3,122,2.4
2008,9,213,28.7,19.6,109,3.1
2008,10,83,30.7,20.5,108,2.7
2008,11,24,29.7,18.6,42,2.2
2008,12,15,29.6,16.9,20,2
2009,1,0,30.3,16.8,4,1.7
2009,2,0,33.8,19.7,2,1.5
2009,3,7,36.1,20.9,8,1.4
2009,4,26,36.8,22.4,26,0.8
2009,5,58,35.1,21.7,56,-1
2009,6,102,29.9,21.1,98,0.8
2009,7,90,27.3,20.3,86,0.8
2009,8,74,28.3,20.6,71,-0.5
2009,9,250,28.9,19.9,104,1.5
2009,10,187,30,19.8,126,3
2009,11,89,29.8,18.6,99,4.7
2009,12,4,29.6,16.9,36,5.5
2010,1,3,30,16.4,11,5.1
2010,2,0,33.5,19.4,4,4.5
2010,3,0,36.8,21.6,3,3.8
2010,4,49,37.4,22.9,48,3.5
2010,5,22,35.6,22.2,22,2.1
2010,6,128,30.3,21.4,123,3.3
2010,7,89,27.4,20.4,85,2.9
2010,8,89,28.1,20.3,85,2.6
2010,9,305,29.1,20,115,4.3
2010,10,152,30.4,20.2,114,5.2
2010,11,101,30,18.9,95,7
2010,12,6,28.3,15.6,51,8.1
2011,1,0,29.2,15.7,8,7.2
2011,2,3,31.7,17.5,7,6.6
2011,3,0,36,20.8,3,5.7
2011,4,88,35.5,21.1,86,6.1
2011,5,56,35.1,21.7,55,5
2011,6,51,29.2,20.3,49,4.3
2011,7,92,27.5,20.5,88,3.7
2011,8,113,27.8,20.1,107,4.1
2011,9,203,29,20,117,4.2
2011,10,152,30.8,20.7,121,4.9
2011,11,16,30,18.9,60,4.7
2011,12,0,29.7,17,9,3.7
2012,1,0,30.3,16.7,4,3.3
2012,2,0,33.5,19.3,3,2.8
2012,3,0,36.1,20.9,2,2.3
2012,4,69,36,21.6,67,2.6
2012,5,33,35,21.6,33,1.4
2012,6,28,30.1,21.2,27,-1.8
2012,7,66,27.8,20.8,63,-2.4
2012,8,81,28.3,20.5,78,-2.4
2012,9,134,29.1,20,117,-2.5
2012,10,73,30.4,20.2,73,-3.2
2012,11,34,29.5,18.4,35,-3.3
2012,12,2,30.2,17.5,3,-3.5
2013,1,0,31.3,17.8,1,-3.3
2013,2,4,33.5,19.3,5,-2.9
2013,3,2,36.6,21.4,3,-2.8
2013,4,43,36.7,22.3,42,-2.7
2013,5,60,35.7,22.3,57,-2.9
2013,6,107,28.8,19.9,102,-1.5
2013,7,96,26.7,19.7,92,-1.2
2013,8,55,27.8,20.1,53,-2
2013,9,240,28.6,19.6,110,-0.7
2013,10,102,30.2,20.1,111,1.4
2013,11,16,29.4,18.2,47,1.4
2013,12,1,28.6,15.9,8,0.8
2014,1,0,32.4,18.8,4,0.6
2014,2,0,32.3,18.2,3,-0.1
2014,3,9,35.7,20.5,10,0.1
2014,4,29,36.5,22,28,-0.7
2014,5,93,34.3,20.9,90,0.2
2014,6,49,30.7,21.8,47,-1
2014,7,117,27.3,20.3,111,0.6
2014,8,100,28,20.3,95,1
2014,9,131,29.1,20.1,119,-0.4
2014,10,191,30.7,20.5,128,1.4
2014,11,48,29.1,18,84,2.1
2014,12,23,29.1,16.4,30,2.3
2015,1,1,29.5,15.9,5,2.1
2015,2,0,32.5,18.4,3,1.9
2015,3,25,35.8,20.6,25,2.5
2015,4,85,35.6,21.1,82,3.2
2015,5,79,35.3,21.9,76,2.9
2015,6,65,29.8,20.9,62,2.6
2015,7,49,28.4,21.4,48,1
2015,8,48,28.7,21,46,-2.5
2015,9,87,30,21,83,-3.3
2015,10,84,31.7,21.5,80,-3.9
2015,11,43,31.1,20,41,-4
2015,12,0,31.3,18.6,1,-4.1
2016,1,2,30.6,17.2,2,-3.9
2016,2,0,33.7,20.4,0,-3.7
2016,3,9,36.8,22.5,9,-3.6
2016,4,23,36.9,23.5,22,-4.2
2016,5,75,35.2,22.8,71,-4.1
2016,6,66,29,20.5,63,-2.7
2016,7,127,26.7,20.6,108,-2.6
2016,8,76,27.8,19.9,75,-3.6
2016,9,133,28,19.8,111,-4.6
2016,10,76,29.5,19.6,81,-6.3
2016,11,14,31,18.2,17,-7.1
2016,12,8,30.4,16.5,10,-6.9
2017,1,0,30.5,17.5,2,-6.4
2017,2,0,33.1,18.9,1,-6
2017,3,7,35.7,20.6,7,-5.6
2017,4,11,36.7,22.4,11,-6.2
2017,5,60,34.2,22.5,57,-6.1
2017,6,41,28.4,20.6,39,-6.3
2017,7,74,27.6,20.7,71,-6.9
2017,8,88,28.6,20,84,-6.6
2017,9,240,28.5,20.4,108,-5.7
2017,10,172,28.6,20,110,-4.9
2017,11,5,29.4,18.6,50,-4.9
2017,12,5,29,16.2,13,-4.8
2018,1,0,29.9,16.8,4,-4.3
2018,2,0,31.5,18.4,3,-3.8
2018,3,8,34.8,20.7,10,-1.7
2018,4,50,33.9,22.3,49,6.9
2018,5,91,33,22.2,87,11
2018,6,56,27.4,20.1,54,13.2
2018,7,85,26.5,20.5,82,12.3
2018,8,64,26.6,19.6,61,11.3
2018,9,110,28.8,19,105,9.7
2018,10,62,31.3,20.7,59,8.5
2018,11,8,30.7,19.6,8,7
2018,12,11,29.4,17.3,11,6.3
2019,1,1,29.6,16,1,-2.9
2019,2,1,33.5,19.4,1,-2.7
2019,3,2,36.8,21.6,2,-2.7
2019,4,20,37.2,22.8,19,-3.2
2019,5,27,36.7,23.3,26,-4
2019,6,107,31.1,22.3,101,-2.7
2019,7,99,28.2,21.2,95,-2.3
2019,8,144,28,20.2,115,-0.7
2019,9,171,29.1,20,108,2.3
2019,10,268,29.9,19.7,105,5.4
2019,11,18,29.8,18.7,62,5.5
2019,12,22,28.8,16.1,29,5.2
