Product: Historical Climate - TerraClimate(http://www.climatologylab.org/terraclimate.html) 
Location (Lat/Lon of 4-km Grid Cell Center): 17.3125 North,76.8542 East 
Data Source: NW Climate Toolbox(https://climatetoolbox.org/tool/point-data-download)
Download Date: 07/25/2020
Variable List: 
ppt: ppt (Precipitation)
tmax: tmax (Maximum Temperature)
tmin: tmin (Minimum Temperature)
aet: aet (Actual Evapotranspiration)
PDSI: pdsi (Palmer Drought Severity Index (PDSI))
********************************************************
Year,Month,ppt(mm),tmax(degC),tmin(degC),aet(mm),PDSI(unitless)
1958,1,0,31.1,16.5,4,-0.1
1958,2,6,33.2,18.9,8,0
1958,3,21,37.2,21.3,22,0.9
1958,4,47,38.8,24.9,46,1.6
1958,5,46,40.1,26.5,45,1.8
1958,6,50,36,25.1,48,-1.6
1958,7,199,29.6,21.3,148,-1.3
1958,8,245,30.2,21.5,139,1.4
1958,9,108,29.6,21.3,127,-0.9
1958,10,76,30.8,20.7,109,-0.9
1958,11,19,31.1,18.3,31,-1.1
1958,12,0,29.6,15.8,6,-1.1
1959,1,0,30.3,17.4,4,-1.1
1959,2,0,33.5,19.2,3,-1.3
1959,3,1,37.2,21.6,3,-1.5
1959,4,24,38.6,24.6,24,-1.3
1959,5,26,40.4,26.6,26,-1.4
1959,6,177,34.2,23,168,1.2
1959,7,186,29.8,20.7,140,1.3
1959,8,180,29.7,21.2,140,1.6
1959,9,206,29.7,21,134,1.1
1959,10,84,30.4,21.1,116,1.4
1959,11,7,30.4,17.6,37,1.4
1959,12,0,30.2,15.5,10,1.1
1960,1,0,30.6,16.5,5,0.9
1960,2,0,34.6,17.3,3,-0.3
1960,3,27,35.6,21.5,28,0.7
1960,4,11,38.7,23.8,12,-0.4
1960,5,71,39.8,25.6,69,1.2
1960,6,128,33.8,22.9,123,1.3
1960,7,124,30.5,21.8,119,0.6
1960,8,18,30.4,21.5,18,-3
1960,9,354,30.2,21.3,113,-2.1
1960,10,29,30.9,20.3,91,-2.2
1960,11,24,30.5,16.9,35,-2.2
1960,12,1,30.3,16.1,7,-2.1
1961,1,0,31,16.5,4,-2
1961,2,3,32.3,17.3,5,-1.9
1961,3,6,37.5,22.1,8,-1.9
1961,4,23,39.1,24.5,23,-1.6
1961,5,81,39.1,25.1,78,1.3
1961,6,176,33.8,22.2,162,2.4
1961,7,271,29.4,21.1,122,3.8
1961,8,108,30.4,21.3,126,3.2
1961,9,52,29.6,20.7,90,1.9
1961,10,153,30,19.9,127,2.4
1961,11,7,30.1,17.2,29,2.2
1961,12,1,29.6,14.7,9,1.7
1962,1,0,30,13.8,5,1.5
1962,2,16,34,17.1,18,1.7
1962,3,14,36.1,20.7,15,1.7
1962,4,80,37.7,23.8,77,3.4
1962,5,55,39.6,25,54,3.6
1962,6,115,34.5,23.5,110,3.2
1962,7,198,30.2,21.3,140,3
1962,8,198,30.3,21.2,129,3.5
1962,9,310,29.9,20.4,128,3.9
1962,10,65,32,19.3,114,3.5
1962,11,18,30.1,16.6,35,3.3
1962,12,35,28.5,15.6,41,4.3
1963,1,0,30.2,15,4,3.8
1963,2,16,33.5,16.7,18,3.8
1963,3,18,36.6,20.8,19,3.7
1963,4,39,37.5,22.9,39,3.9
1963,5,36,39.8,25.3,35,3.4
1963,6,178,33.9,22,170,4
1963,7,112,30.7,21.3,107,2.5
1963,8,284,29.9,20.6,137,3.7
1963,9,87,30.5,20.8,118,2.4
1963,10,109,30.9,20.4,117,2.5
1963,11,0,30.3,17.8,22,2
1963,12,0,30.1,15.3,8,1.6
1964,1,0,30.2,15.3,5,1.4
1964,2,9,33.9,17.5,12,1.3
1964,3,7,37.5,21.3,9,1
1964,4,12,39.2,24.7,13,-1.1
1964,5,4,40,26,6,-2
1964,6,93,34.6,22.6,89,-2.4
1964,7,305,30.6,20.9,131,1.7
1964,8,96,29.9,20.4,124,1.2
1964,9,518,29.6,20.1,114,3.6
1964,10,58,30.8,20.1,97,3.4
1964,11,14,29.6,16.2,39,3.2
1964,12,4,29.3,13.5,13,2.7
1965,1,1,30.3,15.8,6,2.4
1965,2,0,33,17.5,3,1.8
1965,3,0,36.1,20.5,2,1.2
1965,4,9,37.9,23.2,10,0.7
1965,5,6,39.9,25.3,7,-1.9
1965,6,125,34.7,22.8,120,-1.8
1965,7,238,30,21.1,150,-1.1
1965,8,118,30.8,21.2,125,-1.1
1965,9,180,30.5,20.8,138,-1.7
1965,10,1,32.8,20,64,-2.8
1965,11,2,32,17,13,-3.6
1965,12,24,30.4,15.8,29,-2.8
1966,1,13,30.6,15.9,16,-2.1
1966,2,0,34.2,18.2,3,-2.2
1966,3,11,37,21,12,-2.1
1966,4,22,38.7,24.2,22,-2
1966,5,46,39.5,25.2,44,-1.7
1966,6,70,34.8,23.8,68,-2.7
1966,7,187,31.2,22.2,125,-2.3
1966,8,149,31,21.8,131,-2
1966,9,283,30.7,20.5,129,-1.4
1966,10,25,32.2,20,87,-2
1966,11,41,30.5,18.5,50,-2
1966,12,18,29.3,15.2,23,-1.4
1967,1,6,30.4,15.4,9,-1.2
1967,2,0,34.1,17.2,3,-1.3
1967,3,20,35.5,21.5,20,-0.8
1967,4,19,39,23.9,20,-0.8
1967,5,21,40.5,25.9,21,-1.2
1967,6,98,34.8,23.5,94,-1.4
1967,7,327,30,21.5,122,2.1
1967,8,89,30,21.3,117,1.5
1967,9,231,29.9,20.8,122,1.3
1967,10,43,31.3,19.5,93,1
1967,11,1,30.7,16.2,19,0.6
1967,12,12,29,17.6,19,0.8
1968,1,5,28.9,15.3,9,1
1968,2,33,32.3,18,35,2
1968,3,13,36.1,20.3,14,2
1968,4,22,38.1,23,23,1.8
1968,5,20,39.7,25.3,20,1.3
1968,6,115,34.9,23.2,110,1.1
1968,7,168,30.6,21.3,134,0.8
1968,8,16,30.2,21.6,25,-2.5
1968,9,311,30.7,20.7,111,-1.9
1968,10,77,31.6,18.5,105,-1.2
1968,11,14,30.8,16.3,48,-0.6
1968,12,4,30,15.2,14,-0.6
1969,1,0,30,15.8,6,-0.6
1969,2,0,33.6,19,3,-0.8
1969,3,8,37.6,22.6,10,-0.7
1969,4,13,39.7,24.8,14,-0.9
1969,5,42,40,26,41,-0.7
1969,6,101,35.1,23.5,97,-0.9
1969,7,194,30.5,21.2,140,-0.7
1969,8,148,30.8,21.1,124,0.1
1969,9,292,29.1,20.7,122,0.7
1969,10,48,31,20.4,98,-0.1
1969,11,26,30.9,18.3,43,0.7
1969,12,2,29.5,15.3,9,0.6
1970,1,2,30.5,15.9,6,0.6
1970,2,0,33.4,19.1,3,-0.3
1970,3,1,36.5,21.7,3,-0.5
1970,4,19,38.5,25.1,20,-0.5
1970,5,41,39.7,26,40,-0.3
1970,6,108,33,22,104,-0.1
1970,7,175,30.6,21.7,126,0
1970,8,314,29.8,20.9,122,2.6
1970,9,283,29.7,20.8,119,3
1970,10,43,31,20.1,96,2.5
1970,11,0,30.5,15.5,16,1.8
1970,12,0,29.3,11.8,7,1.5
1971,1,0,29.7,15.5,5,1.4
1971,2,1,33,18.4,4,1
1971,3,2,35.8,20.9,4,0.6
1971,4,13,38.8,24.9,13,-1.1
1971,5,58,39.1,25.3,56,0.6
1971,6,91,32.8,21.6,88,-0.5
1971,7,56,30.9,22,54,-2.3
1971,8,158,30.8,21.8,133,-2.2
1971,9,171,30.5,21.3,124,-2.6
1971,10,95,30.3,19.7,106,-2
1971,11,0,28.8,16.2,19,-2.2
1971,12,0,28.2,14,8,-2.2
1972,1,0,30.5,14,4,-1.9
1972,2,6,31.8,18.1,9,-1.7
1972,3,1,37.1,21.5,3,-1.9
1972,4,22,38.8,24.1,22,-1.6
1972,5,18,40.1,25.6,18,-1.9
1972,6,84,35.9,24.5,81,-2.4
1972,7,61,31,22.1,59,-4
1972,8,33,31.2,22,32,-5.9
1972,9,152,31.5,21.3,132,-5.8
1972,10,22,32,21.3,25,-7
1972,11,24,30.2,17.6,25,-6.7
1972,12,1,30.8,16.6,3,-6.5
1973,1,0,30.8,16.7,1,-6.1
1973,2,0,34,19.4,1,-5.9
1973,3,0,37.2,22.2,1,-5.8
1973,4,6,40.1,26.3,7,-5.8
1973,5,13,40.6,27.6,13,-6
1973,6,108,34.6,23.7,103,-5.8
1973,7,140,30.4,21.4,133,-5.8
1973,8,248,30.2,20.8,131,-4.3
1973,9,130,29.4,21.5,130,-4.7
1973,10,158,30.8,20.2,127,-2.4
1973,11,7,29.4,16.8,71,-0.9
1973,12,4,29.4,15.2,15,-1
1974,1,0,30.4,14.6,6,-0.9
1974,2,0,33.4,18.1,4,-1.2
1974,3,4,37.4,21.6,6,-1.3
1974,4,20,39,25.1,20,-1.3
1974,5,60,39.2,25.2,58,-0.7
1974,6,108,34.1,22.9,103,-1
1974,7,100,30.9,22.4,96,-2
1974,8,137,30.5,21.1,130,-2.3
1974,9,234,31,21.1,136,-2.6
1974,10,183,29.7,20.9,126,2.1
1974,11,1,29.8,15.2,64,3.1
1974,12,0,28.3,14.1,11,2.4
1975,1,8,29.6,14.5,13,2.5
1975,2,8,33.1,17.9,11,2.2
1975,3,15,36.2,21,17,2.2
1975,4,6,39.1,24.9,7,1.4
1975,5,30,39.9,26.1,30,1.1
1975,6,79,33.5,22.6,76,-1.4
1975,7,259,30.1,21.2,133,1
1975,8,155,30.1,21.3,135,1.4
1975,9,319,29.6,20.3,118,2.2
1975,10,208,29.7,21.2,119,4.8
1975,11,8,28.7,15.7,71,5.6
1975,12,0,29,12.3,11,5
1976,1,0,29.3,14.3,6,4.5
1976,2,0,32.9,17.4,4,3.8
1976,3,5,37.8,20.9,7,3.2
1976,4,32,37.8,24,32,3.1
1976,5,24,39.4,25.6,24,2.4
1976,6,159,33.9,23,152,2.9
1976,7,207,30.3,21.2,123,3.1
1976,8,255,30.3,21,131,4.6
1976,9,127,30.1,20.8,111,3.4
1976,10,9,32.3,20.6,72,2.4
1976,11,39,30.7,19.4,49,2.1
1976,12,0,29.7,16.3,6,1.5
1977,1,0,29.5,15.8,4,1.3
1977,2,0,33.2,18.9,3,0.8
1977,3,31,37.6,22.6,31,1.6
1977,4,39,37.9,25.4,39,2
1977,5,38,38.8,25.8,37,1.7
1977,6,156,34.7,23.4,149,2.1
1977,7,165,30.5,21.8,134,1.7
1977,8,121,30.2,21.6,120,1.1
1977,9,64,30.1,21.4,67,-1.6
1977,10,98,31.9,20.2,97,-2.1
1977,11,50,30.1,20.4,50,-1.9
1977,12,2,29,15.3,3,-2
1978,1,2,29.7,16.3,3,-1.9
1978,2,32,32,18.7,31,-0.8
1978,3,3,35.3,21.5,4,-1
1978,4,31,38.1,24.9,30,-0.6
1978,5,109,40.2,26.6,104,2.6
1978,6,122,33.5,22.6,117,2.5
1978,7,222,29.7,21,134,2.8
1978,8,209,29.5,21.3,135,3.6
1978,9,273,29.9,21.4,137,3.6
1978,10,78,31.6,20.9,114,3.5
1978,11,36,30.7,19.8,62,3.9
1978,12,10,29.3,16.6,19,3.8
1979,1,1,30.2,18.2,6,3.4
1979,2,24,32.3,18.3,26,3.8
1979,3,5,36.4,21.1,7,3.3
1979,4,8,38.7,24.8,9,2.5
1979,5,86,39.6,25.2,83,3.6
1979,6,126,35.3,24.6,120,3.2
1979,7,124,30.9,22.7,118,2
1979,8,73,30.3,21.8,70,-2.4
1979,9,354,30.8,21.5,119,-1.6
1979,10,28,31,22.3,90,-2
1979,11,67,29.9,20.7,75,-1.2
1979,12,0,29.5,17.1,6,-1.3
1980,1,0,29.7,18.1,4,-1.3
1980,2,0,33.7,20,2,-1.4
1980,3,6,36.3,23,7,-1.4
1980,4,34,39,26.1,34,-0.9
1980,5,10,41.2,27,11,-1.5
1980,6,112,34,22,107,-1.2
1980,7,94,30.1,22.2,90,-2.3
1980,8,194,29.9,21.3,128,-1.7
1980,9,152,30.6,21.7,129,-2.3
1980,10,5,31.5,21.7,48,-3.5
1980,11,7,30.7,19,18,-3.8
1980,12,8,29.4,15.8,13,-3.4
1981,1,10,29.2,16.4,13,-2.7
1981,2,0,33.7,19,2,-2.7
1981,3,33,36.2,21.6,33,-1.4
1981,4,17,38.6,25.1,17,-1.4
1981,5,32,39.9,26.5,31,-1.4
1981,6,212,34.1,23.7,181,2.3
1981,7,103,30.4,22.1,106,1.3
1981,8,161,29.9,21.4,146,0.9
1981,9,462,30.5,21.3,112,2.6
1981,10,69,31.1,21.1,103,2.6
1981,11,16,29.6,17.4,44,2.7
1981,12,0,29.1,16,10,2.2
1982,1,0,29.5,18.2,5,2
1982,2,0,32.4,20,3,1.5
1982,3,0,36.2,21.6,3,1
1982,4,47,37.6,24.8,46,1.7
1982,5,46,39.3,25.8,45,1.9
1982,6,122,34.4,24,117,1.7
1982,7,242,30.9,22.5,146,2.2
1982,8,50,30.5,22,104,0.8
1982,9,232,30.5,21.5,126,-1.4
1982,10,54,31.8,21.4,99,-1.2
1982,11,38,29.3,19.9,58,-0.6
1982,12,0,29.8,16.8,8,-0.7
1983,1,0,30,16.2,5,-0.7
1983,2,0,32.2,19.6,3,-0.9
1983,3,1,35.8,23,3,-1.1
1983,4,1,38.3,24.5,3,-1.7
1983,5,26,40,26.8,26,-1.8
1983,6,108,35.5,25,103,-1.9
1983,7,192,31.5,22.4,132,-1.6
1983,8,210,30.1,21.9,128,1.1
1983,9,397,29.7,21.2,111,2.7
1983,10,91,29.9,21,110,3.2
1983,11,4,29.5,16,44,3.5
1983,12,24,29,15.6,34,3.8
1984,1,1,30.1,17.2,6,3.4
1984,2,18,32.3,18.8,20,3.5
1984,3,10,37.1,21.9,12,3.1
1984,4,10,38.4,25,12,2.4
1984,5,1,40.6,27.5,2,1.2
1984,6,62,34.2,23.2,60,-2.3
1984,7,285,30.1,21.6,136,-0.8
1984,8,76,30.1,21.5,122,-1.4
1984,9,174,30.1,21.5,132,-1.9
1984,10,88,30.4,21.3,107,-1.4
1984,11,5,30.1,16.6,33,-1.3
1984,12,1,30.9,15.5,10,-1.3
1985,1,2,31.1,17.2,7,-1.1
1985,2,0,33.4,18.6,3,-1.3
1985,3,15,37.9,22.6,17,-0.9
1985,4,13,38.7,25,14,-1.1
1985,5,18,40.1,26.7,19,-1.5
1985,6,110,33.4,22.7,106,-1.5
1985,7,150,30.2,21.5,139,-1.8
1985,8,83,30.5,21.3,81,-2.9
1985,9,67,31.2,21.9,65,-3.8
1985,10,93,30.3,19.7,90,-3.9
1985,11,8,30.7,16.4,8,-4.4
1985,12,4,30.6,16,5,-4.2
1986,1,5,30,16.2,6,-3.8
1986,2,12,32.6,19.1,12,-3.2
1986,3,3,37.1,22.2,4,-3.3
1986,4,34,39,25.1,33,-2.5
1986,5,9,40.3,26.7,8,-3.1
1986,6,174,34.6,22.8,166,-1.7
1986,7,112,30.9,21.9,107,-2.6
1986,8,158,30.4,20.9,142,-2.6
1986,9,89,31.6,22,86,-3.2
1986,10,29,32.7,21.1,29,-4.7
1986,11,30,31.3,18.2,29,-4.5
1986,12,17,30.8,15.7,17,-3.8
1987,1,6,30.6,17,6,-3.4
1987,2,5,32.9,18.3,5,-3.3
1987,3,22,36.3,21.5,21,-2.5
1987,4,8,39.2,25,8,-2.8
1987,5,51,40.1,25.4,48,-2
1987,6,82,35.6,23.7,78,-2.6
1987,7,132,31.8,21.8,126,-3.2
1987,8,147,31.3,21.7,139,-3.3
1987,9,148,31.8,22.4,136,-3.5
1987,10,100,31.6,20.9,96,-3.2
1987,11,18,30.6,18.7,18,-3.4
1987,12,17,29.9,16,16,-2.8
1988,1,0,31,17.3,1,-2.8
1988,2,33,33.9,19.9,32,-1.5
1988,3,0,36.4,22.5,0,-1.8
1988,4,46,38.3,25.1,44,-0.8
1988,5,8,40.7,27.4,8,-1.6
1988,6,111,35,23.9,106,-1.6
1988,7,259,31,20.9,138,-0.6
1988,8,171,31,21.5,126,1.7
1988,9,417,30.8,21.1,108,3.5
1988,10,25,31.4,20,87,2.5
1988,11,0,30.4,17.2,12,1.3
1988,12,13,30,15.2,18,1.3
1989,1,0,30.9,15.9,4,1.1
1989,2,0,33.6,17.4,2,0.6
1989,3,33,35.5,21.5,34,1.6
1989,4,17,38.8,24.4,18,1.2
1989,5,12,40.5,26.4,13,-1
1989,6,140,33.8,22.6,134,0.5
1989,7,305,30.4,21.3,129,2.2
1989,8,118,29.9,21,124,2
1989,9,238,30.3,21,117,2
1989,10,48,31.7,20.2,105,1.6
1989,11,2,30.7,17.9,16,0.8
1989,12,4,29.6,15.3,10,0.7
1990,1,1,32.1,15.5,5,0.6
1990,2,1,33.2,18.9,3,-0.3
1990,3,13,35.5,21.9,14,0.1
1990,4,6,38.8,24.9,7,-1.1
1990,5,122,38.1,24.7,117,2.3
1990,6,131,32.9,22.4,125,2.6
1990,7,128,30.2,21.5,123,1.6
1990,8,185,30.2,21.2,131,1.6
1990,9,116,30.3,21.3,118,0.7
1990,10,94,30.6,20.7,104,-1.2
1990,11,23,30.3,18.6,29,-1.4
1990,12,0,29.9,16.6,5,-1.6
1991,1,1,31,15.9,3,-1.5
1991,2,1,33.8,19.1,3,-1.6
1991,3,1,37.1,22.1,2,-1.8
1991,4,33,38.4,25,32,-1.2
1991,5,21,40.4,27,21,-1.4
1991,6,209,33.7,23.1,151,2.1
1991,7,148,30.1,21.6,135,2.1
1991,8,155,30.4,21,142,2
1991,9,204,31.2,21.9,130,1.5
1991,10,25,32,20.3,87,0.7
1991,11,17,30.4,17.6,28,-1.4
1991,12,0,29.6,14.9,6,-1.6
1992,1,0,30.4,15.1,4,-1.6
1992,2,0,32.2,18.5,2,-1.7
1992,3,0,37.1,21.8,2,-1.9
1992,4,8,38.3,24.7,9,-2.1
1992,5,50,39.8,26.6,48,-1.5
1992,6,116,34.7,24.3,112,-1.2
1992,7,104,31.6,22.4,100,-2.3
1992,8,221,29.9,21.2,136,-1.4
1992,9,239,30.6,21,135,-1.4
1992,10,49,30.9,21.1,98,-1.3
1992,11,28,30.8,18,45,-1
1992,12,0,29.6,14.4,8,-1.1
1993,1,0,31,16.2,4,-1
1993,2,1,33.3,17.3,4,-1.1
1993,3,8,35.9,21.5,10,-1.1
1993,4,9,38.2,24.6,10,-1.3
1993,5,14,40.2,27,15,-1.7
1993,6,114,34.9,24.9,109,-1.6
1993,7,186,30.5,22.1,135,-1.4
1993,8,137,30.7,21.7,134,-1.4
1993,9,158,29.8,21.3,125,-2
1993,10,131,30.6,21.5,115,-0.6
1993,11,2,29.9,18.5,47,2
1993,12,19,29,14.5,29,2.3
1994,1,7,30.7,16.5,12,2.4
1994,2,6,32.8,18.6,9,2.1
1994,3,0,37.8,22.2,2,1.5
1994,4,47,37.7,24.3,46,2.2
1994,5,12,40.4,26.8,13,1.3
1994,6,139,33.4,23.2,133,1.7
1994,7,201,29.6,21.1,140,1.7
1994,8,168,30,21.4,146,1.7
1994,9,116,30.1,20.9,124,0.7
1994,10,179,31.4,20.4,121,2.2
1994,11,21,29.8,17.1,84,3.6
1994,12,0,29.6,13.7,11,3.3
1995,1,8,29.2,14.6,14,3.5
1995,2,0,33,18.9,4,2.9
1995,3,24,36.1,21.6,25,3.2
1995,4,17,38.8,23.7,18,2.9
1995,5,53,38.7,25.2,51,3.1
1995,6,155,35.9,24.7,148,3.3
1995,7,218,30.6,21.8,138,3.4
1995,8,132,31.6,22,135,2.9
1995,9,244,30.6,21.5,126,2.6
1995,10,195,31.2,20.6,113,4.9
1995,11,17,31.1,17,79,5.8
1995,12,0,31.4,15.6,12,5.4
1996,1,0,31,17.6,6,4.9
1996,2,1,34,19.1,4,4.2
1996,3,1,37.7,22.7,4,3.5
1996,4,39,38.3,24.3,39,3.7
1996,5,27,40.4,26.8,27,3
1996,6,110,35.3,23.7,106,2.7
1996,7,175,31,21.9,138,2.3
1996,8,211,30.2,21.2,131,2.9
1996,9,229,30.4,21.2,119,2.7
1996,10,121,30.3,19.9,121,3.6
1996,11,35,30.7,17,85,5.1
1996,12,0,29.9,14.9,15,5.1
1997,1,9,29.7,15.1,15,5.1
1997,2,0,33,16.9,4,4.4
1997,3,8,37.4,21.3,10,3.9
1997,4,48,37,23.2,48,4.5
1997,5,14,39.8,26,15,3.5
1997,6,89,34.8,24,85,2.6
1997,7,165,30.9,22.4,140,2.1
1997,8,192,30.8,21.8,151,2.1
1997,9,85,30.6,21.4,102,1
1997,10,68,32.2,20.5,75,-2.2
1997,11,33,31,20.2,37,-2
1997,12,28,29.6,18,30,-1
1998,1,0,31.1,17.7,2,-1
1998,2,0,33.6,18.8,2,-1.2
1998,3,1,37.1,21.7,2,-1.4
1998,4,4,39.3,25.9,5,-1.8
1998,5,37,41.1,27.7,36,-1.6
1998,6,74,35.7,25,71,-2.2
1998,7,209,31.3,22.6,138,-1.7
1998,8,204,31.3,22.1,133,-0.6
1998,9,238,30.3,21.6,116,1.3
1998,10,143,30.6,21.3,123,2.8
1998,11,19,30.1,18.4,78,3.9
1998,12,0,29.5,14.9,14,3.8
1999,1,0,30,15.3,6,3.5
1999,2,4,33.7,19.5,8,3.1
1999,3,0,37.5,22.3,3,2.5
1999,4,6,38.8,25.7,7,1.7
1999,5,84,38.6,25.2,81,2.8
1999,6,84,33.2,22.8,81,2.1
1999,7,155,30.5,21.8,137,1.5
1999,8,88,30.6,21.6,87,-1.7
1999,9,178,29.9,20.9,127,-2.1
1999,10,77,31.3,20.3,98,-2.2
1999,11,0,30.8,17.3,10,-2.9
1999,12,0,30.4,14.4,5,-2.9
2000,1,0,31.3,16.6,3,-2.7
2000,2,3,32.7,18.5,5,-2.6
2000,3,1,36.8,20.4,2,-2.7
2000,4,13,38.9,26,14,-2.7
2000,5,57,38.6,25.2,56,-1.9
2000,6,186,33.3,22.3,145,2.2
2000,7,136,29.7,21.6,130,1.8
2000,8,290,30.5,21.5,130,3.8
2000,9,160,31,21.3,131,2.8
2000,10,32,31.6,21.6,92,2.2
2000,11,3,31.8,17.4,16,1.3
2000,12,2,29.6,15.2,8,1
2001,1,5,30.8,16.7,9,1.1
2001,2,0,34.1,19.7,3,0.7
2001,3,23,37,22.1,24,1.2
2001,4,14,38.4,24.8,15,0.9
2001,5,5,40.4,26.8,6,-1.5
2001,6,174,34.4,23.4,166,1
2001,7,72,31.5,22.7,70,-1.8
2001,8,167,30.2,21.3,143,-1.8
2001,9,132,31.2,22.1,117,-2.2
2001,10,98,31,20.6,102,-1.9
2001,11,7,31.6,19.2,12,-2.5
2001,12,0,30.1,15.7,3,-2.6
2002,1,5,30.2,16,7,-2.2
2002,2,1,33.7,19.4,3,-2.2
2002,3,6,37.6,22.7,7,-2.2
2002,4,5,40.4,26.7,6,-2.4
2002,5,62,39.7,26.1,60,-1.5
2002,6,165,33.5,22.5,156,1.7
2002,7,58,31.3,22.5,56,-1.7
2002,8,172,30.6,21.7,140,-1.6
2002,9,73,31.8,22.7,78,-2.5
2002,10,81,32.1,21.7,82,-2.9
2002,11,2,30.9,18.4,5,-3.5
2002,12,0,31.1,16.7,2,-3.6
2003,1,0,31.4,17.2,2,-3.5
2003,2,10,34.8,20.5,11,-3
2003,3,9,37.3,22.4,10,-2.8
2003,4,22,39.5,25.8,22,-2.4
2003,5,4,42,28.4,4,-3.2
2003,6,113,36.3,25.3,108,-3.1
2003,7,190,30.9,22.1,130,-2.6
2003,8,109,30.9,22,120,-2.9
2003,9,87,31,21.9,97,-3.6
2003,10,110,32.6,22.2,110,-3.3
2003,11,1,31.6,19.1,5,-3.9
2003,12,0,30.2,15.8,3,-3.8
2004,1,1,30.8,16.7,3,-3.5
2004,2,1,33.5,19.1,2,-3.4
2004,3,12,38.2,23.4,12,-3
2004,4,38,39.1,25.4,37,-2.2
2004,5,48,38.1,24.4,46,-1.6
2004,6,78,34.2,23.3,75,-2.2
2004,7,169,31,22.3,134,-2.1
2004,8,128,31.3,22.3,132,-2.6
2004,9,140,31.1,22,120,-2.9
2004,10,50,31.3,21,60,-3.5
2004,11,7,31.2,18.7,13,-4
2004,12,0,30.1,15.7,4,-4
2005,1,2,31.1,17,5,-3.6
2005,2,6,33.7,19.3,8,-3.3
2005,3,11,36.8,22,12,-3
2005,4,36,38.5,24.8,35,-2.2
2005,5,18,40.6,27,18,-2.4
2005,6,164,36,25.1,157,-1.4
2005,7,318,30.4,21.6,133,2.6
2005,8,142,30.1,21.2,131,2.7
2005,9,415,30.1,20.9,120,4.2
2005,10,143,30.8,20.4,118,5.4
2005,11,0,29.3,16.8,64,6
2005,12,0,29.5,15.1,11,5.1
2006,1,0,30.1,15.9,6,4.5
2006,2,0,33.3,18.9,4,3.8
2006,3,33,35.5,20.7,34,4.3
2006,4,42,39.1,25.4,42,4.6
2006,5,96,38.4,24.8,93,5.7
2006,6,112,33.8,22.9,108,5.3
2006,7,218,30.8,22.1,152,5
2006,8,235,30.8,21.8,147,5.6
2006,9,302,30.8,21.6,124,5.8
2006,10,46,31.5,21.1,95,5.1
2006,11,40,31,18.5,57,5.2
2006,12,0,30.2,15.8,8,4.4
2007,1,0,30.8,16.6,4,4
2007,2,0,32.7,18.4,3,3.3
2007,3,0,37.2,22.3,2,2.6
2007,4,27,38.6,25,27,2.6
2007,5,12,40.1,26.5,12,1.7
2007,6,168,34,23.1,152,2.7
2007,7,147,31.5,22.7,135,2.3
2007,8,213,30.9,22,134,2.8
2007,9,378,30,20.9,117,4
2007,10,17,31.5,21.2,80,2.9
2007,11,24,30.2,17.7,34,2.3
2007,12,0,31,16.7,6,1.7
2008,1,0,30.4,16.3,4,1.4
2008,2,49,32.9,18.6,49,3
2008,3,30,35,20.2,30,3.6
2008,4,20,38.3,24.7,20,3.2
2008,5,15,40.2,26.5,16,2.2
2008,6,67,35.2,24.2,65,1
2008,7,106,32.2,23.4,101,-2.6
2008,8,323,30.8,21.8,131,2.2
2008,9,322,29.9,20.8,114,3
2008,10,39,31.3,20.9,92,2.5
2008,11,31,30.9,18.5,46,2.4
2008,12,5,30.8,16.4,12,2.2
2009,1,0,31,16.8,4,1.9
2009,2,0,34.6,20.2,3,1.5
2009,3,5,36.6,21.8,7,1.2
2009,4,16,39.7,26,17,1
2009,5,29,40.9,27.3,29,0.7
2009,6,107,35.8,24.8,103,-0.3
2009,7,129,31.4,22.6,123,-1.5
2009,8,244,32,23,142,0.8
2009,9,247,31.1,22,123,0.9
2009,10,92,31.4,21.1,114,1.5
2009,11,44,31.3,18.8,80,2.7
2009,12,4,30.8,16.4,15,2.6
2010,1,5,30.4,16.3,10,2.6
2010,2,2,34.1,19.7,5,2.2
2010,3,2,38,23.1,5,1.7
2010,4,6,40.3,26.7,8,1.1
2010,5,12,41.2,27.6,13,-1.3
2010,6,197,35.1,24.1,168,1.6
2010,7,285,30.2,21.4,121,3.5
2010,8,195,30.9,22,123,4.4
2010,9,374,30.4,21.2,117,5.4
2010,10,88,31.5,21.1,107,5.6
2010,11,50,31.6,19.1,77,6.7
2010,12,14,29.5,15.1,31,7.2
2011,1,0,29.6,15.5,8,6.6
2011,2,16,32.6,18.2,19,6.4
2011,3,1,36.7,21.9,4,5.5
2011,4,31,37.5,23.9,31,5.3
2011,5,10,39.8,26.2,11,4.1
2011,6,83,34.8,23.8,80,3.1
2011,7,191,31.3,22.5,139,2.8
2011,8,191,30.8,21.9,124,3.2
2011,9,218,31,21.9,130,2.8
2011,10,81,32.4,22,110,3
2011,11,7,31.5,19,40,2.9
2011,12,0,30.7,16.3,10,2.4
2012,1,0,30.9,16.8,6,2.1
2012,2,0,33.6,19.3,3,1.6
2012,3,0,36.7,21.9,2,1
2012,4,22,38.7,25,23,1.1
2012,5,7,40.2,26.6,8,-1.4
2012,6,109,35.9,25,105,-1.5
2012,7,194,31.2,22.4,142,-1.3
2012,8,142,31.1,22.2,140,-1.4
2012,9,191,30.9,21.8,128,-1.9
2012,10,69,31.2,20.8,107,-1.4
2012,11,27,31.1,18.6,52,-0.7
2012,12,0,31.6,17.2,9,-0.9
2013,1,1,32,17.8,6,-0.8
2013,2,14,33.5,19.2,17,0.3
2013,3,2,37.3,22.4,4,-0.3
2013,4,52,39.1,25.5,51,1.3
2013,5,12,41,27.4,13,-0.6
2013,6,220,33.3,22.4,157,2.6
2013,7,201,29.8,21,127,3.4
2013,8,105,30.9,21.9,126,2.9
2013,9,281,30.7,21.5,120,3
2013,10,137,31.5,21.1,123,4.1
2013,11,10,30.4,17.9,73,5
2013,12,1,29.5,15.1,12,4.5
2014,1,0,34.1,20,6,4.1
2014,2,3,32.4,18,7,3.6
2014,3,25,35.1,20.2,26,3.9
2014,4,15,38.4,24.7,16,3.4
2014,5,38,38.7,25.1,38,3.3
2014,6,67,36.6,25.6,65,1.7
2014,7,211,31.1,22.3,141,1.8
2014,8,170,31.6,22.6,133,2
2014,9,143,30.9,21.8,131,1.1
2014,10,51,32.6,22.2,104,0.8
2014,11,35,30.9,18.4,50,0.9
2014,12,5,30,15.6,12,0.9
2015,1,1,29.6,15.4,5,0.8
2015,2,0,33.1,18.7,3,-0.2
2015,3,22,36.2,21.3,23,0.6
2015,4,76,37.3,23.7,73,2.3
2015,5,25,40.4,26.8,25,1.9
2015,6,168,34.7,23.8,160,2.8
2015,7,58,33.2,24.4,56,-2.1
2015,8,73,32.6,23.7,70,-3.6
2015,9,187,31.5,22.3,129,-3.8
2015,10,55,32.9,22.6,76,-4.1
2015,11,12,32.8,20.3,20,-4.4
2015,12,0,32.6,18.2,5,-4.3
2016,1,1,31.1,17.2,4,-4
2016,2,1,34.6,21.2,3,-3.9
2016,3,11,36.8,23.5,12,-3.8
2016,4,10,39.3,27,11,-3.9
2016,5,88,39.6,26.5,85,-3.1
2016,6,126,33.7,23.4,120,-1.1
2016,7,215,28.3,21.6,111,3.5
2016,8,127,30.1,21.4,129,2.4
2016,9,374,29.2,21.5,114,2.8
2016,10,51,29,20,97,2
2016,11,8,29.6,15.9,28,1
2016,12,1,30.1,14.5,9,0.6
2017,1,0,30.2,16.2,5,-1.4
2017,2,1,33.6,18.1,4,-1.5
2017,3,3,36,20.9,5,-1.7
2017,4,8,39.1,24.6,9,-2.1
2017,5,46,39.3,26.5,44,-2.4
2017,6,162,32.4,23,148,-2.6
2017,7,165,30.5,22.1,137,-4.1
2017,8,158,30.7,21.6,126,-4.2
2017,9,267,29.9,21.5,113,-4.2
2017,10,124,28.9,20.7,113,-2.9
2017,11,3,29.5,17.8,67,-1.6
2017,12,2,29.4,14.8,13,-1.8
2018,1,0,29.8,15.8,6,-1.7
2018,2,1,31.8,17.7,5,-1.6
2018,3,5,36.3,22.3,7,-1.5
2018,4,43,36.5,24.7,42,3.1
2018,5,38,38.5,26.5,38,4
2018,6,123,31.5,22.3,118,6.5
2018,7,141,28.5,21.6,124,7.9
2018,8,110,28.8,21.1,108,7.8
2018,9,151,29.7,20.4,118,6.4
2018,10,51,31.6,20.7,63,5.7
2018,11,3,30.8,18.9,10,5
2018,12,6,29.3,16.2,10,4.6
2019,1,1,29.3,15.1,3,-2.3
2019,2,0,33.5,19.2,2,-2.4
2019,3,1,37.8,22.9,2,-2.5
2019,4,7,39.7,26,7,-2.7
2019,5,5,42.4,28.8,6,-3.2
2019,6,98,36.6,25.7,94,-3.1
2019,7,248,31.3,22.5,124,-1.8
2019,8,203,31.2,22.2,130,2.3
2019,9,270,30.5,21.4,108,2.7
2019,10,171,31,20.6,107,4.6
2019,11,8,31.4,18.9,67,5.2
2019,12,3,30.8,16.4,17,5.2
