Product: Historical Climate - TerraClimate(http://www.climatologylab.org/terraclimate.html) 
Location (Lat/Lon of 4-km Grid Cell Center): 12.8542 North,75.2292 East 
Data Source: NW Climate Toolbox(https://climatetoolbox.org/tool/point-data-download)
Download Date: 07/25/2020
Variable List: 
ppt: ppt (Precipitation)
tmax: tmax (Maximum Temperature)
tmin: tmin (Minimum Temperature)
aet: aet (Actual Evapotranspiration)
PDSI: pdsi (Palmer Drought Severity Index (PDSI))
********************************************************
Year,Month,ppt(mm),tmax(degC),tmin(degC),aet(mm),PDSI(unitless)
1958,1,1,31,20.5,74,0.1
1958,2,0,31.1,22.3,63,-0.1
1958,3,6,32.8,24.2,69,0.1
1958,4,94,33,25.7,110,0.7
1958,5,240,31.8,25.5,156,1.3
1958,6,502,29.8,24.1,125,1.1
1958,7,1793,27.3,23,102,1
1958,8,1087,27.5,23.1,108,0.9
1958,9,279,28.9,22.8,115,-0.4
1958,10,250,29.3,23.4,117,-0.1
1958,11,113,30.7,22.5,113,1
1958,12,4,31,20.2,81,-0.4
1959,1,0,31.5,20.5,75,0.7
1959,2,0,31.8,21.7,64,0.7
1959,3,0,33.6,22.9,67,-0.1
1959,4,58,33.3,25.3,85,-0.4
1959,5,162,32.8,25.5,156,-0.6
1959,6,1623,28.4,23.5,115,0
1959,7,1920,26.6,22.5,95,0
1959,8,884,28.2,22.7,101,0
1959,9,604,28.6,23.1,108,0.9
1959,10,175,29.6,23.4,117,-0.9
1959,11,67,30.3,22,99,-1
1959,12,13,30.9,20.2,78,-1.3
1960,1,1,31,20.6,72,-1.2
1960,2,0,31,21.6,60,-1.3
1960,3,23,32.7,23.4,75,0.7
1960,4,123,33,25.2,130,1.8
1960,5,86,32,24.6,100,0.9
1960,6,491,29.2,23.3,110,0.8
1960,7,1337,27.3,23.3,108,0.7
1960,8,634,28.4,23.1,104,0.6
1960,9,520,27.9,23,99,1.1
1960,10,329,29.7,22.9,116,1.8
1960,11,143,30.1,21.4,114,3.3
1960,12,2,30.9,20,77,2.5
1961,1,1,30.4,21,74,2.6
1961,2,4,30.5,21.6,65,2.7
1961,3,3,33.2,23.9,70,2.7
1961,4,137,33.7,25.4,140,3.9
1961,5,424,31.6,25.1,149,6.1
1961,6,1194,28.1,22.9,113,5.5
1961,7,4052,26.4,22.4,95,4.9
1961,8,482,27.6,23,100,4.4
1961,9,611,28.6,22.5,100,4.9
1961,10,436,29.7,22.5,113,6.4
1961,11,32,30.3,21.6,86,4.8
1961,12,12,30.4,20.1,76,3.7
1962,1,6,30,19.7,70,3.1
1962,2,9,30.7,21.7,61,2.8
1962,3,1,32.4,22.9,61,2.1
1962,4,102,32.5,24.9,115,2.5
1962,5,147,31.7,24.8,141,2.1
1962,6,560,29.8,23.3,125,1.8
1962,7,1228,27.3,22.9,100,1.7
1962,8,938,27.5,22.9,106,1.5
1962,9,395,28.3,22.9,107,1.4
1962,10,568,29,23.6,115,4.8
1962,11,29,30.4,21,86,3.2
1962,12,83,30.5,19.8,106,4.9
1963,1,1,29.8,20.4,72,4.6
1963,2,3,30.8,20.6,64,4.4
1963,3,27,32.4,23.4,80,5.2
1963,4,121,32.4,24.4,128,6
1963,5,88,32.8,25,107,4.5
1963,6,464,28.9,23.3,114,4
1963,7,1212,27.8,22.9,107,3.6
1963,8,1360,27.8,22.7,102,3.2
1963,9,251,29.2,22.9,113,2.4
1963,10,405,29.8,22.9,117,3.8
1963,11,24,30.2,22.2,84,2.3
1963,12,32,30.8,20.2,85,2.1
1964,1,0,31.2,19,70,1.5
1964,2,0,31.8,21,58,0.9
1964,3,1,33.2,23.6,61,-2.1
1964,4,37,34.1,25.4,67,-3
1964,5,59,33.3,25.6,75,-4
1964,6,452,29.8,23.1,121,-3.6
1964,7,2207,27.3,22.5,107,-3.2
1964,8,1544,27.6,22.4,104,-2.9
1964,9,363,28.1,22.2,103,-2.6
1964,10,261,30,22.3,112,-2.3
1964,11,97,29.6,20.8,107,-1.4
1964,12,28,30.4,18.6,87,-0.9
1965,1,3,30.8,19.4,76,1.5
1965,2,0,30.4,21.4,62,1.6
1965,3,3,32.4,23,69,1.7
1965,4,29,32.6,24.6,69,-1
1965,5,37,32.5,25.1,62,-2.4
1965,6,395,29.7,22.9,113,-2.1
1965,7,1211,28.2,22.2,110,-1.9
1965,8,674,28,22.8,117,-1.7
1965,9,240,29.3,23,116,-2.1
1965,10,63,30.8,23.6,106,-4
1965,11,57,31,22.6,96,-4.2
1965,12,72,30.5,20.8,99,-2.5
1966,1,2,30.8,20.8,67,-2.5
1966,2,0,31.8,22,59,-2.6
1966,3,5,33.2,23.8,62,-2.6
1966,4,44,33.6,25.1,75,-3.2
1966,5,97,32.7,24.8,108,-3.8
1966,6,226,29.7,23.2,116,-3.4
1966,7,1175,27.7,23.1,101,-3
1966,8,381,28.7,23.2,107,-2.7
1966,9,486,28.6,23,116,-2.1
1966,10,409,29.9,23,124,2
1966,11,177,30.5,21.8,114,4.3
1966,12,40,30.5,20.1,91,4.8
1967,1,4,30.8,19.5,78,5.3
1967,2,0,31.6,20.2,66,5.3
1967,3,1,32.6,22.8,72,5.2
1967,4,46,34,25,83,4.1
1967,5,73,32.9,25.6,92,2.7
1967,6,1588,29.3,23.7,128,2.4
1967,7,1077,27.4,22.2,100,2.2
1967,8,976,27.9,22.4,102,1.9
1967,9,158,28.5,22.6,112,0.9
1967,10,180,29,22.8,123,-2.6
1967,11,25,30.2,20.7,85,-3.5
1967,12,19,30.8,20.8,75,-3.5
1968,1,0,30.3,19.6,67,-3.5
1968,2,10,31,20.7,59,-3
1968,3,8,32.1,23.3,64,-2.7
1968,4,175,32.6,24.6,158,2.6
1968,5,142,32.7,25.2,143,2.1
1968,6,921,29.2,23.5,118,1.9
1968,7,914,26.9,22.7,94,1.7
1968,8,642,28.4,22.8,106,1.6
1968,9,414,28.6,23,114,1.5
1968,10,187,29.7,22.5,121,-0.8
1968,11,34,30.1,22,87,-1.7
1968,12,5,30.6,20,74,-2.4
1969,1,0,30.6,19.6,66,-2.7
1969,2,0,31.5,21.4,56,-2.9
1969,3,5,33.8,23.8,61,-3.2
1969,4,121,34.1,25.5,128,-1.8
1969,5,73,33.1,25.5,90,-2.7
1969,6,634,29.8,23.5,117,-2.4
1969,7,1019,27.6,22.7,100,-2.1
1969,8,888,28.2,23.2,122,-1.9
1969,9,432,28.8,22.4,115,-1.5
1969,10,251,29.6,23.1,119,-1.5
1969,11,127,30.9,22,117,1.3
1969,12,29,30,20.9,84,1.7
1970,1,1,30.7,20.3,73,2.3
1970,2,0,31.3,21.5,67,2.6
1970,3,8,32.9,23.4,76,3
1970,4,105,33.1,25.8,119,3.6
1970,5,147,32,25.3,144,3.1
1970,6,242,28.6,23.1,117,2.8
1970,7,1135,27.7,22.7,104,2.5
1970,8,830,27.4,22.6,103,2.2
1970,9,293,28.4,22.5,108,1.7
1970,10,333,29.5,23,121,2.3
1970,11,69,29.4,22.2,98,2
1970,12,1,30,18.1,75,1
1971,1,0,30.1,20,67,0.7
1971,2,8,31.1,20.6,61,0.8
1971,3,5,32.3,22.8,65,0.8
1971,4,83,33.7,24.8,102,0.8
1971,5,224,32.1,24.8,163,1.2
1971,6,720,27.6,22.8,116,1.1
1971,7,847,27.4,22.5,104,1
1971,8,1097,27.9,22.4,110,0.9
1971,9,457,28.4,22.9,116,1.1
1971,10,144,29.3,22.3,113,-1.3
1971,11,18,30,20.4,81,-2.4
1971,12,24,29.2,19.3,80,-2.4
1972,1,0,30.2,18.6,68,-2.7
1972,2,1,31,20.3,57,-2.8
1972,3,0,33.3,22.1,61,-3.4
1972,4,44,33.5,25,73,-3.9
1972,5,150,31.8,25.1,143,-3.6
1972,6,662,30.6,24,129,-3.3
1972,7,1130,28.2,22.7,105,-2.9
1972,8,716,29,22.9,112,-2.6
1972,9,311,29.3,23.7,126,-2.7
1972,10,302,30.1,23.8,118,-1.9
1972,11,39,30.6,21.7,88,-2.5
1972,12,29,30.9,21.2,84,-2.2
1973,1,0,32,19.1,72,-2.2
1973,2,0,32.5,21.6,60,-2.3
1973,3,0,33.6,23.3,63,-2.8
1973,4,83,34.6,26.2,101,-2.4
1973,5,287,33.9,25.6,161,-1.1
1973,6,792,29.6,23.7,124,-1
1973,7,2912,27.6,23.3,107,-0.9
1973,8,858,27.4,22.5,102,-0.8
1973,9,144,28.8,22.8,114,-1.6
1973,10,175,29.5,23.2,118,-2.4
1973,11,41,30.4,21.4,91,-3
1973,12,17,30,19.9,78,-3
1974,1,0,30.7,19,69,-3.1
1974,2,0,32,20.1,58,-3.1
1974,3,2,33.5,23.1,63,-3.4
1974,4,70,34.1,25.5,92,-3.3
1974,5,106,32.4,24.5,113,-3.7
1974,6,789,29.6,22.9,123,-3.3
1974,7,1161,28.1,22.5,108,-2.9
1974,8,967,28.2,22.5,103,-2.6
1974,9,575,28.5,22.7,114,-1.6
1974,10,222,29.7,22.1,117,-1.9
1974,11,14,30.3,20.4,82,-3.1
1974,12,0,30.9,18.3,69,-4
1975,1,2,30.8,19,65,-4.3
1975,2,1,31.7,21.2,56,-4.5
1975,3,19,32.3,23.2,68,-4.3
1975,4,57,34.2,25.1,83,-4.4
1975,5,456,32.6,24.9,158,-1.2
1975,6,637,28.5,23,123,-1
1975,7,2870,27.4,22,99,-0.9
1975,8,987,27.4,22.9,104,-0.8
1975,9,673,27.9,22.4,102,2.9
1975,10,267,29.1,22.7,115,2.8
1975,11,74,29.1,20.8,103,2.5
1975,12,1,30,18.4,75,1.5
1976,1,0,29.7,18.8,69,1.1
1976,2,0,30.6,20.4,58,0.7
1976,3,1,33.7,22.7,61,-1.3
1976,4,106,33.1,24.6,120,0.7
1976,5,20,32.8,25,48,-1.6
1976,6,877,30.1,23.1,119,-1.4
1976,7,623,27.9,22.4,108,-1.2
1976,8,795,28,22.5,107,-1.1
1976,9,294,29,23.3,108,-1.3
1976,10,108,30.4,23.6,109,-2.8
1976,11,144,30,23.2,121,-0.9
1976,12,28,31.1,20.4,90,1.9
1977,1,0,31.5,18.9,76,2.3
1977,2,2,31.5,21.7,67,2.5
1977,3,10,33.3,24.1,75,2.9
1977,4,118,33.4,25.8,128,3.7
1977,5,126,31.8,25.2,134,2.8
1977,6,1665,29.4,23.6,121,2.5
1977,7,671,28.1,22.7,103,2.3
1977,8,645,28.7,22.8,115,2
1977,9,436,29.5,23.1,119,2
1977,10,519,29.2,23.7,120,4.7
1977,11,229,30.5,23,111,8
1977,12,0,30.7,19.8,79,6.6
1978,1,2,31,19.9,74,6.3
1978,2,10,30.8,21.7,65,6.3
1978,3,2,32.6,23.2,69,5.9
1978,4,42,33.4,25.9,78,4.6
1978,5,284,32.7,25.3,157,5.2
1978,6,1467,28.5,23,117,4.7
1978,7,1129,27,22.4,98,4.2
1978,8,1066,27.3,23.1,115,3.8
1978,9,349,28.5,22.9,112,3.3
1978,10,194,30,23.6,125,2.1
1978,11,128,31,22.5,115,3.2
1978,12,103,29.9,21.9,114,6.1
1979,1,0,31,21.4,81,7
1979,2,7,30.8,22.5,72,7.8
1979,3,8,32.4,24.1,80,8.3
1979,4,70,33.7,26.1,102,7.7
1979,5,59,32.6,25.9,92,5.7
1979,6,1455,29.6,24.4,131,5.1
1979,7,710,27.5,23.2,106,4.6
1979,8,1121,28.1,23.4,123,4.1
1979,9,397,28.4,23.7,117,3.7
1979,10,198,30.4,23.6,132,2.5
1979,11,191,29.7,23.5,110,5.1
1979,12,4,30.8,21.4,79,4.2
1980,1,0,31.5,19.9,77,4.1
1980,2,0,31.8,21.9,64,3.8
1980,3,2,32.8,24.1,68,3.5
1980,4,94,33.6,26.4,111,3.6
1980,5,592,33.7,26.4,169,7.4
1980,6,899,29,23.6,109,6.6
1980,7,2373,28.2,22.9,101,5.9
1980,8,516,28.1,22.8,108,5.3
1980,9,433,29.4,23.5,122,4.9
1980,10,185,30.3,23.8,128,3.5
1980,11,116,30.9,22.6,117,4.1
1980,12,9,30.9,20.4,82,3.4
1981,1,6,30.2,20.8,75,3.6
1981,2,0,31.7,21.5,65,3.5
1981,3,18,32.9,23.8,75,4
1981,4,29,33.5,25.9,70,2.5
1981,5,215,32.9,25.9,166,2.6
1981,6,1098,28.3,23.6,108,2.4
1981,7,1455,28.2,23.3,111,2.1
1981,8,1296,28.1,22.9,113,1.9
1981,9,452,28.4,23.6,115,2
1981,10,257,29.5,24,122,1.7
1981,11,67,30.1,22,99,1.3
1981,12,33,30.4,20.5,88,1.6
1982,1,0,30.9,20.1,69,1.5
1982,2,0,31.6,21.7,61,1.4
1982,3,0,32.9,23.8,65,1.1
1982,4,26,33.4,25.7,66,-1.3
1982,5,158,32.6,26.1,151,-1.4
1982,6,358,29.4,23.8,123,-1.2
1982,7,2642,28.4,23,106,-1.1
1982,8,1119,28.6,23.1,108,-1
1982,9,212,29.6,23.1,131,-1.6
1982,10,169,30.9,23.8,127,-2.6
1982,11,75,30.1,23,101,-2.3
1982,12,1,30.8,20.8,78,-2.8
1983,1,0,31.1,20,71,-2.8
1983,2,0,32,22.1,61,-2.8
1983,3,0,33.1,24.4,63,-3.3
1983,4,2,34,25.4,35,-5
1983,5,55,33.4,26.4,72,-5.8
1983,6,1056,30.9,24.6,134,-5.2
1983,7,2103,28.8,23.6,108,-4.6
1983,8,653,28,23.3,101,-4.2
1983,9,517,28.7,22.9,103,-3.2
1983,10,272,30.2,23.2,121,-2.8
1983,11,31,30.5,20.8,91,-3.5
1983,12,36,30.7,20.5,79,-2.9
1984,1,1,29.7,21.9,61,-2.7
1984,2,16,31.3,21.6,64,-1.6
1984,3,36,31.8,24.7,81,2.6
1984,4,151,32.9,25.7,146,4.6
1984,5,166,34,26,163,4
1984,6,564,29.3,23.2,111,3.6
1984,7,994,27.7,22.1,106,3.2
1984,8,722,28.9,22.6,117,2.9
1984,9,405,29.1,22.8,122,2.7
1984,10,314,30,22.5,116,3
1984,11,17,30.5,21.7,83,1.3
1984,12,24,31.3,20,82,0.9
1985,1,8,30.8,21.4,64,0.6
1985,2,3,31.9,21.8,58,-1.6
1985,3,11,34,24.3,66,-1.5
1985,4,46,33.9,26.1,76,-2.1
1985,5,296,33.4,25.6,169,-0.8
1985,6,338,28.7,22.8,114,-0.7
1985,7,1176,28,22.4,111,-0.6
1985,8,746,28.6,22.7,117,-0.5
1985,9,174,29.7,23.2,128,-1.3
1985,10,309,29.9,22.3,128,-0.7
1985,11,44,30,21.6,92,-1.4
1985,12,9,31,21,75,-1.9
1986,1,4,30.2,20.8,68,-1.9
1986,2,2,31.1,21.6,58,-2
1986,3,2,32.8,24.5,61,-2.2
1986,4,31,34.5,25.8,65,-3.2
1986,5,365,33.7,25.7,174,-1.1
1986,6,602,29.8,23.8,130,-1
1986,7,943,28.7,23.1,114,-0.9
1986,8,621,28,22.9,122,-0.8
1986,9,494,29.4,23.6,120,1.5
1986,10,159,31.1,23.4,129,-1.3
1986,11,175,31.2,21.8,118,2.5
1986,12,4,30.7,21.5,77,1.8
1987,1,0,31.5,20.7,76,2
1987,2,0,31.6,21.1,64,2
1987,3,4,32.8,23.5,70,2
1987,4,38,33.9,26.1,77,0.8
1987,5,182,33.2,26,172,0.7
1987,6,502,30.7,23.5,133,0.6
1987,7,959,29.1,23.7,124,0
1987,8,754,29.2,23,113,-0.7
1987,9,279,30.5,23.9,123,-1
1987,10,364,30.4,23.6,123,1.1
1987,11,31,31.3,22.6,86,-1
1987,12,71,30.5,21.6,100,1.6
1988,1,0,31.4,20.6,74,1.6
1988,2,0,32.6,22.1,62,1.4
1988,3,3,33.3,24.6,69,1.2
1988,4,157,33.1,26.1,152,3.1
1988,5,84,34.2,26.1,105,1.8
1988,6,722,30.5,23.5,122,1.6
1988,7,2013,28.3,22.8,106,1.4
1988,8,1134,28.2,23.3,109,1.3
1988,9,673,29.1,22.9,113,2.2
1988,10,73,30.8,23.2,109,-2.1
1988,11,28,30.3,22.2,88,-3.2
1988,12,16,31.9,19.6,77,-3.9
1989,1,0,31.5,20.1,64,-4.7
1989,2,0,32.3,20.2,53,-5.3
1989,3,9,32.7,23.5,55,-5.7
1989,4,70,34,25.5,87,-5.4
1989,5,66,33.8,25.2,78,-6.1
1989,6,569,29.3,22.8,106,-5.5
1989,7,1708,27.7,22.7,105,-4.9
1989,8,566,28.9,22.3,111,-4.4
1989,9,439,29.3,22.8,114,-3.7
1989,10,262,30.3,23.2,118,-3.3
1989,11,19,30.7,22.3,87,-4.4
1989,12,3,31.4,20.3,72,-5
1990,1,1,31.1,20.6,67,-5.3
1990,2,0,31.9,22.1,57,-5.6
1990,3,1,32.8,24.4,56,-6.2
1990,4,26,34.3,25.8,51,-7
1990,5,128,31.8,25.3,125,-6.6
1990,6,395,29.5,23,112,-5.9
1990,7,1413,28.4,22.4,99,-5.3
1990,8,617,28.4,22.9,105,-4.8
1990,9,192,29.8,23.2,124,-5
1990,10,247,30.4,23.4,123,-4.7
1990,11,78,30.9,22.1,102,-4.1
1990,12,3,31.3,21,80,-4.3
1991,1,0,31.4,21,70,-4.1
1991,2,1,31.9,22.1,62,-4
1991,3,1,33.8,23.8,62,-4.1
1991,4,109,34.1,25.7,116,-2.7
1991,5,391,33.8,26,162,3
1991,6,981,29,23.7,113,2.7
1991,7,1634,27.7,22.8,101,2.4
1991,8,871,28.2,22.8,114,2.2
1991,9,196,30.1,23.4,132,1.2
1991,10,275,29.8,23.4,125,1.2
1991,11,88,30.7,22.1,107,1.3
1991,12,1,31,19.9,80,-0.7
1992,1,0,30.9,19.5,73,-1
1992,2,0,32.1,20.6,60,-1.2
1992,3,0,33.8,22.6,63,-1.8
1992,4,58,34.2,25,83,-2.1
1992,5,133,33.3,25.2,134,-2.3
1992,6,777,29.9,23.6,119,-2.1
1992,7,1835,28.3,22.9,111,-1.9
1992,8,893,28.5,22.4,111,-1.7
1992,9,387,29.6,22.9,121,-1.5
1992,10,304,30.5,22.8,122,-0.9
1992,11,122,30.5,22.9,116,1.6
1992,12,1,30.8,19.5,84,0.9
1993,1,0,31.6,19.6,75,1
1993,2,0,32.2,20.7,64,0.9
1993,3,7,33.4,23.3,67,1
1993,4,34,34.2,25,71,-1
1993,5,77,34,25.5,94,-1.9
1993,6,842,30.5,23.5,120,-1.7
1993,7,1587,28.3,22.2,100,-1.5
1993,8,644,29.4,22.6,119,-1.4
1993,9,202,29.6,22.3,117,-1.9
1993,10,390,30.2,23.1,113,1.5
1993,11,63,30.3,22.5,97,1.1
1993,12,47,29.8,20.5,90,1.9
1994,1,0,31.8,20.2,71,2
1994,2,0,31.9,21.4,61,2
1994,3,8,34.3,23.4,69,2.2
1994,4,157,33.5,25.4,149,4.2
1994,5,372,33.9,25.2,168,5.8
1994,6,2137,29.8,23.2,112,5.2
1994,7,1141,27.7,22.4,107,4.7
1994,8,765,28.9,22.6,120,4.2
1994,9,250,29.9,22.6,131,3.2
1994,10,473,30.1,22.7,117,5.3
1994,11,36,30,21.7,90,3.9
1994,12,7,30.4,19.6,77,2.6
1995,1,4,31,19.8,68,1.9
1995,2,0,32.4,21.5,57,1.2
1995,3,3,33.4,23.2,60,-2.7
1995,4,64,33.8,25.3,86,-2.7
1995,5,88,32.2,25,99,-3.3
1995,6,1068,30.9,23.8,130,-3
1995,7,1717,28.1,22.8,110,-2.7
1995,8,1062,28.9,23.2,120,-2.4
1995,9,363,29.8,23.1,120,-2.3
1995,10,295,30.7,22.7,120,-1.6
1995,11,25,30.8,22,82,-2.6
1995,12,0,31.1,20.4,76,-3.5
1996,1,0,32.2,20,66,-3.9
1996,2,0,32.7,21,56,-4.2
1996,3,9,35,22.8,63,-4.5
1996,4,65,33.9,24.9,86,-4.3
1996,5,242,34.4,25.5,175,-3.4
1996,6,1110,29.8,23.6,127,-3
1996,7,1422,27.6,23.5,110,-2.7
1996,8,870,28.3,23.1,117,-2.4
1996,9,397,28.9,23.5,120,-2.2
1996,10,276,30.2,22.1,122,-1.8
1996,11,10,30.7,22,78,-3.1
1996,12,35,30.9,19.8,86,-2.7
1997,1,1,31.2,19.9,67,-2.8
1997,2,0,32,20.7,58,-3
1997,3,8,34,23.1,62,-3
1997,4,44,32.5,25.1,73,-3.5
1997,5,48,33.5,25.5,67,-4.5
1997,6,2060,30.7,23.9,132,-4.1
1997,7,889,28.6,23.6,106,-3.6
1997,8,1179,28.9,23.2,116,-3.3
1997,9,295,29.9,23.4,129,-3.3
1997,10,348,31.4,23.3,134,-2.1
1997,11,137,31,23.2,111,2.3
1997,12,59,31.5,22.2,91,3.8
1998,1,0,32.7,21.3,81,4.6
1998,2,5,33.3,21.8,74,5.2
1998,3,2,35.2,23,76,5.3
1998,4,44,34.5,26.6,80,4.2
1998,5,387,34.5,26,160,5.9
1998,6,330,31.1,24.1,124,5.3
1998,7,2223,28.5,23.5,108,4.8
1998,8,1191,28.9,23.5,117,4.3
1998,9,586,29.2,23.1,111,4.6
1998,10,372,30.4,22.8,118,5.4
1998,11,64,31,21.9,95,4.7
1998,12,41,30.4,20.6,90,4.9
1999,1,0,31.8,19.1,73,4.6
1999,2,4,32.8,21.6,64,4.4
1999,3,5,34.9,23.2,67,4.2
1999,4,66,34.1,25.2,94,3.5
1999,5,234,31.6,24.5,136,3.9
1999,6,621,29.3,22.7,119,3.5
1999,7,1491,27.4,23,104,3.2
1999,8,452,28.8,23.2,121,2.8
1999,9,175,30.2,22.8,130,1.7
1999,10,445,30,23.4,113,3.7
1999,11,37,31.1,21.8,93,2.4
1999,12,6,31.7,19.4,75,1.3
2000,1,0,31.6,20.8,66,-2.1
2000,2,2,31.4,22.1,54,-2.3
2000,3,0,33.3,22.9,59,-2.8
2000,4,82,34.3,25.4,98,-2.4
2000,5,156,32.7,24.7,149,-2.3
2000,6,543,28.7,23.4,108,-2
2000,7,1251,28.1,22.5,116,-1.8
2000,8,1093,27.7,23.4,110,-1.6
2000,9,358,29.2,23.5,120,-1.6
2000,10,304,30.6,23.2,123,-1
2000,11,53,31.6,21.8,98,-1.4
2000,12,38,30.2,19.8,90,-0.9
2001,1,5,31.7,20.7,71,-0.6
2001,2,3,31.9,21.5,61,0
2001,3,0,33.4,23.6,64,-0.2
2001,4,170,33.1,24.9,152,2.7
2001,5,55,32.4,24.8,84,1.4
2001,6,316,29,22.9,111,1.2
2001,7,1449,27.8,22.5,108,1.1
2001,8,648,27.9,22.5,110,1
2001,9,274,29.3,23.1,127,-1.1
2001,10,268,29.7,22.7,117,-0.9
2001,11,45,30.5,22.1,86,-1.4
2001,12,4,30.8,20.3,77,-2.1
2002,1,0,30.9,19.9,69,-2.3
2002,2,0,32.2,21.8,56,-2.5
2002,3,1,33.7,23.9,59,-2.8
2002,4,21,33,24.8,54,-3.6
2002,5,293,32.9,25.2,139,-1.9
2002,6,704,29.4,23.3,117,-1.7
2002,7,738,28.1,22.9,107,-1.6
2002,8,708,28.3,22.9,113,-1.4
2002,9,169,28.9,22.8,121,-2.1
2002,10,476,30.1,23.1,113,2.5
2002,11,51,30.5,22,92,1.7
2002,12,1,30.5,20,75,0.7
2003,1,0,31.8,20.8,67,-1.7
2003,2,1,32.6,22.2,55,-1.9
2003,3,3,33.9,24.1,59,-2
2003,4,139,33.6,25.4,137,1.7
2003,5,15,33.3,25.7,49,-1.7
2003,6,977,30.4,24.3,123,-1.5
2003,7,1216,28.6,23.4,109,-1.3
2003,8,557,29.2,23.7,119,-1.2
2003,9,214,29.2,23.1,125,-1.8
2003,10,277,29.9,22.9,117,-1.4
2003,11,41,30.9,22.5,94,-2.1
2003,12,1,30.8,20.3,74,-2.9
2004,1,1,31.2,20.2,66,-3.3
2004,2,0,32.4,22,56,-3.5
2004,3,1,33.8,24,56,-3.9
2004,4,71,33.8,25.6,89,-3.5
2004,5,181,31.7,24,137,-3
2004,6,550,29.4,23.3,121,-2.7
2004,7,1669,27.7,22.5,106,-2.4
2004,8,756,28.1,22.7,114,-2.1
2004,9,295,29,22.9,121,-2.3
2004,10,273,30.2,23.2,132,-2
2004,11,65,30.7,22.2,101,-2.1
2004,12,0,31,20.5,79,-2.8
2005,1,3,31.6,20.6,67,-2.8
2005,2,1,32.4,22,60,-2.9
2005,3,1,33.3,23.5,61,-3.2
2005,4,93,33.5,25.3,105,-2.4
2005,5,63,33.3,25.6,86,-3.3
2005,6,1094,30.3,24.2,129,-3
2005,7,1646,28.4,23.2,109,-2.7
2005,8,779,28.6,23.2,125,-2.4
2005,9,605,28.9,22.8,112,-1.3
2005,10,241,29.8,22.8,114,-1.3
2005,11,66,30,21.6,98,-1.4
2005,12,10,30.2,19.7,75,-1.7
2006,1,0,31.5,20.6,72,-1.7
2006,2,0,32,21.6,62,-1.8
2006,3,29,32.8,23,76,-0.8
2006,4,26,33.4,25.2,64,-1.9
2006,5,163,32.5,24.8,154,-1.8
2006,6,810,29.6,23.6,126,-1.6
2006,7,1298,28.4,23.1,109,-1.4
2006,8,846,28.7,23.3,121,-1.3
2006,9,724,29.3,23.2,111,1.3
2006,10,352,29.9,22.9,121,2.2
2006,11,53,30.6,22.2,88,1.6
2006,12,0,30.4,20,77,0.6
2007,1,0,31.4,20.4,70,-1.5
2007,2,0,31.9,21.4,58,-1.8
2007,3,2,33.4,23.6,58,-2.1
2007,4,108,33.8,25.6,115,-1
2007,5,307,33.2,25.5,157,2.2
2007,6,553,30,23.9,121,1.9
2007,7,1190,28.3,23.1,104,1.7
2007,8,1241,28.5,23,111,1.6
2007,9,878,28.9,22.7,107,3.3
2007,10,292,29.7,22.6,112,3.4
2007,11,94,30.1,21.6,110,3.5
2007,12,10,30.7,20.2,81,2.9
2008,1,0,30.9,19.9,74,2.6
2008,2,10,31.9,21.4,64,2.7
2008,3,35,32.6,22.8,76,3.9
2008,4,130,33,24.8,133,5.2
2008,5,46,32.3,24.6,75,3.6
2008,6,587,29.3,23.2,114,3.2
2008,7,1847,28.1,22.9,108,2.9
2008,8,1059,28.5,23,116,2.6
2008,9,559,29.3,23.2,115,3
2008,10,446,30.3,23.3,123,4.7
2008,11,27,30.2,21.8,84,3.1
2008,12,16,30.9,20.4,78,2.3
2009,1,0,31.3,20.3,69,1.5
2009,2,0,32.4,22,58,0.8
2009,3,9,32.9,23.1,60,-2.2
2009,4,34,33.3,25.1,64,-2.9
2009,5,89,32.6,25,99,-3.4
2009,6,2189,29.7,23.7,118,-3.1
2009,7,1056,28.2,23,98,-2.8
2009,8,580,29.3,23.8,118,-2.5
2009,9,610,29.5,23.4,106,-1.3
2009,10,297,30,23,124,-0.8
2009,11,188,30.9,22.5,111,3.9
2009,12,28,31.3,20.8,82,4
2010,1,0,31.3,20.3,72,4.3
2010,2,1,32.1,21.7,67,4.4
2010,3,1,33.7,23.9,70,4.4
2010,4,132,33.8,25.6,135,5.6
2010,5,167,33.8,26.2,159,5
2010,6,874,29.9,23.8,117,4.5
2010,7,1629,28,22.7,99,4
2010,8,722,28.6,23.1,107,3.6
2010,9,502,29.3,23.2,114,3.7
2010,10,430,29.9,22.9,109,5.4
2010,11,177,30.6,22.1,105,7.4
2010,12,9,30.1,19.7,77,6.5
2011,1,0,30.8,19.8,76,6.3
2011,2,5,31.4,21,67,6.2
2011,3,1,33.6,23.8,67,5.7
2011,4,119,33,24.8,125,6.5
2011,5,83,32.7,25.1,102,4.9
2011,6,520,29.4,23.3,112,4.4
2011,7,1742,28.1,22.9,99,4
2011,8,1221,28.5,23.1,101,3.6
2011,9,625,28.8,22.6,107,4.1
2011,10,267,30.6,23.6,124,3.7
2011,11,52,30.8,22.4,97,2.8
2011,12,2,30.9,20.5,75,1.6
2012,1,0,31.2,20.2,67,0.9
2012,2,3,32.7,22.3,61,-1.9
2012,3,0,33.5,23.7,59,-2.5
2012,4,83,33.3,25.1,96,-1.8
2012,5,68,33,25.4,88,-2.8
2012,6,271,29.4,23.3,114,-2.5
2012,7,1034,28.3,23,101,-2.3
2012,8,930,28.4,22.9,103,-2
2012,9,302,29,22.9,110,-2.1
2012,10,157,30.2,23.2,130,-3.2
2012,11,85,30.2,21.8,102,-2.6
2012,12,6,31.4,20.9,80,-2.7
2013,1,0,32,21,74,-2.5
2013,2,3,32.8,22.4,60,-2.3
2013,3,5,33.7,23.9,64,-2.1
2013,4,19,34.2,26,59,-3.3
2013,5,160,33.2,25.6,155,-3.2
2013,6,882,28.8,22.7,102,-2.9
2013,7,2025,27.7,22.5,93,-2.6
2013,8,573,28.3,22.9,112,-2.3
2013,9,438,29.2,23.1,109,-1.9
2013,10,194,29.8,22.8,115,-2.4
2013,11,77,30.4,22,102,-2.1
2013,12,4,30.4,19.9,78,-2.4
2014,1,0,32,21,72,-2.4
2014,2,0,32.1,21.7,59,-2.4
2014,3,3,33.9,24,64,-2.5
2014,4,60,33.8,25.6,84,-2.6
2014,5,88,33.7,26.1,101,-3.3
2014,6,625,30.7,24.6,138,-2.9
2014,7,2190,28.4,23.2,103,-2.6
2014,8,1205,29.1,23.7,112,-2.4
2014,9,787,29.3,23.2,113,-0.6
2014,10,496,30.3,23.3,125,4
2014,11,59,29.9,21.5,96,3.2
2014,12,12,30.8,20.4,73,2.5
2015,1,1,30.8,19.8,68,2.2
2015,2,0,32.3,21.9,62,1.8
2015,3,20,33.4,23.6,71,2.3
2015,4,107,33.5,25.3,116,3.1
2015,5,200,33.8,26.2,157,3
2015,6,482,30.4,24.3,120,2.7
2015,7,1412,28.9,23.7,117,2.5
2015,8,608,29.6,24.2,123,2.2
2015,9,326,30.6,24.5,132,1.7
2015,10,262,31.3,24.3,129,1.4
2015,11,142,31.2,22.8,114,2.9
2015,12,4,32.1,21.6,79,2.2
2016,1,1,31.9,20.9,75,2.4
2016,2,0,32.1,22.8,63,2.3
2016,3,9,33.6,25.1,71,2.2
2016,4,33,32.9,26.7,70,-1.5
2016,5,109,32.9,26.3,117,-1.4
2016,6,828,29.5,23.5,119,-1.2
2016,7,1988,28.1,23.1,107,-1.1
2016,8,605,28.5,23,114,-1
2016,9,175,29.1,23.3,118,-1.5
2016,10,115,30.4,23.2,119,-3.5
2016,11,19,32.1,21.9,87,-4.8
2016,12,35,31.8,20.2,86,-5.7
2017,1,0,32,21.5,67,-6.6
2017,2,0,32.6,22.1,58,-7.2
2017,3,12,32.2,23.7,60,-8.1
2017,4,53,32.1,26.3,76,-8.6
2017,5,137,32.3,26.1,134,-8.4
2017,6,387,29.4,23.7,112,-7.5
2017,7,1221,28.1,23.1,104,-6.7
2017,8,1125,28.6,23.2,111,-6
2017,9,680,29.8,23.8,116,-5.4
2017,10,359,30.1,23.7,116,-6.3
2017,11,33,31.3,23.2,90,-6.8
2017,12,16,30.5,20.8,79,-7
2018,1,0,31.4,22,69,-7
2018,2,3,31.8,22.4,60,-6.8
2018,3,9,31.7,24.7,59,-5.7
2018,4,88,31.4,26.6,99,-1.6
2018,5,176,31.6,26.6,142,6.9
2018,6,627,29.4,24,111,6.2
2018,7,1746,28.2,23.7,110,5.5
2018,8,999,28.2,23.2,112,5
2018,9,228,30.8,23.5,145,3.5
2018,10,219,31.4,24.5,130,2.9
2018,11,31,32.2,24.1,92,1.7
2018,12,14,30.3,22.2,72,2.7
2019,1,0,30.3,19.3,69,-3.2
2019,2,1,32,21.6,58,-3.4
2019,3,3,33.3,23.4,60,-3.7
2019,4,51,34.2,26,78,-4
2019,5,71,34.5,26.9,87,-5
2019,6,685,31.2,25.1,135,-4.4
2019,7,1563,28.6,23.4,103,-4
2019,8,1432,28.6,23.1,97,-3.6
2019,9,522,29.9,23.8,113,-2.8
2019,10,558,30.4,23.4,109,3.7
2019,11,59,31.8,23.3,99,2.9
2019,12,62,31.7,21.2,94,4.1
