Product: Historical Climate - TerraClimate(http://www.climatologylab.org/terraclimate.html) 
Location (Lat/Lon of 4-km Grid Cell Center): 11.9375 North,76.9375 East 
Data Source: NW Climate Toolbox(https://climatetoolbox.org/tool/point-data-download)
Download Date: 07/25/2020
Variable List: 
ppt: ppt (Precipitation)
tmax: tmax (Maximum Temperature)
tmin: tmin (Minimum Temperature)
aet: aet (Actual Evapotranspiration)
PDSI: pdsi (Palmer Drought Severity Index (PDSI))
********************************************************
Year,Month,ppt(mm),tmax(degC),tmin(degC),aet(mm),PDSI(unitless)
1958,1,9,29,17.7,12,0.1
1958,2,2,31.2,19.7,5,-0.1
1958,3,17,33.6,21.2,18,0.4
1958,4,91,33.3,22.2,88,1.4
1958,5,189,31.3,21.5,152,2.3
1958,6,24,29.4,21.1,37,2.4
1958,7,48,27.1,20.4,52,2.5
1958,8,64,27.2,20,65,3
1958,9,64,29,19.7,63,2.3
1958,10,132,28,20.3,112,1.9
1958,11,114,27.9,19.3,105,2.6
1958,12,3,27.9,17.1,12,2.2
1959,1,0,29.5,17.7,4,1.6
1959,2,4,31.8,19,6,1.4
1959,3,0,34.4,19.8,2,0.9
1959,4,54,33.7,21.9,53,0.8
1959,5,103,32.5,21.7,99,-1.2
1959,6,72,27.9,20.5,69,1
1959,7,52,26.4,20.1,50,1.3
1959,8,33,28.2,19.8,32,0.9
1959,9,107,28.7,20.1,102,1.5
1959,10,130,28.5,20.5,118,1
1959,11,67,27.7,19,66,0.7
1959,12,17,27.6,17,18,-0.5
1960,1,1,29,17.8,2,-1.1
1960,2,0,30.7,18.7,1,-1.3
1960,3,12,33.6,20.4,12,-1.1
1960,4,72,33.3,21.8,69,0.4
1960,5,140,32.4,21.2,133,-0.1
1960,6,14,29,20.6,14,-0.7
1960,7,78,27,20.6,74,1.1
1960,8,25,28.5,20.3,24,-0.5
1960,9,77,27.8,19.9,74,0
1960,10,148,28.5,19.9,119,-0.5
1960,11,115,27.6,18.7,108,0.5
1960,12,3,27.8,17,12,0.3
1961,1,22,28.3,18.2,25,0.9
1961,2,8,30.8,19.3,10,1
1961,3,2,34.8,21.1,4,-0.3
1961,4,90,34.2,22.1,86,0.8
1961,5,182,31.4,21.5,161,1.5
1961,6,62,27.8,20,63,2.6
1961,7,81,26.3,19.8,80,3.6
1961,8,42,27.4,20,42,3.2
1961,9,43,28.7,19.4,42,1.9
1961,10,235,28.7,19.7,116,3
1961,11,28,27.7,18.6,73,2.7
1961,12,8,27.3,17.1,16,1.9
1962,1,12,28.2,17.2,15,2
1962,2,18,30.6,19,20,2.5
1962,3,8,33.4,20,9,2.3
1962,4,100,32.9,21.5,96,3.2
1962,5,196,31.4,21,152,4
1962,6,29,29.4,20.3,46,4.2
1962,7,35,27.2,20.4,40,3.7
1962,8,54,27.5,20.1,55,3.8
1962,9,77,28.3,19.8,75,3.4
1962,10,272,27.5,20.5,110,5
1962,11,15,27.9,18.1,60,4.2
1962,12,52,27.7,16.9,58,4.2
1963,1,17,27.6,17.6,20,4.2
1963,2,2,30.8,17.9,4,3.7
1963,3,9,33.1,20.3,11,3.4
1963,4,74,32.9,21.1,71,3.5
1963,5,78,32.6,21.3,75,2.3
1963,6,19,28.7,20.6,19,1.5
1963,7,39,27.7,20.4,38,1.2
1963,8,52,28,20,50,1.4
1963,9,72,29.3,20,69,1.1
1963,10,205,28.7,20,115,1.8
1963,11,38,27.6,19.3,82,1.7
1963,12,43,27.7,17.3,50,2
1964,1,0,29.5,16.4,4,1.7
1964,2,0,32.1,18.6,3,1.3
1964,3,3,34.2,20.8,5,1
1964,4,34,34.7,22.2,33,-0.6
1964,5,171,33.3,22.1,163,0.5
1964,6,28,29.7,20.4,28,0.4
1964,7,105,27.4,20.2,100,2.2
1964,8,77,27.6,19.6,74,3.2
1964,9,94,28.3,19.2,90,3.3
1964,10,187,29.1,19.6,117,3.5
1964,11,146,27.2,17.9,108,5.1
1964,12,9,27.7,16.1,55,5.8
1965,1,4,28.9,16.7,12,5.1
1965,2,0,30.6,18.9,4,4.4
1965,3,4,33.4,20.2,6,3.7
1965,4,42,33,21.3,42,3.1
1965,5,67,32.2,21.3,65,1.6
1965,6,14,29.5,20.1,15,0.8
1965,7,21,28.2,19.7,21,-2.7
1965,8,57,27.7,19.7,54,-2
1965,9,47,29.4,20,45,-2.5
1965,10,54,29.4,20.5,52,-4
1965,11,34,28.3,19.5,33,-4.8
1965,12,38,27.4,17.9,36,-4.3
1966,1,10,29,18.3,10,-3.8
1966,2,0,31.9,19.4,0,-3.7
1966,3,5,34.2,21,5,-3.5
1966,4,54,34.2,21.9,51,-3.3
1966,5,99,32.7,21.2,94,-3.6
1966,6,22,29.3,20.1,21,-3.7
1966,7,43,27.5,20.5,41,-3.2
1966,8,26,28.7,20.3,25,-3.3
1966,9,119,28.6,19.9,113,-2
1966,10,210,28.4,19.8,120,-1
1966,11,149,28.1,19,106,3.8
1966,12,22,27.6,17.3,67,5
1967,1,28,28.9,16.8,35,5.5
1967,2,0,31.5,17.4,4,4.7
1967,3,6,33.6,19.9,8,4.2
1967,4,26,34.4,21.6,26,3
1967,5,70,32.5,21.7,68,1.7
1967,6,49,28.8,20.6,48,1.8
1967,7,59,27.1,19.5,57,2.2
1967,8,24,27.8,19.3,23,1.4
1967,9,18,28.6,19.6,18,-2.5
1967,10,91,27.6,19.7,87,-3.2
1967,11,39,27.3,17.4,38,-3.8
1967,12,31,27.7,17.7,30,-3.5
1968,1,0,28.7,17.1,0,-3.5
1968,2,20,31.3,18.3,20,-2.4
1968,3,19,33.1,20.4,18,-1.7
1968,4,67,32.9,21.2,64,-1.2
1968,5,120,32.5,21.5,114,-1.3
1968,6,30,28.9,20.6,29,-1.4
1968,7,25,26.7,20.1,24,-1.8
1968,8,28,28.5,20,26,-2.1
1968,9,94,28.6,19.9,90,-1.5
1968,10,100,28.7,19.7,95,-2.1
1968,11,41,27.4,19.1,39,-2.8
1968,12,9,27.6,17.2,8,-3.2
1969,1,1,28.8,17,1,-3.2
1969,2,1,31.5,18.7,1,-3.1
1969,3,2,34.6,20.8,3,-3
1969,4,49,34.4,22.1,47,-2.9
1969,5,112,32.7,21.6,107,-2.9
1969,6,15,29.6,20.7,14,-3.2
1969,7,33,27.5,20.2,32,-3.2
1969,8,68,28.1,20.2,65,-2
1969,9,34,29.1,19.6,33,-3
1969,10,171,28.3,19.9,113,-2.4
1969,11,72,28.2,18.9,88,-1.8
1969,12,44,26.8,17.8,53,-1.1
1970,1,10,28.8,17.7,15,-0.7
1970,2,10,31.4,18.9,13,1.5
1970,3,12,34,20.6,13,1.5
1970,4,64,33.6,22.5,63,1.7
1970,5,148,31.8,21.6,142,1.9
1970,6,16,28.5,20.4,16,1.1
1970,7,30,27.5,20.1,29,0.6
1970,8,34,27.4,19.7,33,-1.1
1970,9,44,28.6,19.5,42,-1.8
1970,10,262,28.2,20,117,1.7
1970,11,48,26.8,19.3,84,2
1970,12,1,27.3,15.5,14,1.6
1971,1,3,28.4,17.5,9,1.5
1971,2,1,31.3,18.1,4,1.2
1971,3,7,33.2,19.9,8,1.1
1971,4,54,34,21.3,53,1
1971,5,150,32,21.2,144,1.2
1971,6,19,27.3,19.9,19,0.6
1971,7,18,27.2,19.9,18,-1.3
1971,8,85,27.6,19.3,81,1.4
1971,9,121,28.4,19.7,116,2.3
1971,10,164,28.2,19.4,116,2.3
1971,11,23,27.6,17.6,43,1.3
1971,12,29,26.2,16.4,34,1.2
1972,1,0,28.3,16,4,0.8
1972,2,1,31.3,17.9,3,0.6
1972,3,0,34,18.7,2,-1.1
1972,4,29,34,21.7,29,-1.6
1972,5,236,31.3,21.1,145,1.9
1972,6,43,30.2,20.9,87,3.9
1972,7,31,28.1,20.1,38,3.3
1972,8,20,29,19.9,23,2.3
1972,9,111,29.3,20.7,108,2.8
1972,10,176,28.5,20.3,111,3
1972,11,38,28.2,18.9,78,2.6
1972,12,93,27.8,18.2,97,4
1973,1,0,30.3,16.5,4,3.5
1973,2,0,32.6,19,3,3
1973,3,0,34.6,20.4,2,2.4
1973,4,61,34.8,22.6,59,2.3
1973,5,118,33.5,21.7,114,1.9
1973,6,28,29.2,20.8,28,1.4
1973,7,50,27.6,20.8,48,1.5
1973,8,49,27.3,19.6,48,1.7
1973,9,51,29,19.9,49,0.8
1973,10,145,28.4,20.3,116,0.6
1973,11,32,28,18.5,38,-1.4
1973,12,21,26.9,16.9,24,-1.6
1974,1,0,28.8,16.3,3,-1.7
1974,2,0,31.9,17.3,2,-1.8
1974,3,0,34.3,20,2,-2
1974,4,57,34.4,22,55,-1.7
1974,5,98,32.2,20.7,94,-2
1974,6,20,29.3,20.1,19,-2.3
1974,7,42,27.9,19.8,40,-2.1
1974,8,31,28.1,19.6,30,-2.2
1974,9,127,28.3,19.5,121,-0.9
1974,10,111,28.8,19.2,106,-1.3
1974,11,18,28.2,17.8,17,-2.6
1974,12,1,28.2,15.8,1,-3.2
1975,1,1,29.1,16.4,2,-3.2
1975,2,3,32.1,18.9,3,-3
1975,3,26,33.5,20.5,25,-2
1975,4,23,34.6,21.7,22,-2.6
1975,5,213,32.5,21.3,162,-1
1975,6,34,28.2,20.2,52,1.9
1975,7,68,27.2,19.4,72,2.7
1975,8,49,27.3,20,51,2.7
1975,9,104,28,19.3,101,3.2
1975,10,146,28,19.7,122,2.8
1975,11,65,26.9,18.1,71,2.4
1975,12,2,27.2,15.8,6,1.4
1976,1,0,28.5,16.7,3,0.9
1976,2,0,31.3,18.1,2,-1.3
1976,3,1,34.3,19.5,2,-1.5
1976,4,114,33.6,21.3,110,1.4
1976,5,71,33,21.6,68,-1
1976,6,9,30,20.4,10,-1.7
1976,7,25,28,20,25,-2
1976,8,45,28,19.6,43,-1.7
1976,9,41,29,20.1,40,-2.3
1976,10,108,29,20.4,103,-2.7
1976,11,113,27.2,19.9,108,-1.9
1976,12,4,28,17.4,4,-2.4
1977,1,0,29.8,16.2,0,-2.5
1977,2,4,31.5,19,4,-2.3
1977,3,12,34.4,20.6,11,-2
1977,4,96,33.8,22.4,92,-0.8
1977,5,161,31.4,21.3,153,1.4
1977,6,39,29,20.7,38,1.4
1977,7,28,28,20.2,27,0.8
1977,8,39,28.6,19.8,37,-0.1
1977,9,88,29.6,20.1,83,0.1
1977,10,250,27.6,20.4,117,1.6
1977,11,117,27.8,19.8,106,3.2
1977,12,0,27.9,17,47,3.9
1978,1,4,29.3,17.4,12,3.4
1978,2,7,31.2,19.3,11,3.2
1978,3,2,33.9,20.6,4,2.6
1978,4,42,34,22.7,42,2.1
1978,5,166,32.5,21.6,152,2.5
1978,6,25,28.3,20.3,27,2.4
1978,7,57,27,20,56,2.7
1978,8,29,27.3,20.2,29,2
1978,9,61,28.7,19.9,59,1.4
1978,10,120,28.7,20.5,114,0.9
1978,11,159,28.2,19.2,106,2.3
1978,12,28,26.8,18.9,54,2.9
1979,1,0,29,18.5,8,2.5
1979,2,31,31.2,20.2,33,3.7
1979,3,8,33.5,21.3,10,3.3
1979,4,61,34.3,22.9,60,3.2
1979,5,94,32.4,22.2,91,2.2
1979,6,47,29.1,21.4,46,2.2
1979,7,34,27.2,20.4,33,1.7
1979,8,43,28.2,20.5,42,1.4
1979,9,109,28.2,20.5,104,2.1
1979,10,133,29,20.3,126,1.5
1979,11,155,27,20.2,96,2.9
1979,12,3,27.8,18.5,33,3
1980,1,0,29.6,17.1,8,2.6
1980,2,0,31.9,19.2,4,2.1
1980,3,7,33.9,21.3,9,1.9
1980,4,53,34,23,53,1.7
1980,5,178,33.5,22.7,162,2.2
1980,6,29,28.7,20.8,31,2.3
1980,7,34,28.1,20.3,34,1.8
1980,8,26,28.1,19.9,26,1.1
1980,9,79,29.5,20.4,76,0.8
1980,10,133,29,20.6,122,-1.1
1980,11,66,28.3,19.5,65,-1.2
1980,12,6,28.2,17.8,7,-1.8
1981,1,4,28.6,18.3,5,-1.8
1981,2,0,31.7,18.9,1,-1.9
1981,3,33,34.1,21,32,-0.6
1981,4,46,34.1,22.7,44,-0.8
1981,5,150,32.7,22.2,143,0.2
1981,6,22,28.1,20.8,22,-0.4
1981,7,46,28.1,20.7,44,0
1981,8,45,28.2,19.8,43,0
1981,9,122,28.2,20.3,116,1.4
1981,10,141,28.3,21,109,1.3
1981,11,39,27.7,19.2,46,0.6
1981,12,12,27.3,17.5,16,-1.1
1982,1,0,29.1,17.2,3,-1.3
1982,2,0,31.7,19,2,-1.4
1982,3,3,34.1,21.1,4,-1.5
1982,4,37,34.2,22.6,36,-1.8
1982,5,99,32.3,22.4,95,-2
1982,6,31,29,20.8,31,-2
1982,7,20,28.2,20.4,20,-2.5
1982,8,30,28.7,20.3,29,-2.7
1982,9,40,29.8,20.2,38,-3.6
1982,10,101,29.6,20.7,97,-4.1
1982,11,67,27.6,20.1,64,-4
1982,12,3,27.7,17.7,3,-4.5
1983,1,0,29.4,17.5,0,-4.4
1983,2,0,32.7,20,0,-4.2
1983,3,0,35.3,21.6,0,-4.2
1983,4,4,34.9,22.4,4,-5
1983,5,121,33.3,22.8,115,-4.7
1983,6,49,30.4,21.6,47,-4
1983,7,44,28.6,21,42,-3.5
1983,8,52,28.1,20.5,49,-2.8
1983,9,83,28.7,19.8,79,-2.3
1983,10,95,29.2,20.3,91,-3
1983,11,35,28.3,18.2,33,-3.8
1983,12,58,28.5,18.1,55,-2.8
1984,1,5,27.8,19.3,5,-2.6
1984,2,21,31.6,18.5,20,-1.6
1984,3,37,32.3,21.4,36,2.3
1984,4,63,33.2,22.2,60,2.4
1984,5,69,33.7,22.2,66,0.9
1984,6,24,29,20.3,23,-1.4
1984,7,50,27.4,19.4,47,-1.1
1984,8,17,28.9,19.7,16,-1.9
1984,9,90,29.1,19.7,86,-1.5
1984,10,156,28.8,19.5,118,-1.3
1984,11,33,28,18.7,43,-1.9
1984,12,26,28.4,17.1,30,-1.9
1985,1,28,28.8,18.7,30,-0.8
1985,2,4,32.1,19.3,6,-0.8
1985,3,16,34.8,21.3,16,0.3
1985,4,35,34.5,22.9,34,-0.4
1985,5,155,33.3,21.9,149,0.6
1985,6,20,28.4,20,20,-0.4
1985,7,38,27.7,19.6,36,-0.7
1985,8,36,28.5,19.7,35,-0.9
1985,9,55,29.6,19.9,52,-1.5
1985,10,110,29,19.6,105,-2.1
1985,11,68,27.3,18.6,65,-2.2
1985,12,10,27.9,18,10,-2.6
1986,1,23,28.2,18.1,22,-1.7
1986,2,10,31.2,19.1,9,-1.4
1986,3,1,33.7,21.5,2,-1.6
1986,4,17,34.9,22.4,17,-2.4
1986,5,251,33.5,21.9,170,1.8
1986,6,28,29.5,20.9,71,2.9
1986,7,31,28.6,20.6,38,2.3
1986,8,28,28,20.1,31,1.6
1986,9,133,29.2,20.4,126,2.7
1986,10,99,29.7,20.2,97,1.7
1986,11,111,28.5,18.8,107,2
1986,12,9,27.7,18.7,10,1.1
1987,1,1,29.6,17.9,2,0.7
1987,2,0,31.6,18.4,1,-1.2
1987,3,10,33.9,20.8,10,-1
1987,4,44,34.3,22.7,42,-1.2
1987,5,87,33,22.3,83,-1.9
1987,6,28,30.5,20.7,27,-2
1987,7,22,29.1,21.5,21,-2.8
1987,8,42,29.2,20.1,40,-2.5
1987,9,54,30.4,20.6,52,-2.9
1987,10,208,29.1,20.5,114,-1.8
1987,11,33,28.8,19.6,77,-1.5
1987,12,52,27.5,18.7,58,-0.6
1988,1,0,29.5,17.8,4,-0.7
1988,2,0,32.8,19.5,3,-0.8
1988,3,5,34.7,22,7,-0.8
1988,4,117,33.5,22.7,112,2.4
1988,5,117,33.7,22.1,112,1.8
1988,6,23,30.1,20.5,22,1.2
1988,7,72,28.1,20.2,69,2.1
1988,8,69,28.1,20.3,66,2.8
1988,9,137,29,19.7,124,3.9
1988,10,28,29.9,20.5,28,1.6
1988,11,40,27.8,19.2,39,-2.7
1988,12,15,28.9,16.7,16,-3
1989,1,1,29.5,17.2,2,-3
1989,2,0,32.3,17.4,1,-3
1989,3,9,33.6,20.5,9,-2.7
1989,4,40,34.5,22.2,39,-2.8
1989,5,82,33.7,21.5,78,-3.5
1989,6,23,29,19.9,22,-3.4
1989,7,63,27.3,19.9,60,-2.4
1989,8,22,28.9,19.4,22,-2.7
1989,9,94,29.4,19.7,89,-2
1989,10,200,29.2,20.3,109,-1
1989,11,29,28.1,19.3,74,-1.1
1989,12,5,28.4,17.4,13,-1.5
1990,1,12,29,17.8,15,-1.1
1990,2,1,32.3,19.8,3,-1.2
1990,3,4,34.2,21.9,6,-1.2
1990,4,18,35,22.7,18,-1.9
1990,5,146,31.6,21.6,139,-1.2
1990,6,18,29.3,20.3,18,-1.3
1990,7,33,28.2,19.8,32,-1.4
1990,8,28,28.4,20,27,-1.6
1990,9,43,30,20.2,42,-2.4
1990,10,152,29.1,20.3,117,-2.1
1990,11,56,28.5,19.2,65,-2.1
1990,12,8,28.1,18,12,-2.6
1991,1,2,29.7,18.5,5,-2.5
1991,2,4,32,19.5,6,-2.3
1991,3,2,35,21.1,3,-2.4
1991,4,80,34.6,22.4,77,-1.4
1991,5,250,33.7,22.4,157,2.6
1991,6,45,28.6,20.7,89,4.7
1991,7,39,27.6,20.3,45,4.5
1991,8,44,28.2,19.9,46,4.2
1991,9,45,30.2,20.3,46,2.9
1991,10,218,28.6,20.4,116,3.7
1991,11,106,27.9,19,106,4.8
1991,12,2,28.1,17.1,42,5.3
1992,1,1,29.1,16.8,9,4.5
1992,2,0,32.6,18.3,4,3.9
1992,3,0,34.7,19.6,3,3.1
1992,4,35,34.8,21.8,35,2.4
1992,5,92,33,21.3,89,1.5
1992,6,33,29.5,20.7,33,1.3
1992,7,42,28,20.1,41,1.1
1992,8,38,28.6,19.6,37,0.9
1992,9,67,29.6,19.7,65,-1.5
1992,10,151,29.4,19.8,117,-1.4
1992,11,91,27.8,19.8,94,-0.7
1992,12,4,27.9,16.6,11,-1.2
1993,1,0,29.6,16.8,4,-1.3
1993,2,0,32.6,18.3,3,-1.4
1993,3,8,34.5,20.5,9,-1.3
1993,4,37,34.8,21.7,37,-1.5
1993,5,98,33.8,21.8,94,-1.9
1993,6,33,30.1,20.5,32,-1.8
1993,7,38,28.3,19.7,37,-1.8
1993,8,31,29.3,19.5,30,-2
1993,9,46,29.8,19.4,44,-2.7
1993,10,195,29,20,110,-1.7
1993,11,75,27.6,19.4,94,-0.7
1993,12,41,26.9,17.8,63,2.4
1994,1,0,29.9,17.5,8,2.1
1994,2,3,32.2,19,6,1.8
1994,3,8,35.1,20.2,10,1.7
1994,4,86,34.1,22.2,84,2.5
1994,5,256,33.8,21.6,157,4.2
1994,6,55,29.7,20.5,99,6.3
1994,7,31,27.7,20,37,5.6
1994,8,29,29,19.8,32,4.7
1994,9,44,30.2,19.7,45,3.2
1994,10,229,29,19.8,111,4.2
1994,11,50,27.5,18.8,87,4.2
1994,12,7,27,16.7,19,3.6
1995,1,16,29.6,17.5,21,3.9
1995,2,0,32.7,19,4,3.3
1995,3,8,34.5,20.4,10,3
1995,4,58,34.2,21.9,57,2.9
1995,5,113,32,21.2,109,2.4
1995,6,30,30.5,20.8,29,1.9
1995,7,47,28,20.3,45,1.8
1995,8,63,28.8,20.2,60,2.3
1995,9,68,29.9,20,65,1.7
1995,10,118,29.7,19.9,113,1.1
1995,11,30,28.7,19.5,29,-1.7
1995,12,0,27.9,17.5,1,-2.5
1996,1,2,30.3,17.3,2,-2.5
1996,2,1,32.8,18.4,2,-2.5
1996,3,9,35.9,19.7,9,-2.3
1996,4,70,34.4,21.6,67,-1.5
1996,5,80,34.3,21.8,76,-2.4
1996,6,45,29.2,20.4,43,-1.9
1996,7,37,27.4,20.9,36,-1.9
1996,8,56,28.3,20.2,53,-1.3
1996,9,72,28.8,20.3,69,-1.4
1996,10,121,29.4,19.4,115,-1.7
1996,11,11,28.4,19.3,11,-3
1996,12,32,28,17,30,-2.8
1997,1,5,29.6,17.5,5,-2.6
1997,2,0,32.5,18.4,0,-2.7
1997,3,13,35,20.2,12,-2.2
1997,4,57,33.2,22,54,-1.8
1997,5,64,33.5,21.9,61,-2.7
1997,6,58,30.5,21.1,56,-1.9
1997,7,27,28.5,21.1,25,-2.3
1997,8,47,29,20.4,45,-2
1997,9,78,29.9,20.2,74,-2
1997,10,254,30,20.1,130,1.3
1997,11,136,28.4,20.1,102,3.4
1997,12,29,28.6,19.3,74,4.9
1998,1,1,31,18.8,9,4.6
1998,2,6,33.9,19.6,10,4.4
1998,3,2,36.6,20.3,5,3.7
1998,4,52,34.9,22.9,51,3.4
1998,5,170,34.1,22.1,160,3.7
1998,6,13,30.8,21.3,14,3
1998,7,70,28.3,20.8,67,3.5
1998,8,77,28.7,20.5,74,4.3
1998,9,99,29.3,20.1,95,4.4
1998,10,206,29.5,20,120,4.7
1998,11,60,28.8,19.2,88,4.8
1998,12,47,27.7,18,63,5.4
1999,1,0,30.2,16.7,7,4.7
1999,2,8,32.7,18.8,11,4.4
1999,3,5,36,20.3,7,3.9
1999,4,78,34.5,21.8,76,4.1
1999,5,158,31.5,20.8,144,4.3
1999,6,23,29.2,20,25,4
1999,7,38,27.3,20.5,38,3.4
1999,8,26,28.8,20.3,26,2.5
1999,9,46,30.4,19.9,45,1.3
1999,10,238,28.8,20.4,106,2.6
1999,11,56,28.7,19,95,2.8
1999,12,9,28.8,16.6,20,2.3
2000,1,3,29.8,18.2,7,2.1
2000,2,8,31.8,19.8,10,2.2
2000,3,0,34.6,20.3,2,1.6
2000,4,76,34.8,22.1,74,2.1
2000,5,85,33,21.5,82,1.2
2000,6,21,28.6,20.7,21,0.7
2000,7,35,28.2,20.1,34,-1.2
2000,8,73,27.6,20.4,70,1.1
2000,9,98,29.3,20.5,93,1.4
2000,10,191,29.4,20.1,123,1.8
2000,11,56,29.1,19,91,1.6
2000,12,32,27.2,16.9,39,1.6
2001,1,17,30.1,18.3,20,2
2001,2,4,33,19.8,7,1.8
2001,3,1,34.6,20.8,3,1.4
2001,4,152,33.3,21.3,145,3.8
2001,5,58,32.8,21.6,56,2.2
2001,6,12,28.9,20.2,13,1.3
2001,7,48,28,20.3,46,1.3
2001,8,31,28.2,19.8,31,0.8
2001,9,73,29.6,20.3,70,-1.7
2001,10,171,29,20.2,113,-1.2
2001,11,37,28.2,19.4,64,-1.3
2001,12,8,27.9,17.6,15,-1.8
2002,1,1,30,18.2,5,-1.8
2002,2,0,32.2,19,3,-1.8
2002,3,2,34.8,21.1,3,-1.9
2002,4,14,34.6,22.6,15,-2.6
2002,5,142,33.3,22.1,136,-2.1
2002,6,37,29.6,20.9,36,-1.9
2002,7,20,28.8,21.1,19,-2.5
2002,8,25,28.5,20.2,25,-2.8
2002,9,39,30,20.7,37,-3.6
2002,10,267,29.2,20.3,118,-1.5
2002,11,58,28.5,19.6,91,-0.8
2002,12,3,28.4,18.1,18,-0.9
2003,1,0,30.4,18.6,6,-0.9
2003,2,4,33.3,20.2,7,-0.8
2003,3,3,34.7,21,5,-0.9
2003,4,111,34.4,22.4,107,2.5
2003,5,22,34.1,22.9,23,-1.9
2003,6,25,30.3,21.6,24,-2
2003,7,44,28.7,21,43,-1.8
2003,8,38,29.2,20.8,37,-1.8
2003,9,38,30,20.8,37,-2.8
2003,10,186,29,20.2,109,-1.9
2003,11,42,28.3,19.5,86,-1.8
2003,12,2,28.5,18.2,10,-2.3
2004,1,8,30.1,18.3,11,-1.9
2004,2,1,32.5,19.3,4,-1.8
2004,3,2,35.2,21.5,4,-1.9
2004,4,65,34.5,22.5,63,-1.2
2004,5,197,31,19.8,137,1.8
2004,6,24,29.1,20.4,56,2.6
2004,7,68,28.2,20.6,73,3.2
2004,8,30,28.6,20.2,32,2.5
2004,9,94,29.3,20,92,2.7
2004,10,178,28.6,19.8,117,2.8
2004,11,43,27.7,18.8,78,2.4
2004,12,1,28.1,17.8,9,1.4
2005,1,13,30.3,18.5,16,1.6
2005,2,3,32.7,19.5,6,1.4
2005,3,4,34.7,21,6,1.1
2005,4,80,33.5,21.5,77,1.8
2005,5,105,33.4,22.3,101,1.2
2005,6,25,29.8,21.1,24,0.7
2005,7,55,28.2,20.6,53,1
2005,8,44,28.9,20.5,42,0.9
2005,9,80,29.2,20,77,0.8
2005,10,167,28.8,20,104,1.1
2005,11,76,27.3,18.4,92,1.5
2005,12,15,27.9,17.6,32,1.4
2006,1,2,29.7,17.9,8,1.2
2006,2,0,31.6,18.5,4,0.9
2006,3,38,34,20.3,39,2.2
2006,4,35,34.2,22.2,35,1.6
2006,5,128,32.3,21.2,123,1.4
2006,6,36,29.6,20.8,35,1.3
2006,7,32,28.4,20.7,31,0.7
2006,8,31,29,20.6,30,-1.1
2006,9,112,29.5,20.3,107,0.8
2006,10,158,29.3,20.5,119,0.8
2006,11,50,28.3,19.4,62,0.6
2006,12,0,27.8,17.4,6,-0.8
2007,1,0,29.8,18,4,-1.1
2007,2,1,32.1,19,4,-1.2
2007,3,2,34.9,21.1,4,-1.3
2007,4,114,34.2,22.2,109,1.6
2007,5,238,33.3,22.1,155,3.2
2007,6,14,29.8,21.1,60,4.1
2007,7,51,28.3,20.6,57,4.1
2007,8,61,28.6,20.2,62,4.4
2007,9,141,29.4,20.1,122,5.5
2007,10,191,29,20.2,109,6
2007,11,50,28,19.1,90,5.7
2007,12,20,28,17.7,29,5.2
2008,1,1,29.5,17.7,6,4.6
2008,2,16,32.6,19.4,18,4.8
2008,3,46,33,19.2,46,6
2008,4,66,33.9,21.9,64,5.8
2008,5,56,32.8,21.6,54,4.1
2008,6,29,29.4,20.7,28,3.5
2008,7,71,28.5,20.8,68,4
2008,8,69,28.8,20.4,66,4.5
2008,9,84,29.4,20.2,80,4.1
2008,10,285,28.9,20.1,110,5.9
2008,11,47,28.2,19.4,87,5.6
2008,12,3,28.3,18,14,4.8
2009,1,0,29.7,17.9,5,4.2
2009,2,0,32.9,19.8,3,3.6
2009,3,15,34.4,20.6,16,3.6
2009,4,41,34.4,22.4,40,2.9
2009,5,112,33.2,22,108,2.4
2009,6,73,30,21.3,70,3.1
2009,7,22,28,20.3,21,2.2
2009,8,39,29.5,21.2,37,1.8
2009,9,114,29.6,20.4,109,2.5
2009,10,70,29.4,20.6,67,0.9
2009,11,115,28.8,19.9,100,1.5
2009,12,30,29,18.7,31,1.7
2010,1,2,30.5,18.7,3,1.2
2010,2,1,33,19.8,3,0.9
2010,3,2,35.6,21.8,3,-0.3
2010,4,111,35,23,106,1.5
2010,5,153,33.8,22.6,146,1.7
2010,6,21,29.9,21.2,21,1.1
2010,7,53,27.9,20.3,51,1.4
2010,8,35,28.8,20.4,34,1.1
2010,9,92,29.7,20.5,88,1.3
2010,10,213,29,20.1,109,2.2
2010,11,128,28.2,19.3,96,4
2010,12,12,27.7,17.4,58,5
2011,1,1,29.7,17.9,9,4.4
2011,2,20,31.5,18.4,23,4.7
2011,3,1,34.6,20.8,3,3.9
2011,4,82,33.4,21.4,80,4.4
2011,5,97,32.9,21.7,93,3.5
2011,6,20,29.3,20.6,20,2.7
2011,7,45,28.2,20.6,43,2.5
2011,8,65,28.6,20.3,62,3.1
2011,9,94,29.3,20.1,90,3.1
2011,10,158,29.4,20.5,110,3
2011,11,58,28,19.2,77,2.6
2011,12,9,28.1,17.7,16,1.8
2012,1,1,29.6,17.8,4,1.4
2012,2,5,32.7,19.6,7,1.3
2012,3,1,35.2,21.5,2,0.8
2012,4,46,34.3,22.3,45,0.7
2012,5,86,33,21.9,83,-1.6
2012,6,8,29.9,21.2,9,-2.2
2012,7,28,28.7,21.1,27,-2.5
2012,8,49,28.8,20.4,47,-2
2012,9,50,29.8,20.5,48,-2.5
2012,10,100,29.1,20.3,95,-3.1
2012,11,92,28.8,20,87,-2.8
2012,12,14,29.5,19.2,14,-3.1
2013,1,0,31,19.2,1,-3.2
2013,2,6,32.9,19.8,6,-2.9
2013,3,10,35.1,21.3,10,-2.5
2013,4,15,35.3,23.3,14,-3.2
2013,5,155,33.5,22.3,148,-2.5
2013,6,36,28.8,20,34,-2.2
2013,7,60,27.7,20,57,-1.4
2013,8,30,28.9,20.5,29,-1.7
2013,9,88,29.3,20.1,84,-1.3
2013,10,106,29.4,20.6,101,-1.9
2013,11,101,28.8,19.9,96,-1.5
2013,12,5,28.4,18.1,5,-2.1
2014,1,1,31.9,20.1,1,-2.3
2014,2,1,32.5,19.3,1,-2.3
2014,3,2,35,21.2,2,-2.4
2014,4,37,35.2,23.1,36,-2.6
2014,5,77,33.5,22.3,74,-3.2
2014,6,37,30.8,22.1,35,-3
2014,7,52,28.4,20.8,49,-2.5
2014,8,49,29,20.6,46,-2
2014,9,161,29.6,20.4,125,2.3
2014,10,298,29.2,20.4,112,4.9
2014,11,38,28.1,19.2,82,4.6
2014,12,4,28.9,18.6,12,3.7
2015,1,11,30,18.2,15,3.6
2015,2,0,32.5,19.3,3,3.1
2015,3,24,34.5,20.8,25,3.5
2015,4,98,33.6,21.6,95,4.5
2015,5,230,32.8,21.7,141,5.8
2015,6,21,29.9,21.2,66,6.9
2015,7,42,29.3,21.6,48,6.1
2015,8,35,29.9,21.5,37,5.2
2015,9,81,30.7,21.5,80,4.6
2015,10,137,30.3,21.5,130,3.7
2015,11,184,28.4,19.5,101,5.5
2015,12,8,29.4,19,54,6.1
2016,1,6,30,18.6,14,5.3
2016,2,0,33.6,20.2,4,4.6
2016,3,13,35.9,22.4,15,3.8
2016,4,21,35.8,24.2,22,2.6
2016,5,117,34.2,23.4,112,1.9
2016,6,40,28.6,20.4,39,1.5
2016,7,59,27.5,20.8,57,1.2
2016,8,22,29.3,20.5,21,-2.7
2016,9,22,30,20.5,22,-4.2
2016,10,19,31,21.2,18,-5.8
2016,11,5,31.9,19.9,5,-7.2
2016,12,42,29.4,17.8,41,-6.9
2017,1,1,30.2,19.2,1,-6.6
2017,2,0,33.6,18.4,0,-6.2
2017,3,21,33.7,21,21,-5.7
2017,4,43,35.1,23.8,41,-5.8
2017,5,146,32.5,22.6,139,-5.5
2017,6,15,28.6,20.6,15,-5.5
2017,7,31,28.3,20.8,30,-6.1
2017,8,77,28,20.3,74,-5.1
2017,9,159,28.3,20.4,110,-3.8
2017,10,233,28.2,20.8,105,-4.1
2017,11,37,28,20.1,81,-5
2017,12,16,27.3,17.6,23,-5.1
2018,1,0,29.7,18.1,5,-4.8
2018,2,5,31.6,17.9,7,-4.3
2018,3,18,33.3,20.1,19,-3
2018,4,66,34.9,22.6,64,-2.7
2018,5,156,31.8,22.3,136,4.4
2018,6,24,27.4,20.5,29,7
2018,7,48,26.5,20.6,48,8.4
2018,8,54,27.4,19.9,53,8.7
2018,9,50,29.8,19.6,49,7.4
2018,10,145,29.2,20,117,6.8
2018,11,30,29.3,19.6,39,5.6
2018,12,10,28.4,18.7,14,5.1
2019,1,3,29.1,17.3,6,-1.9
2019,2,1,33,19.9,3,-1.9
2019,3,0,35.5,21.7,2,-2.1
2019,4,47,34.9,22.8,46,-2.1
2019,5,98,33.8,22.7,94,-2.5
2019,6,27,31.1,22.4,26,-2.5
2019,7,30,29.4,21.8,29,-2.8
2019,8,56,29.2,20.9,54,-2
2019,9,74,30.4,21.1,71,-1.8
2019,10,302,29.6,20.8,106,2.8
2019,11,66,29.5,20.7,93,3.3
2019,12,23,28.7,18.3,41,3.6
