Product: Historical Climate - TerraClimate(http://www.climatologylab.org/terraclimate.html) 
Location (Lat/Lon of 4-km Grid Cell Center): 9.2708 North,76.9792 East 
Data Source: NW Climate Toolbox(https://climatetoolbox.org/tool/point-data-download)
Download Date: 07/24/2020
Variable List: 
ppt: ppt (Precipitation)
tmax: tmax (Maximum Temperature)
tmin: tmin (Minimum Temperature)
aet: aet (Actual Evapotranspiration)
PDSI: pdsi (Palmer Drought Severity Index (PDSI))
********************************************************
Year,Month,ppt(mm),tmax(degC),tmin(degC),aet(mm),PDSI(unitless)
1958,1,64,28.2,19.7,96,0.6
1958,2,66,28.8,21.1,92,1
1958,3,191,30.2,22,150,1.9
1958,4,172,29.2,21.9,122,2.3
1958,5,313,28.3,21.9,118,3.8
1958,6,282,27.4,21.2,106,3.7
1958,7,203,26.1,20.8,102,2.4
1958,8,340,25.8,20.4,100,3.1
1958,9,41,27.5,20.4,84,1.9
1958,10,223,26.9,21,110,1
1958,11,165,27.1,20.7,93,0.9
1958,12,15,27.7,19.5,77,-2
1959,1,9,28.7,19.7,73,-2.6
1959,2,69,29.5,20.5,91,-2.2
1959,3,33,31,20.6,80,-2.8
1959,4,165,29.6,21.6,138,-2.4
1959,5,218,29.2,21.8,120,-1.7
1959,6,372,26.4,21,102,-1.2
1959,7,521,25.4,20.3,100,-0.6
1959,8,195,26.9,20.3,101,-0.9
1959,9,196,27.1,20.6,110,-0.7
1959,10,204,27.3,21.2,103,-1
1959,11,182,27.1,20.6,98,-0.9
1959,12,70,27.1,19.2,92,-1
1960,1,37,28.1,19.6,88,-1
1960,2,27,28.5,20.3,76,-1.1
1960,3,76,30,21,104,-1.2
1960,4,248,29,21.3,128,1.1
1960,5,300,28.2,20.4,121,2.4
1960,6,191,27.4,21,103,2
1960,7,639,25.6,20.5,100,2.8
1960,8,187,26.9,20.5,101,2.1
1960,9,213,26.2,20.3,106,2.1
1960,10,225,27.2,20.5,109,1.7
1960,11,427,26.5,19.9,90,3.3
1960,12,30,27.5,19.2,79,2.3
1961,1,123,27.4,20.1,120,3
1961,2,94,28.4,20.7,106,3.5
1961,3,28,30.9,21.5,99,2.7
1961,4,126,30,21.7,129,2.2
1961,5,288,28.4,21.9,122,3
1961,6,636,26.2,20.5,104,4.7
1961,7,612,25.2,20,103,5.1
1961,8,281,26,20.4,105,4.9
1961,9,133,27.1,20,116,4
1961,10,205,27.6,20.5,109,3.2
1961,11,112,27.3,20.5,104,2.4
1961,12,52,27,19.5,92,1.7
1962,1,144,27.5,19.4,126,2.7
1962,2,95,28.4,20.6,112,3.4
1962,3,94,29.9,20.9,126,3.2
1962,4,139,28.9,21.3,134,3
1962,5,227,28.4,21.5,126,3.4
1962,6,230,27.9,20.8,116,3
1962,7,523,25.9,20.4,111,3.1
1962,8,293,26.3,20.7,110,3.2
1962,9,249,26.7,20.4,110,3.4
1962,10,375,26.2,21,103,3.8
1962,11,46,27.6,20.1,84,2.5
1962,12,72,27.5,19.4,95,1.8
1963,1,156,26.9,19.6,121,2.8
1963,2,52,28.8,19.7,96,2.9
1963,3,175,29.6,21,149,3.4
1963,4,118,29.1,21.1,124,3
1963,5,85,29.6,21.8,107,2.3
1963,6,336,27.4,21.3,110,2
1963,7,521,26.3,20.4,113,2.2
1963,8,231,26.8,20.6,112,1.9
1963,9,180,27.6,20.4,113,1.6
1963,10,234,27.5,20.7,107,1.3
1963,11,177,26.9,20.8,97,1.2
1963,12,117,27.4,19.5,109,1.2
1964,1,11,28.9,18.6,85,0.7
1964,2,13,29.9,20.2,74,-0.4
1964,3,197,30.7,21.5,148,0.9
1964,4,89,30.5,21.8,114,-0.5
1964,5,72,30.3,22.5,99,-1.1
1964,6,225,28.2,21,117,-1.8
1964,7,787,26,20.1,103,1.2
1964,8,209,26.4,20.2,104,0.9
1964,9,224,26.9,20,109,1.1
1964,10,362,27.8,20.2,114,1.5
1964,11,154,26.8,19.8,101,1.2
1964,12,23,27.6,18.6,79,-0.7
1965,1,19,28.4,19,79,-1.4
1965,2,14,28.6,20.7,64,-1.9
1965,3,69,29.9,20.9,97,-2.2
1965,4,148,29,21.1,132,-1.9
1965,5,148,28.9,21.5,129,-1.9
1965,6,275,28,20.6,109,-2.4
1965,7,221,27.1,20,119,-3.1
1965,8,219,26.5,20.3,114,-3
1965,9,116,27.9,20.6,113,-3.3
1965,10,200,27.9,20.8,114,-3.3
1965,11,116,27.5,21,99,-3.5
1965,12,319,26.8,19.9,106,-0.9
1966,1,22,28.1,20.2,84,-1
1966,2,25,29.8,21.1,80,-1.1
1966,3,99,30.7,21.7,122,-1
1966,4,99,30,21.5,112,-1.4
1966,5,24,30,22,61,-2.4
1966,6,370,27.4,20.3,109,-2.5
1966,7,299,26.3,20.5,95,-2.7
1966,8,188,27.3,20.7,105,-2.9
1966,9,260,27,20.5,113,-2
1966,10,349,27.1,20.4,106,-1.3
1966,11,272,27.6,20.7,97,1.6
1966,12,120,27.2,19.6,105,1.6
1967,1,68,28.1,18.8,99,1.9
1967,2,1,29.4,19.1,76,1.4
1967,3,118,30.2,20.8,129,1.5
1967,4,63,30.3,21.3,96,0.6
1967,5,184,29.2,21.9,123,0.7
1967,6,614,27.1,20.9,114,1.9
1967,7,335,26.1,19.8,108,1.4
1967,8,282,26.5,19.9,109,1.6
1967,9,115,27.2,20.2,116,0.9
1967,10,313,26.5,20.4,106,1.1
1967,11,87,26.9,19.3,95,-0.7
1967,12,115,27.1,19.8,105,0.1
1968,1,25,27.9,19.2,86,-0.8
1968,2,67,28.9,19.6,98,0.4
1968,3,215,29.5,21.2,148,1.5
1968,4,188,28.6,20.7,135,2.1
1968,5,47,29.3,21.8,103,1.4
1968,6,655,27.1,20.9,113,3
1968,7,441,25.2,20,104,2.8
1968,8,163,26.9,20.2,109,1.9
1968,9,205,26.8,20.3,112,1.8
1968,10,227,27.7,20.6,109,1.4
1968,11,169,26.6,20.5,99,1.2
1968,12,97,27.1,19.2,100,1.1
1969,1,28,28.1,19,87,0.8
1969,2,19,29,20,73,-0.2
1969,3,50,31,21.4,94,-1.3
1969,4,169,30.1,21.6,135,-0.9
1969,5,100,29.4,21.8,110,-1.3
1969,6,231,28,21.2,113,-1.9
1969,7,479,26.3,20.2,106,-1.8
1969,8,233,26.6,20.6,111,-1.7
1969,9,106,27.8,20.3,114,-2.2
1969,10,283,27.2,20.7,105,-1.9
1969,11,105,27.4,20.4,100,-2.3
1969,12,118,26.4,20.1,102,-1.8
1970,1,46,28,19.6,91,-1.5
1970,2,34,29.3,20.6,84,-1.3
1970,3,113,30.5,21.3,128,-0.9
1970,4,213,29.2,21.9,130,1.3
1970,5,130,28.8,22.1,126,1.2
1970,6,277,27.3,21.3,112,1
1970,7,272,26.3,20.1,111,-0.6
1970,8,263,26.1,20.2,110,0.2
1970,9,168,27,20.1,116,-0.5
1970,10,362,26.9,20.5,110,0.1
1970,11,111,26.2,21,93,-0.4
1970,12,16,27,17.9,78,-1.1
1971,1,135,27.5,19.4,114,1
1971,2,56,28.9,19.5,92,1.3
1971,3,81,29.7,20.7,116,1.1
1971,4,134,29.6,20.7,130,1
1971,5,321,28.8,21.4,136,2.1
1971,6,345,25.9,20.6,112,2.5
1971,7,458,25.8,19.8,114,2.4
1971,8,350,26.1,19.6,116,3
1971,9,274,26.7,20.1,116,3.4
1971,10,187,27,20.1,114,2.5
1971,11,69,27.1,19.3,89,1.5
1971,12,161,25.8,18.6,103,1.9
1972,1,8,27.6,18,84,1.3
1972,2,21,29,19.3,74,0.9
1972,3,8,30.4,19.4,72,-1.9
1972,4,105,29.7,21.2,111,-2.2
1972,5,327,28.1,21.3,124,-0.9
1972,6,201,28.3,21.1,117,-1.1
1972,7,447,26.9,20.2,114,-0.9
1972,8,128,27.4,20.2,114,-1.8
1972,9,205,27.6,21,115,-1.5
1972,10,421,27,20.7,104,1.1
1972,11,156,27.6,20.5,101,0.8
1972,12,189,27.3,20.4,107,1.6
1973,1,0,29.4,18.5,79,0.9
1973,2,0,30.5,20.7,68,-1.1
1973,3,37,31.1,21.1,84,-1.7
1973,4,157,30.2,21.8,132,-1.4
1973,5,84,30.2,21.8,97,-2
1973,6,420,27.5,21.1,111,-1.9
1973,7,557,26.4,20.9,116,-1.1
1973,8,257,26,20.1,111,-0.9
1973,9,87,27.5,20.4,104,-1.5
1973,10,368,27.1,20.9,108,-0.9
1973,11,113,27.3,20.2,105,-1.3
1973,12,130,26.6,19.1,104,-0.9
1974,1,15,27.8,18.1,83,-1.1
1974,2,61,29.5,18.7,95,-0.7
1974,3,61,30.6,20.6,104,-0.9
1974,4,248,30,21.4,132,1.1
1974,5,276,29.1,21.1,132,2.1
1974,6,227,27.9,20.7,110,1.9
1974,7,566,26.5,19.8,116,2.3
1974,8,358,26.6,19.9,112,3.1
1974,9,297,26.6,19.9,115,3.6
1974,10,176,27.7,20,108,2.7
1974,11,118,27.9,19.8,106,1.9
1974,12,17,28.2,18.3,72,1
1975,1,7,28.3,18.4,71,-2.2
1975,2,64,29.6,20.2,90,-1.9
1975,3,209,29.9,21.1,155,-0.8
1975,4,223,30.2,21.1,137,1.8
1975,5,102,29.3,21.4,118,1.5
1975,6,406,26.6,20.6,117,1.8
1975,7,503,26.1,19.6,102,2
1975,8,374,26,20.5,108,3
1975,9,252,26.5,20,111,3.2
1975,10,337,26.8,20.4,119,3.2
1975,11,225,26.6,20.1,105,3.2
1975,12,61,27.1,18.2,93,2.5
1976,1,1,27.9,18.9,73,1.5
1976,2,0,29.3,19.9,59,0.6
1976,3,107,30.6,20,118,-1.5
1976,4,160,29.5,21,141,-1.3
1976,5,73,29.8,21.8,91,-1.9
1976,6,355,28.4,20.9,113,-2.2
1976,7,307,26.8,20.1,109,-2.4
1976,8,242,26.8,20.2,108,-2.2
1976,9,95,27.4,20.7,103,-2.6
1976,10,265,27.6,20.9,117,-2.5
1976,11,358,26.4,21.4,100,-1
1976,12,65,27.5,19.5,93,-1.2
1977,1,3,29,18.3,77,-1.7
1977,2,56,29.2,20.5,90,-1.5
1977,3,144,30.6,21.2,146,-1.1
1977,4,161,29.7,22.1,141,-0.8
1977,5,479,28.3,21.7,136,2.9
1977,6,231,27.4,21.1,116,2.6
1977,7,398,26.8,20.3,109,2.2
1977,8,245,27.3,20.3,114,2
1977,9,147,28.1,20.6,120,1.5
1977,10,508,26.3,21,108,2.8
1977,11,360,27.1,21.4,89,3.8
1977,12,42,27.8,19.5,82,2.9
1978,1,29,28.5,19.3,82,2.3
1978,2,60,29.3,21.2,89,2.2
1978,3,90,30.5,21.5,113,1.9
1978,4,131,29.8,22.3,127,1.7
1978,5,213,29.3,21.8,121,1.9
1978,6,244,27,21,111,1.4
1978,7,345,26,20.3,105,0.9
1978,8,197,25.9,20.6,111,-1
1978,9,112,27.2,20.5,112,-1.5
1978,10,184,27.4,21.1,94,-1.7
1978,11,418,27.4,20.6,98,1.7
1978,12,83,26.4,21.2,101,1.3
1979,1,9,28.2,20.5,78,0.7
1979,2,122,29.1,21.9,118,1.7
1979,3,36,30,22.1,91,1.1
1979,4,60,30.3,22.7,90,-1.3
1979,5,103,29.3,22.6,111,-1.8
1979,6,346,27.5,21.8,120,-2.2
1979,7,370,26.2,20.7,109,-2.2
1979,8,220,26.8,21,120,-2.2
1979,9,251,26.6,21,109,-1.5
1979,10,241,27.7,20.9,116,-1.5
1979,11,405,26.2,21.7,88,1.9
1979,12,79,27.3,20.6,95,1.6
1980,1,1,28.9,19.2,80,0.8
1980,2,11,29.5,20.6,70,-1.3
1980,3,62,30.4,22,94,-1.7
1980,4,149,29.9,22.7,138,-1.5
1980,5,71,30.3,23,87,-2.2
1980,6,351,27.4,21.5,106,-2.5
1980,7,419,26.8,20.3,104,-2.2
1980,8,227,26.9,20.5,109,-2.1
1980,9,103,27.9,20.9,112,-2.5
1980,10,258,27.7,21.2,106,-2.4
1980,11,215,27.8,21.3,101,-1.9
1980,12,134,27.9,20.2,105,-1.4
1981,1,49,27.6,20.1,92,-1.1
1981,2,29,29.3,20.2,86,-1
1981,3,91,30.7,21.9,119,-0.9
1981,4,146,30,22.4,139,-0.8
1981,5,192,29.6,22.5,138,0.2
1981,6,387,26.5,21.3,109,0.9
1981,7,537,26.8,20.8,113,1.3
1981,8,305,27.2,20.6,111,1.7
1981,9,323,26.5,20.8,110,2.6
1981,10,343,27,21.6,103,2.8
1981,11,155,27.2,20.9,103,2.3
1981,12,45,27,19.7,85,1.6
1982,1,0,28.3,19.2,73,0.6
1982,2,0,29.2,20.3,59,-2
1982,3,131,30.6,21.8,134,-1.7
1982,4,107,30.3,22.5,114,-2
1982,5,137,29.1,22.6,125,-2.1
1982,6,422,27.4,21.3,115,-2
1982,7,335,26.9,20.4,110,-2.1
1982,8,184,27.3,20.7,117,-2.5
1982,9,76,28.3,20.8,110,-3.1
1982,10,197,28.1,21.1,112,-3.5
1982,11,200,27,21.7,101,-3
1982,12,58,27.3,19.9,93,-3.1
1983,1,1,28.6,19.5,76,-3.5
1983,2,0,30.3,21.4,58,-3.9
1983,3,3,31.4,21.9,40,-4.7
1983,4,48,31,22.3,63,-5.4
1983,5,104,30.2,23.1,107,-5.5
1983,6,272,28.8,22,120,-5.8
1983,7,389,27.5,21.2,110,-5.8
1983,8,362,26.9,21.1,107,-4.1
1983,9,242,27.4,20.5,110,-3.2
1983,10,123,28.3,21.3,116,-3.8
1983,11,189,28.1,20.2,110,-3.4
1983,12,218,27.7,19.9,96,-1.8
1984,1,116,26.9,21.2,108,2.5
1984,2,159,29.2,19.9,110,4.3
1984,3,344,28.7,22.1,140,6.5
1984,4,249,29,21.8,123,7.3
1984,5,67,30.3,22.2,111,6.3
1984,6,282,27.5,20.9,109,5.6
1984,7,504,26.2,19.5,108,5.4
1984,8,103,27.7,20.3,116,3.6
1984,9,150,27.6,20.2,120,2.7
1984,10,184,27.6,20.1,117,1.9
1984,11,112,27.4,20.4,104,1.2
1984,12,78,27.9,19.2,95,0.9
1985,1,169,27.8,20.5,116,2.6
1985,2,54,29.7,20.6,95,2.8
1985,3,76,31,21.8,119,2.6
1985,4,142,30.5,22.7,139,2.4
1985,5,157,30.1,22.2,140,2.2
1985,6,326,26.8,20.4,106,2.1
1985,7,322,26.7,19.9,112,1.4
1985,8,237,27.2,20.2,118,1.2
1985,9,154,27.9,20.4,123,0.7
1985,10,181,28.1,20.6,115,-1.2
1985,11,190,26.8,20.4,106,-1.1
1985,12,62,27.4,20.2,90,-1.3
1986,1,28,27.5,20.2,79,-1.4
1986,2,74,29,20.6,97,-0.8
1986,3,37,30,22.1,89,-1.2
1986,4,119,30.6,21.9,123,-1.4
1986,5,173,30.4,22.2,145,-1.4
1986,6,246,27.9,21.4,123,-1.9
1986,7,329,27.4,20.6,118,-2.4
1986,8,216,26.6,20.5,121,-2.5
1986,9,161,27.5,20.8,121,-2.4
1986,10,157,28.3,20.7,109,-2.8
1986,11,214,28,20.5,113,-2.4
1986,12,42,27.4,21.1,84,-2.7
1987,1,14,29,20.1,78,-3
1987,2,1,29.6,20.1,62,-3.4
1987,3,43,30.7,21.9,79,-3.8
1987,4,86,30.3,22.5,98,-4.2
1987,5,170,30,22.8,139,-4
1987,6,301,29,21.3,122,-4.2
1987,7,111,27.9,21.6,119,-5.1
1987,8,341,27.9,20.6,110,-4.2
1987,9,194,28.7,21.1,121,-3.7
1987,10,422,27.9,21.2,104,-2.4
1987,11,150,28.2,21.3,107,-2.4
1987,12,319,27.1,21,102,3
1988,1,1,28.9,20,83,2.1
1988,2,17,30.5,21,73,1.5
1988,3,102,31.3,22.9,119,1.3
1988,4,270,29.4,22.4,128,2.5
1988,5,40,30.6,22.3,97,1.6
1988,6,629,28.3,20.8,111,2.9
1988,7,565,27.1,20.6,105,3.2
1988,8,374,27,21,105,4.1
1988,9,357,27.5,20.4,113,4.9
1988,10,42,29,21.4,88,3.3
1988,11,144,27.3,21,105,2.4
1988,12,40,28.7,19,84,1.5
1989,1,60,28.7,19.2,93,1.3
1989,2,0,29.8,18.7,66,-2.5
1989,3,136,30,21.2,137,-2
1989,4,170,30.4,21.9,142,-1.6
1989,5,118,30.5,21.8,124,-1.9
1989,6,362,27.4,20.4,104,-1.9
1989,7,607,26.2,20.1,104,-0.9
1989,8,139,27.8,20.1,112,-1.8
1989,9,291,27.7,20.2,111,-0.8
1989,10,266,28,21,101,-0.6
1989,11,127,27.7,21.2,106,-1
1989,12,30,28.2,19.8,83,-1.6
1990,1,143,28.1,19.6,126,1.1
1990,2,17,30.1,21.3,85,0.8
1990,3,74,30.8,22.8,106,-0.2
1990,4,13,31,22.5,61,-1.6
1990,5,224,28.9,22.3,114,-1
1990,6,254,28,21,107,-1.4
1990,7,417,26.9,19.8,101,-1.2
1990,8,111,27.4,20.8,108,-2.2
1990,9,91,28.6,20.9,112,-2.7
1990,10,312,28,21.1,103,-2.3
1990,11,274,27.8,20.8,108,-1.5
1990,12,48,27.8,20.3,88,-1.8
1991,1,33,28.7,20.4,83,-1.9
1991,2,29,29.7,21,79,-2
1991,3,76,31.4,21.8,103,-2.1
1991,4,120,30.7,22.3,120,-2.1
1991,5,147,30.7,22.8,131,-2.1
1991,6,705,27.1,21.3,99,1.6
1991,7,456,26.7,20.8,107,1.6
1991,8,220,27.1,20.6,119,1.2
1991,9,59,28.8,21.1,103,-1.2
1991,10,344,27.4,21.1,103,-0.9
1991,11,147,27.5,20.8,106,-1.1
1991,12,22,27.8,19.5,77,-1.7
1992,1,18,28.6,19.1,81,-2.2
1992,2,0,30.3,19.8,56,-2.8
1992,3,0,31.1,20.3,35,-3.7
1992,4,70,31.1,21.9,83,-4.2
1992,5,179,30,21.8,132,-3.8
1992,6,447,28.1,21.3,112,-3.3
1992,7,490,26.7,20.1,106,-2.7
1992,8,227,27.4,20.2,112,-2.5
1992,9,148,28,20.3,115,-2.6
1992,10,301,28.1,20.3,112,-2.1
1992,11,357,27.1,21.4,100,-0.6
1992,12,44,27.8,19.1,89,-1.1
1993,1,1,28.8,18.7,73,-1.8
1993,2,10,30.4,19.9,65,-2.3
1993,3,44,31.1,21.3,77,-2.8
1993,4,69,30.9,21.6,83,-3.4
1993,5,104,30.8,22.1,105,-3.7
1993,6,408,28.5,20.9,114,-3.6
1993,7,445,26.9,19.7,104,-3.1
1993,8,181,28,20,122,-3.4
1993,9,82,28.6,20.3,106,-3.8
1993,10,367,27.8,20.7,102,-3
1993,11,449,26.8,20.8,95,-0.8
1993,12,186,26.6,20.1,100,3
1994,1,27,29.1,19.4,87,2.5
1994,2,81,29.9,20.5,100,2.9
1994,3,58,31.3,20.7,106,2.4
1994,4,210,30,21.9,128,2.9
1994,5,212,30.7,21.8,135,3.2
1994,6,350,28.2,21,118,3.4
1994,7,415,26.8,20.4,110,3
1994,8,225,27.6,20.2,117,2.5
1994,9,103,28.7,20.4,114,1.6
1994,10,421,27.7,20.4,102,2.3
1994,11,174,27.3,20.8,104,2
1994,12,34,27.8,20,87,1.1
1995,1,30,29.1,19.8,80,0.6
1995,2,19,30.5,20.6,70,-1.4
1995,3,75,31.2,21.4,102,-1.7
1995,4,217,30.2,21.7,127,-0.8
1995,5,225,29.2,21.9,128,1.3
1995,6,309,28.7,21.1,114,1.4
1995,7,412,27,20.7,110,1.2
1995,8,266,27.4,20.6,114,1.3
1995,9,95,28.3,20.6,112,-0.7
1995,10,213,28.7,20.7,111,-1.1
1995,11,168,28.2,21.3,103,-1.1
1995,12,2,27.8,20.1,79,-2
1996,1,47,29.4,19.1,88,-2.2
1996,2,38,30.6,19.9,78,-2.2
1996,3,39,32.3,20.3,80,-2.8
1996,4,225,30.5,21.5,132,-1.7
1996,5,62,31.3,22.3,96,-2.3
1996,6,371,27.5,20.8,113,-2.2
1996,7,398,26.1,21,105,-2.1
1996,8,203,27.2,20.9,116,-2.2
1996,9,186,27.3,20.8,119,-2
1996,10,265,28.5,20.4,118,-1.9
1996,11,66,27.8,20.9,91,-2.5
1996,12,92,27.6,19.3,98,-2.4
1997,1,6,28.9,19.6,74,-2.7
1997,2,1,30.4,20.1,59,-3.1
1997,3,70,31.6,21,97,-3.2
1997,4,91,29.7,22.3,99,-3.5
1997,5,99,30.3,22.2,103,-3.8
1997,6,434,28.8,21.5,119,-3.5
1997,7,451,27.2,21.1,108,-3
1997,8,194,27.8,21,118,-3.2
1997,9,275,28.1,20.6,121,-2.3
1997,10,381,28.6,20.6,116,-1.4
1997,11,379,27.5,21.5,99,2.5
1997,12,134,28.1,21.4,104,2.6
1998,1,21,30,20.5,88,2.1
1998,2,16,31.7,21.2,77,1.5
1998,3,11,33.2,21.2,75,-1.5
1998,4,116,31.4,23.2,118,-1.6
1998,5,236,31,22.4,135,-1.1
1998,6,224,29,21.5,113,-1.6
1998,7,453,27,20.9,111,-1.4
1998,8,386,27.4,21,111,1.3
1998,9,259,27.8,20.7,118,1.7
1998,10,317,28.3,20.7,112,1.8
1998,11,292,28.3,21,109,2.3
1998,12,267,27.2,20.2,102,3.8
1999,1,21,29.3,18.6,87,3.2
1999,2,84,30.5,20.4,107,3.5
1999,3,73,32.3,21,112,2.9
1999,4,163,30.2,21.3,142,2.8
1999,5,231,28.6,21.4,122,3.2
1999,6,288,27.8,20.6,119,3
1999,7,316,26.3,20.8,107,2.2
1999,8,138,27.5,20.8,115,1
1999,9,76,29,20.6,106,-2
1999,10,465,27.5,21,99,-0.8
1999,11,157,28.2,20.7,113,-1
1999,12,31,28.5,19,83,-1.6
2000,1,45,28.8,19.9,88,-1.6
2000,2,156,29.5,21.3,115,1.6
2000,3,46,31.3,21.3,104,1
2000,4,154,30.7,21.8,138,1.1
2000,5,91,30.5,22.4,109,-0.5
2000,6,213,27.3,21.5,113,-1.3
2000,7,208,27.2,20.5,121,-2.4
2000,8,600,26.3,21,105,3.2
2000,9,267,27.7,20.9,114,3.5
2000,10,196,28.2,20.8,115,2.7
2000,11,144,28.6,20.7,113,2
2000,12,126,27.6,19.9,114,2
2001,1,81,28.7,19.7,104,2.4
2001,2,48,30.2,20.9,93,2.6
2001,3,9,30.9,21.5,84,1.6
2001,4,310,29.3,21.1,120,3.2
2001,5,118,29.4,21.6,125,3
2001,6,272,27.1,20.5,108,2.8
2001,7,570,26.7,20.3,110,3.2
2001,8,300,26.8,20.2,117,3.3
2001,9,331,27.8,20.6,119,4
2001,10,253,27.7,20.8,106,3.6
2001,11,136,27.5,20.9,102,2.8
2001,12,53,27.6,19.9,89,2.1
2002,1,4,29,20,72,1.3
2002,2,27,29.9,20.5,75,0.7
2002,3,88,31,21.6,109,-1.7
2002,4,84,30.5,22.3,95,-2.1
2002,5,181,29.4,21.6,125,-1.8
2002,6,234,27.7,21.1,115,-2.4
2002,7,116,27.1,20.7,113,-3.4
2002,8,148,27.1,20.5,115,-4.3
2002,9,61,28.4,21.2,102,-5
2002,10,516,27.7,20.7,105,-3.5
2002,11,234,27.5,21,98,-2.7
2002,12,23,27.7,19.9,79,-3.1
2003,1,20,29,20,80,-3.4
2003,2,149,30.2,20.8,126,-1.8
2003,3,123,30.9,21.5,132,-1.3
2003,4,140,30.2,21.9,126,-1
2003,5,104,30,22.3,117,-1.3
2003,6,280,28.5,21.9,115,-1.7
2003,7,380,27.4,21,106,-1.7
2003,8,245,27.8,21.2,114,-1.5
2003,9,46,28.4,21.2,97,-2.4
2003,10,444,27.6,20.7,106,-1.5
2003,11,170,27.5,21,101,-1.4
2003,12,3,27.9,20.1,75,-2.2
2004,1,8,29,20,71,-2.9
2004,2,20,30.1,20.7,66,-3.2
2004,3,73,31.4,21.9,97,-3.4
2004,4,121,30.5,22.2,119,-3.3
2004,5,336,28.6,20.8,122,-1.8
2004,6,349,27.8,21.2,113,-1.2
2004,7,449,27.2,20.8,112,-0.9
2004,8,194,27.5,21,119,-1.3
2004,9,392,27.7,20.5,109,2.3
2004,10,268,27.8,20.8,101,2.2
2004,11,133,27.3,20.8,108,1.5
2004,12,35,27.6,19.9,86,0.7
2005,1,44,28.9,19.9,85,-1.1
2005,2,6,30.1,20.8,68,-1.6
2005,3,42,30.8,21.4,79,-2.1
2005,4,286,29.7,21.4,125,1.4
2005,5,111,30.4,22.7,122,1.2
2005,6,221,28.3,21.7,117,-0.5
2005,7,490,27.2,20.8,108,0.3
2005,8,83,28,21.4,111,-1.6
2005,9,184,27.8,20.7,118,-1.9
2005,10,236,28.1,21.1,109,-1.9
2005,11,315,27,20.5,95,-0.7
2005,12,125,27.3,19.6,103,1.2
2006,1,54,28.2,19.2,95,1.3
2006,2,5,29.4,20,79,0.8
2006,3,235,30.2,20.7,141,2.1
2006,4,82,29.7,21.5,112,1.5
2006,5,137,29,21.2,122,1.4
2006,6,200,27.9,21.3,115,0.6
2006,7,297,27.3,20.9,117,-1.4
2006,8,195,27.3,20.7,115,-1.7
2006,9,354,27.4,20.2,105,1.3
2006,10,544,27.5,20.6,98,2.9
2006,11,275,27.3,20.7,90,3.4
2006,12,7,27.4,19.7,76,2.1
2007,1,12,28.4,19.4,75,1.1
2007,2,8,29.6,20.2,59,-2.2
2007,3,16,30.8,21.3,46,-3
2007,4,222,29.9,21.7,130,-1.9
2007,5,203,30.1,22.3,134,-1.4
2007,6,292,28,21.4,104,-1.2
2007,7,554,26.9,20.5,102,1.4
2007,8,260,27.7,21.1,112,1.4
2007,9,276,27.9,20.8,108,2
2007,10,340,27.7,20.8,100,2.3
2007,11,187,27.6,21,108,2
2007,12,29,27.7,20,80,1.2
2008,1,3,28.5,19.4,71,-1.4
2008,2,63,30,20.6,86,-1.1
2008,3,385,29.7,20.3,128,2.8
2008,4,197,29.6,21.4,129,3.5
2008,5,71,29.8,22.1,107,2.9
2008,6,225,28.2,21.6,109,2.4
2008,7,451,27.2,20.9,109,2.3
2008,8,438,27.5,21,112,3.7
2008,9,184,28.1,20.9,118,3.3
2008,10,409,28,21.1,102,3.9
2008,11,224,27.9,21.3,98,3.8
2008,12,103,27.7,20,104,3.4
2009,1,9,28.7,19.7,82,2.7
2009,2,2,30.1,20.8,70,1.8
2009,3,200,30.9,21.5,149,2.4
2009,4,86,30.4,22.2,105,1.8
2009,5,129,30.1,22.3,125,1.4
2009,6,355,28.2,21.6,108,1.1
2009,7,350,27.1,20.8,105,0.7
2009,8,219,28.1,21.5,112,-1
2009,9,187,28.3,21.2,115,-0.9
2009,10,146,28.6,21.7,114,-1.6
2009,11,367,27.8,21.2,95,1.4
2009,12,87,28.2,20.4,96,1.1
2010,1,147,29.2,20.2,126,2.5
2010,2,4,30.5,21.1,86,2
2010,3,6,31.8,22.3,84,1
2010,4,156,30.9,22.7,133,1.1
2010,5,149,30.3,22.6,123,0.9
2010,6,217,28.3,21.7,105,-1.3
2010,7,637,26.9,20.6,99,0.8
2010,8,171,27.2,20.6,105,-0.6
2010,9,263,28.1,20.9,108,0.6
2010,10,425,27.8,20.8,107,1.6
2010,11,305,27.2,20.6,91,2.4
2010,12,184,27.2,19.5,99,3
2011,1,40,28.9,19.9,93,2.8
2011,2,127,29.6,20.2,124,3.8
2011,3,10,30.9,21.4,90,2.8
2011,4,198,29.5,21.2,125,3.2
2011,5,48,30.1,22.4,92,2.1
2011,6,262,28.2,21.6,111,1.3
2011,7,291,27.1,20.8,102,0.6
2011,8,160,27.4,20.8,104,-2.1
2011,9,170,27.9,20.7,109,-2
2011,10,169,28.5,21.5,105,-2.3
2011,11,251,27.7,21.1,106,-1.7
2011,12,263,27.7,20,108,2
2012,1,22,28.6,19.6,88,1.6
2012,2,21,30.3,20.9,82,1.2
2012,3,52,31.1,21.6,94,-0.5
2012,4,182,30,21.8,132,0.4
2012,5,51,30.1,22.4,88,-1.2
2012,6,113,28,21.4,108,-2.3
2012,7,266,27.5,21.2,114,-3.3
2012,8,241,27.6,21,108,-3.4
2012,9,123,28.3,21.2,117,-3.6
2012,10,207,28.1,21.1,101,-3.5
2012,11,175,28.2,21.6,115,-3.3
2012,12,72,28.6,20.9,98,-3.3
2013,1,19,29.4,20.4,84,-3.3
2013,2,88,30.1,20.8,106,-2.5
2013,3,227,31,21.5,149,-1
2013,4,29,30.8,22.5,92,-1.8
2013,5,105,29.9,22.2,115,-2
2013,6,390,27,20.4,95,-1.7
2013,7,474,26.6,20.3,99,-1.3
2013,8,198,27.5,20.9,118,-1.6
2013,9,160,27.6,20.5,112,-1.6
2013,10,192,28.4,21.5,114,-1.9
2013,11,232,28.4,21.9,105,-1.4
2013,12,54,28.1,20.3,91,-1.7
2014,1,56,29.9,20.9,99,-1.5
2014,2,19,29.9,20.6,74,-1.7
2014,3,68,31.2,21.7,102,-2
2014,4,123,30.6,22.4,123,-2
2014,5,137,30.1,22.3,130,-2.1
2014,6,150,29,22.4,120,-3
2014,7,302,27.6,21.2,115,-3.9
2014,8,242,27.8,21.2,109,-3.5
2014,9,239,28.4,21.2,113,-2.7
2014,10,409,28.2,21.2,91,-1.5
2014,11,102,27.8,21.3,98,-1.9
2014,12,99,28,20.2,97,-1.7
2015,1,10,29,20,81,-1.9
2015,2,15,30.2,20.8,76,-2
2015,3,111,31.3,21.9,123,-1.8
2015,4,336,29.8,21.5,121,2.1
2015,5,331,29.5,21.8,117,3.8
2015,6,334,28.6,22,107,4
2015,7,286,28.2,21.9,121,3
2015,8,171,28.4,21.8,124,1.9
2015,9,311,28.9,21.8,115,2.7
2015,10,377,28.7,21.8,103,3.1
2015,11,261,27.8,21.2,94,3.4
2015,12,177,28.4,20.6,100,3.8
2016,1,3,29.6,20.8,82,3
2016,2,13,30.9,22.1,74,2.3
2016,3,73,32.5,23.3,105,1.3
2016,4,39,31.8,23.3,70,-2.4
2016,5,285,30.9,23.3,131,-2
2016,6,275,27.7,21.5,107,-2
2016,7,268,27.3,21.2,112,-2.2
2016,8,71,28,21.1,101,-3.5
2016,9,35,28.6,21.2,88,-4.6
2016,10,54,28.4,21.8,82,-5.6
2016,11,63,27.9,21.6,79,-6.2
2016,12,66,27.8,20.6,80,-6.7
2017,1,48,28.3,20.8,72,-6.9
2017,2,4,30.4,20.5,34,-7.5
2017,3,124,28.8,21.7,121,-6.4
2017,4,82,30.9,23,92,-6.6
2017,5,115,29.2,22.7,111,-5.8
2017,6,354,27.2,21.3,98,-5.6
2017,7,172,27.4,21.2,109,-6.1
2017,8,418,26.8,21.3,106,-5
2017,9,335,27.6,21.4,106,-3.6
2017,10,212,27.7,22,100,-3.4
2017,11,199,28,22,104,-2.8
2017,12,119,27.8,20.4,111,-3
2018,1,5,28.8,20,77,-2.8
2018,2,38,30.8,20.5,88,-2.7
2018,3,95,30.5,21.5,115,-1.5
2018,4,128,30.7,22.3,127,-0.9
2018,5,183,29,22.4,113,2.7
2018,6,307,26.7,21.1,93,4.6
2018,7,410,26.6,20.9,106,4.3
2018,8,279,26.5,20.7,106,4.4
2018,9,87,29,20.9,115,3.3
2018,10,330,28.1,21.5,100,3.5
2018,11,222,27.5,21.7,95,3.8
2018,12,20,27.7,20.7,71,4
2019,1,4,29,20,78,-1.9
2019,2,20,31.4,22,67,-2.3
2019,3,50,32.2,22.8,83,-2.8
2019,4,191,31.7,23.5,147,-2.2
2019,5,145,31.4,23.6,140,-2.3
2019,6,280,29.5,22.9,121,-2.7
2019,7,368,28.3,22,117,-2.8
2019,8,470,28.1,21.5,94,2
2019,9,194,29,21.9,110,1.9
2019,10,345,28.7,21.7,102,2.2
2019,11,179,29.3,22.8,112,1.9
2019,12,65,29,21.2,93,1.4
