Product: Historical Climate - TerraClimate(http://www.climatologylab.org/terraclimate.html) 
Location (Lat/Lon of 4-km Grid Cell Center): 11.8542 North,75.3542 East 
Data Source: NW Climate Toolbox(https://climatetoolbox.org/tool/point-data-download)
Download Date: 07/24/2020
Variable List: 
ppt: ppt (Precipitation)
tmax: tmax (Maximum Temperature)
tmin: tmin (Minimum Temperature)
aet: aet (Actual Evapotranspiration)
PDSI: pdsi (Palmer Drought Severity Index (PDSI))
********************************************************
Year,Month,ppt(mm),tmax(degC),tmin(degC),aet(mm),PDSI(unitless)
1958,1,4,31.4,21.9,86,0.7
1958,2,5,31.3,23.7,72,0.8
1958,3,21,32.5,25,86,1.1
1958,4,66,32.4,25.9,98,1.3
1958,5,270,31.3,25.6,146,1.3
1958,6,375,29.5,24.2,116,1.2
1958,7,1025,27.4,23.4,97,1
1958,8,652,27.2,23.3,101,1.3
1958,9,137,29.1,23.2,113,-0.7
1958,10,117,29.4,23.8,115,-1.8
1958,11,160,31,23.5,118,1.1
1958,12,7,31.6,21.8,90,-0.5
1959,1,0,32,22,85,-0.6
1959,2,1,32,23,72,-0.7
1959,3,0,33.3,23.6,77,-1.2
1959,4,77,32.8,25.6,103,-0.6
1959,5,115,32.4,25.6,123,-0.8
1959,6,2698,28.1,23.7,103,-0.7
1959,7,904,26.7,23,91,-0.6
1959,8,614,28.2,23.1,98,0.2
1959,9,477,28.8,23.5,109,1.3
1959,10,134,29.8,24,117,-0.9
1959,11,92,30.6,23.1,109,-1
1959,12,18,31.5,21.9,90,-1.1
1960,1,5,31.5,22.1,85,-1
1960,2,0,30.9,22.7,69,-1.1
1960,3,38,32.5,24.2,92,1
1960,4,127,32.4,25.4,133,2.8
1960,5,132,32.1,25,134,2.3
1960,6,505,29,23.5,102,2.1
1960,7,1128,27.1,23.4,101,1.9
1960,8,448,28.3,23.4,101,1.1
1960,9,373,27.9,23.3,101,1.5
1960,10,206,29.8,23.3,119,1.3
1960,11,243,30.8,23.1,122,3.8
1960,12,8,31.6,21.7,88,2.9
1961,1,8,30.9,22.6,87,2.9
1961,2,16,30.8,23.2,78,3.3
1961,3,6,33.5,24.8,84,2.8
1961,4,73,33.2,25.7,104,3
1961,5,600,31.3,25.3,146,3.6
1961,6,2065,27.8,23.1,104,3.2
1961,7,1765,26.5,22.7,92,2.9
1961,8,433,27.5,23.4,97,2
1961,9,584,28.8,22.9,104,3.4
1961,10,329,29.9,23.1,115,4.5
1961,11,59,30.8,22.9,98,3.3
1961,12,19,31.2,22,90,2.6
1962,1,38,30.6,21.5,96,3.4
1962,2,25,30.9,23.1,80,4
1962,3,3,32.2,23.8,78,3.4
1962,4,65,32.1,25.3,98,3.3
1962,5,164,31.4,25,139,2.8
1962,6,876,29.5,23.4,117,2.5
1962,7,612,27.3,23.1,97,2.3
1962,8,728,27.4,23.3,103,2.8
1962,9,318,28.4,23.3,105,2.7
1962,10,455,29,24,113,5.4
1962,11,16,30.8,22.3,85,3.3
1962,12,67,31.4,21.6,108,3.9
1963,1,18,30.3,22,87,3.7
1963,2,11,31.1,22,74,3.5
1963,3,32,32.1,24.2,89,3.9
1963,4,73,32.1,24.9,102,4
1963,5,46,32.6,25.3,82,3.1
1963,6,429,28.7,23.5,107,2.8
1963,7,1093,27.8,23.2,104,2.5
1963,8,860,27.9,23.2,101,3.6
1963,9,202,29.4,23.4,113,2.8
1963,10,248,30,23.4,118,2.9
1963,11,30,30.6,23.5,89,1.3
1963,12,35,31.6,22.1,95,1.1
1964,1,0,31.9,20.7,81,-1.8
1964,2,0,32.1,22.5,67,-2.2
1964,3,19,33,24.6,80,-2.1
1964,4,39,33.6,25.7,79,-2.5
1964,5,72,33.2,25.9,96,-2.7
1964,6,313,29.7,23.4,114,-2.4
1964,7,1620,27.4,22.9,103,-2.1
1964,8,709,27.6,22.8,102,-1.3
1964,9,357,28.4,22.7,106,-0.7
1964,10,224,30.2,22.9,116,1.1
1964,11,109,30.2,22.1,114,1.1
1964,12,25,31.4,20.7,95,1
1965,1,9,31.5,21,88,1.2
1965,2,0,30.7,22.8,70,1.1
1965,3,3,32.2,23.9,78,0.7
1965,4,38,32.1,25,81,-0.5
1965,5,43,32.1,25.2,76,-1.1
1965,6,340,29.5,23,105,-1
1965,7,810,28.3,22.5,113,-0.9
1965,8,454,27.8,23.1,116,-1.4
1965,9,176,29.5,23.4,117,-1.8
1965,10,83,30.8,23.9,113,-3.2
1965,11,66,31.3,23.8,102,-3.7
1965,12,120,31.2,22.7,128,-0.7
1966,1,4,31.4,22.5,83,2.5
1966,2,0,32.1,23.4,72,2.2
1966,3,12,33,24.8,80,2.1
1966,4,41,33.2,25.5,85,1.4
1966,5,50,32.6,25.1,82,0.8
1966,6,329,29.4,23.2,108,0.7
1966,7,859,27.7,23.3,96,0.6
1966,8,265,28.7,23.6,104,-2
1966,9,294,28.7,23.4,115,-1.7
1966,10,381,29.9,23.4,125,2
1966,11,229,31,23.1,116,4.2
1966,12,35,31.4,22,97,4.2
1967,1,13,31.5,21.1,90,4.5
1967,2,0,31.8,21.5,74,4.3
1967,3,4,32.6,23.8,80,3.8
1967,4,21,33.6,25.4,74,2.5
1967,5,64,32.5,25.7,90,1.9
1967,6,1992,29,23.7,122,1.7
1967,7,527,27.4,22.4,96,1.5
1967,8,756,27.8,22.7,99,2.2
1967,9,132,28.7,23,114,1.2
1967,10,135,29,23.2,124,-1.7
1967,11,60,30.5,21.9,100,-2.3
1967,12,32,31.5,22.5,90,-2
1968,1,0,31.1,21.3,81,-2.1
1968,2,10,31.4,22.1,71,-1.7
1968,3,44,31.9,24.2,94,1.4
1968,4,129,32,24.8,135,3.2
1968,5,254,32.4,25.4,156,3
1968,6,1863,28.9,23.6,114,2.7
1968,7,623,26.8,22.9,92,2.4
1968,8,528,28.3,23.1,105,2
1968,9,295,28.5,23.3,115,1.8
1968,10,120,29.9,23.1,118,-1.2
1968,11,51,30.4,23.3,94,-2
1968,12,7,31.4,21.9,83,-2.6
1969,1,0,31.3,21.2,78,-3
1969,2,0,31.7,22.7,65,-3.2
1969,3,5,33.5,24.6,73,-3.5
1969,4,112,33.5,25.8,125,-1.9
1969,5,68,32.7,25.6,92,-2
1969,6,1163,29.6,23.7,112,-1.8
1969,7,601,27.7,23,96,-1.6
1969,8,478,28,23.5,122,-2
1969,9,321,29.1,22.9,118,-1.6
1969,10,221,29.7,23.5,118,-1.3
1969,11,135,31.2,23.2,123,-0.6
1969,12,47,30.7,22.7,97,1.6
1970,1,9,31.3,22,86,2.2
1970,2,0,31.6,22.9,75,2.4
1970,3,25,32.8,24.3,93,3
1970,4,84,32.6,26.1,111,3.5
1970,5,133,31.7,25.5,135,3
1970,6,291,28.5,23.5,110,2.7
1970,7,970,27.6,22.8,102,2.4
1970,8,683,27.4,22.9,102,2.7
1970,9,203,28.6,22.9,111,2
1970,10,215,29.5,23.3,120,1.8
1970,11,74,29.8,23.6,101,1.2
1970,12,1,31,20.2,85,-1.5
1971,1,4,30.8,21.7,78,-1.7
1971,2,9,31.3,21.9,70,-1.5
1971,3,21,32.1,23.7,83,-1.1
1971,4,50,33.1,25,87,-1.2
1971,5,370,31.7,25,159,-0.7
1971,6,373,27.3,22.9,109,-0.6
1971,7,851,27.4,22.7,105,-0.6
1971,8,695,27.6,22.6,111,0.5
1971,9,340,28.4,23.2,116,1
1971,10,154,29.4,22.8,116,-0.7
1971,11,16,30.5,21.7,83,-2.1
1971,12,25,30,21.2,89,-2.3
1972,1,0,30.7,20.2,78,-2.8
1972,2,3,31.4,21.7,66,-3.1
1972,3,0,33,22.7,71,-3.7
1972,4,41,33,25.3,79,-3.9
1972,5,160,31.4,25.2,138,-3.7
1972,6,573,30.3,24,125,-3.3
1972,7,988,28.3,23,105,-2.9
1972,8,484,28.9,23.2,109,-3.1
1972,9,191,29.4,24.2,125,-3.3
1972,10,292,30,24,116,-1.9
1972,11,78,31.2,23.1,103,-2.1
1972,12,75,31.6,23,111,2
1973,1,0,32.7,20.8,88,2
1973,2,0,32.8,23,74,1.8
1973,3,0,33.4,24.1,79,1.2
1973,4,77,33.9,26.3,105,1.6
1973,5,168,33.6,25.7,156,1.3
1973,6,649,29.3,23.8,116,1.2
1973,7,1411,27.8,23.7,108,1
1973,8,668,27.3,22.8,103,1.4
1973,9,89,29.1,23.3,105,-1
1973,10,183,29.7,23.7,119,-1.5
1973,11,58,31,22.8,100,-2.2
1973,12,14,30.9,21.7,87,-2.5
1974,1,0,31.3,20.6,80,-2.8
1974,2,0,32.1,21.3,67,-3
1974,3,2,33.3,24,73,-3.4
1974,4,68,33.5,25.7,96,-2.9
1974,5,76,32.2,24.7,95,-3
1974,6,1332,29.4,23.1,115,-2.7
1974,7,731,28,22.7,108,-2.4
1974,8,699,28.1,22.8,103,-1.6
1974,9,511,28.5,23.1,116,1.7
1974,10,149,30,22.6,118,0.8
1974,11,29,31,21.9,91,-2
1974,12,0,32.1,20.5,80,-3
1975,1,2,31.6,20.7,77,-3.5
1975,2,3,32.1,22.7,68,-3.8
1975,3,41,32.3,24.2,91,-2.8
1975,4,65,33.6,25.3,95,-2.5
1975,5,609,32.4,25.1,156,-1.3
1975,6,365,28.3,23.2,120,-1.1
1975,7,1700,27.4,22.2,95,-1
1975,8,741,27.3,23.2,105,1.8
1975,9,564,28.1,22.8,104,3.2
1975,10,266,29.2,23,118,3.5
1975,11,92,29.8,22.3,112,2.9
1975,12,4,31,20.4,86,1.9
1976,1,0,30.9,21,82,1.3
1976,2,0,31.6,22.3,69,0.7
1976,3,4,33.4,23.5,72,-1.9
1976,4,79,32.6,24.9,106,-1.3
1976,5,38,32.7,25.3,71,-1.6
1976,6,661,30,23.4,111,-1.4
1976,7,607,28.1,22.8,106,-1.3
1976,8,542,28,22.9,104,-1.3
1976,9,183,29.2,23.7,110,-1.6
1976,10,154,30.4,24,117,-2.2
1976,11,192,30.3,24.2,124,1.6
1976,12,25,31.9,22.2,97,1.5
1977,1,0,32.3,20.5,85,1.4
1977,2,2,31.8,23.1,75,1.3
1977,3,20,33.3,24.7,89,1.5
1977,4,77,33,26.2,107,1.9
1977,5,111,31.5,25.4,123,1.4
1977,6,2256,29.1,23.8,118,1.3
1977,7,384,28.2,23,100,1.1
1977,8,380,28.7,23.2,114,-1.1
1977,9,250,29.7,23.5,119,-1.2
1977,10,364,29.1,24.1,120,1.8
1977,11,342,30.8,24,113,6.2
1977,12,0,31.8,21.8,87,4.8
1978,1,11,31.7,21.6,87,4.7
1978,2,8,31.4,23.3,72,4.5
1978,3,2,32.8,24.4,78,3.7
1978,4,25,33,26.3,74,2.5
1978,5,452,32.4,25.4,151,2.8
1978,6,1631,28.4,23.3,109,2.5
1978,7,780,27.1,22.8,96,2.3
1978,8,642,27.3,23.4,115,2.3
1978,9,180,28.8,23.4,115,1.5
1978,10,117,30,24,118,-1.7
1978,11,222,31.3,23.5,120,2.2
1978,12,62,30.8,23.8,109,3.3
1979,1,1,31.5,22.9,87,3.4
1979,2,24,31.3,24.1,83,4.4
1979,3,9,32.4,25.2,85,4.4
1979,4,54,33.4,26.6,97,4
1979,5,47,32.4,26.2,87,3.1
1979,6,1456,29.3,24.5,122,2.8
1979,7,707,27.6,23.5,104,2.5
1979,8,613,28.1,23.8,120,2.4
1979,9,291,28.4,24.2,118,2.2
1979,10,148,30.4,23.9,133,1
1979,11,223,30,24.5,113,3.2
1979,12,17,31.6,23.2,91,2.7
1980,1,0,32.2,21.4,89,2.5
1980,2,2,32.1,23.2,74,2.2
1980,3,8,32.7,25,81,1.8
1980,4,87,33.2,26.8,112,2.3
1980,5,865,33.4,26.6,164,3.7
1980,6,1071,28.8,23.9,100,3.3
1980,7,827,28.2,23.1,98,3
1980,8,450,28.1,23.2,107,2.1
1980,9,210,29.6,23.9,123,1.5
1980,10,196,30.4,24.1,126,1
1980,11,139,31.4,23.8,124,1.6
1980,12,25,31.8,22.4,96,1.5
1981,1,14,31,22.5,89,2
1981,2,1,31.9,22.9,76,2
1981,3,21,32.9,24.9,87,2.3
1981,4,38,33.2,26.4,85,1.6
1981,5,421,32.7,26.1,161,1.9
1981,6,605,28.1,23.8,102,1.7
1981,7,1168,28.3,23.6,109,1.5
1981,8,680,28.7,23.7,116,1.8
1981,9,424,28.4,23.9,117,2.3
1981,10,215,29.6,24.4,119,2.1
1981,11,94,30.6,23.3,111,1.8
1981,12,33,31.3,22.3,97,1.9
1982,1,0,31.6,21.6,81,1.6
1982,2,0,31.9,23,72,1.3
1982,3,2,32.9,24.8,76,0.7
1982,4,15,33.2,26.2,69,-1.7
1982,5,86,32.3,26.3,102,-1.9
1982,6,382,29.1,23.9,115,-1.7
1982,7,1222,28.3,23.2,103,-1.5
1982,8,755,28.5,23.4,108,-0.5
1982,9,107,29.8,23.6,121,-1.4
1982,10,142,30.9,24.1,127,-2.5
1982,11,109,30.6,24.3,114,-2.1
1982,12,2,31.6,22.6,88,-2.6
1983,1,0,31.9,21.7,84,-2.7
1983,2,0,32.6,23.7,72,-2.9
1983,3,0,33.3,24.6,73,-3.3
1983,4,4,33.7,25.8,60,-4.7
1983,5,51,33.2,26.6,78,-4.7
1983,6,775,30.6,24.7,124,-4.2
1983,7,1626,28.8,23.8,104,-3.7
1983,8,545,28.1,23.8,100,-3.5
1983,9,405,28.9,23.3,107,-2.4
1983,10,183,30.5,23.7,123,-2.6
1983,11,52,31.2,22.2,100,-3.3
1983,12,52,32.1,22.7,96,-2.2
1984,1,13,30.4,23.6,77,-1.6
1984,2,25,32.5,23.2,79,2
1984,3,57,31.5,25.6,102,3.9
1984,4,141,32.4,26,140,6
1984,5,180,33.7,26.1,169,5.3
1984,6,510,29.1,23.4,105,4.8
1984,7,863,27.8,22.4,103,4.3
1984,8,491,29,23,117,3.4
1984,9,216,29.3,23.2,122,2.7
1984,10,287,30.1,22.9,119,3.3
1984,11,41,31,23,93,1.8
1984,12,39,32.2,21.8,99,1.8
1985,1,55,31.3,23,96,3.5
1985,2,9,32.3,23.2,76,3.5
1985,3,33,33.7,25.2,93,4.2
1985,4,27,33.6,26.6,78,3.1
1985,5,403,33.2,25.8,164,3.2
1985,6,329,28.5,23,105,2.9
1985,7,849,28,22.6,106,2.6
1985,8,501,28.6,23.1,116,1.9
1985,9,126,29.8,23.5,124,0.9
1985,10,225,30.3,23.1,129,0.8
1985,11,68,30.4,23,102,-1.6
1985,12,17,31.8,22.8,89,-1.8
1986,1,12,30.8,22.5,83,-1.6
1986,2,4,31.4,23,69,-1.5
1986,3,3,32.7,25.6,74,-1.8
1986,4,25,34.1,26.2,74,-2.5
1986,5,666,33.5,25.9,167,-1.2
1986,6,401,29.5,24,123,-1.1
1986,7,686,28.8,23.4,112,-1
1986,8,431,28,23.3,118,-1.6
1986,9,440,29.4,24,120,-0.6
1986,10,108,31.1,23.7,119,-1.9
1986,11,246,31.5,23,124,2.6
1986,12,4,31.5,23.5,86,1.7
1987,1,0,32.2,22.3,87,1.5
1987,2,0,32,22.5,72,1.1
1987,3,6,32.8,24.6,79,0.7
1987,4,33,33.5,26.5,81,-1.6
1987,5,112,33,26.3,124,-1.7
1987,6,618,30.5,23.8,124,-1.6
1987,7,642,29,24.1,121,-1.4
1987,8,564,29.2,23.3,109,-1.3
1987,9,174,30.7,24.3,124,-1.8
1987,10,340,30.5,24,123,1.5
1987,11,34,31.8,23.9,91,-1.2
1987,12,73,31.4,23.5,109,1.4
1988,1,0,32.1,22.2,84,1
1988,2,0,33.1,23.6,71,0.6
1988,3,12,33.4,25.8,81,-0.2
1988,4,131,32.7,26.5,136,2.2
1988,5,100,34,26.3,120,1.7
1988,6,638,30.2,23.7,115,1.5
1988,7,1383,28.4,23.2,102,1.4
1988,8,701,28.2,23.7,106,1.8
1988,9,484,29.2,23.4,116,2.7
1988,10,53,31.2,23.8,101,-1.9
1988,11,55,30.8,23.5,99,-2.9
1988,12,13,32.9,21.5,86,-3.7
1989,1,1,32.1,21.7,76,-4.5
1989,2,0,32.6,21.5,65,-5.2
1989,3,13,32.6,24.5,68,-5.3
1989,4,51,33.5,25.8,81,-5.3
1989,5,75,33.6,25.4,95,-5.1
1989,6,616,29,23,100,-4.6
1989,7,1072,27.7,22.9,100,-4.1
1989,8,387,28.9,22.7,108,-4.5
1989,9,314,29.5,23.2,115,-3.9
1989,10,274,30.5,23.7,115,-2.7
1989,11,38,31.1,23.6,95,-3.7
1989,12,4,32.3,22.3,83,-4.3
1990,1,6,31.6,22.2,82,-4.5
1990,2,0,32.4,23.6,69,-4.8
1990,3,2,33,25.7,69,-5.3
1990,4,8,34,26.3,58,-6.4
1990,5,168,31.7,25.6,136,-5.8
1990,6,423,29.5,23.4,104,-5.2
1990,7,1171,28.4,22.6,95,-4.7
1990,8,352,28.5,23.4,102,-5.2
1990,9,142,30.1,23.8,126,-5.4
1990,10,205,30.5,23.9,121,-5
1990,11,109,31.4,23.4,116,-4.3
1990,12,4,32.1,22.9,90,-4.6
1991,1,1,32.1,22.7,84,-4.4
1991,2,2,32.2,23.5,74,-4.1
1991,3,6,33.9,24.9,75,-4.1
1991,4,66,33.9,26.3,93,-3.5
1991,5,637,33.7,26.3,161,-2.1
1991,6,761,28.8,23.9,103,-1.9
1991,7,1272,27.8,23.2,98,-1.7
1991,8,601,28.2,23.2,113,-1.4
1991,9,88,30.4,23.9,115,-2.3
1991,10,231,29.9,23.9,124,-2.3
1991,11,100,31.1,23.3,114,-2.2
1991,12,1,31.9,21.9,88,-2.7
1992,1,0,31.6,21.2,84,-2.8
1992,2,0,32.7,22.2,70,-3
1992,3,0,33.7,23.6,75,-3.5
1992,4,60,34,25.6,92,-3.2
1992,5,115,33.1,25.4,123,-3.2
1992,6,788,29.7,23.8,113,-2.8
1992,7,1394,28.1,23,106,-2.5
1992,8,598,28.5,22.8,110,-2.2
1992,9,259,29.8,23.3,119,-2.1
1992,10,275,30.7,23.1,124,-1.2
1992,11,163,30.9,24.2,119,1.8
1992,12,3,31.9,21.5,92,0.9
1993,1,0,32.2,21.2,86,0.6
1993,2,0,32.7,22.2,73,-1
1993,3,7,33.4,24.4,75,-1.2
1993,4,22,34,25.5,71,-2.1
1993,5,79,33.9,25.8,99,-2.3
1993,6,762,30.3,23.6,113,-2
1993,7,1160,28.3,22.5,98,-1.8
1993,8,400,29.4,22.8,118,-2.5
1993,9,119,30,22.9,118,-3.1
1993,10,309,30.3,23.5,116,-1.6
1993,11,124,30.7,23.7,119,-1
1993,12,48,30.8,22.6,99,2.2
1994,1,0,32.5,21.9,85,2.3
1994,2,1,32.4,23,74,2.4
1994,3,28,34,24.1,93,3.1
1994,4,121,33.2,25.9,129,4.7
1994,5,660,33.7,25.4,164,5.3
1994,6,3308,29.8,23.5,108,4.7
1994,7,456,28,22.9,105,4.3
1994,8,511,28.9,23,117,3.5
1994,9,188,30.3,23.2,131,2.6
1994,10,375,30.3,23.2,119,4.3
1994,11,67,30.6,23.1,102,3.2
1994,12,11,31.2,21.8,89,2.2
1995,1,13,32,21.8,85,2
1995,2,0,32.9,23,70,1.4
1995,3,6,33.4,24.3,75,0.7
1995,4,56,33.4,25.7,89,-1.7
1995,5,107,32.1,25.3,117,-1.8
1995,6,789,30.5,23.9,119,-1.6
1995,7,1196,28.1,23.2,104,-1.4
1995,8,684,28.8,23.5,115,-0.8
1995,9,262,30,23.5,125,-0.9
1995,10,183,31,23.3,123,-1.2
1995,11,43,31.4,23.4,91,-2.1
1995,12,0,31.4,22,85,-3
1996,1,1,32.8,21.6,79,-3.5
1996,2,1,33.1,22.4,66,-3.9
1996,3,30,34.9,23.6,86,-3.3
1996,4,51,33.6,25.4,84,-3.2
1996,5,127,34.2,25.7,135,-3.2
1996,6,904,29.5,23.7,117,-2.8
1996,7,1211,27.5,23.7,104,-2.5
1996,8,538,28.3,23.5,114,-2.5
1996,9,308,29.1,23.9,121,-2.1
1996,10,230,30.6,22.8,124,-1.7
1996,11,18,31.2,23.3,83,-3.1
1996,12,60,31.8,21.8,104,-2
1997,1,5,32,21.7,81,-2.1
1997,2,0,32.6,22.3,70,-2.3
1997,3,16,34,24.1,79,-2.1
1997,4,27,32.3,25.7,72,-2.7
1997,5,56,33.4,25.8,85,-2.9
1997,6,3056,30.5,24.1,124,-2.6
1997,7,706,28.6,23.8,103,-2.3
1997,8,731,29,23.7,113,-1.4
1997,9,264,30.1,23.8,129,-1.4
1997,10,289,31.4,23.7,134,1.2
1997,11,185,31.5,24.4,116,2.6
1997,12,51,32.3,24,98,3.3
1998,1,1,33.4,23,91,3.5
1998,2,15,33.9,23.4,85,4
1998,3,7,35.3,24.1,87,3.7
1998,4,32,33.8,26.4,78,2.8
1998,5,367,34.2,26.1,157,2.9
1998,6,242,30.8,24.3,115,2.6
1998,7,1457,28.5,23.7,105,2.3
1998,8,701,28.8,23.9,115,2.6
1998,9,490,29.5,23.6,115,3.4
1998,10,335,30.7,23.3,121,4.5
1998,11,65,31.5,23.2,98,3.4
1998,12,69,31.4,22.6,108,4.4
1999,1,1,32.7,20.9,86,4
1999,2,9,33.1,23,77,3.9
1999,3,19,34.8,24.1,85,3.9
1999,4,59,33.6,25.5,96,3.6
1999,5,201,31.4,24.7,134,3.2
1999,6,584,29.3,23,114,2.9
1999,7,1088,27.5,23.3,100,2.6
1999,8,314,28.8,23.6,118,1.1
1999,9,103,30.5,23.4,119,-2.1
1999,10,379,30.1,23.9,113,1.8
1999,11,51,31.6,23.1,100,0.7
1999,12,7,32.7,21.4,85,-1.7
2000,1,2,32.3,22.4,79,-2.2
2000,2,7,31.8,23.6,67,-2.3
2000,3,0,33.5,24.2,71,-2.8
2000,4,62,33.8,25.7,91,-2.5
2000,5,110,32.8,25.2,117,-2.5
2000,6,537,28.6,23.8,103,-2.3
2000,7,794,28.3,22.9,114,-2
2000,8,742,27.6,23.7,106,-1.1
2000,9,227,29.4,23.9,121,-1.3
2000,10,252,30.7,23.5,125,-0.7
2000,11,94,32.1,23.1,115,-0.9
2000,12,66,31.3,21.9,109,1.7
2001,1,38,32.2,22.2,98,3.3
2001,2,8,32.1,22.8,78,3.7
2001,3,0,33.3,24.6,80,3.4
2001,4,166,32.7,25.3,151,6
2001,5,74,32.3,25.2,103,5.1
2001,6,381,28.8,23.1,103,4.6
2001,7,1048,27.9,22.9,106,4.1
2001,8,459,28,22.9,109,3.2
2001,9,213,29.4,23.6,126,2.4
2001,10,237,29.9,23.2,117,2.5
2001,11,55,30.9,23.3,91,1.5
2001,12,5,31.7,22.2,85,-2
2002,1,0,31.7,21.7,79,-2.4
2002,2,0,32.5,23.2,66,-2.7
2002,3,4,33.5,24.7,71,-3
2002,4,19,32.8,25.3,61,-3.7
2002,5,190,32.5,25.4,138,-3.3
2002,6,644,29.1,23.4,109,-3
2002,7,546,28.3,23.3,105,-2.7
2002,8,462,28.3,23.3,112,-2.9
2002,9,138,29.2,23.3,122,-3.4
2002,10,452,30.3,23.6,115,3
2002,11,97,31,23.3,110,2.6
2002,12,1,31.5,22.1,86,1.6
2003,1,0,32.4,22.4,81,1
2003,2,7,32.8,23.4,70,0.9
2003,3,4,33.6,24.8,72,-1.3
2003,4,129,33.1,25.7,132,1.9
2003,5,21,32.9,25.8,68,1.3
2003,6,756,30.1,24.3,115,1.1
2003,7,953,28.5,23.6,105,1
2003,8,337,29.1,24.1,118,-1.5
2003,9,171,29.6,23.7,126,-1.9
2003,10,220,30.1,23.4,116,-1.6
2003,11,77,31.3,23.7,108,-2
2003,12,1,31.6,22.2,85,-2.7
2004,1,5,31.8,21.8,81,-2.8
2004,2,0,32.5,23.2,68,-3
2004,3,2,33.6,24.9,70,-3.3
2004,4,67,33.4,26,93,-2.8
2004,5,189,31.4,24.2,133,-2.5
2004,6,558,29.2,23.5,113,-2.3
2004,7,973,27.8,22.9,103,-2
2004,8,491,28.2,23.2,111,-2.2
2004,9,214,29.2,23.3,120,-2.4
2004,10,262,30.5,23.8,130,-1.6
2004,11,91,31.2,23.6,113,-1.7
2004,12,0,31.9,22.5,89,-2.4
2005,1,27,32.1,22.1,89,-1.6
2005,2,1,32.7,23.3,72,-1.7
2005,3,2,33.1,24.4,73,-2
2005,4,57,33.1,25.7,89,-1.8
2005,5,57,33,25.8,88,-2
2005,6,707,30,24.3,118,-1.8
2005,7,1112,28.3,23.4,103,-1.6
2005,8,377,28.7,23.6,123,-2.4
2005,9,381,29.1,23.3,112,-1.6
2005,10,181,30.1,23.4,117,-1.8
2005,11,122,30.6,22.9,119,-1.3
2005,12,17,31,21.6,88,-1.3
2006,1,1,31.9,21.9,86,-1.1
2006,2,0,32.1,22.8,75,-1
2006,3,35,32.9,24.1,91,1.2
2006,4,20,32.7,25.3,71,-0.8
2006,5,149,32,24.8,144,-0.9
2006,6,766,29.4,23.7,118,-0.8
2006,7,941,28.6,23.6,110,-0.7
2006,8,577,28.8,23.7,120,-0.7
2006,9,676,29.3,23.5,111,2
2006,10,289,30.1,23.3,121,2.7
2006,11,74,31.2,23.5,98,2
2006,12,0,31.5,22,86,1
2007,1,0,32,22,81,-1.7
2007,2,0,32.2,22.9,68,-2
2007,3,7,33.2,24.4,72,-2.3
2007,4,78,33.2,25.8,101,-1.5
2007,5,507,32.8,25.7,151,-0.7
2007,6,313,29.6,23.9,110,-0.6
2007,7,489,28.2,23.3,99,0
2007,8,767,28.4,23.4,109,1.7
2007,9,700,29.1,23.2,109,3.7
2007,10,288,30,23.3,115,4.3
2007,11,103,30.9,23.2,116,3.8
2007,12,8,31.7,22.2,88,2.9
2008,1,0,31.6,21.6,83,2.3
2008,2,17,32.2,22.9,77,2.5
2008,3,77,32.8,24,107,4.8
2008,4,101,32.7,25.3,118,5.7
2008,5,40,32.2,25.1,78,4.7
2008,6,558,29.3,23.6,108,4.2
2008,7,1120,28.1,23.2,104,3.8
2008,8,517,28.5,23.4,113,3.1
2008,9,428,29.6,23.8,118,3.5
2008,10,477,30.5,23.8,122,6.3
2008,11,25,31,23.3,85,4.3
2008,12,7,31.9,22.4,83,2.9
2009,1,0,32,22,78,1.8
2009,2,0,32.6,23.3,67,0.8
2009,3,24,32.9,24.2,76,0.7
2009,4,21,33,25.6,63,-3.6
2009,5,82,32.3,25.2,96,-3.5
2009,6,2661,29.5,23.8,109,-3.2
2009,7,718,28.3,23.4,96,-2.8
2009,8,343,29.3,24.2,116,-3.6
2009,9,434,29.7,23.8,110,-2.4
2009,10,175,30.3,23.6,123,-2.7
2009,11,249,31.4,23.7,115,3
2009,12,46,32.3,22.8,96,3.5
2010,1,1,32.2,22.2,84,3.6
2010,2,3,32.6,23.2,77,3.6
2010,3,1,33.7,25,78,3.1
2010,4,117,33.5,26,128,4.5
2010,5,275,33.5,26.3,151,4.2
2010,6,397,29.6,23.9,106,3.8
2010,7,1216,28.1,23.1,95,3.4
2010,8,398,28.3,23.3,102,2.3
2010,9,329,29.6,23.8,115,2.3
2010,10,380,30.1,23.3,111,4.2
2010,11,203,31.1,23.4,111,5.7
2010,12,18,31.3,21.8,88,5
2011,1,0,31.7,21.7,86,4.6
2011,2,7,31.9,22.6,76,4.4
2011,3,2,33.4,24.7,77,3.7
2011,4,80,32.6,25.2,103,4.1
2011,5,65,32.5,25.3,92,3.3
2011,6,573,29.3,23.6,103,2.9
2011,7,1197,28.1,23.2,93,2.6
2011,8,726,28.4,23.3,98,3.1
2011,9,521,29,23.1,108,4
2011,10,200,30.7,24,123,3.4
2011,11,84,31.4,23.7,110,2.7
2011,12,4,31.8,22.4,86,1.7
2012,1,0,31.8,21.8,80,1
2012,2,11,32.9,23.5,76,0.9
2012,3,2,33.2,24.4,71,-1.9
2012,4,73,32.8,25.4,95,-1.2
2012,5,56,32.6,25.4,86,-1.5
2012,6,379,29.1,23.4,104,-1.3
2012,7,674,28.3,23.4,99,-1.2
2012,8,598,28.4,23.3,101,-0.9
2012,9,227,29.3,23.5,112,-1.1
2012,10,131,30.6,23.8,126,-2.1
2012,11,116,31,23.3,118,-1.6
2012,12,6,32.4,23,90,-2.1
2013,1,1,32.6,22.6,86,-2.1
2013,2,4,32.9,23.5,71,-1.9
2013,3,17,33.6,24.8,80,-1.6
2013,4,6,33.7,26.3,63,-2.8
2013,5,207,32.8,25.7,157,-2.6
2013,6,540,28.6,22.9,94,-2.3
2013,7,1475,27.8,22.8,89,-2.1
2013,8,381,28.4,23.3,111,-2.7
2013,9,257,29.3,23.5,112,-2.6
2013,10,149,30.1,23.3,116,-3
2013,11,116,31.1,23.4,117,-2.4
2013,12,7,31.5,22.1,89,-2.7
2014,1,0,32.5,22.5,85,-2.6
2014,2,0,32.4,23,70,-2.5
2014,3,3,33.7,25,77,-2.6
2014,4,58,33.3,25.9,91,-2.3
2014,5,65,33.5,26.3,92,-2.5
2014,6,555,30.5,24.8,125,-2.2
2014,7,1519,28.6,23.6,99,-2
2014,8,874,29,23.9,109,1.3
2014,9,738,29.6,23.7,113,3.6
2014,10,373,30.7,23.9,121,5.1
2014,11,76,30.9,23.2,104,4.1
2014,12,5,31.9,22.4,79,3
2015,1,5,31.7,21.7,80,2.5
2015,2,0,32.8,23.4,72,2
2015,3,41,33.5,24.8,92,2.7
2015,4,92,33.2,25.8,110,3.5
2015,5,298,33.4,26.3,153,3.3
2015,6,427,30.2,24.5,111,3
2015,7,1011,29,24.1,113,2.7
2015,8,405,29.6,24.5,120,1.6
2015,9,273,30.9,25,133,1.3
2015,10,271,31.4,24.6,127,1.8
2015,11,186,31.7,24,117,3.2
2015,12,10,32.9,23.4,88,2.5
2016,1,5,33.1,22.9,89,2.3
2016,2,0,33.1,24.1,73,2
2016,3,25,34,25.8,88,1.6
2016,4,20,33.5,27,71,-1.6
2016,5,133,33.2,26.5,135,-1.4
2016,6,1019,29.6,23.9,111,-1.3
2016,7,1373,28.3,23.6,103,-1.1
2016,8,293,28.7,23.4,113,-2.6
2016,9,55,29.3,23.8,94,-3
2016,10,27,30.4,23.9,84,-4.7
2016,11,3,31.8,23.5,73,-6
2016,12,52,32.1,22.5,94,-6.5
2017,1,0,32.6,23,68,-7.3
2017,2,0,33,23.4,58,-7.8
2017,3,34,32.6,24.7,73,-8.1
2017,4,52,32.8,26.7,77,-8.3
2017,5,196,32.7,26.4,150,-7.6
2017,6,356,29.5,24,106,-6.8
2017,7,759,28.5,23.7,102,-6.1
2017,8,879,28.6,23.6,107,-5.9
2017,9,575,30,24.2,117,-5.2
2017,10,311,30.4,24.2,113,-5.5
2017,11,47,31.7,24.3,97,-6
2017,12,22,31.6,22.7,91,-6.2
2018,1,0,32.6,21.7,75,-6.1
2018,2,7,33.6,22.4,71,-5.9
2018,3,25,33.6,24.3,79,-4.3
2018,4,77,33,25.8,98,4.6
2018,5,227,32.4,25.5,134,5.3
2018,6,677,28.8,23.2,91,4.7
2018,7,1260,27.9,23,95,4.2
2018,8,774,27.9,22.7,99,4.3
2018,9,138,30.8,23.1,137,2.9
2018,10,208,31.4,23.7,122,3.3
2018,11,37,32.8,23.7,93,2.4
2018,12,12,31.6,22.3,75,3.5
2019,1,1,31.5,21.5,82,-2.8
2019,2,1,32.6,23.2,69,-3.1
2019,3,6,33.4,24.7,73,-3.4
2019,4,42,33.9,26.4,79,-3.6
2019,5,82,33.8,26.7,103,-3.7
2019,6,768,30.6,24.9,126,-3.3
2019,7,1144,28.7,23.8,102,-3
2019,8,1149,28.6,23.5,92,-0.6
2019,9,335,30.1,24.3,114,2.1
2019,10,535,30.7,24,112,5.7
2019,11,80,32,24.3,108,4.6
2019,12,50,32.6,23.2,98,5
