Product: Historical Climate - TerraClimate(http://www.climatologylab.org/terraclimate.html) 
Location (Lat/Lon of 4-km Grid Cell Center): 24.5208 North,81.3125 East 
Data Source: NW Climate Toolbox(https://climatetoolbox.org/tool/point-data-download)
Download Date: 07/24/2020
Variable List: 
ppt: ppt (Precipitation)
tmax: tmax (Maximum Temperature)
tmin: tmin (Minimum Temperature)
aet: aet (Actual Evapotranspiration)
PDSI: pdsi (Palmer Drought Severity Index (PDSI))
********************************************************
Year,Month,ppt(mm),tmax(degC),tmin(degC),aet(mm),PDSI(unitless)
1958,1,26,25.5,10.4,48,0
1958,2,3,28.2,11.7,39,-0.7
1958,3,60,34.1,17.1,78,1.1
1958,4,2,40.1,23.7,14,0.8
1958,5,0,42.9,27.8,8,-0.3
1958,6,46,41.5,28.6,49,-1.5
1958,7,378,31.5,26.3,128,-1.3
1958,8,368,31.2,24.8,111,-1
1958,9,175,29.8,25.2,115,-1.1
1958,10,49,31,19.7,89,0.7
1958,11,9,28.7,12.9,49,0.9
1958,12,1,25.1,10,35,0.8
1959,1,63,24.2,9.2,67,1.9
1959,2,4,27.1,10.6,39,2
1959,3,1,35.3,16.3,30,1.5
1959,4,4,39.1,22.4,18,1.5
1959,5,11,42,27.1,20,1.7
1959,6,41,38.7,28.2,45,0.7
1959,7,289,31.6,25.9,136,-1.3
1959,8,454,30.4,25.2,112,-0.9
1959,9,154,30.4,24.9,113,-1.3
1959,10,96,31.2,20.8,101,2
1959,11,0,28.7,12.4,52,2.1
1959,12,0,26,8.8,38,2.1
1960,1,44,23.7,8.1,58,2.6
1960,2,0,30.7,11.7,39,2.5
1960,3,28,32.4,16.2,57,2.8
1960,4,3,38.3,21.7,18,2.6
1960,5,1,42.6,26.7,10,2.1
1960,6,64,39.7,28.7,67,1.3
1960,7,506,32.2,25.3,125,2.2
1960,8,587,30.1,25.2,107,3.2
1960,9,90,32.1,24,103,1.8
1960,10,49,31.5,18.9,92,2.3
1960,11,0,28.8,10.4,45,1.7
1960,12,0,25.3,8.1,27,1.3
1961,1,43,24.1,9.7,53,1.7
1961,2,7,25.3,10.3,38,1.6
1961,3,2,34.4,17.2,22,0.9
1961,4,3,38.8,22.1,14,0.7
1961,5,2,42.1,27.3,9,-0.1
1961,6,93,37.6,27.1,93,-0.8
1961,7,386,31.6,25.6,124,-0.6
1961,8,504,30.4,25.1,106,0.9
1961,9,267,29.9,24.8,105,1.7
1961,10,61,30.6,18.9,92,2.6
1961,11,7,26.7,12.1,48,2.6
1961,12,6,23.2,6.4,34,2.6
1962,1,22,23.2,6.6,45,2.5
1962,2,10,26.8,11.4,37,2.6
1962,3,19,32.8,15.9,48,2.7
1962,4,13,38.5,21.9,27,3.1
1962,5,2,41.8,26.7,11,2.8
1962,6,41,40.3,28.1,45,1.6
1962,7,386,33,26.2,131,1.5
1962,8,434,30.6,24.5,109,1.9
1962,9,341,29.8,23.9,109,3.3
1962,10,2,31.4,17.2,71,2.4
1962,11,2,29,11.7,42,1.8
1962,12,10,25,9.3,35,1.8
1963,1,26,24.1,6.2,42,1.6
1963,2,8,29.2,11.4,33,1.5
1963,3,15,32.4,15.5,33,1.2
1963,4,9,36.7,21.3,19,1.3
1963,5,5,40.3,26,12,1.3
1963,6,107,37.1,26.6,107,1.1
1963,7,554,32.3,24.8,121,2.3
1963,8,441,30.3,25,101,2.7
1963,9,240,31.2,23.2,119,2.8
1963,10,21,32.3,19.7,81,2.4
1963,11,3,29.2,15,49,1.9
1963,12,2,26,8.2,31,1.5
1964,1,1,24,7.5,32,-1.3
1964,2,4,27.6,11.5,28,-1.7
1964,3,14,35.5,17.4,26,-1.9
1964,4,2,39.5,23.4,10,-2.1
1964,5,4,41.4,25.9,9,-2
1964,6,84,38.9,27.4,84,-2.1
1964,7,383,31.2,25.1,125,-1.8
1964,8,399,30.8,25.3,108,-1.3
1964,9,202,30.8,23.8,114,-1.1
1964,10,15,33.1,19.3,82,-1.2
1964,11,5,28.9,10.9,45,-1.3
1964,12,0,25.7,8.5,35,-1.5
1965,1,10,25.2,9.3,35,-2
1965,2,1,27.6,11.5,25,-2.4
1965,3,40,32.5,15.7,51,-1.7
1965,4,14,36.7,21.4,21,-1.2
1965,5,1,41.8,27.1,7,-1.3
1965,6,33,40.4,28.7,35,-2.4
1965,7,245,32.5,26,144,-3.1
1965,8,208,32.1,24.8,133,-3.8
1965,9,170,31.7,23.1,126,-4
1965,10,21,32.3,20,78,-3.8
1965,11,0,29.7,13,43,-4
1965,12,4,25.9,7.5,29,-3.8
1966,1,10,24.8,8.5,30,-4
1966,2,4,29.4,13.3,21,-4.2
1966,3,2,34,16.2,13,-4.5
1966,4,1,39.1,22.6,8,-4.3
1966,5,3,42.4,26.8,8,-4.1
1966,6,244,38.1,27.7,192,-1.9
1966,7,209,34.5,26.3,150,-2.6
1966,8,183,30.8,24.9,117,-3.4
1966,9,46,32.4,24.3,91,-4.7
1966,10,2,33.8,19.7,55,-5.9
1966,11,62,29.2,14.5,69,-4.8
1966,12,9,25.7,7.1,24,-4.9
1967,1,2,24.4,7.4,11,-5.5
1967,2,0,30.2,11.8,7,-6
1967,3,77,31.2,15.8,78,-3.8
1967,4,4,37.3,21.3,7,-3.7
1967,5,1,42.3,26.9,4,-3.8
1967,6,65,39.7,28.2,64,-4.1
1967,7,360,32.4,25.7,141,-3.9
1967,8,601,29.9,24.9,106,-2.2
1967,9,228,30.6,23.6,114,-1.6
1967,10,2,32.9,18.9,72,-2.1
1967,11,0,28.4,13.1,42,-2.3
1967,12,31,25.9,9.4,45,-1.2
1968,1,35,22.4,8.6,47,-0.7
1968,2,6,26.4,10.3,33,1.3
1968,3,15,33.4,15.7,37,1.1
1968,4,2,37.8,20.6,15,1
1968,5,0,41.5,26,8,0.7
1968,6,80,37.5,27,82,-0.3
1968,7,319,32.1,25.1,125,-0.8
1968,8,199,31.1,24.6,132,-1.6
1968,9,102,33.3,23.5,118,-2.5
1968,10,20,31.9,19,74,-2.4
1968,11,0,30.1,11.7,39,-2.6
1968,12,4,25.7,8.6,33,-2.6
1969,1,5,24,8.5,30,-2.9
1969,2,2,28.6,12,25,-3.1
1969,3,3,35.4,18.1,15,-3.4
1969,4,1,38.2,22.7,9,-3.4
1969,5,10,40.7,26,15,-2.7
1969,6,34,39.3,27.8,36,-3.5
1969,7,620,32.1,24.9,116,-1.3
1969,8,327,30.5,24.2,116,-1.1
1969,9,159,30.6,23.8,109,-1.4
1969,10,0,33.3,19.3,71,-1.9
1969,11,26,30.6,14.2,53,-1.2
1969,12,0,26.6,7.9,27,-1.3
1970,1,54,24,9.4,59,1.4
1970,2,27,26,11.5,45,2.2
1970,3,22,32.1,16.6,53,2.6
1970,4,0,39.7,22.9,16,2.4
1970,5,11,42.1,27.5,20,2.7
1970,6,125,36.3,26.2,125,2.8
1970,7,366,33,25,136,2.4
1970,8,375,30.7,25.4,117,2.3
1970,9,520,30.2,24.2,110,5.6
1970,10,22,32.6,19.7,77,5
1970,11,0,29,11.1,42,4.3
1970,12,0,26,7.7,29,3.6
1971,1,30,23.3,8.4,44,3.5
1971,2,6,27.3,9.8,33,3.3
1971,3,8,33.3,14.9,31,2.8
1971,4,14,38,21.5,26,3.1
1971,5,14,39.4,25.1,21,3.4
1971,6,259,34.3,25.7,155,5.3
1971,7,290,30.2,24.6,121,4.8
1971,8,498,29.8,24.4,115,5.1
1971,9,195,31.5,23.3,119,4.5
1971,10,85,31,19.5,102,5.7
1971,11,0,28.3,11.5,50,5.3
1971,12,0,25.6,7.4,38,4.9
1972,1,24,24.2,7.8,43,4.6
1972,2,18,25.3,9.4,45,4.7
1972,3,0,33.4,15.9,30,4
1972,4,2,38,21.4,17,3.7
1972,5,0,43,26.7,9,3.1
1972,6,21,41,28.5,26,1.4
1972,7,162,33.6,25.9,154,-2.8
1972,8,394,30.5,24.7,122,-3.3
1972,9,146,31.9,21.9,127,-3.6
1972,10,70,32,18.5,93,-1.9
1972,11,27,29.1,11.7,57,-0.7
1972,12,1,25.8,9,43,2.3
1973,1,9,24.5,9.3,39,1.8
1973,2,5,28.5,12.8,37,1.8
1973,3,1,33.6,16.1,28,1.4
1973,4,0,41.2,23.5,14,1.2
1973,5,1,43.2,28.1,9,0.9
1973,6,33,37.9,28.8,38,-1.3
1973,7,545,32.9,25.5,135,1.2
1973,8,552,30.4,25.2,114,2.2
1973,9,193,30.5,24,109,1.9
1973,10,61,30.5,19.9,90,2.8
1973,11,1,28.3,11.1,44,2.6
1973,12,2,24.2,7.6,37,2.5
1974,1,0,23.6,7,32,1.7
1974,2,1,26.8,10.3,30,1.4
1974,3,1,35,17.1,24,0.9
1974,4,0,40,23.1,13,0.7
1974,5,2,41.4,26.8,10,-0.1
1974,6,60,38.7,27.8,62,-1.4
1974,7,442,31.9,25.5,134,-0.9
1974,8,339,30.8,24.6,113,-0.7
1974,9,67,32.9,23.9,94,-1.9
1974,10,39,32.2,20.6,81,-1.4
1974,11,3,28.8,10.9,42,-1.6
1974,12,0,24,7.5,26,-1.7
1975,1,17,22.5,8,34,-1.7
1975,2,8,26.6,10.9,32,-1.5
1975,3,36,33.2,16,52,-0.8
1975,4,2,40.2,22.1,12,-0.9
1975,5,0,43.1,27.8,7,-1.1
1975,6,168,38,26.9,165,0.7
1975,7,389,31.3,24.6,130,0.8
1975,8,281,30.4,24.9,115,-0.2
1975,9,190,29.5,24.9,131,-0.2
1975,10,39,31.8,21,85,0.6
1975,11,0,28.3,10.2,46,-0.2
1975,12,0,25.2,7.1,32,-0.1
1976,1,31,23.8,9.1,48,0.2
1976,2,1,27.1,12.6,32,-0.1
1976,3,3,32.7,17.1,23,-0.5
1976,4,6,37.7,21.3,17,-0.4
1976,5,3,41.1,26.5,10,-0.5
1976,6,35,37.5,27.4,38,-1.4
1976,7,304,32.4,25.6,130,-1.7
1976,8,250,30.4,24.6,111,-2.2
1976,9,337,30.4,23.7,113,1.6
1976,10,1,33,19.4,69,0.8
1976,11,10,31.1,13.9,51,0.6
1976,12,0,25.9,8.8,31,-0.3
1977,1,28,23.6,8.1,44,0.1
1977,2,8,27.7,11.6,37,-0.9
1977,3,4,36,17,19,-1.4
1977,4,5,37.8,22.4,14,-1.3
1977,5,4,39.6,25.7,10,-1.2
1977,6,156,37.8,27.1,152,-0.7
1977,7,457,31.4,25.1,137,0.5
1977,8,317,30.8,25,114,0
1977,9,160,30.7,23.2,125,-0.5
1977,10,55,32.2,19.3,97,0.3
1977,11,22,30.2,14.7,56,0.9
1977,12,6,25.7,9.1,39,1.1
1978,1,32,23.2,7.6,50,1.3
1978,2,40,25.5,11,56,2.5
1978,3,55,30.9,15.3,81,3.8
1978,4,5,38.1,21.9,23,3.8
1978,5,1,43.1,28.4,11,3.3
1978,6,187,37.8,27.6,179,4.1
1978,7,231,31.6,25,125,2.9
1978,8,378,30.1,24.7,120,2.3
1978,9,268,30.5,24,118,2.8
1978,10,11,31.5,19.8,74,2.2
1978,11,6,29.8,13.9,47,1.8
1978,12,12,25.1,8.1,39,1.8
1979,1,61,24.4,9.4,61,2.7
1979,2,12,25,11.1,38,2.8
1979,3,1,31.9,15.6,28,2.2
1979,4,4,39.5,22.2,17,2.2
1979,5,3,41.2,25.7,11,1.9
1979,6,125,38.9,27.6,124,1.9
1979,7,325,32.6,26,143,1.3
1979,8,222,31.8,25.3,137,-1.2
1979,9,60,33.5,24.1,111,-2.6
1979,10,6,33,21,72,-3.4
1979,11,66,29.6,17,72,-1.7
1979,12,2,24.8,11,30,-2
1980,1,3,24.4,8.8,25,-2.6
1980,2,2,28.3,12.2,20,-3
1980,3,4,32.7,17,14,-3.3
1980,4,1,40.6,23.3,8,-3.4
1980,5,0,42.9,28.4,5,-3.4
1980,6,181,36.5,26.4,160,-1.9
1980,7,510,30.8,25.3,111,2.3
1980,8,612,30.9,24.2,94,3.5
1980,9,154,32.2,23.7,120,2.6
1980,10,6,32.5,20.3,80,1.8
1980,11,0,29.3,13.4,48,1.1
1980,12,13,25.2,9.4,36,1
1981,1,21,22.7,9,37,0.8
1981,2,1,28.3,11.8,28,-1.6
1981,3,21,32,16.9,34,-1.4
1981,4,1,38.9,22.2,10,-1.5
1981,5,3,41.1,26.5,9,-1.4
1981,6,120,39.5,28,119,-1.1
1981,7,469,30.9,25.8,127,0.7
1981,8,437,31.1,25.1,117,1.2
1981,9,185,32,24,120,0.9
1981,10,2,32.3,19,81,-0.6
1981,11,15,27.5,12.2,51,-0.8
1981,12,7,24.9,8,33,-0.8
1982,1,82,23.9,10.3,67,1.7
1982,2,7,25,12.1,37,1.9
1982,3,37,30.5,15,63,2.5
1982,4,4,37.1,21.5,18,2.4
1982,5,8,39.3,25.8,17,2.5
1982,6,88,38.1,27.1,90,2.1
1982,7,257,34.6,26.8,147,1
1982,8,394,30.7,24.7,104,0.7
1982,9,332,32.4,22.8,124,2
1982,10,9,31.8,20.4,74,1.5
1982,11,44,27.6,14.1,62,2.5
1982,12,4,25.6,9.6,38,2.3
1983,1,12,22.6,8.2,36,1.8
1983,2,2,26.1,11.2,32,1.5
1983,3,2,32.4,16.2,22,0.9
1983,4,9,35.8,21.1,20,1.1
1983,5,8,40.1,25.8,16,1.2
1983,6,84,38.9,28.3,85,0.7
1983,7,346,33.1,25.3,132,-0.2
1983,8,281,31.4,25.6,116,-0.9
1983,9,247,31,24.4,100,0.7
1983,10,48,30.4,18.9,86,1.3
1983,11,0,28.2,10.3,51,1.1
1983,12,3,24.6,8.8,34,1
1984,1,71,23.1,8.6,65,2.4
1984,2,23,25.7,9.6,47,3.1
1984,3,0,35.1,16.3,37,2.8
1984,4,5,39,22.5,22,2.8
1984,5,1,43.6,27.3,11,2.4
1984,6,122,37,27.2,123,2.5
1984,7,244,31.4,25.7,132,1.5
1984,8,327,30.5,24.3,111,0.8
1984,9,143,30.6,22.9,123,-1.8
1984,10,18,32.8,18.8,79,-1.7
1984,11,0,28.5,11.2,48,-1.9
1984,12,0,25.9,9.4,33,-2.1
1985,1,33,23.4,9.8,43,-1.6
1985,2,0,27.9,11,31,-1.9
1985,3,0,36.4,17.9,15,-2.5
1985,4,10,39.3,22.7,18,-2.1
1985,5,2,42.5,27.7,8,-2
1985,6,65,38.6,28.1,67,-2.4
1985,7,375,31.1,25.7,124,-2.1
1985,8,356,30.5,25.2,117,-1.8
1985,9,223,31.3,23.6,117,-1.3
1985,10,88,29.9,18.7,101,2.1
1985,11,0,28.9,12.3,56,2.2
1985,12,2,25.6,10.8,39,2.1
1986,1,22,23.4,9.3,43,1.9
1986,2,22,26.3,11.9,44,2.4
1986,3,8,32.9,16.8,39,2.3
1986,4,1,38.9,22.2,16,2.1
1986,5,15,40.2,25.6,23,2.6
1986,6,78,38.1,27,80,2
1986,7,288,31.2,24.7,121,1.3
1986,8,398,31,24.1,121,1.2
1986,9,152,32.3,23.7,126,-1.2
1986,10,11,31.4,19.5,78,-1.4
1986,11,2,29.7,13.3,48,-1.7
1986,12,29,25.1,8.5,45,-0.7
1987,1,28,23.5,8.9,43,0.2
1987,2,12,28.1,12.6,36,1
1987,3,21,33.3,17.2,42,1.1
1987,4,1,39.3,22.6,13,0.8
1987,5,4,40.3,25.6,11,0.8
1987,6,19,40.4,28.9,23,-1.4
1987,7,198,33.8,25.6,154,-2.4
1987,8,316,31.9,24.8,125,-3.1
1987,9,136,32.7,24.2,117,-3.5
1987,10,51,32.4,19.8,93,-2.4
1987,11,5,30.4,12.4,54,-2.1
1987,12,8,25.2,8.7,37,-1.7
1988,1,12,25,9.6,37,-1.9
1988,2,3,28.5,12.6,33,-1.8
1988,3,35,33.7,16.9,52,-1.2
1988,4,3,39.8,22.8,14,-1.1
1988,5,1,43.1,28.3,8,-1.2
1988,6,159,37.9,26.9,155,1
1988,7,282,31,25.9,117,-0.5
1988,8,315,30.8,25.2,104,-0.8
1988,9,101,32.3,24.7,115,-1.8
1988,10,9,32,18.7,79,-2.1
1988,11,1,29,12.4,44,-2.6
1988,12,13,26,9.3,35,-2.4
1989,1,6,23,7.8,28,-2.8
1989,2,0,27.2,11.1,19,-3.3
1989,3,22,32.3,16.2,32,-3
1989,4,0,39,21.2,8,-3.1
1989,5,1,42.9,26.8,6,-3.1
1989,6,104,37.3,26.3,102,-2.7
1989,7,376,33,24.6,127,-2.5
1989,8,220,31.4,24.6,111,-2.7
1989,9,112,31.8,23.8,105,-3.2
1989,10,6,32.6,19.2,79,-3.4
1989,11,7,29.7,12.8,49,-3.4
1989,12,25,24.5,8.8,42,-2.4
1990,1,0,26.3,9.2,32,-3
1990,2,16,26.2,13.1,36,-2.6
1990,3,11,31.4,16.2,25,-2.7
1990,4,5,38.8,22.4,14,-2.5
1990,5,8,39.5,26.3,14,-2
1990,6,267,37.2,26.7,163,2.5
1990,7,516,30.3,24.8,109,4
1990,8,491,30.9,25.3,111,4.4
1990,9,263,30.3,24.2,98,4.8
1990,10,7,31.7,19.2,73,3.9
1990,11,0,29.6,13.2,48,3.1
1990,12,4,25.5,9.1,33,2.5
1991,1,32,22.7,8.2,46,2.4
1991,2,6,28.2,13.2,31,2
1991,3,25,33.4,17.4,40,1.9
1991,4,11,37.8,21.6,20,2
1991,5,2,42.4,27.7,9,1.6
1991,6,293,36.9,27.3,175,3.9
1991,7,232,33.9,26,130,3.2
1991,8,554,30,24.8,91,4
1991,9,98,31.5,24,111,2.5
1991,10,0,33,18.9,78,1.5
1991,11,3,28.5,12.8,44,0.6
1991,12,20,24.9,9.1,38,0.7
1992,1,21,23.1,8.9,38,-1.9
1992,2,2,25.3,10.8,23,-2.4
1992,3,2,34,18.3,13,-2.9
1992,4,0,38.6,22.8,8,-2.9
1992,5,2,40.8,26.3,8,-2.8
1992,6,12,39.3,28,15,-3.9
1992,7,227,33.4,26.8,142,-4.4
1992,8,363,30.2,25.4,114,-4.5
1992,9,181,30.9,23.2,125,-4.3
1992,10,8,31.2,20,78,-4.3
1992,11,0,28.6,13.8,44,-4.3
1992,12,0,24.9,9.4,31,-4.3
1993,1,4,23.7,9.5,30,-4.6
1993,2,5,28.6,12.6,27,-4.6
1993,3,62,30.6,15.9,71,-3
1993,4,0,37.4,22,8,-3.1
1993,5,7,41.7,27.4,13,-2.6
1993,6,81,39.4,28.7,81,-2.7
1993,7,82,32.8,26.4,81,-4.2
1993,8,253,31.3,24.6,122,-4.8
1993,9,246,30.1,24.5,95,-4.1
1993,10,6,32.3,20.1,75,-4.2
1993,11,4,29.6,12.7,49,-4.1
1993,12,0,25.8,8,31,-4
1994,1,40,23.7,10.6,49,-3.2
1994,2,13,26.1,11.8,37,-2.8
1994,3,0,35.4,18,18,-3.2
1994,4,5,37.4,21.6,15,-2.8
1994,5,2,42.1,27.2,9,-2.6
1994,6,205,37.3,27.2,164,-0.9
1994,7,476,30.5,24.9,119,2.4
1994,8,373,30.1,25.3,107,2.4
1994,9,127,31.3,24.4,125,1.3
1994,10,15,32.4,19.3,80,0.9
1994,11,0,28.5,13.7,45,-1.4
1994,12,0,25.8,9,31,-1.6
1995,1,42,21.6,8.1,51,-1
1995,2,11,26.7,12.4,34,-0.8
1995,3,32,31.1,16.2,48,0.5
1995,4,7,37.5,22,17,1
1995,5,1,41.6,27.3,7,0.7
1995,6,86,40.1,29.4,87,-0.3
1995,7,294,32.9,26.3,134,-1
1995,8,303,30.5,26.4,107,-1.3
1995,9,148,31.6,24.2,116,-1.7
1995,10,12,32.9,20.8,78,-1.9
1995,11,23,29.3,13.3,60,-1.3
1995,12,3,25.8,11,34,-1.4
1996,1,61,24.1,10.3,62,1.2
1996,2,10,27.2,12.6,38,1.3
1996,3,4,34.2,18.8,28,0.8
1996,4,7,38.7,22,19,1
1996,5,0,42.3,27.8,9,0.6
1996,6,125,37.7,28.6,125,0.9
1996,7,267,32.7,26,124,-0.6
1996,8,402,29.9,24.9,96,0
1996,9,86,31.6,25.2,102,-1.6
1996,10,70,30.9,20.2,97,1.2
1996,11,0,30,12.3,53,0.9
1996,12,0,26.3,7.6,36,0.6
1997,1,13,23.4,7.7,35,-0.4
1997,2,0,26.6,10.1,28,-1.2
1997,3,4,33,17.7,18,-1.6
1997,4,6,36.2,21.3,14,-1.4
1997,5,5,40.3,26,11,-1.2
1997,6,75,38.6,28,76,-1.5
1997,7,242,32.3,25.7,111,-2
1997,8,284,31.2,25.3,105,-2.5
1997,9,207,30.9,24.4,114,-2.1
1997,10,23,31,19.6,73,-1.8
1997,11,42,27.7,15.1,60,1.5
1997,12,25,23.1,10.7,44,2.4
1998,1,1,23.1,8.1,35,1.8
1998,2,2,27.5,12.2,36,1.8
1998,3,41,31.4,15.7,68,2.6
1998,4,10,38.4,22.6,24,2.9
1998,5,2,42.7,27.6,11,2.6
1998,6,104,40.1,28.8,105,2.3
1998,7,283,32.1,26.4,118,1.6
1998,8,467,31.5,25.7,110,1.8
1998,9,226,31.1,25.2,111,2
1998,10,17,32.9,20.4,74,1.6
1998,11,30,29.9,15.1,61,2.2
1998,12,0,26.6,8.5,36,1.8
1999,1,6,23.1,8.1,32,1.1
1999,2,14,27.7,13.2,36,1.3
1999,3,0,34.6,16.9,20,0.6
1999,4,0,40.9,22.5,11,-0.2
1999,5,6,41,27.5,13,0.1
1999,6,127,37.4,27.3,126,0.4
1999,7,519,32.2,25.5,116,1.5
1999,8,286,31.1,25.1,110,1.2
1999,9,335,30.9,24,103,2.7
1999,10,39,32,21,84,2.8
1999,11,0,31,14.3,54,2.4
1999,12,6,26.3,9.1,37,2.1
2000,1,7,24.9,9.6,34,1.3
2000,2,2,26.4,11.6,29,0.8
2000,3,0,33.1,16.1,15,-1.6
2000,4,1,40.3,24,10,-1.7
2000,5,4,40.3,27,10,-1.6
2000,6,95,36.4,26.9,94,-1.4
2000,7,392,32.1,25.8,112,-1.1
2000,8,276,31.7,26,120,-1.2
2000,9,269,31.3,24,117,0.8
2000,10,0,34.1,21,79,-0.7
2000,11,0,30.7,14.4,47,-1.3
2000,12,0,27.1,8.7,31,-1.8
2001,1,8,24.4,8.4,29,-2.2
2001,2,1,28.1,12.5,19,-2.8
2001,3,20,33.3,17.2,30,-2.6
2001,4,4,38,21.5,11,-2.5
2001,5,5,41.1,27.1,10,-2.3
2001,6,169,35.9,26.2,140,-0.9
2001,7,292,31.6,25,103,-1
2001,8,258,31.5,26,118,-1.4
2001,9,96,32.9,24.9,117,-2.4
2001,10,55,33.2,20.8,90,-1.4
2001,11,8,31.2,13.9,51,-1.3
2001,12,0,26.6,9.7,33,-1.5
2002,1,14,24,9,36,-1.7
2002,2,17,28.2,12.8,38,-1.4
2002,3,3,34.4,17.9,18,-1.8
2002,4,1,40,23.4,10,-1.8
2002,5,2,42.8,28.5,8,-1.8
2002,6,46,38.7,28.2,49,-2.4
2002,7,122,33.9,27.9,119,-3.8
2002,8,353,31.2,25.1,103,-4.3
2002,9,164,31.4,24,118,-4.3
2002,10,56,33.2,20.2,92,-3
2002,11,2,30.1,13.6,54,-2.7
2002,12,2,27.2,10.7,35,-2.5
2003,1,11,24.7,8.6,36,-2.6
2003,2,41,27.6,12.7,53,-1.1
2003,3,5,32.7,16.2,30,-1.2
2003,4,1,40,23.3,14,-1.1
2003,5,1,42.1,27,9,-1.1
2003,6,43,39.5,29.6,47,-1.8
2003,7,197,32.7,26,120,-2.6
2003,8,226,31.5,25.3,95,-3.3
2003,9,354,30.6,24,88,-1.1
2003,10,10,32.7,19.6,76,-1.4
2003,11,0,30.9,13.9,47,-1.7
2003,12,1,26.7,10.2,32,-1.9
2004,1,37,22.9,8.5,48,-1.3
2004,2,0,28.1,11.3,29,-1.6
2004,3,0,36.3,18.3,15,-2.1
2004,4,3,40.3,24.3,12,-2
2004,5,1,42.2,27.3,7,-2.1
2004,6,248,37,26.7,184,1.9
2004,7,153,32.7,26.8,144,0.6
2004,8,288,31.1,25.1,109,-1.9
2004,9,116,33,24.8,123,-2.7
2004,10,4,32,20,72,-2.9
2004,11,1,29.6,13.9,45,-3.2
2004,12,0,27,10.1,30,-3.4
2005,1,12,23.8,10.4,30,-3.5
2005,2,7,27.6,13,27,-3.6
2005,3,59,34.1,18.3,68,-2.2
2005,4,0,38.5,22,8,-2.3
2005,5,4,41.4,26.4,9,-2.1
2005,6,17,40.6,29.7,20,-3.1
2005,7,192,31.8,25.4,122,-3.8
2005,8,349,31.4,25.7,122,-4.1
2005,9,102,31.8,24.2,115,-4.7
2005,10,17,32.3,19.6,75,-4.5
2005,11,0,29.7,12.6,49,-4.6
2005,12,2,25.5,8.5,30,-4.5
2006,1,0,25.1,9.5,26,-5
2006,2,0,30,14.2,18,-5.3
2006,3,77,32.2,16.2,84,-3.1
2006,4,14,38.2,22.6,21,-2.5
2006,5,7,41.1,27,12,-2.1
2006,6,49,37.9,27.7,50,-2.5
2006,7,466,31.7,24.7,116,-1.6
2006,8,127,30.7,25.2,117,-2.4
2006,9,61,31.9,24.5,100,-3.5
2006,10,1,33.3,21.4,70,-4.1
2006,11,1,29.6,14.6,40,-4.6
2006,12,0,26.8,10,26,-4.9
2007,1,0,24.4,8.4,21,-5.4
2007,2,35,26.9,12.4,44,-4.5
2007,3,51,32.5,15.7,57,-3.3
2007,4,2,39.1,22.9,8,-3.3
2007,5,5,40.5,25.9,9,-3
2007,6,56,38,26.9,57,-3.4
2007,7,207,32.1,25.9,129,-4
2007,8,288,31.5,25.4,114,-4.5
2007,9,152,32.1,25.4,114,-4.6
2007,10,1,32.5,19.9,78,-4.8
2007,11,0,30.3,14.1,45,-4.8
2007,12,3,26.1,9.6,32,-4.7
2008,1,8,23.5,10.8,30,-4.8
2008,2,1,26.5,10.8,22,-5
2008,3,6,34.8,18.4,17,-4.9
2008,4,3,38.5,21.9,10,-4.6
2008,5,9,40.6,27,14,-4
2008,6,334,35.1,26.4,141,3.5
2008,7,401,30.8,24.6,111,4.6
2008,8,406,31.1,25.1,105,4.5
2008,9,71,32.1,23.9,103,2.8
2008,10,7,33.3,20.3,72,1.8
2008,11,1,31.1,13.7,42,0.8
2008,12,0,28,10.7,26,-2.9
2009,1,7,26.2,10.3,26,-3.3
2009,2,0,29.6,14.1,15,-4
2009,3,1,34,18,10,-4.3
2009,4,1,40.2,22.8,7,-4.4
2009,5,18,42.1,27.8,22,-3.2
2009,6,18,40,29.2,21,-4.2
2009,7,191,33.4,25.5,129,-4.8
2009,8,100,32.5,25.6,102,-5.5
2009,9,225,32.1,24.2,125,-5.3
2009,10,31,32.9,19.2,75,-5.3
2009,11,26,30.4,14.1,48,-4.9
2009,12,2,26.3,10.5,23,-5
2010,1,7,23.1,7.1,22,-5.1
2010,2,10,28.3,12.4,21,-5.1
2010,3,0,35.3,18.2,8,-5.3
2010,4,0,41.7,24.5,5,-5.3
2010,5,1,42.6,27.9,4,-5
2010,6,16,39.7,28.6,18,-5.8
2010,7,137,33.9,26.6,127,-6.6
2010,8,128,31.8,26.1,119,-7.1
2010,9,47,31.9,25.1,48,-8.1
2010,10,8,32.7,21.1,11,-9.8
2010,11,5,30.9,15,7,-10.6
2010,12,4,25.7,9.2,6,-10.8
2011,1,1,22.6,8.5,3,-11
2011,2,3,28.2,12.9,4,-10.9
2011,3,1,34.2,18.1,2,-10.7
2011,4,4,38,22.1,4,-9.9
2011,5,7,41.2,27.9,8,-9
2011,6,367,36.7,26.7,164,-4.5
2011,7,317,32.2,26.1,121,-3.3
2011,8,394,31.4,25.3,102,-2.6
2011,9,276,31.4,24.5,108,-1.4
2011,10,3,33,20.3,77,-1.9
2011,11,0,30.6,13.8,46,-2.2
2011,12,0,26,8.5,29,-2.4
2012,1,70,22.8,8.7,68,-0.9
2012,2,0,27.2,12.8,31,-1.1
2012,3,4,33.3,16.6,21,-1.5
2012,4,4,39,23,14,-1.4
2012,5,2,42.8,27.6,9,-1.4
2012,6,29,40.8,29.7,32,-2.5
2012,7,520,32.3,26,118,-1.1
2012,8,355,31.2,24.7,105,-0.8
2012,9,357,32,24.2,113,2.8
2012,10,1,32.7,19.5,75,1.9
2012,11,0,29.1,12.2,45,1.2
2012,12,0,26.1,9.1,31,0.6
2013,1,0,23.5,8.1,26,-2.1
2013,2,31,27.1,12.4,43,-1.5
2013,3,31,33.6,16.9,43,-1.1
2013,4,3,38.5,22.3,11,-1.1
2013,5,0,43.1,28.3,6,-1.3
2013,6,346,36.4,26.5,162,3.4
2013,7,495,31.6,25.7,117,5.1
2013,8,439,31.3,24.6,105,5.1
2013,9,91,32.6,24.8,108,3.5
2013,10,30,31.2,20.3,75,3.3
2013,11,0,28.7,12.2,47,2.5
2013,12,1,25.7,9.2,30,1.9
2014,1,97,23.9,8.5,66,3.8
2014,2,32,26.4,11,52,4.9
2014,3,27,32.5,15.8,60,5.3
2014,4,11,38.5,21.6,31,5.4
2014,5,6,40.6,26.4,17,5.1
2014,6,123,40.2,28.8,125,4.7
2014,7,277,32.9,26.5,130,3.7
2014,8,258,32.3,25.9,118,2.6
2014,9,213,31.6,24.3,117,2.5
2014,10,2,32.5,20,73,1.6
2014,11,0,30.6,13.6,48,1
2014,12,7,24.9,8.4,34,0.7
2015,1,70,22.1,7.9,67,1.9
2015,2,2,28.5,12.4,31,1.8
2015,3,98,32.1,15.8,101,4.1
2015,4,10,37,21.5,26,4.2
2015,5,4,42.6,27.7,14,3.9
2015,6,109,38.7,27.7,110,3.7
2015,7,294,33,25.4,126,2.8
2015,8,263,31.8,25.5,118,1.9
2015,9,64,33.3,24.3,108,-2.3
2015,10,13,33.6,20.9,70,-2.8
2015,11,2,30.9,14.5,39,-3.3
2015,12,0,26.3,9.9,27,-3.6
2016,1,34,24.2,9.7,42,-3.4
2016,2,4,28.8,13.5,22,-3.8
2016,3,15,32.6,18.2,25,-2.3
2016,4,2,39.8,24.2,9,-2.5
2016,5,4,40.5,27.5,9,-2.3
2016,6,119,37.3,28,117,-2.3
2016,7,513,31.5,25.7,112,-2.4
2016,8,434,30.4,25.2,105,-1.9
2016,9,193,30.2,24.8,104,-2.2
2016,10,21,31.3,20.3,79,-2.2
2016,11,4,29,12.9,52,-2.4
2016,12,3,25.8,9.2,33,-2.5
2017,1,32,23.8,8.9,45,-2.9
2017,2,8,28.4,12.5,36,-3.3
2017,3,10,33.2,17.1,27,-3.5
2017,4,2,39.7,23.4,12,-3.5
2017,5,5,41.1,27.7,11,-3.3
2017,6,98,37.4,27.6,98,-3.4
2017,7,431,31.1,25.3,109,-3.2
2017,8,265,31,25.7,119,-3.4
2017,9,181,31.9,24.8,120,-4.1
2017,10,14,32.4,21.4,78,-4.4
2017,11,24,28.5,13.4,58,-4.7
2017,12,3,26.4,9.8,34,-4.9
2018,1,11,24.2,8.3,36,-5.3
2018,2,8,28.7,13,33,-5.1
2018,3,7,34.7,18.3,24,-5
2018,4,5,37.7,22.7,15,-4.3
2018,5,2,41.1,27.8,9,-3.9
2018,6,102,37.8,28.5,102,-3.8
2018,7,376,32,25.9,121,-2.9
2018,8,316,30.2,25.3,99,-1.8
2018,9,233,31.3,23.8,116,-2.1
2018,10,13,33.4,20.5,79,-2.4
2018,11,4,30.2,14.5,47,-2.7
2018,12,3,24.8,8.8,34,-2.9
2019,1,45,23.3,8.5,51,0.6
2019,2,7,27,11.7,30,0.6
2019,3,22,32.4,15.9,41,0.8
2019,4,4,39.6,23.1,16,0.8
2019,5,1,42.6,28,9,-0.2
2019,6,29,40.3,29.8,33,-1.1
2019,7,301,33.5,27,136,-1.5
2019,8,436,31.7,25.9,108,-1.1
2019,9,366,31.9,24.5,95,2.3
2019,10,20,32.2,20,69,2.1
2019,11,1,30.2,13.9,48,1.7
2019,12,16,24.1,7.6,40,2
