Product: Historical Climate - TerraClimate(http://www.climatologylab.org/terraclimate.html) 
Location (Lat/Lon of 4-km Grid Cell Center): 22.8542 North,81.0625 East 
Data Source: NW Climate Toolbox(https://climatetoolbox.org/tool/point-data-download)
Download Date: 07/24/2020
Variable List: 
ppt: ppt (Precipitation)
tmax: tmax (Maximum Temperature)
tmin: tmin (Minimum Temperature)
aet: aet (Actual Evapotranspiration)
PDSI: pdsi (Palmer Drought Severity Index (PDSI))
********************************************************
Year,Month,ppt(mm),tmax(degC),tmin(degC),aet(mm),PDSI(unitless)
1958,1,12,25.3,10.1,45,-0.3
1958,2,7,27.7,11.3,43,-0.9
1958,3,38,32.5,15.2,60,-0.8
1958,4,16,37,21.1,28,-0.7
1958,5,1,39.8,25.2,9,-1.1
1958,6,79,37.3,25.1,80,-1.9
1958,7,495,27,22,101,-1.4
1958,8,433,27.7,21.6,98,-1
1958,9,277,26.3,21.4,99,1
1958,10,98,27,16.6,99,2.1
1958,11,12,25.9,11,55,2.6
1958,12,0,24.1,8.9,38,2.5
1959,1,43,24.2,9.3,58,3.1
1959,2,7,27.1,10.2,45,2.7
1959,3,1,33.4,14.9,32,2
1959,4,31,36.4,20,44,2.4
1959,5,19,39.2,24.6,27,2.5
1959,6,118,34,24.6,119,2.1
1959,7,473,26.9,21.7,106,2
1959,8,426,26.4,21.3,89,2.1
1959,9,298,26.5,21.3,94,2.7
1959,10,95,27.3,17.6,91,3.6
1959,11,0,25.6,10.1,50,3.5
1959,12,0,24.8,7.8,37,3.3
1960,1,65,23.6,8,67,4.4
1960,2,0,30,10.3,42,3.9
1960,3,48,30.5,14.7,78,4.3
1960,4,22,36,19.4,41,4.2
1960,5,3,39.5,24.2,14,3.5
1960,6,102,34.8,24.5,104,2.7
1960,7,595,27.8,21.4,98,3.5
1960,8,476,26.3,21.5,90,3.9
1960,9,108,28.6,20.6,102,2.3
1960,10,84,27.7,15.8,95,2.9
1960,11,0,25.9,8.5,51,2.9
1960,12,0,24.9,7.7,35,2.5
1961,1,26,24.4,9.7,46,2.6
1961,2,14,25,9.7,44,2.3
1961,3,8,32.5,16,33,1.7
1961,4,14,36.3,19.9,27,1.6
1961,5,12,39.2,24.6,19,1.5
1961,6,131,33.1,23.2,130,1.4
1961,7,555,26.8,21.4,94,2
1961,8,513,26.8,21.5,92,3
1961,9,476,26.1,21,86,5.3
1961,10,91,26.6,15.9,96,5.8
1961,11,3,24.1,9.9,48,5.6
1961,12,11,22.9,5.6,40,5.4
1962,1,9,23.3,6.4,41,4.9
1962,2,27,26.5,10.4,50,4.8
1962,3,41,31.4,14.2,67,4.9
1962,4,42,35.5,19.3,57,5.5
1962,5,13,38.7,23.9,22,5.2
1962,6,53,35.4,23.9,57,3.5
1962,7,433,28.1,22,109,3
1962,8,465,27.2,21.1,95,3.3
1962,9,379,26.5,20.7,99,4.6
1962,10,4,27.3,14.7,68,3.3
1962,11,3,26,9.5,40,2.8
1962,12,35,24.1,8.3,49,3.3
1963,1,9,23.9,6.2,35,2.7
1963,2,27,28.7,10.5,47,2.6
1963,3,18,31.1,13.9,37,2
1963,4,40,34,18.7,50,2.7
1963,5,10,37.7,23.4,17,2.3
1963,6,164,32.7,23,158,2.4
1963,7,489,27.8,21,107,2.4
1963,8,453,26.6,21.3,88,2.8
1963,9,282,27.5,20.3,106,3
1963,10,64,28.2,16.7,89,3.1
1963,11,0,26.2,12.5,49,2.9
1963,12,1,24.6,7.6,35,2.5
1964,1,0,24.1,8.2,35,1.7
1964,2,6,27.5,11.2,36,1
1964,3,20,33.5,15.9,34,-1.4
1964,4,2,36.9,21.3,11,-1.8
1964,5,6,38.8,23.9,12,-1.9
1964,6,127,34.1,23.8,125,-1.8
1964,7,413,26.9,21.3,108,-2
1964,8,555,26.8,21.3,89,1.6
1964,9,188,27.5,20.6,100,1.1
1964,10,26,28.6,16.8,78,0.6
1964,11,2,25.7,8.9,48,-0.2
1964,12,0,24.5,7.6,35,-1.2
1965,1,21,24.7,9.4,42,-1.2
1965,2,5,27.4,10.6,29,-1.7
1965,3,40,31.2,14.3,51,-1.5
1965,4,31,34.2,19.5,38,-0.9
1965,5,3,39,24.9,9,-1.2
1965,6,99,35.6,24.7,98,-1.7
1965,7,278,28.1,22.1,111,-2.5
1965,8,205,28.4,21.7,115,-5.2
1965,9,230,27.6,20.3,108,-4.6
1965,10,18,28.4,17.3,75,-4.7
1965,11,0,26.6,10.7,45,-4.5
1965,12,3,24.4,8.2,33,-4.4
1966,1,11,24.2,8.6,35,-4.3
1966,2,2,28.9,12.4,26,-4.7
1966,3,11,32.5,14.4,23,-4.8
1966,4,8,36.2,20.2,15,-4.6
1966,5,26,39.3,24.1,30,-3.7
1966,6,157,33.9,24.2,153,-3.2
1966,7,421,30,22.7,122,-3.2
1966,8,237,27.3,21.5,105,-4.6
1966,9,123,28.6,21.1,116,-5.3
1966,10,6,29.6,17.1,74,-5.6
1966,11,23,26.2,13.1,58,-4.8
1966,12,14,24.8,6.5,40,-4.3
1967,1,1,24.3,8,29,-4.5
1967,2,0,29.6,11.1,22,-4.8
1967,3,132,29.4,14.7,125,-2
1967,4,12,34.9,19.2,24,-1.6
1967,5,4,39.6,24.4,12,-1.8
1967,6,126,35.2,24.4,125,-1.7
1967,7,516,27.9,22,113,-1.2
1967,8,441,26.4,21.3,92,-0.6
1967,9,174,26.9,20.7,102,-1.1
1967,10,3,28.9,16.3,67,-1.8
1967,11,0,26,10.8,42,-2
1967,12,51,25.1,9.2,58,1.3
1968,1,25,22.6,8.5,43,1.4
1968,2,25,26.2,9.8,45,1.5
1968,3,39,31.6,14.1,63,1.8
1968,4,28,34.9,18.1,40,2.1
1968,5,0,38.5,23.2,8,1.5
1968,6,98,33.8,23.6,98,0.9
1968,7,495,27.7,21.4,107,1.1
1968,8,277,27.2,21.1,105,-1.8
1968,9,269,29.3,20.3,112,-1.3
1968,10,25,28,15.9,74,-1.5
1968,11,0,26.5,10,42,-1.5
1968,12,3,24.6,7.9,35,-1.6
1969,1,5,24.3,8.6,32,-1.8
1969,2,2,28.2,12,29,-2.2
1969,3,5,33.2,17,19,-2.6
1969,4,1,36.1,20.2,10,-2.8
1969,5,26,37.8,23.6,30,-1.9
1969,6,53,34.4,24.3,55,-2.7
1969,7,701,27.6,21,99,-0.8
1969,8,382,26.8,20.9,96,-0.9
1969,9,259,27,20.6,98,1.5
1969,10,0,29,16.4,65,-0.8
1969,11,6,27.4,12,46,-0.9
1969,12,0,25,7.2,27,-1.2
1970,1,35,23.8,9.7,46,-0.8
1970,2,29,26.4,11.6,45,0.3
1970,3,63,30.5,15.6,77,1.4
1970,4,0,36.4,20.8,14,0.9
1970,5,19,39.3,24.9,26,1.2
1970,6,210,31.7,22.1,157,2.2
1970,7,446,28.2,21.2,112,2.3
1970,8,582,26.9,21.6,99,3.8
1970,9,375,26.6,21,98,5
1970,10,13,28.2,16.8,70,3.9
1970,11,0,25.6,8.9,41,3.2
1970,12,0,24.3,6.7,27,2.5
1971,1,23,23.1,8.9,39,2.4
1971,2,15,27.2,10,38,2.1
1971,3,22,31.4,13.3,40,1.8
1971,4,24,35.1,19.7,33,1.9
1971,5,28,36.6,22.8,34,2.5
1971,6,282,30,21.9,140,4.4
1971,7,309,26,21.1,101,3.9
1971,8,431,26.4,21.5,97,3.8
1971,9,207,27.6,20.7,104,3.2
1971,10,130,27,16.6,98,4.7
1971,11,0,25.1,9.2,50,4.5
1971,12,0,24,6.2,40,4.1
1972,1,5,23.7,7.8,34,3.6
1972,2,17,25.2,9.3,44,3.4
1972,3,0,31.7,15,31,2.7
1972,4,8,35.2,19.7,22,2.3
1972,5,1,39.7,24.3,10,1.7
1972,6,60,36.5,25,63,-1.7
1972,7,239,28.6,22.1,119,-2.7
1972,8,414,26.7,21.5,100,-3.4
1972,9,107,28.7,18.7,108,-4.3
1972,10,52,28.4,15.7,79,-3.6
1972,11,9,26.1,9.7,47,-2.9
1972,12,2,25.1,8.7,38,-2.7
1973,1,2,24.9,9.5,34,-2.8
1973,2,30,28.3,12.2,50,-2.3
1973,3,0,32,15.4,21,-2.6
1973,4,4,38.3,21.9,15,-2.7
1973,5,1,40.6,26,9,-2.8
1973,6,45,34,25,48,-3.7
1973,7,691,27.6,21.7,108,-1.8
1973,8,485,26.6,21.6,97,-0.7
1973,9,253,27.1,20.8,100,2.3
1973,10,103,27,16.7,99,3.3
1973,11,0,25.2,9.1,49,3.3
1973,12,3,23.3,7.3,42,3.2
1974,1,0,23.4,7.2,36,2.5
1974,2,5,26.8,10,36,2
1974,3,2,33.4,15.9,26,1.3
1974,4,1,36.7,21.4,14,0.8
1974,5,8,38.3,24.3,15,0.6
1974,6,86,34.3,24.2,87,-1.8
1974,7,447,27.8,21.9,109,-1.7
1974,8,416,27.1,21,98,-1.4
1974,9,75,29.2,21.1,90,-2.6
1974,10,149,27.7,17.6,101,1.9
1974,11,3,25.3,9.1,53,2.2
1974,12,0,23,7,37,2
1975,1,16,22.2,7.9,40,2
1975,2,33,26.5,10.6,55,2.4
1975,3,47,31.5,14.9,76,2.9
1975,4,2,37.2,20.1,21,2.3
1975,5,1,39.9,25.5,12,1.8
1975,6,205,33.6,23.3,172,2.5
1975,7,433,27,21.1,112,2.3
1975,8,358,26.7,21.6,100,1.6
1975,9,298,26,21.4,115,2
1975,10,92,27.5,18.2,96,2.9
1975,11,0,24.8,8.4,52,2.9
1975,12,0,23.8,6,35,2.6
1976,1,14,23.2,8.6,41,2.3
1976,2,1,26.6,11.7,35,1.8
1976,3,16,31,16.1,39,1.4
1976,4,29,35.1,19.4,40,1.7
1976,5,10,38.8,24,17,1.5
1976,6,57,34.1,23.1,59,-1
1976,7,438,28.3,21.3,111,-1.1
1976,8,405,26.9,21.3,96,-0.9
1976,9,328,27.6,20.1,101,1.1
1976,10,0,29.3,16.8,63,-0.8
1976,11,11,27.8,12.6,48,-0.7
1976,12,1,25.7,8.3,29,-1
1977,1,9,23.9,8.2,34,-1.3
1977,2,6,27.4,11.1,32,-1.7
1977,3,15,34.2,15.8,28,-2.1
1977,4,9,35.1,20.4,17,-2.1
1977,5,15,37,23.4,20,-1.8
1977,6,210,34,23.5,195,-0.9
1977,7,429,27.4,21.3,110,-0.9
1977,8,392,27.2,21.3,100,-1
1977,9,211,27.2,20.2,110,-1.1
1977,10,56,28.4,16.4,88,-0.7
1977,11,22,26.9,13,55,1.1
1977,12,9,24.5,7.8,40,1.2
1978,1,18,23.1,7.7,42,1.2
1978,2,83,25.4,10.7,83,2.9
1978,3,76,29.6,14.4,93,4.2
1978,4,29,35.2,20,56,4.8
1978,5,2,40.2,25.6,16,4.2
1978,6,178,33.7,23.7,162,4.4
1978,7,355,27.2,21,106,3.5
1978,8,458,26.4,20.7,98,3.7
1978,9,181,27.4,20.8,104,2.9
1978,10,13,27.9,17,70,2
1978,11,8,27.1,12,46,1.8
1978,12,26,23.9,7.2,46,2.2
1979,1,69,24.2,9.7,69,3.3
1979,2,62,25,10.6,72,4.3
1979,3,2,30.4,14.5,40,3.7
1979,4,4,36.5,20,21,3.2
1979,5,10,38.1,23.1,20,2.9
1979,6,126,35.3,23.8,126,2.5
1979,7,399,28.5,22.2,124,1.7
1979,8,408,27.9,21.5,116,1.4
1979,9,129,29.7,21,120,-1.9
1979,10,19,29.2,18,80,-2.3
1979,11,17,26.4,14.8,52,-1.9
1979,12,2,23.9,9.7,36,-2.1
1980,1,8,24.5,9.3,33,-2.3
1980,2,5,28.1,11.6,28,-2.7
1980,3,4,31.4,16.2,17,-3.1
1980,4,6,37.4,21.5,14,-3.2
1980,5,0,40.2,25.4,6,-3.4
1980,6,194,32.3,22.6,142,-2
1980,7,403,26.6,21.7,97,-1.7
1980,8,536,27.2,20.8,85,2.4
1980,9,128,28.7,20.5,105,1.1
1980,10,4,28.8,17.4,76,-1.8
1980,11,0,26.4,11.5,46,-2.2
1980,12,16,24,8.7,39,-2
1981,1,20,22.5,8.9,37,-1.9
1981,2,2,27.8,11.6,24,-2.5
1981,3,44,30.3,15.7,54,-2
1981,4,6,36,20.8,13,-2.1
1981,5,12,38.5,24,17,-1.9
1981,6,132,35.2,24.5,129,-1.8
1981,7,518,26.7,21.8,109,-1.2
1981,8,409,27.2,21.5,103,-1.1
1981,9,336,28.3,20.9,105,1.4
1981,10,16,28.3,16.5,80,0.6
1981,11,1,24.7,10,48,-0.4
1981,12,11,23.6,7.7,37,-1
1982,1,72,23.8,10.6,69,1.4
1982,2,18,24.9,11.9,43,1.3
1982,3,24,29.3,14.7,43,1.1
1982,4,18,34.3,20,28,1.1
1982,5,12,36.7,23.5,19,1.1
1982,6,120,34.4,23.7,119,0.8
1982,7,351,29.9,22.9,122,-1
1982,8,334,26.8,21.4,86,-1.5
1982,9,252,28.6,19.9,112,-1.2
1982,10,29,28.3,17.1,77,-1.3
1982,11,9,24.9,12,49,-1.1
1982,12,2,25,9.1,36,-1.2
1983,1,9,22.9,8.5,36,-1.5
1983,2,14,25.8,11.1,37,-1.6
1983,3,4,31,15.6,19,-2.2
1983,4,15,33.7,19.7,23,-2
1983,5,11,37.9,23.7,16,-1.8
1983,6,97,35,25.2,97,-2.2
1983,7,475,28.7,22.1,119,-1.9
1983,8,420,27.5,22.5,105,-1.6
1983,9,376,27.3,21.1,89,1.7
1983,10,72,26.5,16.2,92,2.2
1983,11,0,24.8,8.3,56,2.2
1983,12,5,23.1,8,38,1.9
1984,1,74,23.2,9.4,68,3.3
1984,2,52,25.5,9.3,64,4.1
1984,3,0,32.9,14.9,43,3.6
1984,4,10,36,20.3,28,3.3
1984,5,1,40.3,25.1,12,2.6
1984,6,97,32.6,23.3,99,2
1984,7,376,27.6,21.6,110,1.2
1984,8,425,26.5,21,92,1.4
1984,9,83,27.1,19.9,99,-2.1
1984,10,29,28.6,16.1,76,-2.5
1984,11,0,25.5,8.9,48,-2.7
1984,12,0,25.1,8.6,33,-3.1
1985,1,36,23.6,10.3,45,-2.5
1985,2,2,26.8,10.9,25,-2.9
1985,3,0,34.1,16.6,13,-3.5
1985,4,26,36.4,20.8,33,-2.9
1985,5,9,39.6,25.1,14,-2.7
1985,6,109,34,24,108,-2.8
1985,7,500,26.9,21.9,108,-2.3
1985,8,434,26.9,21.5,98,-1.8
1985,9,205,28,20.4,104,-1.8
1985,10,152,26.3,15.7,109,2.4
1985,11,0,25.6,10,58,2.5
1985,12,1,24.6,9.9,42,2.3
1986,1,23,22.9,9.6,47,2.2
1986,2,55,26.1,11.5,62,3.1
1986,3,18,31.5,15.6,55,2.9
1986,4,3,36.2,20.4,19,2.4
1986,5,21,38.1,23.8,30,2.6
1986,6,125,33.6,23.6,125,2.3
1986,7,375,27,21.2,102,1.6
1986,8,384,27.4,20.8,109,1.1
1986,9,138,29,21,114,-1.7
1986,10,13,28,16.9,76,-2.2
1986,11,3,26.3,11.5,48,-2.3
1986,12,29,24.3,8.2,46,-1.6
1987,1,30,23.2,9.3,45,-1.2
1987,2,30,27.1,11.5,49,-0.8
1987,3,26,31.1,15.5,46,-0.7
1987,4,0,36.4,20.6,12,-1.1
1987,5,12,37.4,23.3,18,-0.9
1987,6,54,36,25.2,57,-1.9
1987,7,287,29.5,22,135,-2.8
1987,8,440,28.5,21.4,108,-3
1987,9,202,29.2,21.1,109,-3
1987,10,56,28.7,16.7,91,-2.5
1987,11,9,27.2,10.4,54,-1.9
1987,12,8,23.9,8.1,41,-1.7
1988,1,4,24.8,9.9,34,-1.9
1988,2,6,28.2,12.1,35,-2.2
1988,3,34,31.9,15.9,48,-2
1988,4,22,36.7,20.7,30,-1.5
1988,5,4,40,26,10,-1.7
1988,6,178,33.8,23.7,165,-0.9
1988,7,339,26.9,21.9,96,-1.4
1988,8,309,27.4,21.8,96,-2.2
1988,9,182,28.6,21.4,105,-2.5
1988,10,20,27.8,15.9,82,-2.8
1988,11,2,25.7,10.2,50,-2.8
1988,12,8,24.5,8.5,37,-2.8
1989,1,2,23.1,8.3,30,-3.2
1989,2,0,27.2,10.6,19,-3.8
1989,3,65,30.5,14.7,73,-2.8
1989,4,1,36.2,19.5,8,-3.1
1989,5,5,39.9,24.5,10,-3.1
1989,6,134,33,22.9,131,-2.7
1989,7,361,28.4,21.1,108,-3.1
1989,8,315,27.7,21.1,97,-3.6
1989,9,122,28.3,20.5,97,-4.3
1989,10,11,28.8,16.5,78,-4.6
1989,11,2,26.8,10.8,47,-4.5
1989,12,24,23.5,8.1,43,-3.8
1990,1,1,25.7,9.4,32,-4.1
1990,2,40,26.1,12.6,52,-3.5
1990,3,26,29.4,15.2,38,-3.3
1990,4,7,35.7,20.7,15,-3.4
1990,5,32,36.3,23.4,36,-2.1
1990,6,321,32.2,22.5,139,3.4
1990,7,637,26.1,21,86,5.6
1990,8,503,27.4,21.7,99,6
1990,9,276,27,21.1,85,6
1990,10,41,27.7,16.4,78,5.4
1990,11,0,26.5,11.6,52,4.8
1990,12,9,24.8,8.6,40,4.3
1991,1,21,23,9,42,3.8
1991,2,10,27.8,12.8,36,3.1
1991,3,41,31.5,16.7,56,3
1991,4,40,35,20.2,48,3.5
1991,5,4,39.2,25.6,10,2.8
1991,6,216,33,23.4,162,3.6
1991,7,400,29.1,21.8,106,3.2
1991,8,566,26.6,21.3,86,4.7
1991,9,79,28.2,21,101,2.8
1991,10,4,28.9,16.6,72,1.2
1991,11,4,25.4,11,42,-3.1
1991,12,15,23.8,8.3,37,-3
1992,1,8,22.9,9.2,30,-3.4
1992,2,1,25.1,10.7,16,-3.9
1992,3,1,32.1,17.1,9,-4.5
1992,4,3,35.8,20.9,8,-4.5
1992,5,5,38.5,24.1,9,-4.4
1992,6,27,35,24.5,29,-5.4
1992,7,301,29.4,23.3,126,-5.9
1992,8,427,26.5,21.8,103,-5.7
1992,9,225,27.3,20.5,112,-5.2
1992,10,17,27.5,17.3,77,-5.2
1992,11,1,25.7,11.8,46,-5
1992,12,0,23.9,8.3,33,-5
1993,1,1,23.9,10,30,-5.3
1993,2,16,27.4,11.6,34,-5.2
1993,3,91,29.4,15,97,-3.5
1993,4,3,35.1,20.5,9,-3.6
1993,5,19,38.9,25.2,23,-3
1993,6,102,35.1,25.1,101,-3.1
1993,7,303,28.2,22.8,113,-3.8
1993,8,299,27.7,21.2,104,-4.9
1993,9,357,26.7,21.3,86,-3
1993,10,35,28.2,17.3,80,-2.8
1993,11,2,26,10.6,52,-2.6
1993,12,1,24.2,7,35,-2.8
1994,1,36,23.5,10.7,49,-2.1
1994,2,35,25.6,11.5,53,-1.6
1994,3,0,33.1,16.6,20,-2.2
1994,4,15,34.5,19.6,26,-1.8
1994,5,11,39,24.7,18,-1.6
1994,6,227,32.7,23.3,154,1.5
1994,7,752,25.7,21.1,94,3.9
1994,8,449,26.1,21.5,89,4
1994,9,177,27.5,20.9,105,3.1
1994,10,65,28.4,16.6,91,3.2
1994,11,0,25.4,11.1,51,3
1994,12,0,24.5,7.9,37,2.5
1995,1,51,21.4,8.1,60,3.1
1995,2,14,26.1,11.6,42,2.8
1995,3,98,29.6,15.2,102,4.2
1995,4,17,34.4,19.9,36,4.1
1995,5,4,37.6,24.2,15,3.6
1995,6,85,35.7,25.8,88,2.5
1995,7,430,28.3,22.2,116,2
1995,8,334,27.1,22.8,98,1.1
1995,9,233,28,21.2,107,1
1995,10,27,28.5,17.8,78,0.6
1995,11,4,26,11.4,52,-1.6
1995,12,5,24.8,10,35,-1.7
1996,1,38,24,10.7,50,-1.1
1996,2,15,27.3,11.9,40,-1.2
1996,3,15,32.2,17.6,31,-1.5
1996,4,47,35.6,20.1,55,1
1996,5,1,39.3,25.4,7,-0.5
1996,6,100,33.7,24.8,99,-0.9
1996,7,366,28.4,22,105,-1.4
1996,8,413,26.5,21.5,89,-1.1
1996,9,128,27.8,21.9,107,-2
1996,10,77,27.2,17,97,-1.1
1996,11,2,27,10.4,57,-0.7
1996,12,0,25.2,7,41,-0.9
1997,1,14,23.2,7.8,39,-1
1997,2,0,26.1,9.8,31,-1.6
1997,3,2,31.1,16.6,17,-2.2
1997,4,13,33.4,18.9,21,-2
1997,5,13,37.6,23.6,19,-1.7
1997,6,60,34.4,24.1,61,-2.5
1997,7,338,28,21.7,94,-3
1997,8,339,27.5,21.8,95,-3.3
1997,9,195,27.6,21.1,104,-3.3
1997,10,57,28.5,16,82,-2.6
1997,11,25,25.4,13.5,55,-1.3
1997,12,37,22.6,10.3,51,2.5
1998,1,8,23.1,9.2,39,2.3
1998,2,21,26.7,11.7,49,2.4
1998,3,68,30.1,14.8,90,3.4
1998,4,39,35.4,20.9,59,4.2
1998,5,9,39.6,25.2,21,3.8
1998,6,93,35.9,25.1,96,2.9
1998,7,334,28,22.5,103,1.9
1998,8,421,28.1,22.2,99,1.9
1998,9,279,27.8,21.9,96,2.2
1998,10,50,29.2,17.4,82,2.2
1998,11,21,26.4,12.7,58,2.7
1998,12,0,25.2,7.2,41,2.3
1999,1,2,22.7,7.9,35,1.6
1999,2,47,27.4,12.2,58,2.1
1999,3,0,32.6,15.6,23,1.3
1999,4,0,37.8,21.1,12,0.7
1999,5,17,38,24.6,24,0.9
1999,6,91,33.2,23.3,92,-1.1
1999,7,468,28,21.5,104,-0.9
1999,8,394,27.4,21.3,99,-0.9
1999,9,431,27.3,20.5,87,2.2
1999,10,80,28.2,17.7,95,2.7
1999,11,0,27.7,11.3,57,2.7
1999,12,3,24.9,7.6,40,2.3
2000,1,2,25,9.6,36,1.5
2000,2,16,25.9,11.2,39,1.2
2000,3,0,31.3,15,16,-1.6
2000,4,3,37.4,22,12,-1.9
2000,5,13,37.3,24.3,18,-1.6
2000,6,133,32.3,22.7,129,-1.3
2000,7,522,27.8,21.7,96,-0.7
2000,8,243,28,22.4,105,-2.3
2000,9,190,27.9,20.7,105,-2.5
2000,10,5,30.2,18.1,77,-3.1
2000,11,0,27.4,12.1,47,-3.4
2000,12,0,25.7,7.7,34,-3.8
2001,1,10,23.7,9.2,31,-4
2001,2,1,28.1,12.8,16,-4.6
2001,3,35,31.7,15.9,43,-4.1
2001,4,26,34.7,19.3,31,-3.4
2001,5,21,38.7,24.5,25,-2.7
2001,6,240,30.9,20.9,139,-0.8
2001,7,377,27.1,21.1,88,2.1
2001,8,325,27.8,22.2,105,1
2001,9,84,29.3,22.3,106,-2.3
2001,10,91,28.7,17.4,98,-1.5
2001,11,2,26.8,11.7,51,-1.2
2001,12,0,25.1,8.9,37,-1.4
2002,1,14,23.5,9.1,40,-1.5
2002,2,37,27.5,12.1,53,-1
2002,3,7,32.1,16.3,25,-1.4
2002,4,6,36.9,21.5,16,-1.6
2002,5,13,39.5,25.3,20,-1.4
2002,6,117,33.6,23.6,116,-1.4
2002,7,153,30.1,24.1,132,-2.7
2002,8,436,26.9,21.3,87,-4.2
2002,9,170,27.9,20.8,104,-4.3
2002,10,50,28.8,17.5,87,-3.8
2002,11,1,26.5,11.3,52,-3.4
2002,12,1,26.6,10.3,37,-3.4
2003,1,4,23.4,9,33,-3.6
2003,2,61,27.1,11.7,66,-2.3
2003,3,34,31.3,15.5,53,-1.9
2003,4,9,36.7,21.3,20,-1.9
2003,5,4,39.5,25.4,11,-2
2003,6,95,35.3,25.3,95,-2.3
2003,7,372,28.4,22.3,103,-2.6
2003,8,337,27.4,21.7,84,-2.9
2003,9,332,27,20,75,-1.3
2003,10,29,27.9,16.6,74,-1.4
2003,11,0,26.9,11.8,49,-1.4
2003,12,6,24.5,8.2,38,-1.5
2004,1,42,23.4,9,54,-0.7
2004,2,1,26.8,11.4,33,-1.2
2004,3,0,33.5,17.7,17,-1.8
2004,4,16,36.6,21.2,25,-1.6
2004,5,4,38.6,24.4,10,-1.8
2004,6,217,32.9,22.9,163,1.1
2004,7,275,28.5,22.4,123,-0.9
2004,8,393,26.8,21.2,92,-1
2004,9,96,29,21.9,104,-2.2
2004,10,17,27.5,16.2,74,-2.7
2004,11,2,26.5,11.4,46,-2.8
2004,12,0,25.2,9,33,-3.2
2005,1,18,23.8,9.4,36,-3.1
2005,2,11,27.7,12.3,30,-3.3
2005,3,76,32.6,16.7,83,-2.1
2005,4,4,35.1,19.7,11,-2.3
2005,5,7,38.3,24.1,12,-2.2
2005,6,93,36.5,26.5,92,-2.6
2005,7,270,27.6,21.5,104,-3.3
2005,8,311,27.5,21.9,108,-4.7
2005,9,226,28.1,21.1,109,-4.3
2005,10,40,28,16.8,81,-3.9
2005,11,0,25.4,10.3,53,-3.6
2005,12,3,24.3,8,37,-3.6
2006,1,0,24.4,10,32,-3.9
2006,2,0,29.9,14.6,22,-4.4
2006,3,134,30.5,14.7,128,-1.7
2006,4,37,36,20.6,47,-0.6
2006,5,30,37.9,23.7,36,3.5
2006,6,88,34.8,24.8,89,2.5
2006,7,602,27.6,21.6,103,3.3
2006,8,278,26.9,21.3,96,1.7
2006,9,181,28.5,21.4,110,1
2006,10,4,29.1,17.8,70,-2.3
2006,11,3,27.3,12.1,46,-2.4
2006,12,0,26,9.8,33,-2.8
2007,1,0,24.3,9.9,27,-3.3
2007,2,53,27.6,12.3,60,-2.4
2007,3,35,30.9,15.1,46,-2.1
2007,4,11,36.3,20.8,19,-2.1
2007,5,9,38.7,24.5,14,-2
2007,6,110,34.7,24.7,109,-2.1
2007,7,344,28,22,106,-2.7
2007,8,332,27.4,21.8,100,-3.1
2007,9,205,28.4,21.3,97,-3
2007,10,5,28,16.7,73,-3.5
2007,11,1,25.8,10.7,46,-3.6
2007,12,2,25.2,9,32,-3.8
2008,1,10,24.2,9.8,34,-3.9
2008,2,4,25.4,10,22,-4.2
2008,3,22,32.5,16.7,32,-4
2008,4,9,35.8,20.4,16,-3.8
2008,5,14,38.5,24.3,18,-3.4
2008,6,315,31.5,21.5,139,2.6
2008,7,409,28.2,22.2,108,3.1
2008,8,400,27.9,22.3,102,2.7
2008,9,138,28.3,21.3,108,1.5
2008,10,20,28.7,17.4,78,0.8
2008,11,0,26.8,11.7,47,-1.6
2008,12,0,26.3,10.1,33,-2
2009,1,8,26,11.6,32,-2.3
2009,2,0,29.1,13.7,21,-2.9
2009,3,7,32.6,16.8,18,-3.3
2009,4,3,36.2,20.8,11,-3.5
2009,5,32,39.3,25.1,35,-2.3
2009,6,60,37.4,27.4,61,-3.2
2009,7,379,28.3,22.3,111,-3.4
2009,8,228,28.3,22.7,110,-5
2009,9,257,29,21.9,114,-4.3
2009,10,66,27.9,16.7,94,-3.4
2009,11,13,26.2,11,53,-2.4
2009,12,5,25.7,9.5,38,-2.1
2010,1,10,22.6,8.2,39,-2.1
2010,2,12,27.6,12.2,39,-2
2010,3,10,34.4,18.6,32,-2.2
2010,4,1,38.4,23,13,-2.5
2010,5,3,40.2,26,10,-2.6
2010,6,59,36.1,26,61,-3.3
2010,7,396,28.9,22.9,110,-3.4
2010,8,356,28.3,22.7,109,-3.7
2010,9,170,28.2,21.1,101,-3.8
2010,10,20,28.7,17.4,73,-3.9
2010,11,9,28.5,13.3,49,-3.4
2010,12,9,24.5,8.3,40,-3.2
2011,1,0,23,8.5,32,-3.5
2011,2,8,27.5,12.2,31,-3.6
2011,3,3,32.7,16.9,16,-4
2011,4,26,33.9,18.5,33,-3.2
2011,5,17,39,24.8,21,-2.6
2011,6,355,32.4,22.4,151,3.5
2011,7,351,28.3,22.3,104,3.8
2011,8,435,27.4,21.8,91,3.8
2011,9,276,27.7,20.7,95,4
2011,10,7,28.6,17.3,74,2.8
2011,11,0,26.8,11.7,47,2
2011,12,0,24.8,8.5,32,1.2
2012,1,51,22.8,8.4,58,1.8
2012,2,2,26.9,11.5,27,0.9
2012,3,2,31.7,15.9,15,-2
2012,4,12,36.2,20.8,19,-2
2012,5,8,39.5,25.3,13,-1.9
2012,6,64,35.5,25.5,65,-2.7
2012,7,568,27.6,21.6,96,-1.7
2012,8,443,27.1,21.4,92,-1
2012,9,323,28.2,21.2,99,2.1
2012,10,5,28.1,16.8,73,1
2012,11,2,25.6,10.5,44,-1.1
2012,12,0,25.5,9.3,32,-1.6
2013,1,5,23.2,8.8,30,-2
2013,2,37,27.1,11.7,49,-1.7
2013,3,47,31.4,15.6,56,-1.2
2013,4,17,34.8,19.4,24,-1
2013,5,1,40.3,26.2,6,-1.5
2013,6,378,32,22,147,3.3
2013,7,671,27.5,21.5,93,5.9
2013,8,506,26.7,21.1,83,6.5
2013,9,144,28.7,21.6,106,5
2013,10,90,27.9,16.6,92,5.5
2013,11,0,25.2,10.1,55,5.3
2013,12,0,24.8,8.5,41,4.7
2014,1,50,30.8,16.4,62,5.2
2014,2,65,25.8,10.5,75,6
2014,3,64,30.5,14.7,82,6.8
2014,4,32,34.9,19.5,58,7.2
2014,5,12,37.4,23.2,25,6.8
2014,6,111,35.7,25.6,114,5.8
2014,7,436,28.2,22.2,105,5.1
2014,8,274,28.1,22.5,98,3.2
2014,9,258,28.3,21.2,104,3.2
2014,10,8,28.4,17.1,69,2.2
2014,11,0,26.5,11.3,48,1.6
2014,12,5,23.5,7.3,35,1
2015,1,35,22.1,7.7,47,1.3
2015,2,7,27.8,12.4,32,0.7
2015,3,128,30.3,14.4,122,2.8
2015,4,49,34.4,19,60,3.7
2015,5,13,39.1,24.9,20,3.5
2015,6,195,33.5,23.4,150,4.1
2015,7,277,28.4,22.4,105,2.9
2015,8,408,28,22.4,105,2.5
2015,9,150,29.1,22,116,1.3
2015,10,17,29.6,18.3,74,0.7
2015,11,0,28.3,13.1,47,-2.1
2015,12,0,25.2,8.9,34,-2.4
2016,1,19,23.9,9.4,38,-2.7
2016,2,13,28.6,13.5,35,-3.1
2016,3,24,30.7,16.7,35,-2.5
2016,4,6,37,22.6,14,-2.8
2016,5,9,37.2,24.9,14,-2.6
2016,6,138,33.8,24.3,135,-2.6
2016,7,609,27.1,21.9,95,-1.4
2016,8,390,26.4,21.6,89,-1
2016,9,199,26.3,21.4,89,-0.8
2016,10,46,27,17.1,83,-0.9
2016,11,2,25.4,10.4,53,-0.9
2016,12,3,25,7.8,39,-1.3
2017,1,17,24.2,9.1,40,-1.8
2017,2,14,28.6,12.2,40,-2.4
2017,3,14,31.7,16.5,28,-2.9
2017,4,6,37.2,22,14,-3.1
2017,5,14,38.1,25.1,19,-3.1
2017,6,129,33,23.6,126,-3
2017,7,490,27.1,21.8,100,-2.7
2017,8,349,27.5,22,108,-4.1
2017,9,244,28.1,21.2,106,-4.3
2017,10,29,28,18.3,76,-4.1
2017,11,11,25,11.3,52,-3.9
2017,12,3,25.6,8.5,39,-4
2018,1,8,24.6,8.4,34,-4.3
2018,2,16,28.2,12.9,36,-3.7
2018,3,11,32.6,17.1,26,-3.8
2018,4,20,34.4,20.3,28,-2.3
2018,5,9,38.2,25.2,15,-1.9
2018,6,153,32.8,23.6,148,-1.9
2018,7,522,27.2,22,98,-0.7
2018,8,333,26.5,21.9,87,2.2
2018,9,215,28.2,20.7,104,1.4
2018,10,19,29,17.5,71,0.7
2018,11,2,26.7,11.7,44,-1.3
2018,12,4,23,7.4,34,-1.1
2019,1,13,23,8.5,36,-1.3
2019,2,16,27.2,11.8,37,-1.3
2019,3,49,30.8,15,64,-0.7
2019,4,14,36.7,21.3,23,-0.6
2019,5,4,39.7,25.6,10,-0.8
2019,6,52,36.6,26.5,54,-1.8
2019,7,364,29.2,23.2,119,-2.4
2019,8,420,27.9,22.2,94,-1.9
2019,9,499,28.3,21.3,80,3.1
2019,10,58,28.5,17.2,80,3.2
2019,11,1,27.1,12,51,3.1
2019,12,21,24.3,8.1,43,3.3
