Product: Historical Climate - TerraClimate(http://www.climatologylab.org/terraclimate.html) 
Location (Lat/Lon of 4-km Grid Cell Center): 26.5625 North,78.7708 East 
Data Source: NW Climate Toolbox(https://climatetoolbox.org/tool/point-data-download)
Download Date: 07/24/2020
Variable List: 
ppt: ppt (Precipitation)
tmax: tmax (Maximum Temperature)
tmin: tmin (Minimum Temperature)
aet: aet (Actual Evapotranspiration)
PDSI: pdsi (Palmer Drought Severity Index (PDSI))
********************************************************
Year,Month,ppt(mm),tmax(degC),tmin(degC),aet(mm),PDSI(unitless)
1958,1,10,24.3,9.5,27,-0.3
1958,2,2,27,10.5,11,-0.5
1958,3,6,34,17,12,-0.6
1958,4,0,40.2,23.5,4,-0.7
1958,5,0,42.9,27.7,3,-0.9
1958,6,16,42.6,29.6,17,-1.8
1958,7,428,33.3,27,139,2.1
1958,8,358,32.7,25.7,112,3.2
1958,9,294,31.3,25.7,126,4.7
1958,10,74,32,18.8,99,5.1
1958,11,2,29.1,11.7,44,5.3
1958,12,5,24.5,9.3,30,5.2
1959,1,28,22.7,7.8,40,5.3
1959,2,2,26.2,9.7,12,4.8
1959,3,1,35,16.1,7,4.1
1959,4,1,38.9,21.9,5,3.7
1959,5,15,42,27.2,17,3.9
1959,6,32,40.8,30.1,33,3.2
1959,7,265,33.5,26.6,142,3
1959,8,311,31.9,25.9,122,3
1959,9,145,31.9,25.8,123,2.5
1959,10,46,32.8,20,90,2.6
1959,11,4,29.2,11.1,43,2.8
1959,12,0,25.3,8,24,2.5
1960,1,13,22.3,6.9,23,2.2
1960,2,0,30.8,11.6,6,1.7
1960,3,22,32.1,15.9,25,2.2
1960,4,1,37.9,21.1,4,1.9
1960,5,4,43.1,27.1,6,1.6
1960,6,22,41.8,30.1,23,0.7
1960,7,297,34.6,26.3,140,1.1
1960,8,517,31.5,25.7,113,4
1960,9,85,33.9,24.8,112,2.7
1960,10,134,32.8,18.1,120,4.3
1960,11,0,29.5,9.2,50,4.7
1960,12,7,24.8,7.9,29,4.7
1961,1,47,22.8,8.1,51,5.7
1961,2,12,24.3,9.1,26,5.9
1961,3,0,33.7,16.7,8,5.2
1961,4,2,38.2,21.2,7,4.8
1961,5,2,42.2,27.3,5,4.2
1961,6,46,40.1,28.7,46,3.7
1961,7,215,33.8,26.6,139,2.9
1961,8,543,31.7,25.6,116,5.2
1961,9,169,31.9,25.5,114,4.8
1961,10,103,31.7,18.3,113,5.8
1961,11,3,26.8,11,47,6.2
1961,12,4,22.1,5.3,28,6.1
1962,1,31,22,5.8,44,6.6
1962,2,3,26.6,10.9,19,6.5
1962,3,9,32.5,15.8,17,6.2
1962,4,2,38.9,21.9,8,5.8
1962,5,1,42.4,27.2,5,5.1
1962,6,18,42.3,29.5,20,3.7
1962,7,291,35.1,27.3,138,3.7
1962,8,310,32.7,25.4,119,4.1
1962,9,271,31.5,24.7,123,5.2
1962,10,0,32.4,16.9,73,4.1
1962,11,1,29.3,11,34,3.5
1962,12,4,23.9,8.2,17,2.8
1963,1,18,23.2,5.5,24,2.5
1963,2,3,29.1,11.3,7,2
1963,3,5,32.5,15.2,8,1.6
1963,4,2,37,21,5,1.5
1963,5,4,40.9,26.1,6,1.3
1963,6,38,39.8,28.7,37,0.8
1963,7,234,35.5,26.7,128,-1.2
1963,8,329,31.7,25.5,110,-0.6
1963,9,343,32.2,24,124,3
1963,10,4,33.9,19.2,80,2.2
1963,11,5,29.7,13.8,35,1.7
1963,12,10,24.9,7,22,1.5
1964,1,1,21.6,6.1,8,0.6
1964,2,1,26.7,10.4,5,-1.6
1964,3,4,35.4,17.3,7,-1.6
1964,4,0,39.6,22.8,3,-1.7
1964,5,8,41.3,25.6,10,-1.3
1964,6,17,40.9,29.4,18,-1.9
1964,7,423,33.4,26.2,134,2.1
1964,8,342,32.6,25.9,121,2.9
1964,9,286,31.9,24.7,122,4.3
1964,10,2,33.8,18.7,80,3.4
1964,11,0,29.3,9.4,29,2.8
1964,12,5,24.5,7.6,16,2.1
1965,1,4,24.5,9,10,1.1
1965,2,5,26.7,10.5,9,0.9
1965,3,5,32.4,15.1,8,0.6
1965,4,5,36.2,20.7,7,0.7
1965,5,1,41.3,26.8,3,-1.4
1965,6,11,42.3,30.5,12,-2.5
1965,7,288,34.9,27,164,-2.2
1965,8,171,33.5,25.5,147,-3.3
1965,9,164,33.1,24.2,141,-3.2
1965,10,53,33.6,19.5,101,-2.4
1965,11,0,30.3,12,44,-1.8
1965,12,2,24.5,6.6,20,-1.8
1966,1,2,24.5,7.5,11,-2.3
1966,2,3,29.3,12.8,9,-2.3
1966,3,0,33.7,15.4,4,-2.4
1966,4,0,38.7,22.1,3,-2.3
1966,5,9,42.7,26.8,11,-1.9
1966,6,80,39.9,28.5,78,-0.8
1966,7,185,37,27.1,167,-1.8
1966,8,334,32.4,25.3,134,-2.2
1966,9,38,33.7,24.7,109,-3.5
1966,10,11,34.9,19.2,43,-4.7
1966,11,15,29,12.9,27,-4.7
1966,12,1,24.8,5.7,8,-4.9
1967,1,0,22.9,5.8,5,-5.2
1967,2,0,29.9,11.3,4,-5.1
1967,3,28,31.3,15.2,29,-3.7
1967,4,0,37.4,20.8,2,-3.5
1967,5,0,42.5,26.8,2,-3.5
1967,6,32,41.6,29.3,32,-3.6
1967,7,279,34.5,26.4,144,-3.1
1967,8,535,31.3,25.1,112,3.2
1967,9,193,32.1,23.9,124,3.3
1967,10,6,33.9,18.3,76,2.5
1967,11,1,28.9,11.8,34,2.2
1967,12,31,24.6,8,38,2.9
1968,1,34,21.4,7.1,40,3.3
1968,2,2,25.3,8.9,9,2.9
1968,3,7,33.5,15.3,11,2.6
1968,4,0,38,20.4,3,2.4
1968,5,0,41.7,26,3,1.9
1968,6,28,40.7,28.6,29,1.2
1968,7,323,34.4,25.8,132,1.9
1968,8,226,32.7,25.3,141,1.3
1968,9,58,35.3,24.3,112,-1.7
1968,10,51,33.5,18.3,79,-1.6
1968,11,0,30.7,10.5,24,-1.7
1968,12,1,24.7,7.8,12,-2
1969,1,8,22.7,7.8,14,-2.3
1969,2,4,26.8,11.7,8,-2.2
1969,3,2,37.3,15.9,5,-2.3
1969,4,0,37.6,22,3,-2.2
1969,5,7,40.9,26.1,9,-1.8
1969,6,20,41.6,29.7,20,-2.3
1969,7,377,34.7,25.8,134,-0.6
1969,8,275,32.5,25.2,121,1.7
1969,9,173,32.6,24.8,113,1.7
1969,10,1,34.9,19.3,75,1
1969,11,5,31.6,11.9,36,0.9
1969,12,0,25.8,7,14,0.7
1970,1,38,23.1,8.1,44,1.2
1970,2,19,25.6,10,22,1.7
1970,3,10,31.9,15.9,13,1.7
1970,4,0,40,22.6,3,1.4
1970,5,9,42.6,27.7,11,1.5
1970,6,67,38.8,27.6,65,2
1970,7,159,35.9,26.3,151,0.6
1970,8,380,32.6,25.9,128,-1.2
1970,9,232,32.5,25,124,0.9
1970,10,15,34.4,19.1,81,-0.2
1970,11,0,30.1,9.9,35,0
1970,12,0,25.4,7.1,15,-0.2
1971,1,20,22,6.9,27,0.1
1971,2,5,27.4,9.7,10,-0.1
1971,3,2,33.4,15,5,-0.5
1971,4,2,39,21.7,5,-0.4
1971,5,8,39.9,25.4,9,-0.2
1971,6,128,37,27.5,124,2.4
1971,7,331,32.6,25.5,127,3.1
1971,8,279,31.4,24.8,119,3.1
1971,9,204,33,24,126,3.3
1971,10,101,32.7,18.7,114,4.5
1971,11,1,29.4,10.7,51,4.9
1971,12,0,25.4,6.8,30,4.7
1972,1,6,23.4,7.5,23,4.2
1972,2,10,24.3,8.3,18,4.1
1972,3,0,33.5,15.6,6,3.4
1972,4,0,37.7,20.8,4,3
1972,5,0,43.7,27.4,3,2.4
1972,6,26,42.6,29.9,26,1.5
1972,7,132,36.1,27,127,-2.8
1972,8,321,32.1,25.3,132,-3.3
1972,9,155,33.2,22.9,138,-3.3
1972,10,40,33.4,18.3,85,-2.7
1972,11,3,29.9,11.1,40,-2
1972,12,4,24.6,8.1,29,-1.6
1973,1,18,23,7.9,28,-1.3
1973,2,5,28.1,11.7,11,-1.2
1973,3,1,33,15.7,5,-1.3
1973,4,0,41.1,23.1,3,-1.3
1973,5,1,43.7,28.1,4,-1.3
1973,6,20,40.3,29.7,21,-1.8
1973,7,296,35.3,26.5,155,-1.4
1973,8,423,31.9,25.5,122,2
1973,9,173,33.1,24.3,120,2
1973,10,96,32.8,18.5,104,3.2
1973,11,0,29.7,10,44,3.6
1973,12,4,22.9,6.4,34,3.9
1974,1,1,22.7,6.2,24,3.5
1974,2,0,25.9,9.5,11,3.2
1974,3,1,35.1,17.1,7,2.7
1974,4,0,40.4,22.9,4,2.4
1974,5,3,41.9,26.9,6,2.2
1974,6,15,40.6,29.2,17,1.1
1974,7,236,34.6,26.1,154,0.7
1974,8,202,33,25.3,122,-2.3
1974,9,26,34.9,24.8,87,-3.5
1974,10,134,33.6,20.1,114,-1.7
1974,11,0,29.5,10.2,39,-1.1
1974,12,3,23,6.8,24,-0.9
1975,1,12,21.2,6.7,24,-0.8
1975,2,2,25.9,9.7,9,-0.9
1975,3,3,32.6,15.4,8,-0.9
1975,4,0,39.5,21.8,3,-0.9
1975,5,1,43.3,28.1,3,-1.1
1975,6,68,39.7,28.4,67,0.4
1975,7,226,33.7,25.7,137,-0.3
1975,8,261,31.9,25.7,117,-0.7
1975,9,259,31.1,25.2,142,1.1
1975,10,62,33,20.3,97,1.7
1975,11,0,29.1,9.5,45,2
1975,12,0,25,6.8,25,1.9
1976,1,5,23.4,8.7,17,1.3
1976,2,3,26.3,11.5,10,1.1
1976,3,2,32.1,16.5,6,0.7
1976,4,1,37.5,20.8,4,0.6
1976,5,4,42,26.2,7,0
1976,6,75,38.7,28.4,73,0.7
1976,7,232,34.9,27,147,-0.4
1976,8,308,31.4,25.1,123,0
1976,9,138,33.7,23,118,-0.6
1976,10,4,35.1,18.5,78,-1.1
1976,11,8,31.6,12.4,39,-1
1976,12,0,24.9,8.1,13,-1.3
1977,1,25,22.6,7.4,31,-0.9
1977,2,3,27.3,10.7,7,-1.1
1977,3,0,35.9,16.5,4,-1.4
1977,4,8,37.8,21.8,10,-0.9
1977,5,4,39.9,25.8,6,-0.9
1977,6,51,39.1,29,50,-0.8
1977,7,391,32.8,25.9,155,1.6
1977,8,235,32.3,25.5,125,1.3
1977,9,229,31.7,24.4,141,1.8
1977,10,60,34.1,19,101,2.3
1977,11,2,30.9,13.7,43,2.5
1977,12,3,25.5,8.6,26,2.4
1978,1,4,22.5,6.8,16,1.7
1978,2,14,25,10.1,20,2
1978,3,28,30.4,14.8,31,2.8
1978,4,1,38.4,21.5,4,2.5
1978,5,0,45,28.4,3,2
1978,6,101,40.3,28.5,98,3.2
1978,7,268,33.2,26.1,122,3.2
1978,8,291,31.4,25.4,122,3.3
1978,9,201,32,24.9,121,3.5
1978,10,3,33.8,18.9,72,2.6
1978,11,1,28.8,13.6,33,2.3
1978,12,13,24.7,7.2,27,2.4
1979,1,21,23.4,8.4,28,2.3
1979,2,21,24.7,10.1,25,2.7
1979,3,3,31,15.2,7,2.3
1979,4,1,39.5,22.1,4,2
1979,5,9,40.9,25.9,11,2
1979,6,33,41.2,29,33,1.4
1979,7,205,35.1,27,162,-1.2
1979,8,114,33.8,25.9,121,-2.9
1979,9,16,35.1,25.1,22,-4.6
1979,10,3,34.5,20.5,8,-6.3
1979,11,9,29.6,15.8,12,-6.5
1979,12,7,24.4,9.4,9,-6.3
1980,1,1,23.3,7.7,3,-6.5
1980,2,2,28.2,11.6,4,-6.2
1980,3,16,32.2,16.2,16,-5.3
1980,4,0,40.8,23.2,1,-5
1980,5,2,44.2,28.9,2,-4.8
1980,6,69,39.3,28.2,66,-3.7
1980,7,305,33,26.3,133,-2.8
1980,8,330,33,25.4,121,-1.6
1980,9,71,34.1,24.7,109,-2.6
1980,10,24,34.2,20.1,75,-2.7
1980,11,1,29.7,12.3,20,-3.1
1980,12,31,24.5,8.5,39,-2.2
1981,1,14,22.2,8.4,19,-2.2
1981,2,1,28,11.4,5,-2.3
1981,3,21,31.7,16.3,23,-1.4
1981,4,0,39.2,22.1,2,-1.4
1981,5,7,42,26.9,9,-1.1
1981,6,128,41.8,29.8,123,2.4
1981,7,323,33.3,26.6,147,2.8
1981,8,187,32.7,25.9,133,1.7
1981,9,94,34.3,25.3,120,0.6
1981,10,0,33.7,19.1,68,-2.3
1981,11,7,27.8,11.5,24,-2.7
1981,12,3,24.2,7.4,11,-3
1982,1,38,22.6,9.3,41,-2
1982,2,3,24.2,10.7,7,-2
1982,3,19,29.7,14.4,21,-1.3
1982,4,4,36.9,21.1,6,-1.1
1982,5,8,38.7,25.6,10,-0.8
1982,6,26,40.4,28.8,26,-1.4
1982,7,173,36.6,27.7,161,-2.4
1982,8,388,32.3,25.7,122,-2
1982,9,81,34.2,24,118,-2.9
1982,10,23,33.6,20,73,-3
1982,11,18,28.2,13.1,38,-2.7
1982,12,11,24.8,9.3,20,-2.5
1983,1,22,21.8,7.4,27,-2.2
1983,2,3,25.1,9.8,7,-2.2
1983,3,1,31.8,15.9,4,-2.3
1983,4,6,34.7,19.9,8,-1.8
1983,5,14,40.1,25.9,15,-1
1983,6,49,39.9,29.3,48,-1
1983,7,171,35,26.5,144,-1.9
1983,8,360,32.5,26.4,119,-1.7
1983,9,215,32.9,25.2,108,-0.7
1983,10,67,32,18.7,96,1.6
1983,11,0,29.1,9.7,47,2.1
1983,12,3,23.7,8.3,26,2.1
1984,1,17,21.6,7.5,30,2.2
1984,2,5,24.8,8.5,12,2
1984,3,0,35.3,16.8,5,1.5
1984,4,2,38.9,22.1,5,1.4
1984,5,1,44.5,28.1,4,1
1984,6,53,40.1,29.2,52,1
1984,7,152,33.2,27.3,146,-1.6
1984,8,286,32.6,24.8,125,-2.5
1984,9,157,32.2,23.8,130,-2.5
1984,10,4,33.8,18.1,83,-2.7
1984,11,0,29.5,10.4,28,-2.9
1984,12,1,24.9,8.5,12,-3.1
1985,1,19,22.2,8,25,-2.8
1985,2,0,28.2,10.1,4,-2.9
1985,3,5,36.1,17.9,8,-2.9
1985,4,5,39,22.4,7,-2.4
1985,5,2,43.1,28.1,4,-2.3
1985,6,32,40.6,29.5,32,-2.8
1985,7,434,33.7,26.8,139,2.2
1985,8,276,32.3,25.7,131,2.1
1985,9,168,33.1,24.2,125,2
1985,10,190,31.2,18,111,5.1
1985,11,0,29.5,11.8,54,5.6
1985,12,19,24.7,9.8,42,6.2
1986,1,14,22.5,8.5,34,6.1
1986,2,11,25.6,11,28,6.3
1986,3,7,32.3,16.3,16,5.9
1986,4,0,38.6,21.8,6,5.4
1986,5,11,40.4,25.7,15,5.4
1986,6,55,40.1,29,55,5
1986,7,227,33.5,26,140,4.1
1986,8,168,33.1,25.4,137,2.3
1986,9,92,34.2,24.8,117,1.1
1986,10,53,32.7,19.2,81,0.9
1986,11,1,30.2,12.5,18,-2.5
1986,12,12,23.7,6.9,20,-2.3
1987,1,27,23,8.1,31,-1.8
1987,2,6,28,12.3,9,-1.7
1987,3,4,33.7,17.5,7,-1.7
1987,4,0,39.4,22.7,2,-1.7
1987,5,14,39.7,25.6,15,-0.9
1987,6,15,42.1,30.3,16,-1.9
1987,7,118,37.4,27.7,114,-3.9
1987,8,204,34.5,26.2,149,-5
1987,9,79,34.9,25.2,92,-5.3
1987,10,26,34.5,19.8,34,-6.3
1987,11,0,31.4,11,6,-6.7
1987,12,19,24.5,8.3,22,-6
1988,1,7,24.2,9.2,10,-6
1988,2,1,28.3,12.1,3,-5.7
1988,3,13,33,16.5,14,-5
1988,4,6,39.9,22.9,7,-4.3
1988,5,1,43.8,28.8,3,-4.2
1988,6,66,40.4,28.8,64,-3.2
1988,7,310,33.4,26.7,130,-2.2
1988,8,320,32.3,25.7,109,-1.1
1988,9,92,33.9,25.7,118,-1.9
1988,10,38,33.7,18.9,86,-1.8
1988,11,0,29.6,11.3,27,-1.9
1988,12,4,25,8,15,-2.1
1989,1,28,21.7,7,34,-1.6
1989,2,0,26.6,10.2,5,-1.8
1989,3,15,32.1,15.9,18,-1.2
1989,4,0,38.1,20.6,3,-1.3
1989,5,1,42.9,27.1,2,-1.4
1989,6,19,39.3,28.1,19,-2
1989,7,209,35.6,26.1,155,-2.5
1989,8,300,33.1,25.3,126,-2.7
1989,9,157,33.8,24.5,130,-2.6
1989,10,2,34.3,18.8,82,-2.9
1989,11,3,30,11.8,30,-3
1989,12,6,23.5,8,18,-2.8
1990,1,0,25.8,9.3,7,-3.4
1990,2,16,25.5,11.8,20,-2.7
1990,3,2,30.5,15.3,5,-2.7
1990,4,1,38.2,21.7,3,-2.5
1990,5,9,40.3,26.9,10,-2
1990,6,90,39.7,29,87,-0.8
1990,7,335,33.1,26,130,2.2
1990,8,223,32.5,25.9,122,1.6
1990,9,301,31.9,25.1,110,3.5
1990,10,6,32.8,18.6,77,2.7
1990,11,1,29.7,12,35,2.4
1990,12,12,24.3,8.1,24,2.1
1991,1,5,21.3,6.8,12,1.4
1991,2,9,26.9,12,13,1.3
1991,3,5,32.6,17,8,1.1
1991,4,3,37.2,21.3,5,1
1991,5,7,42.3,28,9,1
1991,6,32,39.8,29,32,-1
1991,7,188,36.7,27.4,164,-2
1991,8,357,32,25.6,109,-1.7
1991,9,104,33.1,25,119,-2.3
1991,10,1,33.9,18.3,77,-2.7
1991,11,7,28.4,11.5,25,-3.1
1991,12,24,24.1,8.2,32,-2.4
1992,1,17,22.4,8.5,21,-2.4
1992,2,4,24.8,9.8,8,-2.3
1992,3,9,32.5,17.5,12,-2.1
1992,4,0,37.6,22.1,3,-2
1992,5,5,41.2,26.6,6,-1.8
1992,6,12,41.6,30.2,13,-2.7
1992,7,146,34.9,27.6,140,-4
1992,8,290,31.7,26,119,-4.7
1992,9,169,32.3,24,127,-4.2
1992,10,75,32.4,19.4,102,-2.8
1992,11,8,28.5,12.2,50,-1.6
1992,12,0,24.6,8.7,28,-1.2
1993,1,4,22.2,8.4,19,-1.3
1993,2,10,28.3,11.8,18,-1
1993,3,11,29.8,15.4,16,-0.6
1993,4,0,37.3,21.3,4,-0.6
1993,5,4,42.1,27.9,7,0
1993,6,74,41.2,30,72,1.8
1993,7,220,33.9,27.2,156,1
1993,8,193,33.5,25.5,144,-1.9
1993,9,328,31.6,25.6,105,2.5
1993,10,3,33.3,19.7,78,1.7
1993,11,0,30.1,12.2,32,1.3
1993,12,0,25.4,7.4,13,0.7
1994,1,36,22.8,10.3,40,1.2
1994,2,8,25.6,11.2,12,1.1
1994,3,0,34.9,17.6,4,-0.4
1994,4,4,36.7,21.2,6,0.1
1994,5,5,42.7,27.9,6,-0.5
1994,6,76,39.8,29.1,73,0.2
1994,7,529,32.3,26.3,127,3.8
1994,8,323,31.4,26,115,4.3
1994,9,69,32.5,25.2,112,2.6
1994,10,3,33.1,18.7,57,1.4
1994,11,0,29.2,12.3,16,-2.7
1994,12,0,24.8,8.5,8,-3.1
1995,1,49,20.7,7.4,50,-1.8
1995,2,4,26.3,11.5,8,-1.8
1995,3,9,30.5,16,12,-1.6
1995,4,4,36.5,21.4,6,-1.3
1995,5,0,41.8,27.9,2,-1.5
1995,6,23,42.3,31,23,-2.2
1995,7,202,35.3,27.8,158,-2.8
1995,8,409,31.5,26.9,114,-1.7
1995,9,162,33.2,25.4,127,-1.6
1995,10,5,33.9,20.6,81,-1.9
1995,11,1,29.6,12.1,32,-2.1
1995,12,6,24.3,9.9,18,-2.1
1996,1,18,22.6,9.3,24,-2
1996,2,4,27.3,12.2,8,-2
1996,3,3,33.9,18.8,6,-2.1
1996,4,2,38.3,22.1,4,-1.9
1996,5,5,41.7,27.9,6,-1.8
1996,6,65,40.3,31,64,-1.1
1996,7,202,35,27.1,141,-1.6
1996,8,351,31.4,25.6,105,-1.1
1996,9,290,32.9,25.8,119,2.1
1996,10,76,32.1,19.9,100,2.9
1996,11,0,29.6,11.1,53,3.5
1996,12,0,25.2,6.6,28,3.2
1997,1,4,22.4,6.9,16,2.5
1997,2,0,26.2,9.4,7,1.9
1997,3,2,32.4,17.4,6,1.5
1997,4,3,36.4,21.1,6,1.5
1997,5,9,39.6,25.8,11,1.6
1997,6,56,38.8,28.2,55,1.6
1997,7,169,34.9,26.9,137,-1
1997,8,278,32.1,25.6,128,-1.9
1997,9,175,32.3,25,125,-1.5
1997,10,83,31.1,17,95,1.3
1997,11,15,26.6,13.2,50,2.5
1997,12,30,20.8,8.7,42,3.9
1998,1,0,21.9,7.1,29,3.8
1998,2,4,26.5,11.2,23,4.2
1998,3,20,30.9,15.1,28,4.6
1998,4,6,38,22.3,11,4.7
1998,5,2,42.7,27.9,5,4.1
1998,6,60,41.5,30,60,4
1998,7,244,34.3,27.3,140,3.4
1998,8,278,32.7,25.8,128,2.9
1998,9,145,32,25.7,128,2.3
1998,10,83,31.4,21.1,100,3.2
1998,11,5,29.4,13.2,55,3.9
1998,12,0,25.8,7.3,28,3.7
1999,1,14,21.5,7.1,29,3.5
1999,2,8,27.5,12.4,16,3.4
1999,3,0,34.3,17.2,5,2.8
1999,4,0,40,21.8,4,2.4
1999,5,3,40.8,27.3,5,2.1
1999,6,93,39.5,28.8,90,3
1999,7,246,34.3,26,143,2.5
1999,8,244,33,26.2,128,1.6
1999,9,286,33,25.3,114,3.3
1999,10,110,33.2,20.3,111,4.6
1999,11,0,31.4,13.2,59,5.2
1999,12,3,25.6,7.9,30,5.1
2000,1,11,23.8,8.5,31,4.9
2000,2,4,25.3,10.1,13,4.5
2000,3,3,32.6,15.5,9,4
2000,4,1,40.5,23.8,5,3.6
2000,5,4,41.2,28,6,3.2
2000,6,29,38.7,28.5,29,2.4
2000,7,309,34.1,26.7,128,2.9
2000,8,223,33.2,26.6,129,2.2
2000,9,91,33.4,25.1,118,1
2000,10,1,35.4,20.2,68,-1.9
2000,11,1,30.7,13.5,18,-2.8
2000,12,0,26.4,8,9,-3.2
2001,1,9,22.1,8,14,-3.3
2001,2,2,27.6,11.9,6,-3.3
2001,3,4,33.2,16.7,7,-3.2
2001,4,4,37.7,21.8,6,-2.8
2001,5,14,41.3,27.6,15,-2
2001,6,98,37.2,28.8,95,2.1
2001,7,275,33.5,26.8,131,2.1
2001,8,179,33.2,26.5,136,0.8
2001,9,46,33.8,26.3,105,-2.4
2001,10,39,34.1,21,75,-2.7
2001,11,0,30.6,13.4,17,-3.2
2001,12,0,24.1,10.7,8,-3.4
2002,1,11,23.2,7.8,16,-3.4
2002,2,12,27.1,11.5,15,-2.9
2002,3,2,35.1,16.4,5,-2.9
2002,4,1,39.4,23.8,3,-2.7
2002,5,3,43.8,28.1,5,-2.6
2002,6,26,40.5,30.3,26,-2.9
2002,7,56,37,27.9,54,-5.6
2002,8,222,32,27.4,117,-6.4
2002,9,190,31,26.3,120,-5.4
2002,10,27,33.2,21.2,88,-4.9
2002,11,1,29.7,13.6,41,-4.3
2002,12,4,25.2,10.7,19,-4.1
2003,1,17,23.8,7.1,24,-3.7
2003,2,19,26.6,11.4,23,-2.8
2003,3,2,32.9,15.8,5,-2.8
2003,4,0,39.9,23,3,-2.6
2003,5,2,41.5,27.8,4,-2.5
2003,6,55,41,31.2,54,-2.1
2003,7,345,33.7,27.2,128,-0.7
2003,8,178,32.3,26.7,106,-1.3
2003,9,203,32.5,24.7,93,1.4
2003,10,27,33.8,19.3,90,1.2
2003,11,2,30,13,41,1.2
2003,12,8,24.8,9,22,1
2004,1,19,22.2,8.1,25,0.9
2004,2,0,28.7,10.2,5,-0.3
2004,3,0,37.4,17.5,3,-0.7
2004,4,1,40.6,23.8,4,-0.7
2004,5,4,42.8,27.2,6,-0.7
2004,6,81,38.1,29.4,79,0.8
2004,7,69,35.5,28.2,67,-2.5
2004,8,294,32.6,25.9,126,-3.4
2004,9,17,35,25.2,95,-4.7
2004,10,88,32.4,19.7,97,-4.1
2004,11,0,30.6,12.3,20,-4.3
2004,12,0,26.4,9,10,-4.4
2005,1,6,23.2,8,11,-4.4
2005,2,8,25.9,12.3,11,-4
2005,3,19,34.7,17.1,21,-3.1
2005,4,1,38,21.8,3,-2.8
2005,5,2,39.8,26.8,4,-2.7
2005,6,25,41.5,31.6,25,-3.1
2005,7,209,33.7,26.9,141,-3.3
2005,8,158,34,25.9,148,-4.5
2005,9,185,32.6,26.3,131,-3.9
2005,10,13,32.7,19.8,72,-4
2005,11,0,29.7,12.7,18,-4
2005,12,0,23.7,7.8,9,-4.1
2006,1,0,22.8,10.4,6,-4.5
2006,2,0,30.2,13.9,4,-4.4
2006,3,27,32.6,15.5,28,-3.1
2006,4,3,37.9,23.3,5,-2.7
2006,5,10,41.6,28,11,-2.1
2006,6,54,38.7,29.9,52,-1.7
2006,7,335,34.4,26.4,145,-0.7
2006,8,181,31.3,27.2,136,-1.6
2006,9,133,33.2,25.7,133,-2
2006,10,12,33.4,21.5,84,-2.1
2006,11,1,29.1,14.3,30,-2.2
2006,12,1,24.6,9.7,13,-2.4
2007,1,2,23.9,7.4,9,-2.8
2007,2,16,26.7,11.6,19,-2.2
2007,3,18,33.1,15.1,20,-1.5
2007,4,2,40,23.1,4,-1.4
2007,5,8,40,27.4,9,-1.1
2007,6,57,39.8,29.6,55,-0.8
2007,7,178,34.3,27.6,157,-1.8
2007,8,209,32.9,26.7,132,-3
2007,9,123,33.2,26.6,120,-3.1
2007,10,2,33.5,19.6,42,-3.8
2007,11,1,31.5,12.3,15,-4.3
2007,12,2,23.5,9,9,-4.5
2008,1,1,20.9,10.4,6,-4.7
2008,2,0,26.3,9.5,4,-4.6
2008,3,1,36.3,17.7,4,-4.5
2008,4,4,38.3,21.4,6,-3.9
2008,5,7,39.6,27.8,9,-3.4
2008,6,113,36.6,28.5,108,-1
2008,7,219,33.3,27,130,-1.3
2008,8,272,32.1,26.3,114,-1.5
2008,9,118,32.5,26.1,120,-2
2008,10,6,34.5,20.4,79,-2.2
2008,11,5,31,12.9,31,-2.3
2008,12,0,26.7,10,12,-2.5
2009,1,6,24.1,9.9,12,-2.8
2009,2,1,28.6,13.6,5,-2.9
2009,3,3,35,17.5,6,-2.9
2009,4,1,39.8,22.6,3,-2.7
2009,5,18,42.1,29,19,-1.7
2009,6,15,41.3,31,16,-2.5
2009,7,177,34.8,28.2,154,-3.3
2009,8,151,33.9,26.9,130,-4.5
2009,9,207,33,25.6,129,-3.5
2009,10,77,33.1,20.2,99,-2.4
2009,11,12,29.5,13.5,42,-1.5
2009,12,3,25.3,9.9,18,-1.3
2010,1,3,23.8,6.5,11,-1.4
2010,2,7,28,11.7,12,-1.2
2010,3,0,36.7,18.2,4,-1.4
2010,4,0,41.6,25.1,3,-1.3
2010,5,1,43,29,3,-1.4
2010,6,8,40.7,31.4,9,-2.4
2010,7,197,35.2,28.3,144,-2.8
2010,8,276,32,27.7,118,-3.2
2010,9,182,31.9,26.4,106,-2.4
2010,10,8,33.8,20.9,80,-2.6
2010,11,10,30.9,13.2,37,-2.1
2010,12,3,24.2,8.1,18,-2.1
2011,1,2,22.1,6.9,10,-2.4
2011,2,10,26.6,12.9,15,-2
2011,3,1,34.3,17.4,5,-2.1
2011,4,2,37.6,22,4,-1.9
2011,5,8,41.8,28.4,10,-1.5
2011,6,136,37.5,29.9,130,2.6
2011,7,218,34.2,27.5,130,2
2011,8,332,32.1,26.7,118,2.1
2011,9,213,32.4,25.7,127,2.5
2011,10,1,33.2,20.4,82,1.7
2011,11,0,31.2,13.2,28,1.1
2011,12,0,24.7,8.8,12,-1.3
2012,1,26,20.6,8,31,-0.9
2012,2,0,25.1,12.4,5,-1.2
2012,3,2,32.7,17.3,5,-1.3
2012,4,3,38.2,22.5,5,-1.2
2012,5,5,42.3,28.4,6,-1.1
2012,6,11,41.6,32.2,12,-2.2
2012,7,231,35.3,27.7,144,-2.3
2012,8,370,31.8,26.1,104,-1.2
2012,9,296,32.6,26.1,124,2.6
2012,10,2,32.1,20.7,80,1.8
2012,11,1,28.2,12.5,30,1.3
2012,12,2,23.8,9.7,14,0.7
2013,1,13,22.3,6.9,19,-1.3
2013,2,16,28.2,9.7,20,-0.8
2013,3,10,34,17,13,-0.6
2013,4,2,37.9,22.4,4,-0.6
2013,5,0,42.8,28.7,2,-0.8
2013,6,134,37.9,29.1,128,2.4
2013,7,422,33.6,27.2,126,4.3
2013,8,309,31.6,26.6,116,4.6
2013,9,95,32.8,26.7,117,3.2
2013,10,134,32.3,20.4,114,4.9
2013,11,1,28.2,12.4,54,5.3
2013,12,9,24.4,9.1,33,5.5
2014,1,46,21.6,8.3,49,6.5
2014,2,19,24.8,10.9,36,7.3
2014,3,13,31.9,15.9,21,7.1
2014,4,4,37.6,21.8,9,6.8
2014,5,5,40.1,26.8,9,6.3
2014,6,34,41.2,31.4,35,5.2
2014,7,205,34.6,28.7,152,4
2014,8,221,33.5,27.1,138,2.3
2014,9,126,33.2,25.5,127,1.5
2014,10,41,33.2,20.7,82,1.5
2014,11,0,30.2,13.7,34,1.5
2014,12,7,22.9,8.5,19,1.3
2015,1,38,21,7.6,41,2
2015,2,2,28.2,12.5,7,1.7
2015,3,34,31.8,15.7,36,2.8
2015,4,5,37.5,21.5,8,2.8
2015,5,2,42.1,29,4,2.4
2015,6,53,38.5,30.8,52,2.3
2015,7,282,33.3,27.9,150,2.2
2015,8,226,32.2,27.4,125,1.5
2015,9,48,34.2,26.5,110,-1.9
2015,10,8,34.2,21.2,47,-3
2015,11,1,30.1,14.9,15,-3.6
2015,12,2,24.2,9.5,9,-3.8
2016,1,10,24.2,9.2,14,-4
2016,2,2,28.8,12.8,6,-4
2016,3,8,35,18.1,10,-3.4
2016,4,1,40.4,23.7,3,-3.2
2016,5,5,43,28.1,7,-2.7
2016,6,45,41.6,30.4,44,-2.2
2016,7,355,34.5,26.7,131,-1.9
2016,8,312,32.8,26,123,-1.8
2016,9,139,34,25.7,132,-3.1
2016,10,24,34.4,20,90,-3.5
2016,11,2,30.4,12.5,39,-4.2
2016,12,4,26.3,9.6,17,-4.4
2017,1,15,23.2,8.4,21,-4
2017,2,4,28.6,12.6,8,-4
2017,3,7,34,17.1,10,-3.8
2017,4,2,40.1,23.4,4,-3.6
2017,5,7,42.8,28,9,-3.3
2017,6,71,37.6,28.3,69,-3.2
2017,7,237,34.3,26.5,140,-3.2
2017,8,227,33.4,26.6,128,-4.3
2017,9,180,34,25.8,129,-4.6
2017,10,16,35.2,20.8,87,-5.3
2017,11,6,30,12.1,40,-5.7
2017,12,6,25.6,9.1,19,-5.7
2018,1,7,24.2,9,14,-5.7
2018,2,3,28.8,12.9,8,-5.3
2018,3,3,35.1,18.2,6,-5
2018,4,2,39.7,23,5,-4.2
2018,5,4,43.3,28.4,5,-3.8
2018,6,53,40.6,29.4,52,-2.9
2018,7,268,34.6,26.8,142,-1.8
2018,8,278,32.8,26,117,-1.2
2018,9,209,32.9,24.6,121,2.9
2018,10,16,34,19.8,83,2.3
2018,11,4,30.7,12.9,40,1.8
2018,12,6,23.9,7.4,19,1.2
2019,1,15,22.2,7.6,22,0
2019,2,19,25.6,9.9,23,0.8
2019,3,6,31.7,15.3,9,0.7
2019,4,8,39.4,22.8,10,1
2019,5,3,42,27.3,5,0.7
2019,6,59,40.4,29.4,58,1
2019,7,223,35.2,27.5,151,-0.5
2019,8,304,33,26.3,123,-0.7
2019,9,230,33.2,24.9,104,1.2
2019,10,14,33.2,19.1,74,0.9
2019,11,21,30.9,13.2,47,1.5
2019,12,12,22.3,5.7,29,1.9
