Product: Historical Climate - TerraClimate(http://www.climatologylab.org/terraclimate.html) 
Location (Lat/Lon of 4-km Grid Cell Center): 25.6458 North,78.4792 East 
Data Source: NW Climate Toolbox(https://climatetoolbox.org/tool/point-data-download)
Download Date: 07/24/2020
Variable List: 
ppt: ppt (Precipitation)
tmax: tmax (Maximum Temperature)
tmin: tmin (Minimum Temperature)
aet: aet (Actual Evapotranspiration)
PDSI: pdsi (Palmer Drought Severity Index (PDSI))
********************************************************
Year,Month,ppt(mm),tmax(degC),tmin(degC),aet(mm),PDSI(unitless)
1958,1,7,25,10.2,31,0.7
1958,2,1,27.6,11.1,21,-0.2
1958,3,5,34.1,17.4,15,-0.1
1958,4,0,40.8,24.8,7,-0.5
1958,5,0,43.8,29.5,5,-0.7
1958,6,27,42.9,29.9,29,-1.6
1958,7,442,32.2,26.2,134,2.3
1958,8,318,31.8,24.8,114,3
1958,9,307,30.4,25.1,120,4.2
1958,10,75,31.7,18.8,100,5.1
1958,11,4,28.8,12.2,48,5.3
1958,12,2,24.8,9.8,32,5.2
1959,1,25,23.5,8.7,42,5.3
1959,2,1,26.9,10.2,25,5.2
1959,3,0,35.5,16.6,12,4.6
1959,4,1,39.6,23.2,8,4.2
1959,5,13,42.9,28.9,18,4.4
1959,6,50,40.6,30.1,51,3.7
1959,7,280,32.3,25.8,136,3.6
1959,8,364,30.8,24.8,114,4.2
1959,9,231,31.1,25.1,117,4.4
1959,10,40,32.5,20.1,86,4.4
1959,11,4,29,11.7,44,4.4
1959,12,0,25.8,8.6,29,4
1960,1,25,22.9,7.4,39,4.2
1960,2,0,31,11.6,17,3.9
1960,3,15,32.3,16.4,24,4
1960,4,1,38.7,22.5,7,3.6
1960,5,3,43.9,28.7,7,3.2
1960,6,38,41.7,30.2,39,2.2
1960,7,284,33.5,25.6,141,2.2
1960,8,540,30.3,24.6,111,4.9
1960,9,81,33.2,24.2,110,3.3
1960,10,96,32.6,18.2,107,4.5
1960,11,0,29.3,9.8,44,4.4
1960,12,4,25.5,8.7,28,4.2
1961,1,45,23.5,9,51,5.1
1961,2,5,24.7,9.6,27,5.1
1961,3,1,34.2,17.2,12,4.5
1961,4,3,39,22.6,9,4.2
1961,5,2,43.1,28.9,7,3.7
1961,6,55,39.7,28.9,56,3.2
1961,7,262,32.6,25.8,135,2.8
1961,8,467,30.6,24.7,118,4.4
1961,9,295,30.7,24.9,105,5.6
1961,10,93,31.4,18.2,110,6.7
1961,11,5,26.8,11.5,48,6.9
1961,12,4,22.7,5.9,31,6.7
1962,1,18,22.7,6.2,39,6.7
1962,2,2,26.9,11.1,29,6.8
1962,3,8,32.7,16.3,22,6.6
1962,4,5,39.4,23,13,6.3
1962,5,1,43.1,28.6,7,5.6
1962,6,16,42.2,29.4,19,3.8
1962,7,322,33.9,26.5,135,4.2
1962,8,360,31.5,24.5,119,5
1962,9,324,30.6,24.2,119,6.3
1962,10,0,32.1,16.7,75,5.2
1962,11,2,29.4,11.3,43,4.5
1962,12,6,24.5,9,27,4
1963,1,17,23.8,6.2,29,3.7
1963,2,2,29.3,11.5,12,3.1
1963,3,3,32.8,15.7,9,2.5
1963,4,3,37.4,22.2,7,2.3
1963,5,3,41.6,27.8,6,2
1963,6,49,39.4,28.6,49,1.3
1963,7,257,34.1,25.6,130,1.1
1963,8,309,30.5,24.6,110,1.2
1963,9,341,31.6,23.3,126,3
1963,10,7,33.4,19.2,83,2.3
1963,11,3,29.5,14.5,46,2
1963,12,5,25.2,7.8,25,1.7
1964,1,0,22.9,6.7,15,0.8
1964,2,0,27.4,10.9,9,-1.5
1964,3,6,35.7,17.9,12,-1.5
1964,4,0,40.5,24.3,4,-1.5
1964,5,8,42.5,27.5,11,-1.1
1964,6,39,40.7,29.5,39,-1.5
1964,7,347,32.4,25.6,135,1
1964,8,347,31.3,25,114,2.1
1964,9,250,30.9,24.5,120,2.8
1964,10,3,33.6,18.9,81,2.1
1964,11,0,29.2,9.9,38,1.7
1964,12,2,25.2,8.2,27,1.2
1965,1,5,24.9,9.5,19,-1.3
1965,2,2,27.4,10.7,11,-1.5
1965,3,5,32.6,15.8,10,-1.5
1965,4,5,36.9,22.3,8,-1.3
1965,5,1,42.5,28.8,4,-1.3
1965,6,20,42.1,30.6,22,-2.5
1965,7,260,33.8,26.4,157,-2.5
1965,8,146,32.6,24.6,140,-3.9
1965,9,189,32.4,23.4,137,-3.6
1965,10,34,33.3,19.7,85,-3.3
1965,11,0,30.1,12.4,35,-3.2
1965,12,3,25.2,7.4,19,-3.1
1966,1,2,24.7,8.4,11,-3.4
1966,2,1,29.6,13.1,7,-3.5
1966,3,1,34.1,15.9,5,-3.5
1966,4,0,39.4,23.2,3,-3.3
1966,5,6,43.1,28.4,8,-3
1966,6,98,39.8,29,96,-2
1966,7,199,35.9,26.6,161,-2.9
1966,8,270,31.3,24.5,134,-3.8
1966,9,45,33,24.3,102,-4.9
1966,10,4,34.8,19.4,51,-5.9
1966,11,19,28.6,14.4,35,-6.1
1966,12,1,25.5,6.4,10,-6.4
1967,1,0,23.8,6.6,6,-6.6
1967,2,0,30.4,11.6,4,-6.5
1967,3,30,31.3,16,31,-4.8
1967,4,0,38,22.2,3,-4.6
1967,5,0,43.4,28.6,2,-4.4
1967,6,50,41.3,29.5,49,-4.4
1967,7,278,33.3,25.8,146,-3.9
1967,8,458,30.3,24.3,115,-1.7
1967,9,226,31.1,23.7,120,-0.9
1967,10,3,33.9,18.6,76,-1.3
1967,11,1,28.7,12.7,41,-1.3
1967,12,29,25.3,8.8,41,2.1
1968,1,23,22,8,35,2.3
1968,2,1,25.9,9.5,15,2.1
1968,3,8,33.8,15.9,15,2
1968,4,0,38.7,21.4,6,1.8
1968,5,0,42.4,27.6,4,1.5
1968,6,30,40.5,28.9,32,-0.8
1968,7,355,33.3,25.1,133,1.2
1968,8,221,31.5,24.3,133,0.7
1968,9,59,34.6,23.7,111,-1.7
1968,10,42,33.4,18.4,79,-1.6
1968,11,0,30.4,11.1,32,-1.7
1968,12,0,25.3,8.4,22,-1.9
1969,1,6,23.5,8.5,17,-2.3
1969,2,2,27.8,11.9,9,-2.3
1969,3,1,35.2,18.6,6,-2.4
1969,4,0,39,23,4,-2.3
1969,5,6,41.8,27.9,9,-1.9
1969,6,20,41.5,30.4,21,-2.8
1969,7,426,33.4,25,133,2.1
1969,8,322,31.2,24.2,117,2.8
1969,9,148,31.8,24.1,114,2.2
1969,10,0,34.5,19.2,75,1.5
1969,11,13,30.7,13.6,45,1.6
1969,12,0,26.2,7.7,20,1.3
1970,1,33,23.7,9,45,1.8
1970,2,11,25.9,11,24,2.1
1970,3,12,32.1,16.5,20,2.2
1970,4,0,40.5,24.2,6,2
1970,5,6,43.3,29.5,10,2
1970,6,92,38.4,27.8,90,2.6
1970,7,181,34.6,25.7,153,1.1
1970,8,390,31.2,25,122,1
1970,9,252,31.6,24.5,122,1.8
1970,10,9,33.7,19.3,80,1.3
1970,11,0,29.6,10.3,39,1.1
1970,12,0,25.7,7.7,23,0.8
1971,1,15,22.7,7.9,28,0.8
1971,2,2,27.9,9.9,13,0.6
1971,3,1,33.7,15.2,8,-0.2
1971,4,2,39.5,23.1,6,0
1971,5,6,40.9,27.2,9,0.2
1971,6,186,36.7,27.6,169,3.1
1971,7,352,31.5,24.9,125,4.2
1971,8,254,30.3,24.2,120,3.8
1971,9,238,32,23.8,121,4.2
1971,10,91,32.2,18.9,110,5.4
1971,11,1,29.1,11.3,50,5.6
1971,12,0,25.3,7.3,32,5.3
1972,1,4,24.1,8,26,4.7
1972,2,5,24.9,8.8,26,4.7
1972,3,0,33.6,16.1,11,4.1
1972,4,0,38.4,22.4,7,3.7
1972,5,1,44.2,29,5,3.2
1972,6,37,42.6,30,38,2.1
1972,7,104,34.7,26.4,102,-3.2
1972,8,348,30.7,24.6,121,-3.5
1972,9,139,33,22,135,-3.8
1972,10,42,33.6,18.2,88,-2.9
1972,11,4,30,11.2,43,-2.2
1972,12,3,25.4,8.7,32,-1.7
1973,1,12,24.1,8.5,31,-1.5
1973,2,3,28.5,12.1,18,-1.3
1973,3,0,33.6,16.4,9,-1.3
1973,4,0,41.9,24.8,6,-1.2
1973,5,1,44.6,30,5,-1.2
1973,6,18,40.2,30.2,20,-2.2
1973,7,394,33.5,25.9,143,1.5
1973,8,434,30.8,24.8,118,3.5
1973,9,202,32.4,23.5,116,3.5
1973,10,56,32.6,18.4,91,4
1973,11,0,29.5,10.4,42,4
1973,12,5,23.4,7.1,34,4
1974,1,0,23.5,6.6,26,3.4
1974,2,0,26.6,9.9,17,3.1
1974,3,0,35.6,17.5,10,2.6
1974,4,1,40.8,24.3,7,2.4
1974,5,3,42.5,28.5,7,2.2
1974,6,29,40.7,29.4,31,1.1
1974,7,278,33.6,25.4,145,1.1
1974,8,283,31.7,24.5,118,0.9
1974,9,35,34.3,24.4,88,-2.1
1974,10,130,33,20.4,116,2
1974,11,0,29.2,10.5,42,2.2
1974,12,2,23.7,7.5,29,2.2
1975,1,9,21.9,7.4,28,2.1
1975,2,2,26.3,10.1,19,2
1975,3,3,33,15.9,12,1.8
1975,4,0,40.4,23.3,6,1.6
1975,5,1,44,29.9,6,1.3
1975,6,87,39.7,28.5,86,1.5
1975,7,240,32.6,25.1,140,1
1975,8,300,30.8,24.9,119,0.7
1975,9,290,30.3,24.9,138,1.8
1975,10,49,32.4,20.7,91,2.3
1975,11,0,29,9.9,47,2.4
1975,12,0,25.3,7.1,27,2.2
1976,1,7,23.8,9.4,28,1.9
1976,2,1,26.7,12,16,1.7
1976,3,2,32.5,17.3,10,1.4
1976,4,2,38.1,22.3,7,1.3
1976,5,4,42.6,28.2,8,1.2
1976,6,92,38.7,28.6,91,1.7
1976,7,249,33.6,26.2,146,1.2
1976,8,291,30.4,24.4,116,0.8
1976,9,178,31.7,23.5,116,0.8
1976,10,0,33.9,19.8,76,-0.5
1976,11,12,31,13.8,47,0.3
1976,12,0,25.7,8.8,23,-0.7
1977,1,18,23.5,7.9,31,0.1
1977,2,3,27.7,11.5,14,-0.6
1977,3,2,36.3,17.2,9,-0.8
1977,4,7,38.5,23.3,12,0.3
1977,5,4,40.9,27.8,7,0
1977,6,113,39.4,28.9,110,1.2
1977,7,358,31.7,25.3,154,2
1977,8,279,31.2,24.5,124,2.1
1977,9,246,31,23.7,137,2.6
1977,10,46,33.9,19.2,99,2.8
1977,11,7,30.6,14.6,48,3
1977,12,1,26,8.9,28,2.7
1978,1,6,23.3,7.5,27,2.3
1978,2,14,25.5,10.7,26,2.5
1978,3,25,30.9,15.7,32,3.2
1978,4,2,38.9,23.1,7,2.9
1978,5,0,45,30.4,4,2.4
1978,6,138,39.6,29.4,134,3.8
1978,7,291,32,25.4,129,3.8
1978,8,366,30.6,24.1,119,4.5
1978,9,188,31.7,24.1,123,4.2
1978,10,2,33.6,19,74,3.3
1978,11,2,30.3,13.2,42,2.9
1978,12,14,25.1,7.8,31,3
1979,1,35,24,9.2,43,3.5
1979,2,12,25,10.5,26,3.6
1979,3,2,31.8,15.7,11,3.1
1979,4,1,40.2,23.3,6,2.8
1979,5,9,41.8,27.6,13,2.9
1979,6,44,41.4,29.4,45,2
1979,7,241,33.9,26.4,161,1.3
1979,8,145,32.4,25,143,-2.7
1979,9,24,34.7,24.5,52,-4.3
1979,10,6,34.4,20.8,19,-6.3
1979,11,14,29,16.9,22,-6.4
1979,12,5,24.7,10.2,10,-6.5
1980,1,1,24.2,8.4,5,-6.7
1980,2,1,28.7,12,4,-6.6
1980,3,10,32.6,17,11,-5.9
1980,4,0,41.4,24.7,2,-5.7
1980,5,1,45,30.4,2,-5.4
1980,6,98,39.2,28.2,95,-4
1980,7,274,32,25.6,131,-3.5
1980,8,321,31.9,24.3,116,-2.8
1980,9,57,33.7,23.9,105,-3.8
1980,10,11,34.2,20.2,73,-4.2
1980,11,1,29.5,13.3,30,-4.6
1980,12,22,24.8,9.3,33,-4
1981,1,11,22.7,9,18,-4
1981,2,0,28.5,11.8,6,-4
1981,3,17,32,17.1,20,-3.2
1981,4,0,39.9,23.7,3,-3.1
1981,5,5,43,28.5,7,-2.8
1981,6,126,42,30.1,122,-1.3
1981,7,291,32.1,26,146,-1
1981,8,205,31.6,25,127,-1.8
1981,9,121,33.6,24.7,128,-2.4
1981,10,2,33.4,19.4,81,-2.7
1981,11,7,27.7,12.1,41,-2.6
1981,12,4,24.6,8.1,23,-2.6
1982,1,46,23.3,10.2,49,-1.3
1982,2,2,24.6,11.5,12,-1.3
1982,3,11,30.2,15.4,17,-1
1982,4,3,37.6,22.7,8,-0.8
1982,5,5,39.8,27.6,8,-0.6
1982,6,34,40.6,29.1,35,-1.3
1982,7,194,35.5,27,161,-2.4
1982,8,325,31.1,24.7,120,-2.7
1982,9,102,33.6,23.4,124,-3.4
1982,10,21,33.4,20.2,77,-3.2
1982,11,24,27.6,14,48,-2.3
1982,12,6,25.6,9.9,29,-2
1983,1,14,22.5,8.1,29,-1.8
1983,2,1,25.6,10.4,12,-1.8
1983,3,0,32.3,16.6,7,-1.9
1983,4,5,35.7,21.8,10,-1.5
1983,5,10,41.3,27.8,13,-0.9
1983,6,60,40.2,29.8,59,-1
1983,7,252,34,25.8,149,-1.2
1983,8,346,31.5,25.6,118,-0.8
1983,9,298,32.1,24.7,106,1.9
1983,10,64,31.5,18.7,96,2.7
1983,11,0,28.8,10,49,3.1
1983,12,1,23.9,8.8,30,3
1984,1,30,22.3,8.3,43,3.5
1984,2,4,25.4,8.8,25,3.6
1984,3,0,35.6,17.1,11,3
1984,4,1,39.7,23.5,8,2.8
1984,5,1,45.2,29.6,6,2.3
1984,6,59,40,29.4,60,1.8
1984,7,152,33.2,25.7,146,-2
1984,8,308,31.4,23.7,121,-2.9
1984,9,167,31.5,23.1,128,-2.8
1984,10,7,33.8,18.3,85,-2.9
1984,11,0,29.4,10.8,41,-2.8
1984,12,0,25.8,9.1,24,-3
1985,1,15,23,9,27,-2.8
1985,2,0,27.9,10.9,8,-3
1985,3,4,36.7,18.2,9,-2.9
1985,4,5,39.7,23.7,9,-2.5
1985,5,3,44,29.8,6,-2.3
1985,6,41,40.6,29.5,41,-2.9
1985,7,397,32.6,26.1,142,-1
1985,8,303,31.1,24.8,128,2
1985,9,172,32.6,23.6,126,1.6
1985,10,156,31,18.2,115,4.7
1985,11,0,29.4,12.1,55,5.1
1985,12,10,25.2,10.7,41,5.6
1986,1,13,22.9,9.3,37,5.5
1986,2,8,25.9,11.7,34,5.9
1986,3,7,32.9,17,22,5.7
1986,4,0,39.6,23.4,9,5.2
1986,5,9,41.6,27.7,14,5.1
1986,6,69,40.1,29.4,70,4.7
1986,7,284,32.5,25.3,138,4.4
1986,8,170,32.1,24.4,136,2.7
1986,9,75,33.7,24.3,114,1.2
1986,10,35,32.9,19.4,81,0.9
1986,11,0,30.3,13.1,34,-2.5
1986,12,7,24.6,7.7,23,-2.5
1987,1,26,23.4,9,33,-2
1987,2,5,28.3,12.5,11,-1.9
1987,3,3,33.8,18.1,7,-2
1987,4,0,40.2,24,3,-2
1987,5,11,40.9,27.6,13,-1.4
1987,6,29,42.3,30.7,29,-2.2
1987,7,125,36.4,26.9,120,-4.4
1987,8,230,33.7,25.3,147,-5.5
1987,9,97,34.3,24.7,108,-5.8
1987,10,28,34.4,19.7,48,-6.8
1987,11,0,31.3,11.7,11,-7.3
1987,12,15,24.9,8.7,21,-6.8
1988,1,7,24.9,9.9,12,-6.7
1988,2,1,28.8,12.5,4,-6.5
1988,3,8,33.6,17.2,10,-6
1988,4,5,40.7,24.3,7,-5.3
1988,5,1,44.6,30.5,2,-5.1
1988,6,97,40.5,29,93,-3.9
1988,7,286,32.3,26.1,131,-3.2
1988,8,277,31.5,24.9,110,-2.8
1988,9,111,33.4,25.1,125,-3.4
1988,10,27,33.4,18.9,88,-3
1988,11,0,29.4,11.8,39,-2.9
1988,12,2,25.6,8.6,24,-2.9
1989,1,21,22.6,7.7,33,-2.5
1989,2,0,27.5,10.4,8,-2.7
1989,3,16,32.4,16.5,20,-2
1989,4,0,39.2,22,4,-2
1989,5,0,44.1,28.7,3,-2
1989,6,33,39.6,28.2,34,-2.5
1989,7,192,34.6,25.2,155,-3.3
1989,8,298,32.3,24.2,122,-3.9
1989,9,127,33.2,23.8,127,-4.2
1989,10,1,34.3,18.8,83,-4.3
1989,11,1,30.3,12.4,39,-4.1
1989,12,5,24.2,8.6,23,-3.9
1990,1,0,26.8,9.8,13,-4.3
1990,2,10,25.9,12.6,18,-3.8
1990,3,1,30.9,16.3,7,-3.7
1990,4,1,39.2,23.2,4,-3.5
1990,5,8,41,28.4,11,-2.9
1990,6,147,39.4,28.8,142,-0.8
1990,7,369,31.9,25.3,131,3.2
1990,8,247,31.6,25.1,119,2.9
1990,9,328,31.3,24.4,107,4.6
1990,10,5,32.8,18.7,78,3.7
1990,11,1,29.6,12.6,42,3.2
1990,12,8,25.3,8.7,28,2.9
1991,1,4,22.2,7.7,20,2.2
1991,2,5,27.6,12.6,14,1.9
1991,3,6,33,17.8,11,1.6
1991,4,4,38,22.7,8,1.6
1991,5,4,43.3,29.8,7,1.4
1991,6,50,39.8,29.4,50,0.7
1991,7,249,35.6,26.4,159,-1.4
1991,8,364,30.8,24.8,106,-0.7
1991,9,94,32.7,24.3,116,-1.6
1991,10,1,34.1,18.5,78,-2.2
1991,11,9,28.4,12.3,38,-2.3
1991,12,12,24.7,8.9,27,-2.2
1992,1,9,23.1,9.2,19,-2.4
1992,2,2,25.2,10.4,8,-2.5
1992,3,5,33.1,18.2,9,-2.5
1992,4,0,38.4,23.7,4,-2.4
1992,5,4,42.3,28.4,6,-2.2
1992,6,14,41.8,30.5,15,-3.3
1992,7,161,34.4,27,154,-4.6
1992,8,321,30.6,25.4,118,-5.1
1992,9,226,31.5,23.5,127,-4.1
1992,10,55,32,19.8,96,-2.9
1992,11,7,28.1,13,49,-1.9
1992,12,0,25,9.5,30,-1.6
1993,1,2,23.1,9.3,26,-1.7
1993,2,6,28.5,12.1,20,-1.4
1993,3,11,30.2,16.4,19,-1
1993,4,0,38.1,23.2,6,-1
1993,5,6,43.1,29.8,9,-0.8
1993,6,89,41.3,30.2,87,1.6
1993,7,217,33,26.5,154,0.6
1993,8,215,32.4,24.5,142,-2.1
1993,9,361,31,25,104,2.3
1993,10,6,33.2,19.9,80,1.6
1993,11,0,30,12.7,41,1.3
1993,12,0,25.9,7.9,24,0.9
1994,1,39,23.3,11.2,44,1.6
1994,2,4,26,11.5,16,1.4
1994,3,0,35.1,18.1,7,0.9
1994,4,4,37.4,22.4,9,1
1994,5,5,43.5,29.6,9,1
1994,6,126,39.5,29.1,123,2.2
1994,7,521,30.9,25.4,126,5.4
1994,8,328,30.1,25,114,5.8
1994,9,96,31.6,24.4,118,4.2
1994,10,4,33.1,18.8,75,3.2
1994,11,0,29,12.9,34,2.4
1994,12,0,25.5,8.7,19,1.5
1995,1,47,21.2,8.1,50,2.3
1995,2,3,26.4,11.9,10,1.8
1995,3,14,30.6,16.7,18,1.9
1995,4,4,37.3,23,7,1.8
1995,5,1,42.4,29.6,3,1.3
1995,6,31,42.3,31.3,32,-1.7
1995,7,260,34.3,27,161,-1.9
1995,8,391,30.6,26.2,111,-0.9
1995,9,162,32.7,24.8,130,-1.1
1995,10,9,33.7,20.8,84,-1.3
1995,11,2,29.5,12.7,45,-1.3
1995,12,9,25,10.6,29,-1.1
1996,1,23,23.3,10.1,34,-0.8
1996,2,2,27.9,12.8,12,-1
1996,3,5,34.2,19.5,11,-1
1996,4,4,39.2,23.5,8,-0.8
1996,5,3,42.6,29.5,6,-0.9
1996,6,61,40.2,31.4,61,-0.9
1996,7,259,34,26.4,144,-1
1996,8,360,30.2,24.7,105,0.7
1996,9,259,32.3,25.1,122,1.6
1996,10,55,31.8,20,94,2.2
1996,11,0,29.7,11.5,51,2.5
1996,12,0,25.9,7.1,31,2.3
1997,1,3,23.1,7.4,24,1.8
1997,2,0,26.7,9.8,12,1.4
1997,3,1,32.6,18.2,8,1
1997,4,3,36.9,22.5,8,0.9
1997,5,6,40.8,27.5,10,1
1997,6,59,39.1,28.2,59,0.7
1997,7,218,33.7,26.2,141,-1
1997,8,299,31.2,24.7,124,-1.4
1997,9,162,31.7,24.3,125,-1.5
1997,10,62,30.9,17,89,1
1997,11,22,26.8,14.2,52,2.3
1997,12,24,21.4,9.5,41,3.5
1998,1,1,22.6,7.9,31,3.3
1998,2,3,26.9,11.5,31,3.9
1998,3,18,31.3,15.8,31,4.4
1998,4,7,38.6,23.8,15,4.5
1998,5,1,43.6,29.6,6,4
1998,6,69,41.6,30.2,69,3.6
1998,7,262,33.2,26.9,144,3.1
1998,8,260,31.9,24.9,129,2.3
1998,9,211,31.6,25.1,126,2.4
1998,10,45,33.5,19.4,90,2.7
1998,11,9,29.1,13.6,53,3.1
1998,12,0,26.4,7.7,30,2.8
1999,1,9,22.3,7.7,28,2.5
1999,2,10,27.6,12.8,23,2.6
1999,3,0,34.7,17.5,8,2.1
1999,4,0,41.1,23.2,5,1.8
1999,5,2,41.8,29,6,1.5
1999,6,92,39.5,28.9,90,1.9
1999,7,281,33.1,25.4,146,1.7
1999,8,241,31.9,24.8,129,0.9
1999,9,382,32.2,24.4,113,3.4
1999,10,89,32.9,20.1,104,4.6
1999,11,0,31.2,13.3,56,5.1
1999,12,1,26,8.3,32,4.8
2000,1,6,24.5,9,31,4.3
2000,2,1,26,10.5,20,4
2000,3,2,33.1,16.1,11,3.5
2000,4,1,41.2,25.3,7,3.1
2000,5,3,41.5,29.3,8,2.7
2000,6,45,38.8,28.5,46,2.1
2000,7,377,33.1,25.6,130,3.3
2000,8,183,32.3,25.7,127,2.3
2000,9,87,32.9,24.3,116,1
2000,10,2,35.4,20.3,75,-2.3
2000,11,1,30.9,13.8,34,-2.9
2000,12,0,27.2,8.3,15,-3.4
2001,1,8,23.3,8.3,16,-3.5
2001,2,1,28.2,12.3,6,-3.6
2001,3,5,33.7,17.2,8,-3.5
2001,4,3,38.8,22.8,6,-3.1
2001,5,13,42.8,28.7,15,-2.3
2001,6,164,38.3,27.2,158,2.8
2001,7,350,32.7,25.2,130,3.6
2001,8,164,32.2,25.5,132,2.2
2001,9,33,33.8,25.5,101,-2.4
2001,10,38,34.4,20.3,78,-2.6
2001,11,1,30.6,13.4,32,-3
2001,12,0,26.2,9.7,14,-3.4
2002,1,5,23.6,8.5,13,-3.6
2002,2,10,27.7,11.8,15,-3.2
2002,3,3,34.4,17.9,6,-3.2
2002,4,1,40.7,24.7,4,-3.1
2002,5,4,44.3,30.3,6,-2.9
2002,6,43,41,29.9,43,-3.1
2002,7,57,35.6,28.1,55,-6.2
2002,8,270,31.9,25.2,115,-6.8
2002,9,164,32.3,24.1,125,-6.4
2002,10,21,34.4,20.3,87,-5.9
2002,11,3,30.5,13.4,43,-5.2
2002,12,2,26.9,10.4,26,-4.9
2003,1,8,23.3,8.3,23,-4.6
2003,2,13,27.6,11.7,21,-3.9
2003,3,1,33.3,16.8,6,-3.8
2003,4,0,40.6,24.5,4,-3.6
2003,5,3,43.1,29,6,-3.3
2003,6,67,41.7,30.6,66,-3
2003,7,306,33.4,25.9,134,-2.2
2003,8,194,31.8,25.1,106,-2.6
2003,9,266,31.9,23.7,93,-0.9
2003,10,11,33.2,19,85,-1.1
2003,11,1,30.5,13.3,43,-1.2
2003,12,4,25.9,9.4,26,-1.2
2004,1,21,23.2,8.2,33,-0.9
2004,2,0,27.8,11.9,9,-1.2
2004,3,0,36.1,19.6,6,-1.5
2004,4,2,41.2,25.2,6,-1.3
2004,5,3,43.2,29.1,6,-1.3
2004,6,120,39.4,28.3,116,1.1
2004,7,102,34.7,27.1,99,-2.5
2004,8,347,31.4,24.7,115,-2.9
2004,9,14,33.6,25.4,92,-4.3
2004,10,49,33,18.9,79,-4.1
2004,11,1,30.3,13.2,30,-4.3
2004,12,0,26.2,9.7,14,-4.6
2005,1,6,23.7,8.6,14,-4.7
2005,2,2,27.6,11.7,8,-4.5
2005,3,20,34.3,17.8,23,-3.6
2005,4,1,38.9,22.9,4,-3.3
2005,5,2,42.1,28,4,-3.1
2005,6,31,42.2,31.1,31,-3.6
2005,7,209,33.1,25.5,142,-4
2005,8,148,32.2,25.5,142,-5.3
2005,9,198,32.8,24.5,130,-4.8
2005,10,6,33.3,19.2,66,-5.1
2005,11,0,29.9,12.7,21,-5.3
2005,12,1,24.5,8,12,-5.4
2006,1,0,24.7,9.6,7,-5.7
2006,2,0,30.5,14.7,5,-5.6
2006,3,33,32.8,16.2,35,-3.9
2006,4,5,39.8,23.7,7,-3.4
2006,5,11,43,29,12,-2.7
2006,6,72,40.2,29.1,70,-2.2
2006,7,342,33.2,25.6,142,-1.2
2006,8,252,31.4,24.7,128,-1
2006,9,156,32.9,24.7,135,-1.3
2006,10,10,34.5,20.4,85,-1.5
2006,11,1,30.5,13.4,43,-1.5
2006,12,0,26.2,9.7,24,-1.7
2007,1,3,24,9,17,-2.1
2007,2,9,27.8,11.9,16,-1.8
2007,3,10,32.9,16.4,15,-1.6
2007,4,2,40.6,24.6,6,-1.4
2007,5,5,42.4,28.3,8,-1.2
2007,6,70,40.5,29.4,69,-1.1
2007,7,222,33.7,26.1,155,-1.7
2007,8,185,32.1,25.4,129,-3
2007,9,157,33.3,25.1,124,-3
2007,10,1,33.5,19.4,70,-3.6
2007,11,0,30.4,13.3,26,-3.7
2007,12,1,25.3,8.8,13,-3.9
2008,1,0,23.7,8.7,8,-4.3
2008,2,0,26.2,10.4,5,-4.3
2008,3,2,35.5,19,6,-4.1
2008,4,3,39.1,23.1,5,-3.7
2008,5,6,42,27.9,8,-3.3
2008,6,179,37.9,26.8,159,2.8
2008,7,228,33,25.4,132,2.3
2008,8,247,31.6,24.9,116,1.4
2008,9,126,32.8,24.6,123,0.6
2008,10,7,34.4,20.3,82,-1.7
2008,11,8,30.6,13.4,45,-1.4
2008,12,0,27.2,10.7,23,-1.5
2009,1,7,25.2,10.2,22,-1.7
2009,2,0,29.4,13.6,9,-1.8
2009,3,3,34.9,18.4,9,-1.9
2009,4,1,40.2,24.1,5,-1.8
2009,5,17,43.7,29.7,20,-0.8
2009,6,28,42.2,31.1,29,-1.7
2009,7,225,34.2,26.6,153,-2.2
2009,8,157,32.8,26.1,131,-3.6
2009,9,215,33.1,24.9,133,-3.1
2009,10,71,33.4,19.3,100,-1.7
2009,11,19,29.9,12.7,50,2.2
2009,12,5,26.4,9.9,29,2.4
2010,1,2,23,7.9,23,2.1
2010,2,4,28.2,12.3,19,2.4
2010,3,0,36.1,19.6,9,2
2010,4,0,42.3,26.2,6,1.8
2010,5,0,44.5,30.4,4,1.5
2010,6,18,41.7,30.6,20,-1.3
2010,7,220,34.5,26.9,144,-1.8
2010,8,261,32.2,25.5,119,-2.4
2010,9,149,32.6,24.4,109,-2.4
2010,10,4,34.3,20.2,80,-2.6
2010,11,10,31,13.8,40,-2.1
2010,12,2,24.9,8.4,28,-2
2011,1,1,22.5,7.4,19,-2.2
2011,2,5,28,12.1,15,-2
2011,3,1,34.5,18,7,-2.1
2011,4,2,38.9,22.9,7,-1.8
2011,5,7,43.4,29.4,10,-1.4
2011,6,224,39.2,28.1,188,3.8
2011,7,244,33.6,26,131,3.5
2011,8,333,31.8,25.1,114,3.8
2011,9,219,32.5,24.3,123,3.9
2011,10,0,33.9,19.8,82,3
2011,11,0,31,13.8,39,2.4
2011,12,0,25.5,9,22,1.8
2012,1,28,22.4,7.3,37,2
2012,2,0,27,11.1,9,1.4
2012,3,1,33.5,17,6,0.9
2012,4,2,39.5,23.5,6,0.8
2012,5,7,43.5,29.4,9,0.8
2012,6,20,42.3,31.2,22,-1.9
2012,7,254,34.1,26.6,143,-2
2012,8,349,31.2,24.5,102,-1.2
2012,9,253,32.7,24.5,121,1.4
2012,10,1,33.5,19.4,81,0.8
2012,11,0,29.2,12.1,40,-0.2
2012,12,0,25.6,9,24,-1
2013,1,5,22.7,7.6,18,-1.4
2013,2,9,27,11.1,16,-1.2
2013,3,13,33.9,17.4,18,-0.8
2013,4,2,39,23,6,-0.8
2013,5,0,44.1,30,3,-1
2013,6,206,38.8,27.7,185,3.2
2013,7,503,33,25.4,122,6.3
2013,8,364,31.2,24.6,109,7.1
2013,9,110,33.3,25.1,123,5.5
2013,10,113,33.2,19.1,112,7.1
2013,11,1,28.9,11.7,54,7.2
2013,12,9,25.4,8.9,35,7.2
2014,1,58,25.1,10,58,8.4
2014,2,14,26.1,10.2,39,9
2014,3,12,32.5,16,31,9
2014,4,5,38.7,22.7,15,8.7
2014,5,3,42,28,9,8
2014,6,52,42,30.9,54,6.7
2014,7,265,34.5,26.9,153,5.9
2014,8,243,32.6,25.9,131,4.5
2014,9,167,32.8,24.5,131,3.8
2014,10,15,34,19.9,80,3.2
2014,11,0,30.8,13.6,42,2.9
2014,12,4,24.3,7.8,28,2.6
2015,1,42,22.1,7.1,47,3.4
2015,2,1,28.6,12.8,16,3.1
2015,3,36,32.2,15.7,43,4.3
2015,4,5,38.4,22.3,11,4.2
2015,5,2,43.8,29.7,6,3.7
2015,6,70,40.1,29,70,3.5
2015,7,316,33.5,25.9,148,3.6
2015,8,234,32.1,25.4,126,2.9
2015,9,56,33.8,25.6,110,1.2
2015,10,8,34.9,20.8,68,-2.5
2015,11,0,31.4,14.2,27,-3.1
2015,12,1,25.7,9.2,14,-3.5
2016,1,11,24.8,9.9,18,-3.6
2016,2,1,28.9,13.2,6,-3.7
2016,3,5,34.9,18.7,9,-3.3
2016,4,0,40.7,24.9,3,-3.2
2016,5,4,43.4,29.6,6,-2.7
2016,6,69,41,30.3,67,-1.9
2016,7,431,33.2,25.9,130,1.9
2016,8,430,31.5,25,116,3
2016,9,167,33,25,129,1.5
2016,10,20,33.5,19.9,86,1.4
2016,11,1,30.2,12.9,46,0.9
2016,12,1,26.6,9.9,25,-1.6
2017,1,9,23.7,8.9,24,-1.7
2017,2,2,28.7,12.8,11,-2
2017,3,6,34,17.6,12,-2
2017,4,1,40.6,24.7,5,-2
2017,5,6,43.2,29.5,9,-1.8
2017,6,83,38,28.8,81,-1.6
2017,7,230,33.2,25.8,140,-1
2017,8,194,32.2,25.6,128,-2
2017,9,175,33.3,25.1,127,-2.7
2017,10,7,34.9,20.9,85,-3
2017,11,13,29.8,12.6,47,-3.2
2017,12,6,26,9.6,26,-3.4
2018,1,3,24.6,9.3,19,-3.8
2018,2,2,29.1,13.3,11,-3.6
2018,3,1,35.3,18.7,7,-3.5
2018,4,4,40,24.2,8,-2.9
2018,5,2,43.9,30,5,-2.5
2018,6,76,40.5,29.7,75,-2.1
2018,7,292,33.4,26.1,140,-1.2
2018,8,256,31.6,25.1,117,-0.7
2018,9,253,32,23.9,120,2.4
2018,10,6,34.1,20,79,1.8
2018,11,1,30.5,13.4,42,1.5
2018,12,2,24.4,7.9,25,1
2019,1,4,23,8.3,20,-0.9
2019,2,10,26.4,10.8,19,0.2
2019,3,10,32,15.9,15,0.1
2019,4,16,39.9,24,20,1.3
2019,5,2,43,29.1,5,1
2019,6,44,41.3,30.5,44,0.6
2019,7,336,34.3,26.9,151,1.2
2019,8,347,31.8,25.2,113,2.1
2019,9,381,32.3,24,94,4.6
2019,10,25,33,19.2,78,4.3
2019,11,2,31,13.9,43,4.1
2019,12,11,22.9,6.4,33,4.2
