Product: Historical Climate - TerraClimate(http://www.climatologylab.org/terraclimate.html) 
Location (Lat/Lon of 4-km Grid Cell Center): 21.8958 North,75.8125 East 
Data Source: NW Climate Toolbox(https://climatetoolbox.org/tool/point-data-download)
Download Date: 07/24/2020
Variable List: 
ppt: ppt (Precipitation)
tmax: tmax (Maximum Temperature)
tmin: tmin (Minimum Temperature)
aet: aet (Actual Evapotranspiration)
PDSI: pdsi (Palmer Drought Severity Index (PDSI))
********************************************************
Year,Month,ppt(mm),tmax(degC),tmin(degC),aet(mm),PDSI(unitless)
1958,1,5,31.2,13.7,13,0.1
1958,2,0,33.3,14.9,5,-0.1
1958,3,2,38.2,19,5,-0.1
1958,4,3,42.1,25.4,5,0.1
1958,5,3,43.4,28.8,5,0
1958,6,110,40,27.8,106,-0.2
1958,7,252,30.8,24.3,134,0.3
1958,8,324,31.3,24.3,112,2.1
1958,9,285,29.9,23.2,108,2.8
1958,10,28,33,19.4,91,3
1958,11,37,32.3,15,70,3.8
1958,12,0,30.3,13,15,3.1
1959,1,10,29.9,13.5,17,3.1
1959,2,0,33.3,14.7,5,2.7
1959,3,0,39,19.2,4,2.2
1959,4,6,41.5,24.5,9,2.3
1959,5,2,43.4,28.7,4,1.9
1959,6,102,38.3,27,98,1.5
1959,7,366,30.6,23.4,130,3.6
1959,8,215,29.9,23.4,115,3.7
1959,9,438,30.1,22.8,109,5.8
1959,10,80,32.8,20,104,7.1
1959,11,13,32.1,14.5,68,8.1
1959,12,0,31.1,12.4,25,7.2
1960,1,22,29.4,11.8,32,7.5
1960,2,0,35.8,14.3,6,6.8
1960,3,6,36,18.4,10,6.3
1960,4,1,41.2,23.8,4,5.6
1960,5,9,42.9,27.6,11,5.4
1960,6,167,37.8,26.3,160,5.8
1960,7,174,31.9,24.4,129,4.4
1960,8,199,29.8,23.2,122,3
1960,9,152,31.9,23.2,119,2
1960,10,34,33.5,19,93,2.4
1960,11,0,32.2,13.3,35,2.2
1960,12,2,31.8,13.5,15,1.5
1961,1,3,30.7,13.3,10,1.2
1961,2,1,31.5,13.2,5,1.1
1961,3,1,38.7,19.8,4,0.8
1961,4,1,41.5,24.1,3,0.7
1961,5,13,42.6,27.9,15,1.2
1961,6,76,37.6,25.8,74,-1.1
1961,7,231,30.6,23.7,117,-0.8
1961,8,154,30.7,23.8,122,-1.6
1961,9,466,29.7,22.4,110,2.7
1961,10,72,32.1,18.5,101,4.1
1961,11,6,31.5,14.5,57,5
1961,12,8,29.5,10.8,32,4.6
1962,1,4,29.4,10.1,14,4.3
1962,2,0,33.9,14,6,3.9
1962,3,15,37,18.2,19,4.2
1962,4,7,40.7,23.8,10,4.2
1962,5,7,43,27.6,9,4.1
1962,6,40,38.8,26.6,39,1.7
1962,7,288,31.6,24.1,132,2.5
1962,8,119,31,23.8,121,1.2
1962,9,433,30.6,22.6,113,3.4
1962,10,3,33.5,17.2,88,2.8
1962,11,21,32.5,14.1,44,2.6
1962,12,84,29.8,12.9,84,4.7
1963,1,4,30.3,11.3,13,4.3
1963,2,3,35.1,14.5,8,4
1963,3,3,37.3,18.1,7,3.6
1963,4,1,39.7,22.9,3,3.2
1963,5,2,42.3,27.2,4,2.7
1963,6,97,37.8,25.8,94,2.1
1963,7,236,31.9,23.8,130,2
1963,8,258,30.3,23.3,115,2.4
1963,9,109,31.2,22.3,117,1.2
1963,10,42,33.7,19.3,102,1.9
1963,11,8,32.5,15.9,39,1.6
1963,12,1,31.1,12.2,14,0.9
1964,1,0,29.5,11.2,7,-0.3
1964,2,0,33.8,14,5,-0.9
1964,3,6,39.2,19.4,9,-0.8
1964,4,1,42.4,25.3,4,-0.8
1964,5,1,42.7,27.6,3,-0.9
1964,6,181,38.2,26,174,1.1
1964,7,252,31.6,23.8,126,1.4
1964,8,182,30.5,23.3,112,1
1964,9,272,31.3,22.7,113,1.6
1964,10,12,34.1,19.4,92,1.5
1964,11,1,31.6,12.9,28,0.6
1964,12,0,30.7,11.3,11,-1.4
1965,1,15,31,13.3,20,-0.8
1965,2,0,33.4,14.3,5,-0.8
1965,3,1,37,18.1,4,-1
1965,4,2,40.3,23.6,4,-0.9
1965,5,0,43.4,28.3,2,-1.1
1965,6,51,38.9,26.7,50,-2.3
1965,7,221,31.6,24.3,130,-2.2
1965,8,200,31.7,23.8,118,-2.5
1965,9,67,31.5,22.6,105,-3.4
1965,10,2,35.1,19.5,60,-4.4
1965,11,1,33.3,14.1,16,-5.2
1965,12,23,31,12.1,31,-4.8
1966,1,7,30.4,12.3,12,-4.4
1966,2,0,35.1,15.6,4,-4.1
1966,3,5,37.4,17.6,7,-3.8
1966,4,0,41,23.9,2,-3.5
1966,5,6,42.1,27,7,-3.1
1966,6,48,38.6,27.2,47,-4.2
1966,7,293,33.2,25.1,134,-2.8
1966,8,108,31.1,23.9,116,-3.7
1966,9,223,32,22.8,127,-3.2
1966,10,2,35.7,19.9,94,-3.2
1966,11,35,32.7,16.7,52,-3.1
1966,12,26,30.7,11.6,34,-2.6
1967,1,0,30.1,11.3,6,-2.6
1967,2,0,35.7,14.7,4,-2.4
1967,3,14,36.1,18.9,17,-1.6
1967,4,2,40.7,23.4,4,-1.4
1967,5,0,43.3,27.8,2,-1.5
1967,6,179,38.1,26.1,172,1.5
1967,7,299,31.5,24.4,127,2.5
1967,8,203,30.2,23.6,118,2.5
1967,9,163,30.7,22.7,117,1.8
1967,10,7,34.8,19.2,84,1.5
1967,11,0,33,14.7,29,1
1967,12,101,30.2,14.8,95,3.9
1968,1,1,28.4,11.8,14,4.1
1968,2,1,31.9,13.5,8,3.9
1968,3,15,37.3,17.7,19,4.1
1968,4,3,40.7,22.7,6,3.8
1968,5,0,42.1,26.7,2,3.3
1968,6,43,39,26.9,42,1.4
1968,7,260,32,24.1,130,1.8
1968,8,279,30.1,23.1,121,2.7
1968,9,166,33,23,124,2
1968,10,17,34.5,18.2,85,2
1968,11,1,32.8,13.4,36,1.8
1968,12,1,30.6,11.9,14,1.3
1969,1,4,30.3,13.2,11,1.1
1969,2,0,33.9,15.8,5,1
1969,3,0,39.5,21.2,3,0.7
1969,4,0,42.1,24.4,2,-0.1
1969,5,0,42.9,28.2,2,-0.9
1969,6,112,38.8,26.7,108,-0.9
1969,7,280,31.9,23.9,129,0.8
1969,8,188,30.6,23,116,0.8
1969,9,370,30.4,22.8,115,2.4
1969,10,0,34.8,18.9,77,1.9
1969,11,26,32.9,15.6,53,2.1
1969,12,0,31.9,11.6,12,1.4
1970,1,4,30.3,12.8,11,1.3
1970,2,1,33.3,15.6,5,1.1
1970,3,1,37,19.1,4,0.9
1970,4,4,41.8,25.3,6,0.9
1970,5,7,43.4,28.9,8,1
1970,6,262,36.3,25,168,4.1
1970,7,116,32,24.1,119,3
1970,8,293,30.5,23.7,114,3.6
1970,9,331,30.4,22.8,110,4.6
1970,10,6,34,19.4,78,4
1970,11,0,31.9,12.1,33,3.6
1970,12,0,30.6,9.8,13,2.9
1971,1,0,29.1,12.3,7,2.5
1971,2,0,34,13.5,5,2.2
1971,3,1,37.9,17.4,4,1.8
1971,4,0,42.2,25.1,3,1.5
1971,5,12,41.6,27.4,13,1.9
1971,6,99,35,25.7,96,1.5
1971,7,160,30.4,24.3,134,-1.3
1971,8,169,30.4,24.2,116,-2.4
1971,9,229,31.6,23.1,117,-2.3
1971,10,28,32.6,19.2,96,-1.7
1971,11,0,31.2,13.1,34,-1.5
1971,12,0,29.7,10,13,-1.8
1972,1,0,30.6,11.4,7,-1.8
1972,2,0,31.1,13.3,5,-1.6
1972,3,0,38.4,19.3,3,-1.6
1972,4,1,40.8,23.6,3,-1.5
1972,5,1,43,27.6,3,-1.5
1972,6,93,39.5,27.2,90,-2
1972,7,126,32.2,24.5,121,-3.5
1972,8,225,30.6,23.7,130,-4.2
1972,9,106,32.3,22.2,117,-4.7
1972,10,0,35.2,19.4,33,-6.3
1972,11,15,32.5,13.4,27,-6.1
1972,12,1,31.1,12.9,8,-6.2
1973,1,4,30.2,12.5,8,-5.6
1973,2,2,34.3,15.4,6,-5
1973,3,0,38.2,19.3,2,-4.7
1973,4,0,43.3,26.2,2,-4.4
1973,5,1,43.8,29.6,3,-4.2
1973,6,92,38.2,27.3,88,-4.3
1973,7,363,30.8,23.2,127,-1.7
1973,8,306,30.4,23.4,116,3.9
1973,9,353,29.8,22.6,105,5.1
1973,10,38,33.4,19.3,95,5.3
1973,11,0,32,12.6,43,5.1
1973,12,9,29.7,11.8,23,4.3
1974,1,0,29.9,10.9,8,3.7
1974,2,1,32.9,13.8,6,3.3
1974,3,0,39.2,19.6,3,2.8
1974,4,4,41.8,24.9,6,2.6
1974,5,13,42,27.3,15,2.9
1974,6,56,38.4,26.8,55,1.4
1974,7,204,32.1,25,131,0.9
1974,8,250,30.9,23.4,117,0.8
1974,9,129,33.2,23.8,108,-1.8
1974,10,58,33,20.4,103,1.3
1974,11,0,31.3,12,51,1.9
1974,12,6,29.2,11.3,21,1.5
1975,1,1,28.6,10.8,9,1.4
1975,2,0,32.8,14,5,1.3
1975,3,1,36.8,18,4,1
1975,4,0,41.9,24.5,3,0.8
1975,5,3,42.8,28.2,4,0.7
1975,6,134,37.4,26,129,0.8
1975,7,224,31.2,23.9,124,0.7
1975,8,295,30.3,23.7,116,1.7
1975,9,242,30.2,22.9,124,1.9
1975,10,58,32.7,20.5,97,3
1975,11,0,30.5,12.2,54,3.5
1975,12,0,30.2,9.8,17,2.8
1976,1,5,29.7,12.1,13,2.6
1976,2,0,33.2,14.8,6,2.4
1976,3,4,38,18.8,7,2.2
1976,4,3,40.5,23.9,5,2
1976,5,1,42.2,27.6,3,1.6
1976,6,152,37,25.6,146,2.2
1976,7,252,31.7,24.1,131,2.3
1976,8,220,30.5,23.2,118,2.2
1976,9,167,30.9,22.3,117,1.6
1976,10,0,35.2,19.7,89,1.1
1976,11,49,33.7,17.5,68,1.6
1976,12,9,31.2,13.8,19,1.2
1977,1,0,29.4,12.2,6,0.8
1977,2,1,33.7,15.5,5,0.7
1977,3,9,39.9,20.5,11,0.8
1977,4,3,40.6,25.1,5,0.8
1977,5,3,41.6,27.9,4,-0.1
1977,6,172,38.1,26.3,165,1
1977,7,220,31.4,24.2,137,0.7
1977,8,170,30.4,23.8,117,-1.1
1977,9,191,30.6,22.6,126,-1.3
1977,10,15,35.1,19.7,94,-1.1
1977,11,55,32.6,17.5,76,1.2
1977,12,13,30.5,12.5,26,1
1978,1,8,29.2,12,15,1.1
1978,2,5,32,15,10,1.3
1978,3,11,35.7,18.6,14,1.7
1978,4,8,40.9,24.8,10,1.9
1978,5,1,43.4,29,3,1.5
1978,6,148,37.4,26.1,142,2.2
1978,7,235,30.8,23.6,131,2.1
1978,8,253,29.8,23.6,118,2.3
1978,9,85,31.3,23.7,107,1
1978,10,17,34.2,19.8,75,0.9
1978,11,19,32.9,17.1,42,0.7
1978,12,42,29.9,12.5,51,1.6
1979,1,16,30.2,14.4,22,1.9
1979,2,2,31.4,14.1,6,1.8
1979,3,3,36.5,18.1,6,1.6
1979,4,0,41.3,24.2,2,1.3
1979,5,1,41.9,26.9,3,1
1979,6,124,39.4,27.8,119,1
1979,7,200,32,25.1,140,-0.6
1979,8,280,30.5,23.5,129,0.2
1979,9,166,33,23.7,136,-1
1979,10,21,34.3,21.5,92,-0.6
1979,11,44,32.1,18.6,67,1.4
1979,12,7,30.1,14,23,1.2
1980,1,2,30,14,10,1
1980,2,0,33.9,15.8,6,0.9
1980,3,0,37.3,20.3,4,0.6
1980,4,0,41.9,25.6,3,-0.1
1980,5,0,43.9,28.9,2,-0.6
1980,6,261,37.1,25,178,3.1
1980,7,155,31,24.7,132,2.5
1980,8,253,30.6,23.5,122,2.8
1980,9,63,32.3,23.5,107,1.3
1980,10,0,34.8,21.1,52,-2.6
1980,11,0,32.9,16.4,16,-3.3
1980,12,34,30,12.7,40,-2.6
1981,1,8,28.6,12.6,13,-2.3
1981,2,0,34.1,15.4,4,-2.2
1981,3,4,36.8,19.2,6,-2
1981,4,0,41.5,25,2,-1.9
1981,5,3,42.8,28.3,5,-1.8
1981,6,90,39.4,27.9,87,-2.4
1981,7,234,30.8,24.4,133,-2.1
1981,8,289,30.2,23.6,118,-0.9
1981,9,224,32.1,23.5,115,-0.6
1981,10,31,33.9,20.1,94,1.6
1981,11,12,30.5,13.9,49,1.8
1981,12,18,29.7,12.3,30,1.7
1982,1,21,29.5,14.8,27,2.4
1982,2,2,31.5,15.6,6,2.2
1982,3,3,35.8,18.2,6,1.9
1982,4,1,39.7,24.2,4,1.7
1982,5,6,41.1,27.4,8,1.7
1982,6,83,38.6,27.4,80,0.7
1982,7,225,32.7,25.2,143,-0.2
1982,8,115,30.5,23.9,116,-2.4
1982,9,128,32.1,23.1,126,-3
1982,10,21,34.6,20.7,48,-3.8
1982,11,26,30.8,16.7,36,-3.5
1982,12,0,31.2,14.2,7,-3.8
1983,1,0,29.3,12.5,5,-3.8
1983,2,0,31.3,14.5,3,-3.6
1983,3,0,36.1,19.4,3,-3.5
1983,4,1,39.3,23.6,3,-3.2
1983,5,1,42.4,28.3,2,-3.2
1983,6,82,39,28,80,-3.5
1983,7,255,32.6,24.9,136,-2.9
1983,8,264,30.7,24.6,115,-1.7
1983,9,371,31.2,23.6,107,2.8
1983,10,51,32,19.2,98,3.6
1983,11,0,30.6,12.1,50,4
1983,12,4,29,12,19,3.1
1984,1,6,28.8,12.7,13,2.8
1984,2,2,31.2,13.3,7,2.6
1984,3,0,38.7,19.4,4,2.1
1984,4,0,41.5,25.1,3,1.8
1984,5,0,43.5,28.8,2,1.3
1984,6,64,37.9,26.6,63,-1.8
1984,7,184,31.4,24.4,138,-2.4
1984,8,240,29.6,22.9,119,-2.6
1984,9,74,30.5,22.5,102,-3.4
1984,10,50,33.4,19.5,95,-2.4
1984,11,1,31.8,13.3,28,-2.6
1984,12,3,31.4,12.4,14,-2.9
1985,1,7,30,13.4,13,-2.5
1985,2,0,32.9,14.4,4,-2.3
1985,3,0,39.7,20.3,3,-2.3
1985,4,10,41,24.5,12,-1.5
1985,5,1,43.1,28.8,3,-1.6
1985,6,93,37.7,26.5,90,-2.2
1985,7,210,31.5,24.6,146,-2.5
1985,8,135,30.4,23.4,125,-3.6
1985,9,101,32.2,23.4,112,-4.3
1985,10,98,32.4,18.5,107,-3.6
1985,11,1,32.4,13.7,11,-4.1
1985,12,1,31.2,13.7,7,-4.3
1986,1,1,29.9,13.5,5,-4.1
1986,2,3,32.6,15.7,6,-3.5
1986,3,0,37.8,19.7,3,-3.4
1986,4,0,41.7,24.9,2,-3.2
1986,5,2,42.7,28.3,3,-3
1986,6,118,38.3,26.4,113,-2.8
1986,7,322,31.4,24,134,-1.1
1986,8,241,30.8,23,124,2
1986,9,78,32.8,23.8,114,0.7
1986,10,7,34.9,20.1,65,-2.2
1986,11,1,33.4,15.6,17,-3.2
1986,12,9,30.7,11.8,17,-3.3
1987,1,8,30.1,13.5,12,-2.9
1987,2,2,33.7,15.4,5,-2.7
1987,3,4,37.7,19.6,7,-2.4
1987,4,0,41.8,24.8,2,-2.3
1987,5,8,42.3,27.3,9,-1.8
1987,6,128,39.6,27.4,123,-1.4
1987,7,125,33.7,24.9,120,-3.4
1987,8,274,32.5,24.4,130,-3.7
1987,9,43,33.1,24,103,-4.6
1987,10,34,35,20.4,66,-5.5
1987,11,18,33.4,15.5,30,-5.4
1987,12,42,30.5,12.7,47,-4.1
1988,1,0,31.4,14.4,5,-4
1988,2,0,34.7,16.6,3,-3.8
1988,3,0,37.4,19.7,3,-3.7
1988,4,6,42,25.5,8,-3
1988,5,2,43.8,29.5,4,-2.8
1988,6,125,38.9,27.3,120,-2.2
1988,7,309,31.6,24,119,1.8
1988,8,209,31.5,24.2,116,2.1
1988,9,373,32.5,23.7,106,3.7
1988,10,40,33.8,18.8,101,4.1
1988,11,3,32.1,14.1,42,3.8
1988,12,0,30.8,12.1,14,2.8
1989,1,1,29.9,12,9,2.4
1989,2,0,33.7,13.9,5,2
1989,3,21,36.4,18.7,23,2.8
1989,4,0,41.1,23.7,3,2.4
1989,5,4,43.5,28.3,6,2.2
1989,6,163,37.5,25.8,157,3
1989,7,88,32.1,23.9,84,0.6
1989,8,177,30.5,23.1,103,-3.1
1989,9,195,31.9,23.1,125,-3.4
1989,10,1,34.6,19.2,84,-3.6
1989,11,0,33.3,15.5,17,-4.2
1989,12,13,30.2,12.4,21,-4
1990,1,1,32.6,13.1,6,-3.9
1990,2,2,32.8,15.5,6,-3.5
1990,3,0,35.5,18.6,3,-3.4
1990,4,0,41.3,24.7,2,-3.2
1990,5,21,41.1,27.3,21,-1.8
1990,6,165,36.5,25.5,158,2.1
1990,7,229,30.6,23.8,126,1.9
1990,8,326,30.7,23.8,106,3.4
1990,9,184,30.8,23,109,2.9
1990,10,24,33.5,19.6,82,3
1990,11,2,32.4,15.5,44,3
1990,12,35,30.6,13.1,48,3.3
1991,1,0,29.5,11.7,8,2.8
1991,2,1,33.9,15.8,5,2.5
1991,3,1,37.7,19.7,5,2.1
1991,4,2,40.5,24.5,5,1.9
1991,5,0,43.3,29.2,2,1.5
1991,6,154,38,27,148,2.2
1991,7,266,32.1,24.3,133,2.5
1991,8,113,30.5,23.5,118,1
1991,9,19,31.9,23.4,84,-2.6
1991,10,1,34.9,19.3,19,-5.1
1991,11,8,32.3,15.1,16,-5.4
1991,12,1,30.4,12.2,6,-5.7
1992,1,0,30.3,12.7,4,-5.5
1992,2,0,31.5,14.2,3,-5.1
1992,3,0,37.8,19.6,2,-4.9
1992,4,0,40.6,24.6,2,-4.5
1992,5,7,42.6,28.5,8,-3.9
1992,6,90,39.7,28.4,87,-4.1
1992,7,127,33.2,25.7,121,-5.7
1992,8,220,30.3,24,122,-6.1
1992,9,206,31.1,22.5,129,-5.9
1992,10,29,33.3,20.2,91,-4.8
1992,11,2,31.7,14.9,41,-4.1
1992,12,0,30.8,12.4,14,-4.3
1993,1,0,30.7,13.3,8,-4.1
1993,2,1,33.7,14.3,5,-3.7
1993,3,5,36,18.9,9,-3.2
1993,4,0,40.7,24.6,3,-3
1993,5,2,43.2,29.3,4,-2.9
1993,6,115,39.1,28.3,110,-2.5
1993,7,311,31.6,24.8,136,-1
1993,8,156,31.4,24,134,-1.6
1993,9,263,30.8,23.6,114,-0.8
1993,10,29,33.9,20.8,89,1.5
1993,11,1,32.2,15.4,42,1.5
1993,12,6,30.6,11.8,20,1
1994,1,24,30.4,14.1,30,1.8
1994,2,1,32.1,14.5,5,1.6
1994,3,0,38.7,19.6,3,1.2
1994,4,5,39.8,23.8,7,1.4
1994,5,2,43.2,28.8,4,1.1
1994,6,210,36.7,26,183,3
1994,7,271,29.8,23.4,129,3.8
1994,8,283,29.8,23.6,119,4.9
1994,9,282,30.6,22.5,117,5.2
1994,10,11,34.2,19.6,88,4.6
1994,11,3,32,14.9,32,3.8
1994,12,0,30.7,11.4,12,2.8
1995,1,15,28.1,11.1,21,3
1995,2,0,32.7,15.2,4,2.6
1995,3,13,36,18.8,15,2.9
1995,4,2,40.5,23.7,4,2.6
1995,5,5,42.1,28.1,7,2.5
1995,6,107,40.3,28.7,103,1.7
1995,7,388,32.2,25,147,3.8
1995,8,123,31.6,25,129,2.3
1995,9,232,32,23.8,130,2.2
1995,10,28,34.7,20.8,93,2.4
1995,11,0,32.8,14.5,37,2.1
1995,12,8,31.9,13.6,21,1.6
1996,1,11,30.7,14.5,17,1.7
1996,2,0,34.4,16.2,5,1.5
1996,3,5,39,21.2,8,1.4
1996,4,2,41.1,24.5,4,1.3
1996,5,3,43,28.9,4,1.1
1996,6,46,38.9,27.8,45,-1.7
1996,7,396,32.3,24.8,133,2.6
1996,8,185,30.2,23.6,122,2.3
1996,9,246,31.3,23.3,116,2.5
1996,10,54,32.9,19.5,99,3.4
1996,11,2,32.7,14.2,53,4
1996,12,0,31.1,11.7,15,2.9
1997,1,7,29.4,11.5,15,2.8
1997,2,0,33,13.3,5,2.4
1997,3,0,38,19.6,4,2
1997,4,8,39.2,23.2,10,2.2
1997,5,1,41.7,27.3,3,1.8
1997,6,134,37.2,25.9,129,2.1
1997,7,163,31.7,24.4,138,0.8
1997,8,229,30.9,24,126,-1.8
1997,9,85,31.3,23.2,104,-2.6
1997,10,17,34.2,18.8,65,-2.8
1997,11,28,32.6,17.9,41,-2.3
1997,12,48,28.8,14.1,54,-0.9
1998,1,5,30,13.2,10,-0.9
1998,2,0,32.9,14.7,4,-0.9
1998,3,6,37,18.7,9,-0.6
1998,4,2,41.6,25.8,3,-0.6
1998,5,3,44,29.6,5,-0.6
1998,6,68,39.7,28.2,66,-1.6
1998,7,205,32,25.1,143,-1.9
1998,8,168,32,24.7,131,-2.9
1998,9,339,31.4,24,116,-1.5
1998,10,22,34.5,21.3,86,-1
1998,11,20,32,15.7,57,1.9
1998,12,0,30.9,11.9,14,1.1
1999,1,0,29.5,12,7,0.8
1999,2,4,33.9,16.2,9,1
1999,3,0,38.5,19.6,3,0.7
1999,4,0,42.4,25.6,3,-0.1
1999,5,6,42.2,28.4,8,0.1
1999,6,166,37,26.1,159,1.2
1999,7,149,31.7,24.4,135,-1.3
1999,8,98,30.9,23.7,96,-3.4
1999,9,403,31.1,22.9,121,-1.9
1999,10,69,33.7,19.6,100,2.6
1999,11,0,32.9,14.6,63,3.5
1999,12,0,30.9,11.2,16,2.6
2000,1,0,30.9,13.1,8,2.1
2000,2,0,32,14.1,6,1.9
2000,3,0,37.6,18.1,4,1.5
2000,4,0,42.6,26.6,3,1.2
2000,5,4,40.9,27.3,6,1.1
2000,6,111,37.3,26.1,107,0.9
2000,7,233,30.8,23.9,135,0.8
2000,8,136,31.6,24.7,129,-1.9
2000,9,41,32.2,23.4,84,-3.1
2000,10,9,35.4,21.1,26,-5.1
2000,11,0,34.2,15.6,9,-5.7
2000,12,2,32.2,11.7,7,-5.8
2001,1,7,30.6,13.5,10,-5.2
2001,2,0,34.7,16.5,3,-4.9
2001,3,4,37.4,19.1,6,-4.4
2001,4,2,41.2,24.8,3,-4
2001,5,7,43,28.7,8,-3.5
2001,6,225,36.6,25.3,192,-0.9
2001,7,129,30.9,23.7,126,-2.1
2001,8,108,31,24.1,107,-3.8
2001,9,19,32.7,24.3,23,-5.4
2001,10,31,33.6,19.5,33,-6.6
2001,11,0,32.2,14.9,3,-7.2
2001,12,0,31.5,13.2,2,-7.3
2002,1,0,29.3,12.1,2,-7
2002,2,3,33.9,15.7,5,-6.3
2002,3,6,38.1,19.8,7,-5.6
2002,4,9,41.8,25.4,10,-4.6
2002,5,1,43.3,28.9,2,-4.4
2002,6,192,38,26.6,183,-2.3
2002,7,35,32.6,25.3,34,-5.4
2002,8,223,30.1,23.2,114,-5.7
2002,9,160,30.9,22.5,124,-5.8
2002,10,8,35.1,21,85,-5.6
2002,11,3,33.1,15.7,22,-5.7
2002,12,0,32.7,14.5,10,-5.7
2003,1,0,31.1,14,6,-5.4
2003,2,2,34.5,16.4,6,-4.8
2003,3,1,38,19.7,4,-4.5
2003,4,0,41.9,25.4,2,-4.2
2003,5,2,43.1,28.8,3,-4
2003,6,160,38.3,26.9,154,-2.6
2003,7,253,31.7,24.4,132,-2
2003,8,150,31.1,24.2,122,-2.7
2003,9,305,30.5,22.2,112,-1.4
2003,10,2,33.1,19,85,-1.5
2003,11,0,34.2,16.8,25,-1.9
2003,12,3,31.6,13.3,14,-2.3
2004,1,5,30,12.9,11,-2.1
2004,2,0,33.9,15.8,4,-1.9
2004,3,0,39.9,21.5,3,-1.9
2004,4,0,42,25.6,3,-1.9
2004,5,8,42.6,28.2,9,-1.5
2004,6,83,37.9,26.5,80,-1.8
2004,7,193,32.4,25.2,144,-2.4
2004,8,227,30.2,23.3,114,-2.6
2004,9,176,32.3,23.9,122,-2.7
2004,10,28,33.1,19,87,-1.9
2004,11,12,32.8,15.5,52,-0.9
2004,12,0,31,12.7,15,-1.4
2005,1,8,29.1,12,15,-1
2005,2,0,33.2,15.1,5,-0.9
2005,3,7,37.8,19.5,11,-0.6
2005,4,2,40.8,24.3,4,0
2005,5,2,43.2,28.9,4,-0.1
2005,6,70,40.5,29.2,68,-1.2
2005,7,243,32,24.7,133,-0.8
2005,8,181,31,24.1,132,-1.5
2005,9,305,31.5,23.1,111,1.1
2005,10,12,33.4,19.3,89,1
2005,11,0,31.6,14.3,29,-0.4
2005,12,0,29.4,11.2,12,-1
2006,1,0,30.4,13.3,7,-1.1
2006,2,0,36.1,17.9,4,-1.1
2006,3,35,36.2,17.9,36,1.8
2006,4,0,40.8,24.3,3,1.5
2006,5,16,42.6,28.2,17,2.1
2006,6,87,38.2,26.8,84,1.4
2006,7,260,31.2,24,129,1.8
2006,8,351,30.1,23.1,118,3.9
2006,9,315,31.5,23.2,110,4.6
2006,10,17,34.1,20,83,4.4
2006,11,7,32.8,15.4,43,4.2
2006,12,0,31.9,13.6,13,3.2
2007,1,2,30.7,13.5,9,2.7
2007,2,0,34.3,16.2,5,2.4
2007,3,0,37.7,19.4,4,2
2007,4,6,41.9,25.4,8,2
2007,5,9,42.4,28.1,10,2.2
2007,6,97,38.6,27.3,94,1.7
2007,7,292,31.9,24.6,133,2.5
2007,8,220,31,24.1,116,2.8
2007,9,190,31.8,23.5,110,2.5
2007,10,0,33,18.9,84,1.9
2007,11,2,33,15.6,27,1.2
2007,12,0,31.4,13.1,11,-1.4
2008,1,0,29.7,12.5,6,-1.5
2008,2,0,31.6,13.5,4,-1.4
2008,3,5,38.8,20.5,7,-1.2
2008,4,0,41.4,25,3,-1.2
2008,5,1,42.2,27.9,2,-1.3
2008,6,100,37.7,26.4,96,-1.4
2008,7,166,32,24.7,137,-2.4
2008,8,131,31.2,24.3,124,-3.8
2008,9,222,31.3,23,111,-3.7
2008,10,10,34.5,20.4,78,-3.5
2008,11,6,33.4,16.1,29,-3.4
2008,12,2,32.8,14.5,12,-3.6
2009,1,1,32.4,15.3,7,-3.4
2009,2,0,35.6,17.5,4,-3.1
2009,3,5,39.2,20.9,8,-2.7
2009,4,0,42.4,26,2,-2.6
2009,5,14,42.8,28.5,16,-1.7
2009,6,85,40.3,29,82,-2.4
2009,7,297,31.8,24.5,130,-1
2009,8,123,32,25.1,127,-2
2009,9,123,33.1,24.7,129,-2.7
2009,10,40,33.5,19.4,92,-1.7
2009,11,65,31.8,14.4,79,2.6
2009,12,60,31.7,13.4,71,4.2
2010,1,6,29.8,12.6,17,4.2
2010,2,1,34.4,16.2,7,4
2010,3,4,39.4,21,8,3.7
2010,4,0,42.6,26.1,3,3.3
2010,5,1,44.4,30,3,2.8
2010,6,99,39.4,28.1,96,2.1
2010,7,191,32.3,25.1,128,1.4
2010,8,309,31.5,24.6,116,2.1
2010,9,238,32.3,23.9,122,2.2
2010,10,16,35,20.9,84,2.1
2010,11,45,33.9,16.6,67,3.3
2010,12,1,30,11.8,20,2.7
2011,1,0,28.8,11.7,9,2.4
2011,2,1,33.9,15.8,6,2.2
2011,3,1,38,19.6,5,1.8
2011,4,4,41.4,24.9,7,1.9
2011,5,2,42.8,28.5,4,1.5
2011,6,99,38.5,27.2,96,1.1
2011,7,203,31.7,24.4,122,0.7
2011,8,317,31.1,24.2,111,1.9
2011,9,198,31.4,23,114,1.7
2011,10,4,35.3,21.2,83,1.3
2011,11,0,34.2,16.8,28,-0.6
2011,12,4,31.9,13.6,15,-1.2
2012,1,2,29.1,11.9,9,-1.2
2012,2,0,33.2,15.1,4,-1.1
2012,3,0,37.2,18.9,3,-1.3
2012,4,0,41.6,25.2,3,-1.2
2012,5,6,42.8,28.4,8,-1
2012,6,58,38.8,27.5,56,-2.1
2012,7,279,32.1,24.8,131,-1.2
2012,8,156,31,24.1,119,-1.5
2012,9,339,31.5,23.2,109,1.6
2012,10,10,34.4,20.3,83,1.4
2012,11,1,32,14.7,33,0.9
2012,12,0,31.7,13.4,12,-0.6
2013,1,5,29.1,12,12,0
2013,2,3,33.6,15.5,7,0.2
2013,3,8,37.5,19.2,11,0.2
2013,4,7,40.8,24.3,9,0.7
2013,5,2,43.6,29.2,4,-0.1
2013,6,283,36.3,24.9,169,4.1
2013,7,411,30.7,23.4,115,8.1
2013,8,236,30.4,23.5,113,8.1
2013,9,183,32.1,23.7,115,7.1
2013,10,63,33.6,19.5,95,7.8
2013,11,1,31.9,14.5,60,8.2
2013,12,15,30.7,12.5,33,7.6
2014,1,17,35.7,18.6,25,7.4
2014,2,3,32,13.9,8,6.8
2014,3,7,36.3,18,10,6.4
2014,4,4,41.1,24.6,6,5.9
2014,5,4,42.3,28,6,5.3
2014,6,15,40.9,29.6,16,2.3
2014,7,318,33.1,25.8,149,3.2
2014,8,134,32.3,25.4,129,2
2014,9,257,31.7,23.3,117,2.3
2014,10,10,35.4,21.3,82,2.1
2014,11,2,34.3,16.9,34,1.7
2014,12,10,30.2,11.9,22,1.3
2015,1,23,28.4,11.3,29,2.1
2015,2,1,34.2,16.1,5,1.8
2015,3,23,35.9,17.6,25,2.8
2015,4,8,40.1,23.6,10,3
2015,5,1,44.3,30,3,2.5
2015,6,186,38.5,27.1,178,3.8
2015,7,322,33.5,26.3,163,4.4
2015,8,221,32.4,25.5,129,4.4
2015,9,188,33,24.7,133,3.6
2015,10,4,36.2,22.1,83,3.1
2015,11,2,35,17.6,30,2.3
2015,12,0,31.4,13.2,12,1.5
2016,1,0,29.6,12.6,7,1.1
2016,2,0,33.6,16.2,5,0.9
2016,3,7,37.8,20.6,9,0.7
2016,4,0,40.7,25.6,2,-1.3
2016,5,7,42,28.7,8,-1.3
2016,6,129,38.2,27.8,124,-1.1
2016,7,348,30.5,24.6,112,-0.7
2016,8,210,30.2,23.9,112,-1.8
2016,9,160,30,23.3,110,-1
2016,10,36,30.5,18.8,86,1.5
2016,11,0,30.7,12.5,49,2.1
2016,12,0,30.5,10.9,15,1.3
2017,1,0,29.3,12.5,8,1
2017,2,0,33.9,16.1,5,0.8
2017,3,1,37.4,19.7,4,-0.2
2017,4,0,40.9,24.3,3,-0.9
2017,5,2,43,29.6,4,-0.8
2017,6,146,37.2,26.9,140,0.4
2017,7,227,30.5,24.4,129,-1.1
2017,8,159,31.5,24.3,127,-1.6
2017,9,170,31.3,23.6,115,0.9
2017,10,10,33.2,20,84,1.3
2017,11,5,31.5,15.1,36,1.1
2017,12,9,30.6,13.9,20,-0.5
2018,1,0,30.7,13,7,-0.6
2018,2,0,33.7,16.7,5,0.1
2018,3,2,37.8,21.4,5,0.1
2018,4,5,41.3,25.6,7,0.5
2018,5,1,44.1,30.1,3,0.3
2018,6,181,37.5,27.2,174,0.8
2018,7,245,30.2,24.4,125,-0.2
2018,8,191,30.1,23.9,116,0.4
2018,9,150,30.6,22.4,117,-0.4
2018,10,1,33.5,19.6,74,0.1
2018,11,3,32.3,15.5,35,0.1
2018,12,1,28.9,10.8,13,-0.6
2019,1,0,28.3,11.1,7,-1.4
2019,2,0,33.3,15.1,5,-1.3
2019,3,0,37.8,19.5,3,-1.3
2019,4,7,42.8,26.4,9,-0.8
2019,5,0,44.2,29.8,2,-1
2019,6,81,41,29.7,79,-1.7
2019,7,271,33,25.7,136,-1
2019,8,289,31.1,24.2,109,2
2019,9,737,31.3,23,82,6.9
2019,10,103,33.2,19,105,8.6
2019,11,24,33,15.6,70,10
2019,12,10,30.6,12.3,51,10.4
