Product: Historical Climate - TerraClimate(http://www.climatologylab.org/terraclimate.html) 
Location (Lat/Lon of 4-km Grid Cell Center): 23.8125 North,79.4375 East 
Data Source: NW Climate Toolbox(https://climatetoolbox.org/tool/point-data-download)
Download Date: 07/24/2020
Variable List: 
ppt: ppt (Precipitation)
tmax: tmax (Maximum Temperature)
tmin: tmin (Minimum Temperature)
aet: aet (Actual Evapotranspiration)
PDSI: pdsi (Palmer Drought Severity Index (PDSI))
********************************************************
Year,Month,ppt(mm),tmax(degC),tmin(degC),aet(mm),PDSI(unitless)
1958,1,7,26.5,12,32,-0.4
1958,2,1,29,12.7,13,-0.8
1958,3,10,34.8,18.4,16,-0.7
1958,4,2,40.4,24.4,7,-0.7
1958,5,1,43.3,28.4,4,-1
1958,6,70,41.4,28.2,69,-1.5
1958,7,511,30.2,25,118,-0.6
1958,8,351,30.5,23.8,104,0.1
1958,9,224,28.9,24.4,111,1.1
1958,10,117,30.6,19.3,114,3
1958,11,10,28.8,14.4,60,3.8
1958,12,0,25.4,11.7,37,3.9
1959,1,34,25.3,10.8,49,4.4
1959,2,4,28.3,11.8,19,4.1
1959,3,0,36.4,17.5,8,3.4
1959,4,7,39.7,23,12,3.4
1959,5,16,42.6,27.7,18,3.5
1959,6,102,38.4,28.1,99,3
1959,7,390,30.2,24.4,123,2.7
1959,8,466,29.2,23.7,99,3.6
1959,9,324,29.5,24.2,107,4.6
1959,10,56,31.1,20.5,85,4.8
1959,11,0,28.8,13.7,46,4.8
1959,12,0,26.5,10.4,29,4.3
1960,1,74,24.6,9.4,71,5.7
1960,2,0,31.8,12.3,15,5.2
1960,3,14,33.1,17.6,21,4.9
1960,4,5,39,22.7,10,4.5
1960,5,2,43.3,27.4,5,3.9
1960,6,77,39.4,28.1,75,2.9
1960,7,441,31.5,24.1,119,3
1960,8,571,28.7,23.4,102,4.8
1960,9,75,31.9,23.2,100,3.2
1960,10,94,31.5,18.6,104,4.2
1960,11,0,29.1,11.8,45,4.1
1960,12,0,26.3,10.6,25,3.6
1961,1,32,25.4,11.3,41,3.7
1961,2,2,25.9,11.3,9,3.1
1961,3,3,35.3,18.4,7,2.5
1961,4,6,39.4,22.8,9,2.4
1961,5,6,42.5,27.7,8,2.1
1961,6,93,37.5,26.7,90,1.7
1961,7,498,30.2,24.2,112,2.2
1961,8,416,29.2,23.6,104,2.7
1961,9,408,29.1,24,95,4.7
1961,10,112,30.2,18.6,111,6.2
1961,11,8,26.9,13.8,54,6.5
1961,12,7,23.8,8,36,6.6
1962,1,12,24.4,7.9,36,6.4
1962,2,11,27.8,12.4,27,6.3
1962,3,13,33.5,17.2,21,6
1962,4,16,39,22.4,21,6.2
1962,5,7,42.4,27.1,10,5.6
1962,6,38,40.3,27.2,39,3.9
1962,7,418,31.6,24.9,120,3.6
1962,8,524,29.9,23.2,105,5
1962,9,393,29.3,23.4,108,6.4
1962,10,1,31.2,16.9,75,5.1
1962,11,3,29.1,13.2,36,4.5
1962,12,26,25.3,11,39,4.5
1963,1,20,25.4,7.7,29,4.1
1963,2,11,30.1,12.5,16,3.6
1963,3,4,33.5,16.5,7,3
1963,4,10,36.9,21.7,12,3
1963,5,5,41,26.4,7,2.6
1963,6,120,36.9,26.2,116,2.3
1963,7,404,31.4,23.5,115,2.2
1963,8,322,28.9,23.3,100,1.9
1963,9,312,30.4,22.6,120,2.7
1963,10,29,32.2,19.3,87,2.4
1963,11,1,29.2,16.4,44,2.2
1963,12,1,26.2,9.8,19,1.6
1964,1,0,25.2,9.1,9,0.8
1964,2,2,28.8,12.6,7,-1.3
1964,3,19,36.5,18.7,22,-0.9
1964,4,0,40.5,24.3,3,-1.1
1964,5,12,42.2,26.7,13,-0.8
1964,6,104,38.6,27.4,101,-0.8
1964,7,359,30.4,24.3,122,-1
1964,8,423,29.6,23.7,99,0.8
1964,9,166,31.2,23.5,114,-0.3
1964,10,11,32.7,19.4,84,-0.7
1964,11,0,29.1,12,37,-1
1964,12,0,26.1,10.2,14,-1.6
1965,1,14,26.1,11.1,21,-1.8
1965,2,2,28.7,12.6,7,-2
1965,3,10,33.6,17.1,13,-1.9
1965,4,11,37.2,22.6,13,-1.4
1965,5,2,42.3,28,4,-1.5
1965,6,71,39.8,28.3,70,-2.1
1965,7,241,31.6,25,130,-2.8
1965,8,185,31.2,23.7,124,-4.5
1965,9,212,31,22.7,124,-4
1965,10,12,32.2,20.3,81,-4
1965,11,0,29.7,14.2,39,-3.8
1965,12,8,26.3,9.7,22,-3.8
1966,1,7,25.9,10,15,-3.9
1966,2,1,30.4,14.4,6,-3.9
1966,3,3,34.9,16.9,7,-3.9
1966,4,1,39.2,23.1,4,-3.6
1966,5,10,42.3,27.1,12,-3.2
1966,6,109,38,27.3,105,-2.9
1966,7,380,33.8,25.3,140,-2.9
1966,8,183,30,23.5,118,-4.1
1966,9,77,31.9,23.7,111,-4.8
1966,10,3,33.8,20,68,-5.3
1966,11,26,28.8,16.8,41,-5.4
1966,12,7,26.7,8.4,15,-5.5
1967,1,1,25.9,8.7,6,-5.6
1967,2,0,31.5,12.8,4,-5.5
1967,3,48,32,17.3,49,-3.6
1967,4,2,38,22.3,4,-3.3
1967,5,1,43.1,27.6,3,-3.3
1967,6,87,39.2,27.5,84,-3.3
1967,7,406,31.2,24.7,126,-2.9
1967,8,335,28.8,23.4,104,-2.6
1967,9,179,29.8,23,111,-2.5
1967,10,1,33.1,19.2,72,-2.9
1967,11,0,28.8,15,38,-2.8
1967,12,58,27.1,11.8,61,-1.1
1968,1,22,23.7,10.2,33,-0.8
1968,2,6,27.5,11.4,13,-0.8
1968,3,15,34.6,16.9,19,1.4
1968,4,4,38.5,20.9,7,1.3
1968,5,0,41.8,26.2,2,0.8
1968,6,82,38.2,26.6,80,-0.5
1968,7,530,31.3,23.8,116,0.9
1968,8,217,29.7,22.9,114,-1.1
1968,9,160,33.2,22.7,129,-1.6
1968,10,40,32.1,18.7,85,-1.1
1968,11,0,30.2,13.1,41,-0.8
1968,12,2,26.1,10.3,27,-0.7
1969,1,4,25.5,11.3,16,-1
1969,2,0,29.4,14.4,7,-1.1
1969,3,2,36.1,20.3,7,-1.3
1969,4,0,40.3,24.4,3,-1.3
1969,5,14,41.3,26.8,16,-0.7
1969,6,31,39.7,28.8,31,-1.7
1969,7,625,31.2,23.6,115,1.6
1969,8,410,29.4,22.8,105,2.1
1969,9,189,30.1,23.1,105,1.9
1969,10,0,33.2,19.2,70,1.1
1969,11,24,30.4,15.6,50,1.5
1969,12,0,27,9.6,20,1.2
1970,1,35,25.2,11.1,43,1.6
1970,2,12,27.3,13,18,1.6
1970,3,31,33,17.9,34,2.3
1970,4,0,40.2,23.8,3,2
1970,5,10,42.7,28.3,12,2
1970,6,147,36,25.6,142,2.5
1970,7,301,32.2,24,134,1.5
1970,8,483,29.4,23.8,110,2.6
1970,9,266,29.8,23.6,110,3
1970,10,7,32.5,19.6,75,2.3
1970,11,0,29.2,12.1,35,1.9
1970,12,0,26.2,9.2,18,1.5
1971,1,18,24.4,10.2,26,1.3
1971,2,4,29,11.3,10,1
1971,3,5,34.3,15.9,8,0.8
1971,4,4,39.1,22.8,7,0.8
1971,5,14,40.3,26.1,16,1.1
1971,6,254,34.2,25.5,152,3.2
1971,7,334,29.3,23.8,112,3.2
1971,8,295,28.9,23.5,106,2.5
1971,9,181,30.6,23,114,2
1971,10,126,30.8,19.3,113,4.1
1971,11,0,28.5,12.9,50,4.4
1971,12,0,25.6,8.8,36,4.5
1972,1,3,25.3,9.5,26,4.1
1972,2,3,26.2,10.7,17,3.8
1972,3,0,34.1,17.1,8,3.2
1972,4,1,38.4,22.5,6,2.9
1972,5,2,43.2,27.5,5,2.4
1972,6,44,40.7,28.1,45,1.2
1972,7,172,32.2,24.9,137,-2.2
1972,8,449,29,23.5,105,-2
1972,9,133,31.7,21.2,125,-2.6
1972,10,61,32.5,18.7,90,-1.5
1972,11,9,29.5,12.9,47,-0.6
1972,12,3,26.4,10.9,36,1.6
1973,1,1,26,10.9,19,1.2
1973,2,8,29.6,13.8,17,1.1
1973,3,0,34.6,17.9,6,0.7
1973,4,1,41.9,24.8,4,0.6
1973,5,3,44.2,29.3,6,-0.2
1973,6,27,38.1,28.5,28,-1.8
1973,7,716,30.5,23.9,117,2.2
1973,8,461,29.2,23.9,103,3.1
1973,9,224,30.6,23,108,3.1
1973,10,45,31.2,19,85,3.2
1973,11,0,29,12.1,40,3.2
1973,12,11,24.5,9.4,36,3.2
1974,1,0,24.9,8.4,15,2.5
1974,2,1,28,11.7,10,2.1
1974,3,1,36.3,18.4,6,1.6
1974,4,1,40.5,24.1,4,1.4
1974,5,6,41.7,27.4,9,1.2
1974,6,84,38.7,27.5,82,0.7
1974,7,353,31,24.4,121,-1.2
1974,8,445,29.8,23,104,1
1974,9,55,32.9,23.6,89,-1.1
1974,10,101,31.5,20.6,104,1.4
1974,11,2,28.7,12.2,43,1.6
1974,12,0,24.6,9.5,26,1.4
1975,1,13,23.4,9.4,25,1.3
1975,2,13,27.7,11.9,19,1.4
1975,3,10,34,17.3,14,1.3
1975,4,0,40.6,23.1,4,1
1975,5,0,43.3,28.8,3,0.6
1975,6,166,37.8,26.6,160,1.2
1975,7,330,30.4,23.8,126,0.6
1975,8,359,29.2,23.8,107,0.7
1975,9,267,28.9,24.4,129,1.2
1975,10,55,31.2,21.2,88,1.8
1975,11,0,28.5,11.6,46,2
1975,12,0,25.7,8.5,27,1.8
1976,1,16,24.8,10.8,29,1.7
1976,2,0,27.8,13.7,8,1.2
1976,3,7,33.3,18.6,12,1.1
1976,4,10,38.2,22.4,13,1.3
1976,5,6,41.6,27.3,9,1.2
1976,6,57,37.2,26.4,57,-0.6
1976,7,373,31.4,24.8,124,-0.8
1976,8,347,29.5,23.5,104,-0.6
1976,9,254,30.4,22.8,111,0.6
1976,10,0,32.4,20.2,71,-0.6
1976,11,16,31.7,16.9,46,0.3
1976,12,1,27.2,11.9,19,-0.2
1977,1,6,25.1,9.8,15,-0.8
1977,2,3,28.7,13.2,9,-1
1977,3,8,37.2,18.2,12,-1
1977,4,2,38.5,23.4,5,-1
1977,5,7,40.3,26.8,9,-0.9
1977,6,258,38.2,27.3,216,1.8
1977,7,351,30.7,24.1,132,1.5
1977,8,363,29.7,23.6,111,1.5
1977,9,181,30.3,22.6,124,1.1
1977,10,40,32.6,19.3,90,1.2
1977,11,23,30.2,16.4,55,1.9
1977,12,5,26.4,10.3,31,1.9
1978,1,12,24.7,9.2,25,1.6
1978,2,42,26.6,12.4,47,2.7
1978,3,39,31.8,17.2,42,3.6
1978,4,8,38.7,23.1,11,3.4
1978,5,1,44,29.7,3,2.8
1978,6,163,37.4,26.5,157,3.3
1978,7,345,30.5,23.9,119,2.7
1978,8,501,29,23,107,3.8
1978,9,162,30.6,23,116,3.1
1978,10,5,31.8,19.5,71,2.3
1978,11,7,30.7,15.9,44,2.1
1978,12,33,25.5,9.4,43,2.7
1979,1,76,25.5,11.3,73,4
1979,2,22,26,12.3,32,4.3
1979,3,2,32.8,17.1,9,3.7
1979,4,0,40.1,22.9,5,3.2
1979,5,15,41,26.3,18,3.4
1979,6,83,39.5,27.5,81,2.6
1979,7,402,31.8,25.3,143,2.2
1979,8,307,30.6,23.7,130,1.5
1979,9,68,33.3,23.5,111,-2
1979,10,11,33.2,21.4,68,-3
1979,11,23,29,19.1,38,-3
1979,12,1,25.3,12.3,10,-3.4
1980,1,4,26,10.6,10,-3.7
1980,2,2,29.8,13.5,6,-3.8
1980,3,2,33.8,18.6,4,-3.8
1980,4,1,41.2,24.5,3,-3.7
1980,5,0,44,28.9,2,-3.7
1980,6,181,36.8,26,170,-2.2
1980,7,355,29.9,24.6,113,-2.1
1980,8,414,30,22.9,97,-1.2
1980,9,77,32.3,23,105,-2.1
1980,10,2,33.1,20.7,73,-2.9
1980,11,0,29.4,15.4,18,-3.8
1980,12,18,25.4,11.4,26,-3.5
1981,1,11,23.9,10.6,16,-3.5
1981,2,1,29.6,13.3,5,-3.6
1981,3,13,32.8,18.5,15,-3.2
1981,4,1,39.8,23.7,3,-3.1
1981,5,9,42.3,27.3,10,-2.7
1981,6,81,40.1,28,79,-2.9
1981,7,317,30,24.9,126,-3.2
1981,8,291,29.8,23.9,110,-3.3
1981,9,216,31.8,23.6,121,-2.9
1981,10,10,32,19.8,87,-3.1
1981,11,1,27.4,14,35,-3.2
1981,12,13,25.2,9.8,25,-3
1982,1,74,24.8,12.4,71,-1.2
1982,2,7,25.8,13.5,13,-1
1982,3,3,31.5,17,8,-1.1
1982,4,4,37.6,22.9,7,-1
1982,5,5,39.4,27,7,-0.9
1982,6,80,38.6,27.2,78,-1.4
1982,7,336,33.3,25.7,139,-1.8
1982,8,191,29.4,23.6,103,-2.9
1982,9,188,32.1,22.4,124,-2.8
1982,10,17,32,20.6,79,-2.7
1982,11,22,27.4,16,49,-1.9
1982,12,1,26.4,12,26,-1.7
1983,1,11,23.9,10.1,21,-1.9
1983,2,3,26.8,12.2,10,-1.9
1983,3,2,33.4,18.1,6,-2.1
1983,4,3,36.1,22.6,6,-1.9
1983,5,6,41,26.9,8,-1.7
1983,6,89,38.9,28.6,86,-1.9
1983,7,481,32.1,24.6,135,-1.3
1983,8,390,29.9,24.7,112,-0.7
1983,9,448,30.6,23.9,99,3.4
1983,10,64,30.1,19,95,3.9
1983,11,0,28.1,11.5,53,4
1983,12,3,24.4,10.6,29,3.6
1984,1,81,24.1,10.6,75,5.1
1984,2,21,26.7,10.4,33,5.6
1984,3,0,36.1,17.7,8,4.7
1984,4,1,39.5,23.4,6,4.2
1984,5,2,44.3,28,6,3.5
1984,6,91,37.4,27,89,2.8
1984,7,237,31.4,24.8,134,1.6
1984,8,411,28.9,22.8,104,1.6
1984,9,62,30.1,22.3,98,-2.3
1984,10,18,32.7,18.8,75,-2.7
1984,11,0,28.9,12.5,21,-3.5
1984,12,0,26.6,11.1,10,-4
1985,1,25,24.8,11.5,30,-3.5
1985,2,0,28.2,13.1,4,-3.6
1985,3,1,37.5,19.2,4,-3.7
1985,4,11,39.6,23.7,12,-3
1985,5,10,43.2,28.6,11,-2.6
1985,6,85,38.3,27.6,83,-2.9
1985,7,447,30.3,24.9,129,-2.3
1985,8,391,29.3,23.7,112,-1.6
1985,9,207,31.4,22.9,118,-1.4
1985,10,135,29.8,18.8,114,3.1
1985,11,0,28.9,13.8,63,3.7
1985,12,2,25.8,12.8,36,3.6
1986,1,16,24.2,11.3,36,3.4
1986,2,24,27,13.5,33,3.8
1986,3,15,33.9,18.4,20,3.7
1986,4,0,39.7,23.5,4,3.1
1986,5,13,41.3,27,16,3.2
1986,6,114,38,27.3,110,2.9
1986,7,363,30.4,24,117,2.4
1986,8,215,30.3,23,122,0.9
1986,9,78,32.3,23.6,109,-2.4
1986,10,18,31.9,20,77,-2.7
1986,11,1,30,15,23,-3.4
1986,12,19,25.8,10,29,-3
1987,1,31,24.5,10.8,36,-2.5
1987,2,21,28.9,13.6,24,-1.9
1987,3,5,34,18.8,7,-1.9
1987,4,0,40.1,23.8,2,-2
1987,5,12,40.5,26.6,13,-1.5
1987,6,54,40.4,28.8,53,-2.2
1987,7,226,33.5,24.9,164,-3
1987,8,366,31.8,23.7,125,-3.5
1987,9,155,32.7,23.5,126,-3.7
1987,10,29,32.8,19.6,89,-3.3
1987,11,3,30.9,13.5,45,-2.9
1987,12,14,25.4,10.4,31,-2.6
1988,1,3,26.2,11.7,12,-2.9
1988,2,2,29.8,14,7,-3
1988,3,5,34.6,18.5,9,-2.9
1988,4,7,40.4,24,9,-2.4
1988,5,1,43.9,29.3,3,-2.5
1988,6,163,38.5,27.1,156,-1.6
1988,7,286,30.2,24.9,112,-2.1
1988,8,232,30.1,24,105,-2.8
1988,9,130,31.9,24.2,123,-3.3
1988,10,11,31.9,19,86,-3.4
1988,11,1,28.9,13.5,36,-3.5
1988,12,4,26.3,10.4,18,-3.6
1989,1,4,24.2,9.7,11,-3.8
1989,2,0,28.8,12.1,5,-3.9
1989,3,28,33.1,17.4,30,-2.9
1989,4,0,39.3,22.1,3,-2.8
1989,5,1,43.6,27.6,3,-2.8
1989,6,93,37.5,26.2,90,-2.7
1989,7,268,32.3,23.8,129,-3.3
1989,8,287,30.6,23.1,109,-3.6
1989,9,78,31.8,23,101,-4.3
1989,10,2,33.1,19.1,75,-4.7
1989,11,1,30.1,14.4,19,-5.4
1989,12,13,24.9,10.7,22,-5.1
1990,1,0,28,11.3,6,-5.5
1990,2,16,27.3,14.5,19,-4.8
1990,3,4,31.9,17.6,7,-4.6
1990,4,1,39.3,23.4,3,-4.3
1990,5,20,39.9,27.1,21,-3.3
1990,6,337,36.6,26,167,3.7
1990,7,636,29.4,23.9,109,6.1
1990,8,376,30,24,109,5.8
1990,9,332,29.8,23.6,95,6.7
1990,10,14,31.7,19.3,80,5.6
1990,11,0,29.5,14.7,41,4.9
1990,12,13,26.1,10.9,27,4.3
1991,1,7,24,9.9,15,3.4
1991,2,5,29.2,14.6,10,2.8
1991,3,16,34,19.1,19,2.7
1991,4,16,38.1,22.9,17,3
1991,5,2,42.9,28.8,4,2.4
1991,6,142,37.5,27.2,136,2.5
1991,7,366,33.1,24.7,128,2
1991,8,502,29,23.5,96,3.4
1991,9,54,31.4,23.6,101,1.8
1991,10,0,33.3,19.3,56,-2.6
1991,11,6,28.4,14.5,22,-3.3
1991,12,7,25.4,10.8,15,-3.5
1992,1,3,24.6,11.1,9,-3.8
1992,2,1,26.5,12.3,4,-3.9
1992,3,1,34.4,19.7,4,-3.9
1992,4,1,38.7,24,3,-3.7
1992,5,7,41.9,27.4,8,-3.4
1992,6,17,39.8,28.5,17,-4.5
1992,7,269,32.9,26.3,147,-4.9
1992,8,436,29,24.3,112,-3.9
1992,9,298,30.3,22.9,125,-2.6
1992,10,15,31,20.5,83,-2.7
1992,11,1,28.2,15.3,40,-2.6
1992,12,0,25.5,11.2,15,-2.8
1993,1,1,25,11.5,9,-3.3
1993,2,9,29.3,13.3,13,-3
1993,3,31,31.3,17.8,33,-2
1993,4,0,38.3,23.5,3,-2
1993,5,18,42.5,28.7,19,-1.3
1993,6,100,39.4,28.4,97,-1.3
1993,7,228,31.4,25.7,132,-2.1
1993,8,298,30.6,23.3,123,-3
1993,9,391,29.5,24.1,94,-0.6
1993,10,13,31.9,20.3,81,-0.9
1993,11,0,29.4,14.3,41,-1
1993,12,1,26.1,9.4,15,-1.4
1994,1,31,24.8,13,37,-1
1994,2,10,27,13,15,-1
1994,3,0,35.9,19.1,4,-1.3
1994,4,6,37.4,22.4,8,-1
1994,5,14,42.5,28.1,15,-0.6
1994,6,234,36.8,26.5,190,2.1
1994,7,742,28.6,23.9,110,4.6
1994,8,398,28.4,23.9,103,4.7
1994,9,112,30.3,23.7,114,3.3
1994,10,22,32.1,19.5,84,2.8
1994,11,0,28.6,14.7,39,2.3
1994,12,0,26.1,10.5,14,1.5
1995,1,50,22.4,9.7,54,2.2
1995,2,6,27.2,13.3,11,1.8
1995,3,38,31.4,17.9,40,2.7
1995,4,7,37.4,23.1,9,2.5
1995,5,2,41.3,27.9,4,2
1995,6,65,40.2,29.2,64,1
1995,7,380,32,25.5,140,0.6
1995,8,295,29.3,25.4,109,-1.5
1995,9,185,31.3,24,123,-1.5
1995,10,20,32.5,21.2,85,-1.6
1995,11,3,29.4,14.8,45,-1.6
1995,12,14,25.9,12.8,28,-1.5
1996,1,42,25.1,12.2,48,-0.7
1996,2,4,28.7,14.1,9,-0.9
1996,3,10,34.9,20.5,13,-0.8
1996,4,19,39,23.4,21,0.8
1996,5,1,42.3,28.8,3,-0.4
1996,6,47,38.2,29.3,46,-1.3
1996,7,392,31.9,25.1,125,-1.2
1996,8,398,28.8,23.8,100,0.6
1996,9,124,30.9,24.4,118,-0.8
1996,10,49,30.5,20.4,92,0.5
1996,11,1,29.9,13.9,51,0.7
1996,12,0,26.7,9.2,21,-0.4
1997,1,5,24.5,9.2,15,-0.8
1997,2,0,27.8,11.3,6,-1.1
1997,3,0,33.7,19.5,5,-1.4
1997,4,3,36.6,22.2,6,-1.3
1997,5,9,40.6,26.8,11,-1.1
1997,6,52,38,27.2,51,-1.8
1997,7,357,31.3,24.6,117,-1.9
1997,8,298,30,24,110,-2.1
1997,9,142,30.6,23.8,117,-2.5
1997,10,56,30.8,18.5,86,-1.5
1997,11,41,27.5,17.1,60,2.3
1997,12,40,22.9,12.2,50,3.9
1998,1,3,24.3,10,36,3.9
1998,2,3,28.1,13.3,23,4
1998,3,35,32.2,17.1,43,4.7
1998,4,19,38.7,24,24,5.2
1998,5,2,43.2,28.6,6,4.4
1998,6,92,40,28.6,90,3.7
1998,7,328,31.2,25.7,128,2.8
1998,8,362,30.7,24.3,118,2.6
1998,9,306,30.5,24.8,112,3.4
1998,10,26,33.5,21.3,82,3
1998,11,24,29.2,15.9,57,3.5
1998,12,0,27,9.5,24,3
1999,1,3,23.9,9.7,14,2.1
1999,2,36,28.5,14.1,41,3
1999,3,0,35.3,18.4,4,2.3
1999,4,0,41.5,23.7,3,1.8
1999,5,10,41.4,28.1,12,1.8
1999,6,66,37.4,26.8,64,1
1999,7,470,31.3,24.4,124,1.3
1999,8,340,30.1,23.5,116,1.1
1999,9,598,30.3,23.1,102,5.1
1999,10,79,31.8,20.6,101,5.7
1999,11,0,30.8,15.1,56,5.8
1999,12,2,26.4,10,32,5.2
2000,1,2,26.2,11.1,14,4.1
2000,2,1,27.3,12.4,9,3.4
2000,3,0,34,17.3,5,2.6
2000,4,0,41,25.2,4,2.2
2000,5,9,40.4,27.7,11,2
2000,6,99,36.6,26.3,96,1.7
2000,7,617,31,24.4,112,3.1
2000,8,168,30.8,24.7,117,1.1
2000,9,102,31.3,23.4,113,-2.4
2000,10,2,34.3,20.9,79,-2.9
2000,11,0,30.8,15.9,23,-3.7
2000,12,0,27.9,10.2,11,-4.1
2001,1,14,24.6,10.4,20,-4
2001,2,1,29.1,14,5,-4
2001,3,9,34.5,18.8,11,-3.7
2001,4,5,37.9,22.1,7,-3.3
2001,5,24,41.8,27.5,25,-2.2
2001,6,278,35.3,24.5,166,3.2
2001,7,358,30.3,23.7,112,3.4
2001,8,188,30.5,24.5,118,1.5
2001,9,36,32.8,25.2,99,-2.7
2001,10,50,32.6,20.4,79,-2.8
2001,11,2,29.6,14.8,23,-3.3
2001,12,0,26.6,11.3,10,-3.7
2002,1,3,24.5,10.3,9,-3.9
2002,2,25,28.6,13.6,28,-3
2002,3,4,34.8,19,7,-3
2002,4,3,40.3,24.5,5,-2.8
2002,5,12,43.1,28.9,13,-2.4
2002,6,97,38.5,27.6,93,-2.3
2002,7,94,34.1,27.5,90,-3.7
2002,8,389,29.6,23.6,100,-4.3
2002,9,139,31.1,23.4,118,-4.5
2002,10,27,33,20.8,86,-4.1
2002,11,4,30,15.2,46,-3.6
2002,12,2,28,12.7,19,-3.6
2003,1,3,24.2,10,12,-3.8
2003,2,28,28.3,13.3,33,-2.7
2003,3,3,34.2,18.4,7,-2.7
2003,4,1,40.2,24.4,4,-2.5
2003,5,7,42.7,28.4,9,-2.3
2003,6,72,39.5,28.7,70,-2.7
2003,7,347,31.6,25.1,120,-2.8
2003,8,273,29.8,23.8,94,-3
2003,9,352,29.8,22.1,81,-0.8
2003,10,2,31.4,19.2,77,-1.4
2003,11,0,30.5,15.7,35,-1.7
2003,12,5,26.5,11.3,18,-1.9
2004,1,36,24.5,10.3,42,-1.3
2004,2,0,28.4,13.4,5,-1.6
2004,3,0,36.5,20.7,4,-1.9
2004,4,7,41,25.1,9,-1.6
2004,5,5,42.4,28.1,7,-1.5
2004,6,246,37.7,26.8,195,1.8
2004,7,193,32.1,25.5,146,0.7
2004,8,335,29.3,23.3,99,-1.3
2004,9,98,32.3,24.6,113,-2.2
2004,10,23,31.6,19.4,78,-2.1
2004,11,2,30,15.2,36,-2.3
2004,12,0,26.4,11.2,13,-2.7
2005,1,13,25,10.8,20,-2.7
2005,2,2,29.1,14.1,7,-2.8
2005,3,39,35.2,19.4,41,-1.5
2005,4,1,38.4,22.6,3,-1.5
2005,5,3,42.1,27.8,5,-1.5
2005,6,61,40.5,29.7,59,-2.1
2005,7,170,30.8,24.2,121,-2.9
2005,8,197,30.4,24.4,127,-4.6
2005,9,186,31.2,23.5,120,-4.6
2005,10,11,31.9,19.7,82,-4.6
2005,11,0,29,14.1,38,-4.4
2005,12,2,25,9.8,16,-4.5
2006,1,0,25.6,11.4,8,-4.8
2006,2,0,31.9,16.8,5,-4.8
2006,3,62,33,17.2,62,-2.3
2006,4,15,39.5,23.6,17,-1.6
2006,5,26,41.7,27.4,27,3
2006,6,89,39.2,28.4,86,2.3
2006,7,550,30.7,24.1,123,3.1
2006,8,276,29.5,23.5,111,2.2
2006,9,152,31.7,24,123,1.4
2006,10,3,33.2,21,77,0.7
2006,11,3,30.4,15.6,39,-1.6
2006,12,0,27.5,12.2,14,-2.1
2007,1,1,25.5,11.3,8,-2.6
2007,2,17,29.5,14.5,21,-2.1
2007,3,7,33.6,17.8,10,-2
2007,4,6,40.5,24.6,8,-1.7
2007,5,8,42,27.8,9,-1.5
2007,6,87,39,28.2,85,-1.7
2007,7,271,31.3,24.7,129,-2.4
2007,8,196,30.2,24.2,116,-3.7
2007,9,151,31.5,23.9,111,-3.8
2007,10,1,31.8,19.6,80,-4.1
2007,11,1,29.4,14.6,33,-4.2
2007,12,1,26.7,11.4,14,-4.4
2008,1,1,24.9,10.7,8,-4.6
2008,2,0,26.9,11.9,5,-4.5
2008,3,6,35.6,19.8,9,-4.2
2008,4,2,39.1,23.3,4,-3.9
2008,5,6,41.6,27.3,8,-3.6
2008,6,315,35.5,24.7,163,2.9
2008,7,321,31.4,24.8,120,3.1
2008,8,305,30.4,24.4,113,2.4
2008,9,119,31.7,24,118,1.3
2008,10,14,32.9,20.7,81,0.8
2008,11,1,29.8,15,39,0.6
2008,12,0,27.8,12.5,14,-1.9
2009,1,14,26.8,12.6,21,-1.9
2009,2,0,30.1,15.1,5,-2.2
2009,3,2,35.3,19.5,6,-2.3
2009,4,2,39.3,23.5,4,-2.2
2009,5,29,42.1,27.9,30,-0.9
2009,6,60,41.2,30.4,59,-1.7
2009,7,298,31.8,25.3,130,-2.2
2009,8,221,31.2,25.2,122,-3.2
2009,9,285,32.2,24.5,127,-2.1
2009,10,82,31.8,19.6,104,-0.7
2009,11,30,29,14.2,60,3.2
2009,12,11,27.1,11.8,37,3.7
2010,1,5,23.3,9.1,32,3.5
2010,2,5,28.8,13.8,17,3.3
2010,3,2,36.8,21,9,2.7
2010,4,0,41.7,25.8,5,2.3
2010,5,0,44.5,30.2,4,1.8
2010,6,41,40.2,29.4,42,0.6
2010,7,378,32.5,25.9,125,-1.5
2010,8,253,30.9,24.9,117,-2.2
2010,9,115,31.2,23.6,108,-2.8
2010,10,6,33,20.8,76,-3
2010,11,10,31.5,16.6,41,-2.6
2010,12,5,25.7,10.4,22,-2.6
2011,1,0,23.6,9.4,9,-3
2011,2,4,28.9,13.9,9,-2.9
2011,3,2,35.2,19.4,5,-2.9
2011,4,8,38.4,22.6,10,-2.4
2011,5,15,42.5,28.2,17,-1.7
2011,6,428,35.9,25.1,176,4.9
2011,7,340,31.3,24.7,111,5.1
2011,8,359,30.3,24.2,103,4.8
2011,9,194,31,23.4,109,4.3
2011,10,1,32.6,20.4,78,3.2
2011,11,0,30.6,15.7,34,2.4
2011,12,0,26.1,10.8,13,1.5
2012,1,48,23.4,9.2,53,2.1
2012,2,0,27.9,12.9,5,1.5
2012,3,0,33.9,18.2,4,1
2012,4,4,39.6,23.8,6,0.8
2012,5,12,42.1,27.9,14,1
2012,6,40,39.5,28.6,40,-1.9
2012,7,391,31.4,24.8,117,-1.7
2012,8,364,29.5,23.5,99,-1.2
2012,9,172,31.4,23.7,109,-1.3
2012,10,1,32.3,20,78,-1.8
2012,11,1,29.1,14.3,35,-2.1
2012,12,0,26.6,11.4,13,-2.5
2013,1,3,23.9,9.7,10,-2.9
2013,2,15,27.9,12.9,19,-2.4
2013,3,28,33.7,17.9,30,-1.5
2013,4,6,38.4,22.6,8,-1.2
2013,5,0,43.4,29.1,2,-1.5
2013,6,420,36,25.1,166,4.7
2013,7,718,30.6,24,100,7.5
2013,8,485,29.2,23.2,92,8.2
2013,9,98,32.3,24.6,112,6.4
2013,10,53,31.9,19.7,86,6.3
2013,11,0,28.1,13.3,47,5.8
2013,12,2,26.1,10.8,21,4.9
2014,1,56,32.7,18.5,60,5.3
2014,2,33,26.9,11.9,38,5.7
2014,3,28,32.9,17.1,31,5.8
2014,4,14,38.6,22.7,17,5.8
2014,5,2,41.2,26.9,5,5
2014,6,113,39.6,28.7,109,4.4
2014,7,385,31.6,25,125,3.8
2014,8,232,30.9,24.9,112,2.4
2014,9,210,31.6,23.9,121,2.2
2014,10,3,32.6,20.4,74,1.4
2014,11,0,30,15.2,38,1
2014,12,8,25.2,9.9,22,0.6
2015,1,52,23,8.8,54,1.4
2015,2,2,29.3,14.3,8,1
2015,3,56,32.2,16.4,57,2.6
2015,4,13,38,22.1,15,2.9
2015,5,6,42.7,28.4,8,2.6
2015,6,128,38.4,27.5,124,2.6
2015,7,331,31.6,25,125,1.9
2015,8,279,30.4,24.4,115,1.1
2015,9,80,32.3,24.7,110,-2
2015,10,13,33.9,21.6,69,-2.4
2015,11,0,31.6,16.8,25,-3
2015,12,0,26.2,10.9,11,-3.3
2016,1,14,25.1,11.4,20,-3.4
2016,2,2,29,14.5,7,-3.4
2016,3,7,33.4,19.3,10,-2.8
2016,4,0,39.6,24.8,3,-2.7
2016,5,6,41.1,28.6,8,-2.3
2016,6,120,37.8,28,116,-1.8
2016,7,727,30.2,24.6,107,2.3
2016,8,388,28.8,23.8,97,3.1
2016,9,134,30,24.1,110,2.8
2016,10,29,30.5,20.5,82,2.6
2016,11,0,28.7,13.8,46,2.4
2016,12,0,26.1,10.3,19,1.7
2017,1,1,24.9,10.6,11,1
2017,2,4,28.7,13.4,10,-1.2
2017,3,3,33.7,18.6,7,-1.4
2017,4,0,40,24.8,3,-1.5
2017,5,14,41.2,28.1,16,-1.1
2017,6,116,36.4,26.8,112,-0.8
2017,7,387,30.5,24.6,113,1.4
2017,8,236,30.3,24.3,121,-1
2017,9,260,31,24,117,-1.7
2017,10,10,32.3,21.5,79,-2
2017,11,26,28.1,14.8,54,-2
2017,12,2,26.3,11.1,21,-2.4
2018,1,0,25.5,9.9,10,-2.9
2018,2,6,29,14.4,11,-2.4
2018,3,0,34.8,19.4,4,-2.1
2018,4,9,38.2,23.8,11,-0.9
2018,5,4,42.3,28.6,6,-0.8
2018,6,147,37.6,27.7,141,-0.7
2018,7,495,30.8,24.9,117,1.3
2018,8,213,29.3,24.1,102,1.5
2018,9,211,30.3,22.9,112,1.3
2018,10,0,32.9,20.8,73,0.6
2018,11,0,29.7,15.3,37,-0.4
2018,12,1,24.7,9.5,15,-1.5
2019,1,4,24.3,10.1,12,-2.3
2019,2,2,28.2,13.2,7,-2.3
2019,3,5,33.9,18.1,8,-2.3
2019,4,7,40.7,24.9,9,-1.9
2019,5,3,43.6,29.4,5,-2
2019,6,67,40.9,30.1,65,-2.3
2019,7,383,32.7,26.1,133,-2.3
2019,8,382,30.1,24.1,101,-1.6
2019,9,420,31,23.4,83,2.7
2019,10,28,31.9,19.7,73,2.5
2019,11,1,31,16.2,47,2.5
2019,12,17,25.1,9.8,37,2.6
