Product: Historical Climate - TerraClimate(http://www.climatologylab.org/terraclimate.html) 
Location (Lat/Lon of 4-km Grid Cell Center): 20.5208 North,76.1875 East 
Data Source: NW Climate Toolbox(https://climatetoolbox.org/tool/point-data-download)
Download Date: 07/24/2020
Variable List: 
ppt: ppt (Precipitation)
tmax: tmax (Maximum Temperature)
tmin: tmin (Minimum Temperature)
aet: aet (Actual Evapotranspiration)
PDSI: pdsi (Palmer Drought Severity Index (PDSI))
********************************************************
Year,Month,ppt(mm),tmax(degC),tmin(degC),aet(mm),PDSI(unitless)
1958,1,0,28.1,15.1,9,-0.2
1958,2,0,30.4,17.4,5,-0.2
1958,3,3,35,20.6,7,-0.6
1958,4,10,38,25.2,12,0.3
1958,5,7,39.3,26.7,9,-0.2
1958,6,107,35.8,25,104,-1
1958,7,266,28,21.7,128,0.5
1958,8,384,27.7,21.6,109,2.8
1958,9,117,27,21,113,2.3
1958,10,36,29.3,20,90,2.4
1958,11,64,28.7,16.7,82,3.4
1958,12,0,27.2,14.8,18,3
1959,1,4,26.9,15.4,12,2.7
1959,2,0,30.5,17.4,5,2.3
1959,3,0,35.6,20.9,4,1.7
1959,4,21,37.6,24.6,23,2.4
1959,5,8,39.3,26.7,9,1.9
1959,6,132,34.2,23.7,127,1.7
1959,7,257,27.9,20.9,126,1.9
1959,8,205,26.6,20.9,110,1.9
1959,9,204,27.1,20.7,112,2.9
1959,10,103,29,20.4,111,4.1
1959,11,9,28.2,16.2,68,4.8
1959,12,0,27.8,14.4,22,4.3
1960,1,17,26.5,13.8,26,4.4
1960,2,0,32.7,16.7,6,3.9
1960,3,18,33,20.2,20,3.8
1960,4,2,37.4,23.8,5,3.4
1960,5,30,38.8,25.6,31,3.6
1960,6,166,33.4,23,160,3.6
1960,7,196,29,22,121,2.9
1960,8,140,26.6,20.6,116,1.6
1960,9,127,28.4,21.3,114,1.4
1960,10,74,29.5,19.5,98,2
1960,11,3,28.1,15.1,34,2
1960,12,3,28.4,15.4,14,1.4
1961,1,0,27.8,15,6,1
1961,2,4,28.8,15.5,8,0.9
1961,3,10,35.5,21.4,12,0.8
1961,4,6,37.6,24.2,8,0.8
1961,5,54,38.4,25.6,53,2.2
1961,6,112,33.6,22.6,108,1.6
1961,7,254,27.7,21.3,114,2
1961,8,161,27.4,21.2,114,1.4
1961,9,154,26.8,20.3,111,1.7
1961,10,187,28.3,18.9,109,4.6
1961,11,1,27.7,16,59,5
1961,12,5,26.7,13.1,37,5.1
1962,1,2,26.4,11.8,13,4.6
1962,2,0,31.2,16.2,7,4.1
1962,3,31,33.8,19.7,33,4.6
1962,4,25,36.5,23.7,27,5.1
1962,5,39,38.8,25.4,39,5.6
1962,6,60,34.5,23.6,59,3.3
1962,7,231,28.6,21.6,128,3
1962,8,149,27.6,21.2,112,1.9
1962,9,233,27.5,20.4,112,3.4
1962,10,14,29.8,17.9,86,2.9
1962,11,51,28.4,15.7,65,3.3
1962,12,78,26.4,14.7,78,5
1963,1,0,27.1,13.1,10,4.5
1963,2,7,31.9,16.5,12,4.3
1963,3,12,34.2,19.8,15,4
1963,4,6,35.9,22.8,9,3.8
1963,5,4,38.4,25.1,6,3.1
1963,6,170,33.7,22.5,163,3.3
1963,7,223,29.1,21.5,128,2.9
1963,8,294,26.8,20.4,110,3.4
1963,9,47,28.1,20.4,94,2
1963,10,70,29.7,19.8,99,1.8
1963,11,1,28.6,17.1,17,0.9
1963,12,0,27.7,14.2,8,-1.9
1964,1,0,26.5,13,5,-2.1
1964,2,0,31,16.2,3,-2.1
1964,3,6,35.8,20.8,8,-2.1
1964,4,6,38.4,25.2,8,-1.9
1964,5,1,38.5,25.6,2,-2.2
1964,6,176,34.3,22.9,169,-1.6
1964,7,251,28.9,21.2,122,-1
1964,8,157,27,20.4,105,-1.4
1964,9,157,28,20.6,108,-0.7
1964,10,31,30,19.8,93,0.2
1964,11,3,27.5,14.7,31,-0.3
1964,12,0,27.3,12.9,11,-0.9
1965,1,21,27.6,14.6,26,0.6
1965,2,2,30.5,16.6,5,-0.1
1965,3,1,33.9,19.7,4,-0.7
1965,4,7,36.6,23.4,9,0.1
1965,5,1,39.2,26,2,-0.9
1965,6,106,34.7,23.3,102,-1.6
1965,7,253,28.6,21.6,129,-1.1
1965,8,228,28.1,21.2,111,-0.7
1965,9,35,28.3,20.6,93,-1.9
1965,10,4,31.2,19.5,33,-3.3
1965,11,1,29.3,15.4,12,-3.9
1965,12,17,27.7,14.2,23,-3.7
1966,1,12,27,13.7,15,-3.2
1966,2,0,31.9,17.5,3,-3.2
1966,3,15,34.2,19.4,17,-2.7
1966,4,1,37,23.9,3,-2.6
1966,5,24,37.9,24.8,24,-2
1966,6,60,34.6,24.1,58,-3.3
1966,7,342,30.1,22.7,122,-1.3
1966,8,109,27.8,21.4,111,-2.2
1966,9,145,28.7,20.7,123,-1.8
1966,10,1,31.6,20.2,84,-2
1966,11,77,28.9,18,88,-1.3
1966,12,38,27.1,13.8,44,-0.7
1967,1,0,26.9,13.2,5,-0.9
1967,2,0,32.3,16.7,3,-1
1967,3,17,33.1,20.5,19,-0.6
1967,4,2,37,23.4,4,-0.7
1967,5,2,39.2,25.7,3,-1
1967,6,158,34.1,23.2,151,-0.7
1967,7,314,28.6,22,118,1.5
1967,8,171,27,21.1,110,1.1
1967,9,100,27.6,20.7,107,0.6
1967,10,20,30.6,19.5,79,0
1967,11,1,29.1,15.8,23,-0.9
1967,12,111,26.9,16.7,94,3
1968,1,4,25.4,13.4,19,3.5
1968,2,5,29.1,16.1,12,3.3
1968,3,36,33.9,19.3,39,4.1
1968,4,14,36.5,22.6,17,4.2
1968,5,0,38.1,24.8,3,3.3
1968,6,61,34.9,23.7,60,1.5
1968,7,268,29.1,21.7,127,1.9
1968,8,228,26.7,20.7,112,2.2
1968,9,126,29.4,21.1,108,1.9
1968,10,22,30.4,18.2,83,1.8
1968,11,12,28.6,14.9,39,1.6
1968,12,2,27.4,13.9,13,1.1
1969,1,1,27.2,14.6,7,0.8
1969,2,0,31.2,18.3,4,0.6
1969,3,0,36.1,22.5,3,-1.1
1969,4,0,38.2,24.6,2,-1.2
1969,5,2,38.8,26.1,3,-1.5
1969,6,146,34.8,23.7,140,-1.3
1969,7,241,28.9,21.3,126,-1
1969,8,159,27.4,20.5,110,-1.5
1969,9,224,27,20.7,112,1.6
1969,10,4,30.6,19.1,80,1.1
1969,11,39,29.1,17.3,56,1.2
1969,12,0,28.5,13.4,9,0.7
1970,1,4,27.3,14.3,9,-0.1
1970,2,0,30.6,18,4,-0.6
1970,3,1,34,20.7,3,-0.8
1970,4,9,37.7,25.3,11,0.2
1970,5,11,39.1,26.6,12,-0.1
1970,6,286,32.2,21.8,160,2.8
1970,7,128,29,21.8,122,2.4
1970,8,415,27,21,106,4.9
1970,9,164,27.4,20.7,109,5
1970,10,20,29.9,19.7,82,4.5
1970,11,0,27.8,13.6,28,3.9
1970,12,0,27.2,11.3,11,3.2
1971,1,0,26,13.9,6,2.7
1971,2,1,31.2,15.8,5,2.3
1971,3,2,34.7,19,4,1.9
1971,4,0,38,24.9,2,1.4
1971,5,35,37.6,25.4,35,2.1
1971,6,117,30.9,22.6,112,1.4
1971,7,46,27.9,22.2,45,-3.1
1971,8,202,27.3,21.8,108,-3.5
1971,9,119,28.4,21.2,115,-3.3
1971,10,84,28.5,19.6,105,-2.3
1971,11,0,27,14.5,28,-2.2
1971,12,0,26.3,11.9,11,-2.4
1972,1,0,27.4,12.6,6,-2.3
1972,2,0,28.4,16,4,-2.2
1972,3,0,35.3,21,3,-2.3
1972,4,1,37,23.7,4,-2.2
1972,5,2,38.8,25.5,4,-2.4
1972,6,132,35.4,24.2,127,-2.5
1972,7,99,29.2,22,95,-4
1972,8,176,27.5,21.2,123,-4.6
1972,9,65,29,20.5,81,-5.1
1972,10,0,31.2,19.8,9,-6.4
1972,11,35,28.5,15,38,-5.9
1972,12,0,28.1,15,4,-6
1973,1,0,27.2,14.2,3,-5.7
1973,2,6,31.3,17.7,8,-5.1
1973,3,1,35,21,2,-5
1973,4,2,39.1,26.3,3,-4.6
1973,5,3,39.6,27.6,4,-4.6
1973,6,127,34.3,24,121,-4.6
1973,7,246,28.1,20.9,127,-3.9
1973,8,330,27.1,20.7,107,-2
1973,9,142,26.7,20.8,111,-1.5
1973,10,64,29.4,19.7,103,-0.6
1973,11,0,28,14.2,44,2.5
1973,12,4,26.7,14,17,1.8
1974,1,0,26.7,12.4,7,1.3
1974,2,3,30.3,16.3,7,1.1
1974,3,3,35.7,21.1,6,0.8
1974,4,2,37.7,24.9,4,0.6
1974,5,43,37.9,25.1,43,1.5
1974,6,82,34.2,23.6,79,-1.1
1974,7,206,29.2,22.6,126,-1.3
1974,8,196,27.4,20.7,108,-1.6
1974,9,73,29.7,21.6,97,-2.1
1974,10,97,28.8,20.6,112,-0.8
1974,11,0,27.3,13.5,40,1.3
1974,12,0,25.8,13.1,13,0.7
1975,1,2,25.7,12.2,9,-0.1
1975,2,3,29.9,16.3,7,0
1975,3,3,33.7,19.8,6,-0.6
1975,4,0,37.8,24.7,2,-0.8
1975,5,9,38.6,26,10,-0.9
1975,6,152,33.2,22.7,146,-0.8
1975,7,216,28.4,21.4,122,-0.8
1975,8,295,27,21,110,0.8
1975,9,185,27.3,20.6,118,1.6
1975,10,79,28.8,20.9,101,2.6
1975,11,0,26.3,13.9,56,2.9
1975,12,0,26.6,11.3,16,2.4
1976,1,0,26.3,13.1,8,2
1976,2,0,30.3,16.7,5,1.7
1976,3,11,35.1,20,14,1.6
1976,4,8,36.4,23.8,10,1.6
1976,5,2,38,25.4,4,1
1976,6,102,33,22.6,98,-1.1
1976,7,254,28.8,21.5,125,-0.6
1976,8,221,27.2,20.7,110,0.3
1976,9,86,27.7,20.4,99,-0.5
1976,10,1,31.2,20.1,67,-0.8
1976,11,73,29.5,18.9,81,0.7
1976,12,5,27.8,15.6,13,-0.4
1977,1,0,26.2,13.9,5,-0.7
1977,2,4,30.7,17.8,7,-0.7
1977,3,12,36.3,22.2,14,-0.6
1977,4,1,36.5,25.1,3,-0.8
1977,5,5,37.6,25.8,6,-1.1
1977,6,201,34,23.2,192,0.8
1977,7,192,28.6,21.8,126,-0.4
1977,8,167,27.1,21.2,112,-1.2
1977,9,78,27.4,20.7,103,-1.8
1977,10,30,30.8,19.9,71,-2
1977,11,111,28.4,19.2,108,1.5
1977,12,21,26.8,14.2,31,1.6
1978,1,12,25.9,13.7,18,1.6
1978,2,23,29.1,17.2,26,2.4
1978,3,34,32.6,20.2,35,3.1
1978,4,14,36.7,24.7,16,3.3
1978,5,4,39.2,26.8,5,2.6
1978,6,222,33.2,22.8,169,3.8
1978,7,249,28,21.2,127,4.2
1978,8,197,26.5,21,112,3.9
1978,9,45,28,21.6,92,2.4
1978,10,35,30.3,20.2,71,1.6
1978,11,35,29,18.8,46,1.3
1978,12,14,26.5,14.7,20,1.1
1979,1,15,27,16.3,18,1.3
1979,2,9,28.8,16.4,12,1.4
1979,3,13,33.5,19.7,15,1.4
1979,4,0,37.1,24.3,2,1
1979,5,11,37.9,24.8,12,0.9
1979,6,162,35.2,24.8,155,0.9
1979,7,207,29.1,22.7,134,-0.4
1979,8,259,27,21.1,123,0.1
1979,9,159,29.3,21.7,126,0.3
1979,10,23,30.2,22,91,0
1979,11,68,28.2,20.1,79,1.4
1979,12,3,26.9,15.9,17,1.1
1980,1,4,26.6,16,11,0.9
1980,2,0,30.9,18.4,5,0.7
1980,3,1,34,22,4,-0.3
1980,4,2,37.7,25.8,4,-0.6
1980,5,0,39.8,26.8,2,-1
1980,6,279,33.1,21.8,168,2.5
1980,7,148,28.3,22.2,127,2.2
1980,8,267,27,20.9,110,2.8
1980,9,45,28.8,21.5,96,1.4
1980,10,0,30.7,21.4,35,-2.4
1980,11,1,28.9,18.1,13,-3
1980,12,24,26.8,14.5,29,-2.5
1981,1,21,25.5,14.2,24,-1.8
1981,2,2,31.1,17.8,5,-1.7
1981,3,17,33.7,20.6,18,-1.2
1981,4,1,37.4,24.9,2,-1.3
1981,5,9,38.6,26.2,10,-1.4
1981,6,107,34.9,24.7,102,-2
1981,7,210,28.1,21.9,132,-2.1
1981,8,241,26.8,21.1,114,-1.9
1981,9,211,28.7,21.4,108,1.4
1981,10,49,29.9,20.6,98,1.8
1981,11,6,26.8,15.6,43,1.7
1981,12,37,26.5,14.4,47,2.2
1982,1,25,26.4,16.5,30,2.8
1982,2,4,28.9,18.1,8,2.5
1982,3,4,33,20,7,2.1
1982,4,4,35.8,24.3,6,1.9
1982,5,17,37.4,25.3,18,1.9
1982,6,67,34.4,24.4,65,-1.4
1982,7,245,29.6,22.8,137,-1.2
1982,8,95,27.3,21.5,106,-2.2
1982,9,95,28.6,21.3,107,-2.5
1982,10,15,30.6,20.9,47,-3.2
1982,11,22,27.1,18.5,33,-3.1
1982,12,0,27.9,16.1,6,-3.3
1983,1,1,26.4,14.2,5,-3.3
1983,2,0,28.5,17.1,3,-3.2
1983,3,1,33.1,21.4,3,-3.2
1983,4,0,35.8,23.6,2,-3.1
1983,5,0,38.4,26.3,2,-3.3
1983,6,95,35,25.1,92,-3.9
1983,7,240,29.9,22.6,127,-3.3
1983,8,277,27.4,21.9,106,-2.1
1983,9,278,27.8,21.4,100,3.4
1983,10,63,28,19.8,99,3.9
1983,11,0,26.7,13.9,47,3.9
1983,12,7,25.9,13.9,21,3.2
1984,1,9,26,14.6,15,3
1984,2,14,28.5,16.3,17,3.2
1984,3,0,35.3,21.1,3,2.5
1984,4,0,37.4,25,2,2
1984,5,0,39.3,27.1,2,1.2
1984,6,92,33.8,23.4,89,-1.9
1984,7,154,28.6,21.9,126,-2.6
1984,8,112,26.4,20.5,108,-3.6
1984,9,65,27.5,20.7,69,-4
1984,10,124,29.3,20.4,119,-3
1984,11,2,27.6,14.9,6,-3.7
1984,12,0,28.3,14.3,3,-4
1985,1,18,27.3,15.1,19,-3.3
1985,2,0,30.2,16.8,2,-3.3
1985,3,1,36.1,21.9,2,-3.3
1985,4,14,37,24.5,14,-2.6
1985,5,4,38.9,26.7,5,-2.7
1985,6,193,33.5,23.3,184,-1.8
1985,7,230,28.6,21.9,135,-1.8
1985,8,143,27.2,20.9,118,-2.5
1985,9,46,29,21.5,93,-3.5
1985,10,88,28.6,18.8,103,-3
1985,11,9,28.4,15.1,20,-3.3
1985,12,1,28.2,15.3,7,-3.4
1986,1,1,26.9,14.8,5,-3.3
1986,2,16,29.7,17.9,18,-2.4
1986,3,0,34.8,21.3,2,-2.5
1986,4,3,37.6,24.9,5,-2.3
1986,5,5,38.7,26.2,6,-2.4
1986,6,168,34.1,22.9,160,-1.8
1986,7,304,28.7,21.5,128,-0.6
1986,8,224,27.4,20.5,116,1.6
1986,9,43,29.6,21.9,97,-1.2
1986,10,4,31.3,20.6,37,-2.5
1986,11,6,29.4,17.2,18,-3
1986,12,20,27.8,14,26,-2.6
1987,1,15,27.2,15.2,19,-2.1
1987,2,6,30.6,17.6,8,-1.8
1987,3,4,34.4,21,6,-1.8
1987,4,0,37.8,24.8,2,-1.8
1987,5,25,38.3,25,25,-1.1
1987,6,170,35.5,24.2,163,-0.6
1987,7,98,30.6,22.3,94,-2.6
1987,8,300,28.7,21.7,120,-2.4
1987,9,41,29.7,22.1,100,-3.4
1987,10,55,30.7,20.6,82,-3.5
1987,11,47,29.1,17.4,55,-3
1987,12,29,27.2,14.6,34,-2.4
1988,1,0,28.1,15.9,4,-2.5
1988,2,1,31.5,18.9,4,-2.4
1988,3,0,34.1,21.4,2,-2.5
1988,4,8,37.7,25.4,9,-2.1
1988,5,16,39.6,27.4,17,-1.8
1988,6,142,34.8,24.1,136,-1.5
1988,7,346,29.1,21.3,121,2
1988,8,200,28.3,21.6,110,1.9
1988,9,350,29.1,21.4,100,5.4
1988,10,40,29.7,19,100,5.2
1988,11,7,28.1,15.7,35,4.5
1988,12,1,27.4,13.9,12,3.6
1989,1,5,27,13.6,11,3.2
1989,2,0,30.7,16.1,4,2.6
1989,3,40,33.1,20.3,41,3.6
1989,4,1,37.1,23.8,3,3.1
1989,5,16,39.2,26.2,17,2.8
1989,6,175,33.3,22.6,167,3.2
1989,7,122,29,21.5,116,1.7
1989,8,188,27,20.6,97,0.8
1989,9,112,28.3,21,112,-1.9
1989,10,7,30.4,19.5,51,-2.4
1989,11,0,29,16.9,13,-3
1989,12,22,26.9,14.1,28,-2.6
1990,1,0,29.2,14.2,5,-2.7
1990,2,3,30,17.5,6,-2.5
1990,3,1,32.4,20.2,4,-2.5
1990,4,0,37.2,24.5,2,-2.5
1990,5,67,36.8,24.9,65,2
1990,6,261,32.2,22.2,166,3.9
1990,7,232,28,21.3,122,4.6
1990,8,290,27.3,21.1,100,5.4
1990,9,65,27.8,20.9,92,4.1
1990,10,82,29.2,19.9,96,4.6
1990,11,5,28.3,17.2,43,4.4
1990,12,18,27.4,15.2,29,4
1991,1,1,26.6,13.2,7,3.3
1991,2,3,31,17.9,7,3
1991,3,1,34.6,21.2,4,2.3
1991,4,10,36.6,24.5,12,2.4
1991,5,2,39.2,27,4,1.7
1991,6,172,33.6,23.5,164,2.2
1991,7,180,28.9,21.9,123,1.5
1991,8,104,27.2,20.8,106,-1.7
1991,9,17,28.9,21.7,35,-3.3
1991,10,1,30.9,19.8,10,-4.9
1991,11,14,28.4,16.5,18,-5
1991,12,1,27,13.8,5,-5.1
1992,1,0,27.2,13.8,3,-5
1992,2,0,28.7,16.5,2,-4.7
1992,3,0,34.9,21.1,2,-4.6
1992,4,0,36.7,24.5,2,-4.4
1992,5,28,38.4,26.4,27,-3.4
1992,6,122,35.2,25.2,116,-3.5
1992,7,101,30.3,23.1,97,-5.1
1992,8,291,26.9,21.1,116,-4.7
1992,9,145,28,20.6,125,-4.1
1992,10,36,29.4,20.5,91,-3.4
1992,11,1,28.1,16.4,33,-3.2
1992,12,0,27.4,13.8,12,-3.4
1993,1,0,27.6,14.6,6,-3.3
1993,2,3,30.6,16.3,7,-3
1993,3,16,32.9,20.2,18,-2.4
1993,4,0,36.8,24.5,2,-2.4
1993,5,3,39.1,27.1,4,-2.5
1993,6,138,34.9,25.3,132,-2.3
1993,7,222,28.8,22.2,127,-2.1
1993,8,141,27.8,21.3,120,-2.8
1993,9,162,27.6,21.3,110,-2
1993,10,105,29.6,21.1,112,2
1993,11,2,27.9,17,67,2.8
1993,12,17,26.9,13.4,34,2.8
1994,1,12,27.3,15.1,20,2.8
1994,2,4,29.4,16.8,8,2.6
1994,3,0,35.5,21.3,3,2
1994,4,21,35.8,23.7,22,2.6
1994,5,9,39,26.6,11,2.2
1994,6,189,32.5,22.8,168,2.9
1994,7,302,27.3,20.9,125,4
1994,8,272,26.6,20.9,115,4.5
1994,9,143,27.5,20.4,116,4.2
1994,10,40,30.3,20,93,4.2
1994,11,11,27.9,16.2,45,3.9
1994,12,0,27.3,12.9,12,3.1
1995,1,21,25.1,12.4,27,3.4
1995,2,0,29.8,17.4,4,2.9
1995,3,26,33.1,20.3,28,3.3
1995,4,4,36.7,23.3,6,3
1995,5,13,37.8,25.6,14,2.7
1995,6,84,36.1,25.4,82,1.2
1995,7,355,29.2,22.3,139,2.7
1995,8,82,28.6,22.2,109,1.2
1995,9,171,28.6,21.5,123,1.6
1995,10,41,30.5,20.7,93,1.8
1995,11,1,28.9,15.9,36,1.5
1995,12,1,29,15.1,13,0.9
1996,1,8,27.7,16,14,1
1996,2,0,31.5,18.3,4,0.7
1996,3,12,35.8,22.4,14,0.8
1996,4,2,37.1,24.4,4,0.6
1996,5,3,39,26.8,4,-0.4
1996,6,54,35,24.3,53,-2.3
1996,7,264,29.4,22.2,126,-1.6
1996,8,173,27,20.9,114,-1.7
1996,9,182,28.1,21,113,-0.6
1996,10,124,28.9,19.5,121,2.8
1996,11,5,28.5,15.6,73,3.7
1996,12,0,27.7,13.7,23,3.3
1997,1,9,26,12.8,18,3.2
1997,2,0,29.9,15.4,6,2.8
1997,3,0,34.9,20.7,4,2.2
1997,4,14,35.2,22.9,16,2.5
1997,5,3,37.8,25.2,5,1.9
1997,6,136,33.2,22.9,131,1.7
1997,7,149,28.8,22,131,-1.4
1997,8,223,27.7,21.4,119,-1.9
1997,9,51,28.1,21,89,-2.7
1997,10,28,30.3,19.2,59,-3
1997,11,65,28.9,19.3,69,-1.9
1997,12,49,26.1,16.2,55,-0.6
1998,1,3,26.8,14.9,7,-0.7
1998,2,1,30.1,17,4,-0.8
1998,3,12,34,20.2,14,-0.6
1998,4,1,37.6,25.6,3,-0.7
1998,5,4,39.8,27.5,5,-0.9
1998,6,91,35.6,25.3,87,-1.8
1998,7,187,29.3,22.7,133,-2.2
1998,8,201,28.5,22.1,121,-2.7
1998,9,200,28.2,21.7,114,-1.3
1998,10,44,30.2,21.4,89,-0.7
1998,11,59,28.1,17.2,80,2.8
1998,12,0,27.2,13.6,23,2.6
1999,1,0,26.3,13.3,10,2.3
1999,2,17,31,18.4,21,2.8
1999,3,0,35.1,21.2,4,2.2
1999,4,0,38,25.8,3,1.8
1999,5,41,37.9,25.9,41,2.6
1999,6,154,32.8,22.9,148,2.7
1999,7,141,28.8,22,125,1.3
1999,8,124,27.5,21.2,119,-2.2
1999,9,203,27.6,20.7,113,-1
1999,10,99,29.8,19.7,107,2.1
1999,11,0,28.8,16.1,44,2.4
1999,12,0,27.6,12.9,13,1.6
2000,1,0,27.8,14.6,7,1.2
2000,2,2,29.3,16.5,6,1
2000,3,0,34.4,19.5,3,-1
2000,4,0,38.2,26.4,2,-1.2
2000,5,12,36.9,24.9,13,-1
2000,6,181,33.1,22.7,172,0.8
2000,7,190,27.9,21.5,126,-0.4
2000,8,168,28.2,21.9,117,-1.2
2000,9,40,28.9,21.2,87,-2.2
2000,10,10,31.2,21.6,33,-3.3
2000,11,1,30.1,16.8,11,-3.8
2000,12,5,28.8,13.5,10,-3.9
2001,1,12,27.5,14.9,15,-3.3
2001,2,0,31.6,18.7,3,-3.2
2001,3,10,34,20.4,11,-2.9
2001,4,5,36.7,24.2,6,-2.5
2001,5,10,38.8,26.4,11,-2.4
2001,6,183,32.8,22.5,174,-1.4
2001,7,74,28.9,22,71,-3.4
2001,8,143,27.3,21.2,118,-4.3
2001,9,23,29.1,22,27,-5.4
2001,10,36,29.4,19.7,38,-5.8
2001,11,2,28.5,16.7,5,-6.2
2001,12,0,28.1,14.9,2,-6.3
2002,1,2,26.1,13.6,4,-6
2002,2,5,31.6,18.6,6,-5.4
2002,3,9,35.1,21.5,9,-5
2002,4,8,37.4,24.9,9,-4.3
2002,5,4,39,26.6,4,-4.3
2002,6,231,33.6,23.2,171,-2.3
2002,7,38,30.3,23.4,57,-4.4
2002,8,236,26.7,20.6,109,-4.5
2002,9,98,27.9,20.8,110,-4.5
2002,10,32,31,21.3,88,-3.8
2002,11,4,28.7,16.9,24,-4
2002,12,0,29.3,16.2,9,-4.1
2003,1,0,28.2,15.6,5,-4
2003,2,6,32.3,19.3,9,-3.5
2003,3,2,34.9,21.3,5,-3.4
2003,4,1,37.5,25.1,3,-3.2
2003,5,3,39,26.6,5,-3.3
2003,6,137,34.2,23.9,132,-3
2003,7,155,28.8,21.9,125,-3.6
2003,8,132,28,21.9,120,-4.4
2003,9,104,28.2,21.1,104,-4.2
2003,10,13,29.8,20.1,20,-5.1
2003,11,1,30,18.2,5,-5.5
2003,12,5,28.2,15.1,8,-5.5
2004,1,7,27.4,14.9,9,-5
2004,2,0,31.1,18.1,2,-4.7
2004,3,3,36.6,23,4,-4.5
2004,4,1,38.4,26,2,-4.3
2004,5,36,38.1,25.7,35,-3
2004,6,125,34.2,23.9,119,-3
2004,7,156,29.8,22.9,136,-3.7
2004,8,191,27.3,21.1,114,-4.2
2004,9,138,28.4,21.3,114,-3.6
2004,10,43,29,19.3,85,-2.9
2004,11,30,29,17.2,53,-2.1
2004,12,0,27.6,14.5,10,-2.4
2005,1,17,26.4,13.9,22,-1.6
2005,2,2,30.5,17.6,6,-1.5
2005,3,23,34.4,20.8,25,-0.8
2005,4,8,36.8,24.3,9,1.2
2005,5,5,39.2,26.8,6,0.8
2005,6,89,36.6,26.2,86,-1.4
2005,7,274,29.4,22.5,127,-0.6
2005,8,209,27.7,21.6,120,0.1
2005,9,191,28.2,21.1,109,1.7
2005,10,48,29.7,20,98,2
2005,11,0,27.4,15.6,36,1.7
2005,12,0,26.4,13.3,12,1.1
2006,1,0,26.9,14.4,7,0.7
2006,2,0,32.2,19.2,4,-0.2
2006,3,55,32.8,19.2,55,1.8
2006,4,1,36.8,24.4,3,1.5
2006,5,56,38.4,26,55,2.9
2006,6,124,34.3,24,120,2.3
2006,7,277,28.4,21.5,124,2.8
2006,8,396,27.2,21.1,116,4.9
2006,9,187,28.3,21.2,108,5.4
2006,10,45,30.1,20.3,87,5.3
2006,11,17,29,17.3,55,5.4
2006,12,0,28.6,15.4,15,4.6
2007,1,1,27.5,14.9,8,4
2007,2,1,31.2,18.2,5,3.5
2007,3,0,34.7,21.1,4,2.9
2007,4,13,37.7,25.3,15,3
2007,5,9,38.8,26.4,11,2.5
2007,6,137,33.8,23.5,131,2.4
2007,7,252,29.3,22.4,125,2.5
2007,8,230,27.7,21.5,110,2.6
2007,9,136,28.4,21.3,106,2.5
2007,10,1,29.6,19.9,84,1.9
2007,11,9,28.9,17.1,24,1.2
2007,12,0,28.6,15.4,8,-1.3
2008,1,0,26.9,14.4,5,-1.5
2008,2,1,29.1,16.2,4,-1.4
2008,3,22,35,21.4,23,-0.8
2008,4,0,37.5,25,2,-0.9
2008,5,1,38.4,26,2,-1.3
2008,6,99,34.6,24.3,95,-1.9
2008,7,168,29.6,22.7,137,-2.7
2008,8,159,27.6,21.4,119,-3.4
2008,9,203,27.6,20.5,105,-1.9
2008,10,15,30.2,20.5,82,-1.8
2008,11,6,29.7,17.9,30,-2
2008,12,7,29.3,16.2,17,-2
2009,1,0,29.2,16.6,6,-2.1
2009,2,0,32.7,19.8,4,-2
2009,3,9,35.8,22.2,11,-1.8
2009,4,0,38.3,25.9,2,-1.8
2009,5,43,39.2,26.8,43,-0.6
2009,6,119,36.5,26.2,115,-1.2
2009,7,241,29.1,22.2,125,-0.8
2009,8,149,28.7,22.6,124,-1.6
2009,9,76,29.9,22.8,107,-2.2
2009,10,69,29.9,20.2,97,-1.5
2009,11,143,28.2,16.4,104,3.4
2009,12,24,28.5,15.4,63,5
2010,1,14,26.7,14.2,33,5.5
2010,2,1,31.7,18.8,11,5.1
2010,3,18,36,22.4,23,5.1
2010,4,1,38.6,26.1,4,4.5
2010,5,2,40.4,28,4,3.6
2010,6,148,34.9,24.6,142,3.3
2010,7,268,29,22.2,120,3.7
2010,8,325,27.8,21.6,108,4.9
2010,9,148,28.7,21.6,115,4.7
2010,10,53,30.6,20.8,92,4.8
2010,11,70,30.4,18.6,81,6.3
2010,12,2,26.9,13.8,34,6.3
2011,1,0,25.7,13.1,12,5.6
2011,2,4,30.7,17.7,10,5.1
2011,3,3,34.6,21,7,4.5
2011,4,22,36.8,24.3,24,4.9
2011,5,6,38.8,26.4,8,4.2
2011,6,180,34.4,24,172,4.3
2011,7,202,28.8,21.9,124,3.6
2011,8,208,27.6,21.4,107,2.9
2011,9,161,28.3,21.2,115,3.1
2011,10,18,31.3,21.6,84,2.8
2011,11,0,29.9,18.1,25,2
2011,12,1,28.5,15.4,11,1.3
2012,1,4,26.5,13.9,10,1.1
2012,2,0,30.6,17.6,4,0.8
2012,3,0,34.1,20.5,3,-1.2
2012,4,1,38.1,25.7,3,-1.3
2012,5,9,39.2,26.9,10,-1.3
2012,6,104,35.2,24.8,100,-1.9
2012,7,241,29.1,22.2,127,-1.6
2012,8,176,28.4,22.3,124,-2
2012,9,184,28.6,21.5,111,-0.8
2012,10,41,30.4,20.7,89,1.2
2012,11,4,28.6,16.9,42,1.3
2012,12,0,28.8,15.6,13,0.7
2013,1,13,26.8,14.3,20,0.9
2013,2,6,31.1,18.2,10,0.9
2013,3,7,34.1,20.5,10,0.8
2013,4,9,37.2,24.7,11,0.9
2013,5,3,39.7,27.3,4,-0.4
2013,6,312,33,22.6,161,3.1
2013,7,305,28.7,21.9,123,5.3
2013,8,181,27.7,21.6,113,4.6
2013,9,125,28.9,21.8,111,4.1
2013,10,72,30.1,20.4,96,4.7
2013,11,2,28.2,16.4,60,5
2013,12,5,27.7,14.5,19,4.2
2014,1,6,32.3,19.7,13,3.8
2014,2,12,29.4,16.5,16,3.9
2014,3,31,32.7,19.1,33,4.4
2014,4,6,36.9,24.4,8,4.1
2014,5,17,38.5,26.1,18,3.8
2014,6,25,37.2,26.9,25,0.9
2014,7,278,30.4,23.6,147,1.3
2014,8,140,29.3,23.1,121,-2.4
2014,9,146,28.8,21.7,119,-1.9
2014,10,10,31.4,21.7,82,-1.9
2014,11,12,29.9,18.2,33,-2.1
2014,12,11,27.2,14.1,20,-2
2015,1,30,25.4,12.9,34,-0.9
2015,2,2,31,18.1,6,-0.9
2015,3,47,33.1,19.5,47,2.2
2015,4,16,35.7,23.3,17,2.6
2015,5,7,39.7,27.3,8,2.1
2015,6,200,34.7,24.3,174,2.9
2015,7,156,31.7,24.9,152,1.4
2015,8,241,29.7,23.6,129,0.7
2015,9,138,29.1,22,124,0.6
2015,10,13,32,22.2,82,-1.4
2015,11,11,30.9,19.1,33,-1.6
2015,12,0,29.1,15.9,10,-2
2016,1,0,26.7,14,6,-2
2016,2,1,30.9,18.9,4,-1.9
2016,3,12,34.3,22,14,-1.9
2016,4,0,36.6,25.5,2,-1.8
2016,5,21,38.2,26.4,22,-1.6
2016,6,155,33.8,24.3,149,-1.9
2016,7,332,26.7,21.9,98,-1.8
2016,8,195,27.1,21.4,109,-2.9
2016,9,101,26.5,21.3,98,-1
2016,10,65,26.7,19.6,94,2.2
2016,11,0,26.4,14.5,52,2.4
2016,12,0,26.5,12.5,14,1.6
2017,1,0,25.8,13,7,1.2
2017,2,0,30.5,17.2,5,0.9
2017,3,1,33.7,20.6,4,-1.1
2017,4,0,36.8,23.9,2,-1.2
2017,5,7,38.2,26.7,9,-1.3
2017,6,181,32,23.3,163,-0.8
2017,7,184,27.6,22.2,122,-3
2017,8,196,28.3,21.7,116,-3.8
2017,9,119,28,21.6,111,-3
2017,10,40,28.3,20.4,88,-2.5
2017,11,10,27,16.1,47,-2.8
2017,12,2,26.9,14.6,15,-3.1
2018,1,0,26.8,13.9,7,-3
2018,2,2,29.4,18.6,6,-2.4
2018,3,7,33.5,22.1,10,-2
2018,4,10,36.6,24.7,11,-1
2018,5,4,39.5,27.5,6,-1
2018,6,238,33.3,23.6,179,-1
2018,7,249,26.9,21.8,116,-1
2018,8,174,26.7,21.3,108,-0.7
2018,9,70,27.9,20.7,99,-1.3
2018,10,6,30.7,20.7,58,-1.4
2018,11,6,28.5,17.6,19,-1.9
2018,12,1,26.2,13.5,8,-2.2
2019,1,0,26.3,13.7,5,-2.3
2019,2,0,31.2,18.2,3,-2.2
2019,3,0,35.8,22.2,2,-2.4
2019,4,5,39.3,26.9,7,-2.1
2019,5,0,40.6,28.2,2,-2.4
2019,6,193,37,26.7,184,-1.6
2019,7,248,29.9,23.1,126,-1.1
2019,8,181,28.2,22.1,112,-1.3
2019,9,244,28.4,21.3,88,2.5
2019,10,171,29.5,19.8,97,5
2019,11,26,29.2,17.4,71,5.9
2019,12,11,27.8,14.6,48,6.5
