Product: Historical Climate - TerraClimate(http://www.climatologylab.org/terraclimate.html) 
Location (Lat/Lon of 4-km Grid Cell Center): 18.3958 North,76.5625 East 
Data Source: NW Climate Toolbox(https://climatetoolbox.org/tool/point-data-download)
Download Date: 07/24/2020
Variable List: 
ppt: ppt (Precipitation)
tmax: tmax (Maximum Temperature)
tmin: tmin (Minimum Temperature)
aet: aet (Actual Evapotranspiration)
PDSI: pdsi (Palmer Drought Severity Index (PDSI))
********************************************************
Year,Month,ppt(mm),tmax(degC),tmin(degC),aet(mm),PDSI(unitless)
1958,1,0,30.3,14.9,4,0.6
1958,2,0,32.5,16.9,2,-0.2
1958,3,14,36.5,19.6,15,0.3
1958,4,39,38.4,23.9,38,1.2
1958,5,30,39.9,25.6,29,1.3
1958,6,70,35.9,24.6,67,-1.6
1958,7,327,29.2,21,139,1.1
1958,8,348,29.2,20.8,125,3.6
1958,9,84,28.9,20.5,112,2.3
1958,10,47,30.1,19.4,81,1.5
1958,11,47,30.1,16.2,55,1.4
1958,12,0,28.7,14.1,6,0.9
1959,1,0,29.4,15.8,4,0.6
1959,2,0,32.8,17.2,2,-1.6
1959,3,0,36.7,20,2,-1.8
1959,4,30,38.2,23.6,30,-1
1959,5,21,40.1,25.7,21,-1.1
1959,6,222,34.2,22.7,172,1.7
1959,7,245,29.3,20.3,137,2
1959,8,211,28.5,20.3,129,2.4
1959,9,280,29,20.3,126,2.9
1959,10,103,29.6,19.7,116,3.8
1959,11,14,29.4,15.5,62,4.4
1959,12,0,29.2,13.9,12,3.7
1960,1,0,29.5,14.5,6,3.3
1960,2,0,34.1,15.7,4,2.7
1960,3,22,34.8,19.6,23,3.1
1960,4,7,38.2,22.8,9,2.5
1960,5,57,39.5,24.6,55,3.3
1960,6,158,33.6,22.3,151,3.1
1960,7,181,30.1,21.5,125,2.2
1960,8,41,29.1,20.5,63,-2.3
1960,9,292,29.7,20.7,111,-1.7
1960,10,38,30.2,19,91,-1.5
1960,11,31,29.5,14.8,49,-1.2
1960,12,0,29.6,14.6,8,-1.3
1961,1,0,30.3,15,5,-1.2
1961,2,0,31.4,15.2,3,-1.2
1961,3,8,36.9,20.5,10,-1.1
1961,4,26,38.7,23.4,26,-0.6
1961,5,70,38.9,24.3,68,1.9
1961,6,203,33.7,21.7,167,2.8
1961,7,331,29,20.7,119,4.3
1961,8,150,29.2,20.4,131,3.6
1961,9,93,28.9,19.9,112,2.2
1961,10,167,29.2,18.5,115,4.2
1961,11,12,29.2,15.1,64,4.8
1961,12,1,28.5,12.9,22,4.9
1962,1,0,29,12,8,4.6
1962,2,2,33.4,15.3,7,4.2
1962,3,5,35.4,19,8,3.7
1962,4,49,37.2,22.7,48,4.6
1962,5,62,39.4,24.1,61,5.5
1962,6,112,34.5,23.1,108,4.1
1962,7,223,29.7,21,137,3.5
1962,8,244,29.2,20.4,121,4.1
1962,9,320,29.2,19.7,120,4.9
1962,10,38,31.1,17.8,98,4.3
1962,11,46,29.3,14.7,58,4.4
1962,12,37,27.6,13.9,42,5.2
1963,1,0,29.4,13.4,4,4.7
1963,2,7,33.2,15.3,10,4.4
1963,3,17,35.8,19.1,18,4.4
1963,4,34,36.9,21.8,34,4.6
1963,5,18,39.4,24.2,18,4
1963,6,270,33.8,21.5,184,5.5
1963,7,197,30.2,20.9,146,5.1
1963,8,359,28.7,19.7,127,7.3
1963,9,95,29.9,20.1,117,5.6
1963,10,77,30.2,19.1,103,5.3
1963,11,0,29.6,15.9,19,4.1
1963,12,0,29.1,13.6,8,3.4
1964,1,0,29.2,13.5,5,3
1964,2,2,33.1,15.5,5,2.6
1964,3,10,36.9,19.8,11,2.4
1964,4,7,38.9,23.9,8,1.7
1964,5,2,39.5,24.7,3,0.6
1964,6,114,34.5,22.1,109,-2.7
1964,7,322,30.1,20.4,129,-1.2
1964,8,140,28.8,19.6,130,-1.5
1964,9,364,29.2,19.7,108,2.3
1964,10,22,30.2,18.9,83,1.8
1964,11,10,28.5,14,24,1.1
1964,12,1,28.4,11.9,8,0.7
1965,1,0,29.6,14.3,5,0.6
1965,2,1,32.4,15.7,3,-1
1965,3,0,35.4,18.8,2,-1.3
1965,4,20,37.5,22.2,20,-1
1965,5,3,40,24.7,4,-1.7
1965,6,168,34.6,22.3,161,-1.4
1965,7,335,29.6,20.8,144,1.3
1965,8,174,29.7,20.4,126,1.2
1965,9,125,29.9,20.1,129,-0.9
1965,10,4,32.1,18.7,60,-1.8
1965,11,3,30.8,14.7,15,-2.8
1965,12,18,29.3,13.9,23,-2.4
1966,1,5,29.5,14,9,-2.1
1966,2,1,33.7,16.4,4,-2.1
1966,3,8,36,19.1,10,-2
1966,4,14,38.1,23.1,15,-1.9
1966,5,40,38.9,23.9,39,-1.4
1966,6,85,34.9,23.5,81,-2.7
1966,7,241,30.9,22,125,-2.4
1966,8,127,29.7,20.8,124,-2.7
1966,9,278,30.1,19.9,125,-1.7
1966,10,10,31.8,19,76,-2.2
1966,11,67,29.8,16.7,75,-1.8
1966,12,19,28.3,13.4,24,-1.4
1967,1,1,29.5,13.7,5,-1.4
1967,2,1,33.7,15.7,3,-1.4
1967,3,9,34.8,19.9,11,-1.2
1967,4,9,38.4,22.7,10,-1.4
1967,5,20,40.2,24.8,20,-1.4
1967,6,137,34.7,22.9,131,-1.5
1967,7,378,29.6,21.3,121,2
1967,8,94,28.9,20.5,113,0.9
1967,9,175,29.3,20.2,116,-1.2
1967,10,30,30.9,18.5,86,-1.2
1967,11,4,30.2,14.5,21,-1.6
1967,12,30,28.1,16,37,1
1968,1,2,27.9,13.5,6,1
1968,2,17,31.4,15.9,19,1.7
1968,3,26,35.3,18.5,26,2.3
1968,4,20,37.5,21.8,21,2.3
1968,5,8,39.3,24.1,8,1.6
1968,6,118,35,22.9,113,0.9
1968,7,242,30.2,21,131,0.8
1968,8,32,28.8,20.5,89,-2.2
1968,9,257,30.3,20.2,104,-1.8
1968,10,38,30.9,17.2,89,-1.6
1968,11,26,29.6,14.1,46,-1.3
1968,12,1,29,13.4,9,-1.4
1969,1,0,29.5,14.6,5,-1.2
1969,2,0,33.4,17.8,3,-1.2
1969,3,2,37.1,21.2,4,-1.3
1969,4,6,39.4,23.9,8,-1.6
1969,5,14,39.9,25.2,14,-1.8
1969,6,138,35.2,23.1,132,-1.8
1969,7,252,30,20.7,136,-1.5
1969,8,130,29.5,20.1,120,-1.8
1969,9,292,28.4,20,115,-0.6
1969,10,25,30.6,19.6,90,-0.8
1969,11,37,30.1,16.5,48,-0.6
1969,12,0,28.2,13.1,7,-0.8
1970,1,1,29.7,14.2,5,-0.7
1970,2,0,32.8,17.3,3,-0.8
1970,3,0,35.8,20,2,-1
1970,4,20,38.2,24.1,20,-0.7
1970,5,33,39.8,25.3,33,0.3
1970,6,225,32.7,21.3,155,2.1
1970,7,181,30.1,21.4,125,1.9
1970,8,341,28.7,20.1,114,4.4
1970,9,250,29.1,20.2,112,4.5
1970,10,24,30.4,18.9,85,3.8
1970,11,0,29.2,13.2,14,2.7
1970,12,0,28.3,10.2,7,2.3
1971,1,0,28.8,13.8,4,2.1
1971,2,0,32.4,16.8,3,1.7
1971,3,1,35,19.1,3,1.2
1971,4,2,38.3,24.1,4,0.6
1971,5,31,38.3,24,31,0.8
1971,6,101,33,21.7,97,-1.9
1971,7,43,31,22.3,42,-4.2
1971,8,210,29.5,20.9,127,-3.9
1971,9,155,30,20.7,121,-4.3
1971,10,88,28.9,18,104,-2.8
1971,11,0,27.5,13.9,47,-1.9
1971,12,0,27.6,12.5,12,-2
1972,1,0,29.7,12.5,6,-1.9
1972,2,1,30.9,16,5,-1.8
1972,3,0,36.7,20.1,3,-1.9
1972,4,9,38.1,22.8,10,-1.9
1972,5,11,39.7,24.5,12,-2.1
1972,6,107,35.7,23.9,103,-2.7
1972,7,66,30.5,21.6,63,-4.5
1972,8,70,29.8,20.9,67,-5.9
1972,9,113,30.7,20.4,108,-6.2
1972,10,7,31.9,21,7,-7.9
1972,11,46,29.4,15.8,44,-7.1
1972,12,0,31.5,16.4,1,-7
1973,1,0,30.9,16,0,-6.6
1973,2,1,34,18.4,1,-6.2
1973,3,1,36.7,20.8,1,-6
1973,4,15,39.9,25.4,15,-5.5
1973,5,4,40.4,26.6,4,-5.8
1973,6,128,34.5,23.2,122,-5.8
1973,7,194,29.7,20.7,143,-5.8
1973,8,343,29,19.9,121,-3.1
1973,9,142,28.6,20.6,125,-3.5
1973,10,123,29.2,18.3,119,-1.5
1973,11,1,28.1,14.5,66,3.3
1973,12,0,28.6,13.5,12,2.7
1974,1,0,29.4,12.8,6,2.5
1974,2,0,32.7,16.1,4,2.1
1974,3,5,36.9,20.1,7,1.7
1974,4,18,38.5,23.9,19,1.6
1974,5,38,38.8,24.1,38,1.8
1974,6,152,34.2,22.7,145,1.4
1974,7,135,30.4,22.1,130,-1.2
1974,8,143,29.3,20.2,123,-1.8
1974,9,180,30.6,20.6,125,-2.1
1974,10,140,29.1,19.7,121,-0.6
1974,11,0,28.5,12.8,43,1.7
1974,12,0,27.3,12.3,11,1.3
1975,1,2,28.6,12.6,8,1.3
1975,2,6,32.2,15.8,10,1.3
1975,3,11,35.4,19.2,13,1.3
1975,4,1,38.6,23.8,3,0.6
1975,5,15,39.6,25.1,16,-0.3
1975,6,119,33.4,22.1,115,-1.4
1975,7,329,29.6,20.9,134,1.2
1975,8,213,28.9,20.4,128,1.7
1975,9,366,29.1,19.8,115,3.3
1975,10,132,29.3,20.1,112,4.8
1975,11,2,27.5,13.4,66,5.1
1975,12,0,27.9,10.6,13,4.8
1976,1,0,28.6,12.8,7,4.4
1976,2,0,32.3,15.7,4,3.9
1976,3,7,37,19.2,9,3.5
1976,4,25,37.4,23,26,3.4
1976,5,11,39,24.5,12,2.6
1976,6,152,33.5,22.2,145,2.4
1976,7,248,29.8,20.9,126,2.3
1976,8,215,29.2,20.2,122,2.9
1976,9,85,29.4,20,98,1.6
1976,10,4,31.7,19.4,55,0.7
1976,11,32,30.1,17.7,42,-1.8
1976,12,0,28.9,14.8,6,-2.1
1977,1,0,28.6,14.2,4,-2
1977,2,5,32.6,17.1,7,-1.8
1977,3,18,37.2,21.3,19,-1.2
1977,4,14,37.4,24.2,15,-1.1
1977,5,21,38.5,24.8,21,-1.2
1977,6,142,34.5,22.8,136,-1.4
1977,7,180,30,21.4,131,-1.9
1977,8,125,28.9,20.6,121,-2.4
1977,9,102,29.3,20.5,108,-3
1977,10,60,31.3,19,67,-3.9
1977,11,86,29.3,18.5,87,-2.7
1977,12,1,28,13.6,5,-2.7
1978,1,2,28.6,14.3,5,-2.4
1978,2,18,31.2,16.7,19,-1.4
1978,3,11,34.4,19.6,12,-1.2
1978,4,23,37.7,23.8,23,-0.8
1978,5,48,40,25.8,47,1.9
1978,6,234,33.4,22,167,3.3
1978,7,273,29.2,20.7,131,4.1
1978,8,153,28.3,20.4,127,3.5
1978,9,134,29.4,20.9,130,2.3
1978,10,56,30.9,19.6,104,2.3
1978,11,45,29.9,17.9,63,2.6
1978,12,4,28.2,14.8,12,2.4
1979,1,0,29.4,16.6,5,2.2
1979,2,12,31.4,16.2,15,2.4
1979,3,10,35.4,19.2,12,2.3
1979,4,5,38.2,23.7,7,1.7
1979,5,38,39.1,24,38,2.1
1979,6,152,35.3,24.1,145,1.7
1979,7,214,30.5,22.4,148,1.1
1979,8,116,29,20.8,125,-1.4
1979,9,264,30.4,21,120,-1.1
1979,10,14,30.5,21.2,80,-1.5
1979,11,85,29.2,18.9,89,0.9
1979,12,0,28.5,15.4,8,-0.3
1980,1,0,28.9,16.5,4,-0.1
1980,2,0,33,18.1,3,-0.6
1980,3,9,35.5,21.3,11,0.1
1980,4,25,38.7,25.2,25,0.4
1980,5,4,40.8,26,5,-0.7
1980,6,197,33.7,21.3,168,1
1980,7,117,29.6,21.7,118,-1
1980,8,260,28.7,20.4,121,0.6
1980,9,135,30,21,127,-0.8
1980,10,2,31,20.6,68,-1.5
1980,11,4,30,17.2,16,-2.5
1980,12,19,28.3,13.9,24,-1.9
1981,1,5,28.1,14.5,9,-1.6
1981,2,0,33,17.1,3,-1.6
1981,3,21,35.4,19.8,22,-0.9
1981,4,6,38.1,23.9,8,-1.1
1981,5,27,39.5,25.3,27,-0.9
1981,6,190,34.4,23.5,181,0.6
1981,7,139,29.7,21.5,132,-1.1
1981,8,164,28.7,20.5,138,-1.6
1981,9,404,30,20.7,108,1.6
1981,10,51,30.5,19.9,96,1.7
1981,11,9,28.4,15,33,1.3
1981,12,7,28.1,14.2,15,1.2
1982,1,0,28.7,16.7,5,1.1
1982,2,0,31.6,18,3,0.8
1982,3,1,35.2,19.7,3,-0.3
1982,4,42,36.8,23.4,42,1
1982,5,39,38.7,24.5,38,1.5
1982,6,97,34.5,23.6,93,-0.9
1982,7,310,30.6,22.2,146,0.7
1982,8,58,29.3,21.1,109,-1.4
1982,9,242,30,20.9,123,-1.3
1982,10,31,31.2,20.1,89,-1.3
1982,11,48,28.3,17.8,62,-0.8
1982,12,0,29,15.3,7,-1
1983,1,0,29.1,14.5,5,-0.9
1983,2,0,31.2,17.3,3,-1
1983,3,2,34.8,21,4,-1.2
1983,4,1,37.4,23,3,-1.6
1983,5,14,39.6,25.6,15,-1.8
1983,6,137,35.5,24.6,131,-1.9
1983,7,252,31.1,22.2,134,-1.6
1983,8,281,29.1,21.2,120,1.9
1983,9,418,29.2,20.7,103,4.1
1983,10,103,29,19.5,113,4.9
1983,11,1,28.1,13.6,53,5.2
1983,12,20,27.7,13.7,30,5
1984,1,1,29,15.3,7,4.5
1984,2,12,31.4,16.7,15,4.5
1984,3,2,36.5,20.4,4,3.7
1984,4,1,38.1,24,3,2.8
1984,5,1,40.3,26.5,2,1.7
1984,6,62,34,22.6,60,-3
1984,7,268,29.7,21.3,134,-2.3
1984,8,79,28.7,20.4,115,-3.2
1984,9,139,29.3,20.6,129,-3.6
1984,10,88,29.8,20,102,-2.9
1984,11,4,28.9,14.4,24,-3
1984,12,1,29.9,13.7,9,-2.9
1985,1,1,30.2,15.5,6,-2.5
1985,2,0,32.5,16.6,3,-2.4
1985,3,7,37.3,21,9,-2.2
1985,4,14,38.1,23.8,15,-2
1985,5,13,39.8,25.7,14,-2.2
1985,6,155,33.4,22.3,148,-2
1985,7,202,29.9,21.2,140,-2.2
1985,8,109,29.3,20.4,118,-2.9
1985,9,67,30.6,21.2,80,-3.9
1985,10,83,29.5,18.2,86,-4.1
1985,11,18,29.7,14.3,21,-4.4
1985,12,3,29.7,14.3,5,-4.3
1986,1,1,29.2,14.7,3,-4
1986,2,8,31.9,17.2,9,-3.4
1986,3,2,36.4,20.5,3,-3.4
1986,4,17,38.4,23.8,17,-2.9
1986,5,8,39.8,25.5,8,-3.3
1986,6,213,34.4,22.2,181,-1.9
1986,7,175,30.3,21.3,143,-2.2
1986,8,181,29.2,20,135,-2.3
1986,9,80,31,21.3,106,-3.1
1986,10,13,32,19.8,38,-4.2
1986,11,28,30.5,16.3,36,-4.1
1986,12,18,29.6,13.7,22,-3.4
1987,1,4,29.8,15.4,7,-3
1987,2,4,32.4,16.6,6,-2.7
1987,3,11,35.7,19.9,12,-2.3
1987,4,3,38.8,23.9,4,-2.5
1987,5,35,39.6,24.1,34,-1.8
1987,6,124,35.5,23.2,118,-2.1
1987,7,138,31.4,21.5,132,-3.1
1987,8,215,30.2,20.9,137,-2.9
1987,9,101,31.3,21.7,117,-3.6
1987,10,77,30.9,19.6,95,-3.6
1987,11,38,29.8,16.8,45,-3.4
1987,12,19,28.8,14.2,23,-2.6
1988,1,0,30.3,15.9,3,-2.5
1988,2,10,33.3,18.1,12,-1.9
1988,3,0,35.6,20.7,2,-2
1988,4,29,38.1,24.2,29,-1.2
1988,5,13,40.5,26.4,14,-1.5
1988,6,142,34.8,23.3,136,-1.5
1988,7,325,30.5,20.6,139,1.1
1988,8,177,29.9,20.7,124,1.2
1988,9,482,30.3,20.5,102,4.1
1988,10,38,30.4,18.5,102,3.5
1988,11,4,29.3,14.9,16,2.3
1988,12,8,28.9,13.4,14,2.1
1989,1,1,29.9,14,5,1.9
1989,2,0,32.9,15.5,3,1.5
1989,3,26,34.7,19.7,27,2.2
1989,4,10,38.2,23.1,11,1.8
1989,5,14,40,25.3,14,1.3
1989,6,187,33.6,22.1,171,1.9
1989,7,282,30.1,21,127,2.6
1989,8,146,28.7,20.1,120,2.1
1989,9,196,29.7,20.4,115,1.9
1989,10,29,30.8,18.7,94,1.4
1989,11,2,29.9,16,14,-1.3
1989,12,5,28.6,13.6,11,-1.3
1990,1,0,31.4,14,4,-1.2
1990,2,1,32.4,16.9,4,-1.2
1990,3,6,34.5,19.8,8,-1.2
1990,4,2,38.1,23.7,4,-1.5
1990,5,88,37.6,23.6,84,2.2
1990,6,199,32.5,21.6,158,3.1
1990,7,205,29.5,21,140,2.6
1990,8,224,29.1,20.4,123,3.2
1990,9,107,29.6,20.5,116,2
1990,10,90,29.8,19.3,106,2.7
1990,11,22,29.4,16.6,57,3.1
1990,12,2,28.9,14.8,13,2.6
1991,1,0,29.7,13.8,6,2.3
1991,2,1,33.1,17.2,4,1.9
1991,3,1,36.3,20.4,3,1.4
1991,4,28,37.7,23.7,28,1.8
1991,5,11,40.1,26.1,12,1.2
1991,6,224,33.6,22.6,159,2.6
1991,7,175,29.8,21.3,133,2.2
1991,8,146,29.2,20.1,137,1.5
1991,9,125,30.5,21.2,128,-1.5
1991,10,10,31.3,19,62,-2.2
1991,11,18,29.5,15.6,29,-2.6
1991,12,1,28.5,13.1,7,-2.8
1992,1,0,29.6,13.6,4,-2.7
1992,2,0,31.2,16.4,3,-2.7
1992,3,0,36.5,20.1,2,-2.8
1992,4,4,37.7,23.6,5,-2.8
1992,5,33,39.4,25.6,32,-2.3
1992,6,126,34.9,24.1,121,-2.3
1992,7,125,31.3,22.3,119,-3.5
1992,8,266,28.7,20.3,129,-2.7
1992,9,226,29.9,20.3,130,-2.3
1992,10,38,30.2,19.8,92,-2.1
1992,11,16,29.7,15.8,34,-2.1
1992,12,0,28.8,12.8,8,-2.2
1993,1,0,30.2,14.5,5,-2
1993,2,1,32.6,15.4,4,-1.9
1993,3,8,35,19.7,9,-1.7
1993,4,4,37.7,23.4,5,-1.9
1993,5,7,39.9,26,8,-2.2
1993,6,140,35,24.5,134,-2.1
1993,7,224,30,21.7,133,-2.1
1993,8,141,29.4,20.7,131,-2.4
1993,9,217,29.2,20.6,120,-2.1
1993,10,123,30,20.3,114,1.7
1993,11,3,28.9,16.4,69,2.4
1993,12,16,28,12.7,27,2.8
1994,1,3,29.9,14.9,9,2.7
1994,2,3,31.9,16.5,7,2.5
1994,3,0,37.1,20.5,3,1.9
1994,4,43,37.1,23,42,2.8
1994,5,13,40,25.8,13,2.1
1994,6,182,33.1,22.5,170,2.6
1994,7,286,28.9,20.6,140,3.1
1994,8,197,28.6,20.3,135,3.1
1994,9,158,29.3,20,129,2.2
1994,10,108,30.9,19.3,115,3.3
1994,11,21,29,15.2,72,4.2
1994,12,0,28.7,12,13,3.9
1995,1,4,28.1,12.6,10,3.8
1995,2,0,32.2,16.9,4,3.3
1995,3,17,35.2,19.8,19,3.5
1995,4,14,38.1,22.4,15,3.2
1995,5,25,38.6,24.3,26,3
1995,6,128,36.1,24.4,123,2.1
1995,7,284,30.2,21.5,140,2.4
1995,8,121,30.5,21.2,130,1.4
1995,9,260,30,20.8,122,1.7
1995,10,106,30.7,19.5,111,2.9
1995,11,13,30.1,14.9,70,3.7
1995,12,0,30.5,14,12,3.3
1996,1,1,30.3,16.1,7,3.1
1996,2,0,33.5,17.4,4,2.7
1996,3,3,37.1,21.1,6,2.3
1996,4,17,37.7,23.2,18,2.2
1996,5,9,40,25.7,10,1.4
1996,6,107,35.3,23.3,103,0.6
1996,7,226,30.5,21.6,135,-1.2
1996,8,202,29,20.3,125,-0.8
1996,9,239,29.8,20.5,116,0.4
1996,10,125,29.6,18.6,121,2.3
1996,11,31,29.7,14.9,82,3.6
1996,12,0,29,13.2,19,3.8
1997,1,3,28.6,13.2,11,3.7
1997,2,0,32.1,14.9,5,3.3
1997,3,3,36.6,19.6,6,2.8
1997,4,32,36.2,21.8,33,3.3
1997,5,7,39.1,24.5,9,2.4
1997,6,132,34.2,22.9,127,1.9
1997,7,185,30.3,21.8,140,1.1
1997,8,224,29.5,20.8,141,1
1997,9,98,29.9,20.6,113,-1.9
1997,10,43,31.2,19,87,-1.9
1997,11,56,30.2,18.3,65,-1.1
1997,12,27,28.3,16,32,1.3
1998,1,0,29.9,15.8,4,1.1
1998,2,1,32.7,16.7,3,0.9
1998,3,4,36.1,19.7,5,0.6
1998,4,2,38.6,24.6,4,-0.4
1998,5,14,40.7,26.5,14,-1
1998,6,95,35.6,24.5,91,-1.8
1998,7,233,30.8,22.2,140,-1.8
1998,8,224,30.2,21.3,129,-1
1998,9,252,29.7,21,114,1.1
1998,10,90,30.2,20.2,106,2
1998,11,45,29.2,16.4,78,3.5
1998,12,0,28.4,13.1,19,3.6
1999,1,0,28.9,13.5,8,3.4
1999,2,6,33.2,17.8,10,3.3
1999,3,0,36.7,20.6,3,2.7
1999,4,2,38.4,24.7,4,1.9
1999,5,59,38.5,24.4,58,2.9
1999,6,118,32.9,22.2,113,2.3
1999,7,173,29.9,21.4,134,1.4
1999,8,102,29.3,20.6,108,-1.8
1999,9,220,29.1,20.1,118,-2.1
1999,10,95,30.6,19,113,-0.8
1999,11,0,29.9,15.2,46,1.4
1999,12,0,29.4,12.6,11,0.8
2000,1,0,30.3,14.9,6,0.6
2000,2,1,31.8,16.4,5,-0.1
2000,3,0,36.1,18.7,3,-0.9
2000,4,5,38.6,25.1,7,-1.2
2000,5,31,37.9,23.9,31,-0.8
2000,6,245,33.2,21.8,149,2.2
2000,7,166,29.2,21.1,131,2
2000,8,260,29.6,20.9,124,3.1
2000,9,122,30.4,20.6,123,2
2000,10,21,31.1,20.6,79,1.4
2000,11,4,31,15.5,16,-2
2000,12,4,28.6,13.5,10,-2
2001,1,2,30.1,15.2,6,-1.8
2001,2,0,33.6,18,3,-1.8
2001,3,14,36.3,20.4,16,-1.3
2001,4,14,37.7,23.4,15,-1.2
2001,5,8,39.9,25.6,9,-1.7
2001,6,192,33.9,22.5,181,-0.8
2001,7,91,30.7,22,88,-2.5
2001,8,170,29.2,20.5,133,-2.7
2001,9,100,30.6,21.4,103,-3.2
2001,10,75,30.2,19.2,79,-3.4
2001,11,8,30.2,16.6,12,-4
2001,12,0,29.1,14,3,-4.1
2002,1,2,29,14,4,-3.7
2002,2,1,33.6,18,2,-3.6
2002,3,5,36.8,20.9,6,-3.4
2002,4,6,39.1,24.8,7,-3.3
2002,5,27,39.9,25.6,26,-3
2002,6,219,33.7,22.3,166,-1.3
2002,7,60,31.3,22.7,76,-3.1
2002,8,200,29.3,20.6,132,-3
2002,9,99,30.7,21.4,115,-3.6
2002,10,50,31.2,20.2,79,-4
2002,11,2,29.7,16.1,12,-4.6
2002,12,0,30.3,15.3,5,-4.5
2003,1,0,30.6,15.6,3,-4.1
2003,2,6,34.4,18.8,9,-3.6
2003,3,6,36.7,20.8,7,-3.3
2003,4,10,38.8,24.5,11,-3.1
2003,5,3,40.9,26.5,4,-3.6
2003,6,143,35.9,24.6,137,-3.4
2003,7,197,30.3,21.7,131,-3.5
2003,8,126,29.9,21.2,127,-3.9
2003,9,98,30.8,21.6,110,-4.5
2003,10,58,31.6,20.6,68,-4.9
2003,11,1,30.5,16.9,7,-5.4
2003,12,1,29.3,14.2,5,-5.2
2004,1,1,30.1,15.2,3,-4.8
2004,2,0,32.9,17.3,2,-4.5
2004,3,6,37.9,22,7,-4.1
2004,4,16,39.2,24.9,17,-3.7
2004,5,42,38.1,23.8,41,-2.7
2004,6,145,34.1,22.8,139,-2.5
2004,7,177,30.7,22,135,-2.9
2004,8,188,30.1,21.4,149,-3
2004,9,125,29.6,20.3,113,-3.5
2004,10,38,29.8,18.8,76,-3.4
2004,11,17,30,16.4,27,-3.5
2004,12,0,28.9,13.8,6,-3.4
2005,1,2,29.9,15,6,-3
2005,2,2,32.7,17.1,5,-2.7
2005,3,12,35.9,20,13,-2.2
2005,4,26,37.7,23.4,26,-1.5
2005,5,11,40.2,25.9,12,-1.8
2005,6,184,36.5,25.2,175,-1.2
2005,7,357,30,21.3,133,2.1
2005,8,184,28.8,20.1,125,2.2
2005,9,370,29.5,20.2,116,3.7
2005,10,93,29.9,18.9,110,4.4
2005,11,0,27.9,14.3,47,4.5
2005,12,0,28.1,13.1,11,3.6
2006,1,0,29,14,6,3.1
2006,2,0,32.8,17.2,4,2.6
2006,3,25,34.7,18.8,27,3.1
2006,4,18,38,23.8,19,3
2006,5,70,38.7,24.4,68,4.1
2006,6,139,34,22.7,133,3.7
2006,7,298,30.1,21.4,149,3.8
2006,8,314,29.7,21,141,5.4
2006,9,278,29.8,20.6,117,5.6
2006,10,50,30.2,19.3,90,5.3
2006,11,42,30,16.4,65,5.6
2006,12,0,29.4,14.3,11,5.1
2007,1,0,29.9,14.9,6,4.7
2007,2,0,32.4,16.8,4,4.1
2007,3,0,36.4,20.5,3,3.4
2007,4,22,38.2,23.9,23,3.3
2007,5,6,39.8,25.5,7,2.4
2007,6,196,33.9,22.5,159,3.2
2007,7,217,31,22.3,136,2.9
2007,8,234,29.8,21.2,129,3.6
2007,9,298,29.8,20.5,111,4.3
2007,10,8,30.8,19.8,74,3.2
2007,11,23,29.4,15.9,34,2.3
2007,12,0,30.1,15,6,1.7
2008,1,0,29.6,14.6,4,1.4
2008,2,14,32,16.4,16,1.7
2008,3,16,35.2,19.3,17,2
2008,4,8,37.9,23.6,10,1.6
2008,5,7,39.5,25.2,8,0.8
2008,6,100,35.2,23.9,96,-1.9
2008,7,146,31.4,22.7,140,-2.8
2008,8,289,29.5,20.9,130,-1.8
2008,9,324,29.3,20.1,111,2
2008,10,26,30.4,19.4,86,1.6
2008,11,26,30,16.4,41,1.3
2008,12,7,30,14.9,14,1.2
2009,1,0,30.5,15.6,4,1
2009,2,0,34.1,18.5,3,0.7
2009,3,5,36.4,20.5,7,0.6
2009,4,7,39.2,25,8,-0.3
2009,5,32,40.6,26.2,32,0.3
2009,6,129,36.3,25,124,-0.8
2009,7,199,30.6,22,140,-1.2
2009,8,239,30.5,21.8,134,-0.6
2009,9,188,30.8,21.5,121,-0.7
2009,10,79,30.7,19.7,107,0.8
2009,11,97,30.2,16.6,101,3.3
2009,12,4,29.9,14.8,34,4.6
2010,1,2,29.4,14.5,12,4.4
2010,2,1,33.7,18.1,6,3.9
2010,3,7,37.6,21.7,10,3.5
2010,4,3,39.8,25.5,5,2.7
2010,5,5,41.5,27.1,6,1.8
2010,6,229,34.9,23.5,175,3.1
2010,7,321,29.9,21.2,123,4.6
2010,8,259,29.6,21,119,5.6
2010,9,303,30,20.8,114,6.1
2010,10,83,31.1,20.2,104,6.3
2010,11,71,31.5,17.9,83,7.8
2010,12,9,28.6,13.5,38,8.7
2011,1,0,28.6,13.7,10,8
2011,2,6,32.2,16.6,11,7.4
2011,3,1,36.1,20.3,5,6.4
2011,4,37,36.9,22.6,38,6.7
2011,5,8,39.3,25,9,5.5
2011,6,182,34.4,23.1,174,5.4
2011,7,222,30.2,21.5,135,4.7
2011,8,205,29.6,20.9,120,4.6
2011,9,238,30.4,21.2,126,4.4
2011,10,58,31.3,20.3,100,4.4
2011,11,5,30.4,16.8,32,3.6
2011,12,0,29.7,14.7,10,3
2012,1,0,29.9,15,6,2.7
2012,2,0,32.9,17.3,3,2.2
2012,3,0,35.8,20,2,1.7
2012,4,10,39,24.7,11,1.4
2012,5,5,40.6,26.2,6,-1.5
2012,6,120,35.8,24.5,115,-1.9
2012,7,225,30.4,21.8,140,-1.9
2012,8,177,30.1,21.4,146,-2.1
2012,9,212,30.5,21.3,123,-1.8
2012,10,63,30.4,19.4,99,-1.1
2012,11,24,30.1,16.5,53,0.5
2012,12,0,30.7,15.6,10,-0.2
2013,1,1,30.8,15.9,6,0.6
2013,2,5,33,17.4,8,0.7
2013,3,3,36.3,20.5,5,-0.2
2013,4,27,38.5,24.2,27,0.5
2013,5,5,40.9,26.6,6,-0.7
2013,6,291,33.5,22.2,163,2.6
2013,7,263,29.7,21,132,3.9
2013,8,125,29.6,21,129,2.8
2013,9,246,30.2,20.9,115,3
2013,10,95,30.6,19.6,107,3.8
2013,11,10,29.4,15.8,60,4.3
2013,12,1,28.7,13.6,13,3.7
2014,1,0,33.9,19,6,3.3
2014,2,4,31.7,16.1,8,3
2014,3,21,34.2,18.4,23,3.4
2014,4,11,37.6,23.4,13,3
2014,5,24,39.1,24.8,24,2.8
2014,6,61,37,25.7,59,0.6
2014,7,266,30.8,22.2,147,0.7
2014,8,192,30.4,21.8,127,1
2014,9,170,30.2,21,127,-1.3
2014,10,27,31.5,20.5,92,-1.4
2014,11,34,30.2,16.6,45,-1.4
2014,12,7,28.8,13.8,13,-1.3
2015,1,2,28.4,13.4,6,-1.1
2015,2,1,32.6,17.1,3,-1.1
2015,3,24,35.3,19.4,25,0.8
2015,4,45,36.2,22,44,1.9
2015,5,20,39.9,25.6,20,1.7
2015,6,217,35.1,23.7,172,2.7
2015,7,81,32.7,24,92,0.6
2015,8,119,31.6,22.9,120,-2.8
2015,9,199,30.7,21.5,126,-3
2015,10,37,32,21,83,-3.3
2015,11,23,31.7,18.1,33,-3.5
2015,12,0,31.7,16.6,6,-3.5
2016,1,1,30.5,15.7,4,-3.3
2016,2,1,34.2,19.7,3,-3.1
2016,3,10,36,21.8,12,-3
2016,4,7,38,25.2,8,-3.1
2016,5,44,39.5,25.5,43,-2.8
2016,6,164,34.3,23.5,156,-1.5
2016,7,282,27.5,21.2,106,2.4
2016,8,162,28.6,20.5,125,0.9
2016,9,280,28,20.6,104,2.3
2016,10,63,27.6,18.8,96,2
2016,11,9,27.8,13.4,42,1.2
2016,12,2,28.3,12.2,12,0.8
2017,1,0,28.8,13.7,6,0.7
2017,2,1,32.8,16.9,4,-0.2
2017,3,3,35.1,19.2,5,-1
2017,4,6,38.2,23,7,-1.5
2017,5,21,38.9,25.5,21,-1.8
2017,6,193,31.8,22.3,150,-1.3
2017,7,199,29.2,21.6,133,-3.4
2017,8,186,29.1,20.6,119,-4.1
2017,9,215,29.4,20.9,112,-4.1
2017,10,87,28.2,19.2,102,-2.9
2017,11,9,28,15.2,57,-2.2
2017,12,2,28,13.1,14,-2.4
2018,1,0,28.9,14.2,6,-2.1
2018,2,2,30.8,16.7,5,-1.8
2018,3,6,35.1,20.6,9,-1.6
2018,4,19,36.3,23.8,20,2.2
2018,5,17,39.3,26.3,17,2.5
2018,6,193,32,21.9,152,4.3
2018,7,205,27.8,21.2,122,5.5
2018,8,142,27.8,20.3,120,5.6
2018,9,131,29.1,19.9,117,4.5
2018,10,34,30.6,19.1,87,3.9
2018,11,9,29.1,16.3,28,3.3
2018,12,3,27.8,13.5,11,2.8
2019,1,0,28.2,13.2,5,-0.9
2019,2,0,32.6,17,3,-0.9
2019,3,1,37,21.2,3,-1.1
2019,4,7,39.8,25.5,8,-1.2
2019,5,0,42.4,28.1,2,-1.9
2019,6,118,37,25.7,113,-2.1
2019,7,293,31,22.3,130,-1.1
2019,8,206,30.2,21.6,127,1.3
2019,9,258,30.1,20.8,104,1.9
2019,10,187,30.3,19.3,101,4.6
2019,11,20,30.6,17,68,5.3
2019,12,6,29.9,14.9,29,5.8
