Product: Historical Climate - TerraClimate(http://www.climatologylab.org/terraclimate.html) 
Location (Lat/Lon of 4-km Grid Cell Center): 16.6875 North,74.2292 East 
Data Source: NW Climate Toolbox(https://climatetoolbox.org/tool/point-data-download)
Download Date: 07/25/2020
Variable List: 
ppt: ppt (Precipitation)
tmax: tmax (Maximum Temperature)
tmin: tmin (Minimum Temperature)
aet: aet (Actual Evapotranspiration)
PDSI: pdsi (Palmer Drought Severity Index (PDSI))
********************************************************
Year,Month,ppt(mm),tmax(degC),tmin(degC),aet(mm),PDSI(unitless)
1958,1,0,31.4,15.5,6,0.7
1958,2,0,32.7,16.5,4,-0.1
1958,3,37,36,18.3,38,1
1958,4,54,36.7,21.5,53,1.4
1958,5,102,35.3,22.7,98,1.7
1958,6,71,30.7,23.1,68,0.8
1958,7,739,25.7,21.1,102,2.1
1958,8,241,26.1,21,106,2.2
1958,9,60,27.3,20.3,89,1.2
1958,10,81,29.6,20.1,99,-1.2
1958,11,27,31,17.5,56,-1.7
1958,12,0,29.9,15.4,11,-2.2
1959,1,0,30.3,16.1,6,-2.2
1959,2,0,32.9,16.7,4,-2.1
1959,3,1,36.2,18.7,3,-2.2
1959,4,34,36.6,21.3,34,-2
1959,5,106,35.7,23,102,-1.3
1959,6,201,29.5,21.7,127,1.7
1959,7,619,25.6,20.3,99,2.7
1959,8,166,25.5,20.6,91,2
1959,9,162,27.4,20.1,103,2.4
1959,10,54,29,20.3,92,1.6
1959,11,68,30.3,16.8,87,1.8
1959,12,0,30.6,15.2,24,1.4
1960,1,0,30.7,15.2,10,1.2
1960,2,0,34.6,15.5,6,1
1960,3,14,34.6,18.6,17,1
1960,4,20,36.7,20.6,22,0.6
1960,5,169,35,21.9,157,1.9
1960,6,69,29.1,21.5,69,1.3
1960,7,505,26.5,21.6,107,1.4
1960,8,144,25.9,20.6,95,0.6
1960,9,167,27.9,20.3,99,1.2
1960,10,38,29.8,19.8,83,-0.7
1960,11,36,30.7,16.3,69,-1
1960,12,1,30.6,15.6,13,-1.4
1961,1,0,31.1,15.3,6,-1.4
1961,2,0,31.7,14.8,4,-1.4
1961,3,2,36.1,18.9,5,-1.5
1961,4,36,36.7,20.8,36,-1.3
1961,5,329,34.3,21.4,158,3.4
1961,6,71,29,20.7,103,3.6
1961,7,971,25.2,20.6,95,6
1961,8,206,26.2,20.7,96,5.4
1961,9,100,27.4,19.8,96,4.7
1961,10,128,28.8,19.3,105,4.6
1961,11,10,30.4,16.7,72,4
1961,12,0,30,14.5,24,3.3
1962,1,0,30.3,12.8,10,2.9
1962,2,1,34,15.2,7,2.6
1962,3,3,35,17.7,7,2.2
1962,4,21,35.9,20.7,23,1.7
1962,5,100,35.1,21.5,97,1.9
1962,6,42,29.8,22,41,0.7
1962,7,576,26.1,21,100,1.3
1962,8,226,25.9,20.4,92,1.5
1962,9,101,27.8,19.6,101,1
1962,10,100,31.1,19,113,0.8
1962,11,46,30.3,16,78,1.2
1962,12,123,28.8,15.1,99,3.6
1963,1,0,31.1,14.6,43,5.2
1963,2,4,33.7,15.1,16,5
1963,3,12,35.7,18.1,18,4.7
1963,4,19,35.7,19.9,23,3.9
1963,5,68,35.2,21.7,68,3.4
1963,6,112,29.4,20.8,109,3.1
1963,7,546,26.6,21,109,3.3
1963,8,334,25.6,19.9,97,4.5
1963,9,44,28.1,19.7,88,3
1963,10,214,29.7,19.8,110,3.7
1963,11,8,30.3,17,72,3.1
1963,12,0,30.3,14.8,23,2.5
1964,1,0,29.6,13.4,9,2.1
1964,2,0,33,14.7,5,1.8
1964,3,26,36,18,28,2.1
1964,4,25,36.9,21.2,26,1.6
1964,5,11,35,22,12,-1.3
1964,6,64,29.9,21.1,63,-1.9
1964,7,493,26.5,20.5,111,-1.5
1964,8,417,25.7,19.8,92,2.8
1964,9,212,27.4,19.2,101,3.9
1964,10,215,29.4,19.3,107,5.1
1964,11,43,29.5,15.3,82,5
1964,12,11,29.4,12.9,51,5
1965,1,0,30.5,14.7,12,4.3
1965,2,0,32.6,15.2,7,3.7
1965,3,1,34.9,17.5,5,3.1
1965,4,57,36.1,20.1,57,3.3
1965,5,50,35,21.4,50,2.6
1965,6,67,29.8,21.2,65,1.7
1965,7,795,26,20.9,105,3.1
1965,8,173,26.6,20.6,107,2.3
1965,9,80,28.4,20,100,1.4
1965,10,36,31.7,19.5,86,-2
1965,11,5,31.9,16.2,21,-3.3
1965,12,106,30.4,15.1,106,-1.7
1966,1,0,30.6,14.6,5,-1.7
1966,2,3,33.8,15.9,6,-1.6
1966,3,10,35.6,17.8,12,-1.4
1966,4,6,36.3,20.6,7,-2
1966,5,207,34.4,21.2,186,1.7
1966,6,76,29.9,22.2,77,1.2
1966,7,474,26.9,21.6,106,1.2
1966,8,64,26.7,21.1,87,-1.6
1966,9,145,28.5,19.7,114,-1.4
1966,10,73,31.4,19.8,104,-1.6
1966,11,228,30.2,17.4,120,3.2
1966,12,38,29.5,14.6,83,4.6
1967,1,0,30.3,14,35,5.5
1967,2,3,33.8,15,14,5.2
1967,3,2,34.7,18.9,8,4.5
1967,4,47,37,20.7,49,4.4
1967,5,34,35.8,22.2,35,3.3
1967,6,167,30,22,137,3.7
1967,7,560,25.9,21.2,102,4
1967,8,184,25.9,20.8,96,3.3
1967,9,140,27.7,19.9,106,3.2
1967,10,112,30.4,19.2,112,3
1967,11,9,30.8,15.5,76,2.5
1967,12,27,29,16.8,43,2.4
1968,1,0,29,14.1,8,2
1968,2,6,31.5,15.3,11,2.1
1968,3,14,35.4,17.7,16,2
1968,4,61,36.2,19.9,61,2.5
1968,5,49,34.9,21.5,48,1.8
1968,6,103,30.2,21.8,100,1.5
1968,7,363,26.4,20.9,107,0.9
1968,8,125,26,21,100,-1.8
1968,9,89,28.7,19.9,99,-2.1
1968,10,116,30.7,18.2,113,-1.7
1968,11,29,30.8,15.6,77,-1.4
1968,12,3,30,14.5,23,-1.6
1969,1,0,30,14.5,9,-1.5
1969,2,3,32.8,16.2,8,-1.2
1969,3,13,36.1,19.3,16,-1
1969,4,27,37.5,21.4,28,-1
1969,5,25,35.8,22.9,26,-1.7
1969,6,69,30.2,21.8,67,-2.1
1969,7,534,26.6,21,108,-1.5
1969,8,362,26.6,20.5,107,2.2
1969,9,124,26.9,19.9,107,1.9
1969,10,72,30.1,20,100,1.4
1969,11,32,30.9,17.5,66,1.3
1969,12,7,30.2,15.3,27,0.9
1970,1,0,30.5,14.5,9,0.7
1970,2,0,32.5,16.4,5,0.6
1970,3,0,34.9,18.3,3,-0.3
1970,4,32,36.3,21.6,33,-0.7
1970,5,136,35,22.3,131,0.8
1970,6,88,28.8,21,85,-0.3
1970,7,451,26.5,21.4,107,0
1970,8,284,25.7,20.4,94,1.3
1970,9,91,27.4,19.8,96,0.8
1970,10,181,30,19.7,115,1.7
1970,11,0,30.6,14.9,74,1.2
1970,12,0,29.6,11.5,17,0.6
1971,1,0,29.6,14.1,8,-0.1
1971,2,0,32.1,15.5,5,-0.8
1971,3,0,35.1,18.3,4,-1
1971,4,24,36.8,21.6,25,-1.2
1971,5,110,34.6,21.8,106,-0.6
1971,6,164,28.4,20.4,130,1.1
1971,7,246,26.4,21.3,110,-0.7
1971,8,184,26.1,20.7,101,-1
1971,9,125,28.1,20.2,108,-0.9
1971,10,65,29,18.9,96,-1.2
1971,11,1,28.8,15.5,47,-1.7
1971,12,0,28.6,13.7,13,-2.2
1972,1,0,30.8,13,7,-2.3
1972,2,2,30.9,15.3,6,-2.1
1972,3,3,35.8,18.4,5,-2.1
1972,4,31,36.4,20.5,31,-2
1972,5,58,35,21.6,57,-2
1972,6,62,30.9,22.7,61,-2.7
1972,7,345,26.7,21.5,109,-2.9
1972,8,59,26.7,21.1,90,-4.1
1972,9,85,29.1,20.2,103,-4.5
1972,10,28,31,20.9,56,-5.5
1972,11,39,29.9,16.5,48,-5.8
1972,12,0,30.6,15.7,6,-5.9
1973,1,0,29.9,14.4,4,-5.6
1973,2,0,33.1,16.6,3,-5.2
1973,3,1,35.5,18.7,3,-5
1973,4,18,37.8,22.7,18,-5
1973,5,51,35.4,23.4,50,-4.9
1973,6,95,29.8,22.2,91,-4.7
1973,7,480,26.3,20.9,109,-4.1
1973,8,184,25.8,20,97,-3.9
1973,9,83,26.8,20.2,97,-4.1
1973,10,192,29.8,19.7,115,-2.6
1973,11,10,29.5,16.1,77,-2.5
1973,12,1,29.5,14.6,21,-2.7
1974,1,0,30.6,13.5,9,-2.6
1974,2,0,32.7,15.5,5,-2.4
1974,3,33,36.2,18.6,34,-1.3
1974,4,67,36.9,21.7,66,1.5
1974,5,127,34.6,21.6,123,2
1974,6,107,29.5,21.7,104,1.6
1974,7,287,26.3,21.6,102,0.7
1974,8,191,26.3,20.5,99,-0.2
1974,9,192,28.7,20.1,109,1
1974,10,172,28.5,20.3,114,1.8
1974,11,0,29.6,14.2,72,1.3
1974,12,0,28.5,13.6,18,0.7
1975,1,0,29.9,13.4,8,-0.1
1975,2,3,32.5,15.4,8,0.1
1975,3,1,34.7,17.7,4,-0.9
1975,4,15,36.8,21.4,17,-1.3
1975,5,125,34.7,21.9,121,0.6
1975,6,214,28.8,21.2,140,1.9
1975,7,416,26,20.9,105,1.9
1975,8,183,25.8,20.6,99,1.4
1975,9,230,27.5,19.5,109,2.8
1975,10,229,28.5,20.5,105,4.2
1975,11,34,28.7,15,79,4.1
1975,12,0,29.3,12,35,3.8
1976,1,0,29.7,13.4,12,3.3
1976,2,0,32.4,15.1,6,2.9
1976,3,12,36.6,17.9,16,2.7
1976,4,42,35.5,20.4,43,2.6
1976,5,15,34.4,21.7,17,1.5
1976,6,176,29.1,21.4,132,2.2
1976,7,361,26.3,21,109,1.8
1976,8,231,26.2,20.5,100,1.9
1976,9,85,28,20,95,1.2
1976,10,17,31.3,20.2,71,-1.4
1976,11,93,30.5,18.5,97,-1
1976,12,5,29.9,15.7,19,-1.4
1977,1,0,29.6,14.6,7,-1.4
1977,2,0,32.6,16.4,5,-1.4
1977,3,34,36.6,19.8,36,0.9
1977,4,49,35.9,22.1,49,1.1
1977,5,83,34.4,22.4,81,1
1977,6,181,29.8,21.8,133,1.8
1977,7,450,26.1,21.2,107,1.9
1977,8,130,26.2,21.2,105,0.7
1977,9,101,27.7,20.3,106,-1.3
1977,10,148,31,19.9,125,-0.7
1977,11,142,29.9,19.4,110,2.6
1977,12,7,29.1,14.8,70,3.3
1978,1,0,29.7,14.9,23,3.6
1978,2,5,31.3,16.2,14,3.6
1978,3,0,33.8,18.2,6,3
1978,4,71,35.9,21.4,71,3.7
1978,5,142,35.1,22.6,138,4.2
1978,6,119,28.6,21,115,3.9
1978,7,274,25.5,20.6,100,2.8
1978,8,238,25.5,20.9,103,2.8
1978,9,144,27.5,20.3,114,2.7
1978,10,70,30.3,20.2,99,2.1
1978,11,63,30.3,18.6,83,2.4
1978,12,2,29.5,16.2,30,2.2
1979,1,0,30.2,16.9,11,1.9
1979,2,4,31.5,15.6,10,1.8
1979,3,1,34.9,17.8,5,1.4
1979,4,8,36.3,21.3,10,0.6
1979,5,30,35.1,21.8,30,-1.4
1979,6,95,30.2,22.8,92,-1.7
1979,7,276,26.5,22.1,113,-2.3
1979,8,325,25.8,20.9,108,-0.7
1979,9,183,28.5,20.5,112,2
1979,10,40,29.7,21.6,89,1.1
1979,11,88,29.5,19.5,94,1.5
1979,12,0,29.5,16.4,25,1.2
1980,1,0,29.4,16.5,10,1
1980,2,0,32.8,17.3,6,0.9
1980,3,12,34.6,19.5,15,0.9
1980,4,73,36.7,22.6,72,1.8
1980,5,31,36.1,23,31,0.9
1980,6,166,29.4,20.6,117,1.7
1980,7,419,26,21.8,106,1.7
1980,8,268,25.7,20.7,94,2.3
1980,9,103,28.2,20.6,107,1.7
1980,10,44,30.2,21,93,0.8
1980,11,38,30.6,18.1,62,-1.6
1980,12,22,29.1,14.8,31,-1.6
1981,1,0,29.2,15.1,6,-1.7
1981,2,0,32.9,16.3,4,-1.6
1981,3,7,35,18.5,9,-1.6
1981,4,48,36,21.2,48,-1.1
1981,5,37,34.9,22.5,37,-1.5
1981,6,149,29.2,22.1,125,-0.8
1981,7,452,26.1,21.6,111,-0.6
1981,8,205,25.6,20.7,101,-0.6
1981,9,249,28.5,20.5,110,2.2
1981,10,47,30,20.6,92,1.4
1981,11,15,29.2,16.3,50,-1.4
1981,12,0,29.2,15.4,12,-1.9
1982,1,0,29.2,16.6,6,-1.9
1982,2,0,31.6,17.3,4,-1.9
1982,3,0,34.5,18.1,3,-2
1982,4,28,35.1,21.1,29,-1.9
1982,5,111,34.9,22.4,108,-1.2
1982,6,108,29.6,22.4,104,-1.3
1982,7,279,26.7,21.9,111,-1.9
1982,8,210,26.2,21.3,98,-1.7
1982,9,96,28.2,20.4,107,-2
1982,10,88,30.8,20.9,100,-2
1982,11,60,28.9,18.7,87,-1.3
1982,12,0,29.7,16,24,-1.4
1983,1,0,30,14.9,10,-1.3
1983,2,0,30.7,16.2,6,-1.3
1983,3,0,33.7,19.1,4,-1.5
1983,4,0,35.5,20.5,3,-2.2
1983,5,10,35.2,23,11,-2.9
1983,6,224,30.6,23.4,144,-1.2
1983,7,402,27.2,21.9,105,-0.9
1983,8,226,25.9,21.3,94,1.6
1983,9,144,27.5,20.3,96,1.8
1983,10,49,28.6,20.3,92,1.1
1983,11,23,29.1,14.9,59,-1.1
1983,12,21,29.1,15.1,32,-1.2
1984,1,0,29.4,15.2,6,-1.3
1984,2,11,32.1,16.7,15,-0.8
1984,3,43,36.4,19.4,43,1.5
1984,4,55,36.4,21.7,54,1.9
1984,5,9,35.5,23.5,10,0.7
1984,6,52,29.3,21.5,51,-1.7
1984,7,518,25.8,21,111,-1.3
1984,8,142,25.7,20.7,108,-2
1984,9,111,27.5,20.2,112,-2.1
1984,10,157,29.1,20.5,110,-1.1
1984,11,6,29.9,15.8,80,-1.3
1984,12,3,30.6,14.4,19,-1.6
1985,1,0,30.7,15.5,8,-1.6
1985,2,0,32.6,15.9,5,-1.5
1985,3,0,36.5,19.4,4,-1.7
1985,4,26,36.1,21.3,27,-1.7
1985,5,114,35.1,22.8,110,-1.1
1985,6,48,28.7,21.3,47,-1.9
1985,7,254,26.2,21.2,112,-2.6
1985,8,181,26.2,20.6,107,-2.7
1985,9,55,28.7,20.7,98,-3.5
1985,10,188,29.1,19,123,-2.6
1985,11,34,30.4,15.4,88,-2.1
1985,12,0,30.5,15.2,29,-2
1986,1,0,30.4,15.3,11,-1.9
1986,2,0,31.9,16.5,6,-1.8
1986,3,7,35.6,18.9,10,-1.7
1986,4,13,36.8,21.6,15,-2
1986,5,30,35.3,22.7,30,-2.5
1986,6,141,30,21.4,134,-1.9
1986,7,162,26.8,21.4,118,-2.5
1986,8,159,26,20.1,113,-3.4
1986,9,43,29,20.6,84,-4.3
1986,10,64,31.2,20.2,75,-5.2
1986,11,77,30.8,17,80,-4.8
1986,12,20,30.3,14.4,24,-4.7
1987,1,0,30.8,15.9,3,-4.5
1987,2,3,32.7,16.2,5,-4
1987,3,4,35.3,18.6,6,-3.8
1987,4,5,36.9,21.4,6,-4.2
1987,5,145,35.7,22,139,-2.8
1987,6,48,30.5,21.9,46,-3.6
1987,7,239,27.8,21.6,122,-4.1
1987,8,199,27.2,21.2,111,-4.1
1987,9,101,29.4,21.2,114,-4.2
1987,10,134,30.4,20.3,121,-3.5
1987,11,18,30.6,17.9,72,-3.1
1987,12,76,30.2,15.7,89,-1.6
1988,1,0,30.9,15.9,12,-1.3
1988,2,0,33.1,17.3,6,-1.2
1988,3,0,34.5,18.8,4,-1.4
1988,4,64,36.3,21.8,64,1.5
1988,5,10,35.6,23.3,11,-1
1988,6,150,30,22.2,140,0.8
1988,7,393,26.9,20.6,107,-0.2
1988,8,220,26.7,20.8,103,0.6
1988,9,271,28.6,20.2,103,2.7
1988,10,94,30.1,19.3,115,2.3
1988,11,0,30.1,16.2,54,1.4
1988,12,10,30,14.6,23,0.7
1989,1,0,30.8,14.4,7,-1.4
1989,2,0,33.1,15,4,-1.5
1989,3,29,34.5,18.6,31,-0.7
1989,4,48,36.4,20.7,48,0.3
1989,5,27,35.2,22.2,28,-0.7
1989,6,143,29,21.1,122,0.5
1989,7,350,26.5,21,108,-0.3
1989,8,147,25.7,20.4,103,-1.2
1989,9,149,28.1,20.1,106,-0.7
1989,10,33,30.2,19.3,90,-1.4
1989,11,2,30.5,17,29,-2.7
1989,12,1,29.8,14.9,12,-3
1990,1,0,32.3,14.4,6,-3
1990,2,1,32.6,16.4,4,-2.8
1990,3,0,33.9,18.4,3,-2.9
1990,4,15,36,21,17,-3.1
1990,5,63,34.2,21.9,61,-2.8
1990,6,70,28.6,21.4,68,-3.1
1990,7,363,26.1,21.1,110,-3.2
1990,8,199,25.8,20.4,96,-2.9
1990,9,72,27.9,20.2,100,-3.4
1990,10,143,29.6,20.3,120,-2.8
1990,11,44,29.9,17.4,83,-2.3
1990,12,0,29.9,15.8,27,-2.2
1991,1,0,30.5,14.1,10,-2.1
1991,2,0,32.7,16.2,6,-1.9
1991,3,1,35.3,18.5,5,-2
1991,4,78,36.2,21.6,77,-0.7
1991,5,51,35.4,23.1,51,-1
1991,6,211,29.4,22,133,1.9
1991,7,312,25.8,21,100,1.5
1991,8,167,26.1,20.3,105,0.8
1991,9,98,28.6,20.7,111,-1.2
1991,10,6,30.5,19.4,66,-2.3
1991,11,12,30.5,17,25,-3.6
1991,12,2,29.5,14,9,-4
1992,1,0,30.5,13.9,4,-4
1992,2,0,31.3,15.7,3,-3.8
1992,3,0,35.5,18.3,2,-3.8
1992,4,11,35.7,20.9,12,-3.9
1992,5,64,34.9,22.8,62,-3.7
1992,6,83,29.9,22.8,80,-3.8
1992,7,325,27.2,21.7,121,-4
1992,8,273,25.7,20.6,101,-2.8
1992,9,174,28.4,20.2,123,-2
1992,10,104,29.5,20.3,109,-1.8
1992,11,66,30.7,17.2,96,-0.8
1992,12,0,29.9,14,38,1.9
1993,1,0,30.8,14.6,12,1.5
1993,2,0,33,15.1,6,1.3
1993,3,19,34.5,18.3,22,1.5
1993,4,10,35.7,20.8,12,0.8
1993,5,24,35.1,23,25,-1.2
1993,6,122,29.8,23.1,118,-1
1993,7,394,26.2,21.5,107,-1.1
1993,8,154,26.5,21.1,106,-1.8
1993,9,109,27.4,20.2,105,-1.8
1993,10,239,29.3,20.8,103,1.9
1993,11,10,30,17.8,81,1.5
1993,12,47,29.5,14.3,63,1.8
1994,1,0,30.8,15.3,8,1.5
1994,2,0,32,15.9,5,1.3
1994,3,0,36.5,19.1,3,0.9
1994,4,84,35.6,21,82,2
1994,5,36,35.3,22.8,36,1.2
1994,6,136,28.6,21.6,122,1.5
1994,7,638,25.5,20.8,111,2.3
1994,8,212,25.9,20.9,109,2
1994,9,92,27.8,19.9,108,1.2
1994,10,199,30.3,19.9,111,2.3
1994,11,4,30,16.5,79,1.7
1994,12,0,29.7,13,16,1
1995,1,0,29.4,13.5,8,0.7
1995,2,0,32.5,16.5,5,-0.1
1995,3,0,34.7,18.4,3,-1.1
1995,4,32,36.6,20.4,33,-1
1995,5,21,34.5,22,22,-1.6
1995,6,222,31,23.1,146,1.3
1995,7,370,26.4,21.3,107,1.2
1995,8,162,27.3,21.3,117,-0.8
1995,9,142,28.3,20.5,108,0.3
1995,10,181,30.1,20.1,107,1.4
1995,11,6,30.5,15.6,72,1
1995,12,0,31.2,14.7,21,-0.4
1996,1,0,30.6,15.9,9,-0.7
1996,2,0,33.4,16.7,6,-0.7
1996,3,0,36.4,19.6,4,-0.9
1996,4,9,36.2,21,11,-1.4
1996,5,149,35.3,22.8,144,0.9
1996,6,159,30.4,22.1,136,1.4
1996,7,273,26.7,21.4,109,0.6
1996,8,127,26.1,20.7,106,-1.7
1996,9,126,28.2,20.2,112,-1.5
1996,10,219,29,19.2,117,1.5
1996,11,3,30.2,15.7,75,1.1
1996,12,1,30.1,14.4,18,-0.5
1997,1,0,29.9,13.9,8,-0.9
1997,2,0,32.3,14.4,5,-0.9
1997,3,10,36.1,18.2,12,-0.8
1997,4,20,35,20,22,-0.9
1997,5,8,34.9,22.1,10,-1.8
1997,6,142,29.7,22.1,132,-1.2
1997,7,254,26.7,21.9,110,-1.9
1997,8,356,26.4,21,108,1.7
1997,9,47,28.5,20.6,94,-1.1
1997,10,67,31.1,20,88,-1.8
1997,11,60,30.6,19.1,72,-1.9
1997,12,79,29,16.7,82,-0.6
1998,1,0,30.8,16.1,6,-0.7
1998,2,0,32.9,16.2,4,-0.7
1998,3,0,35.6,18.4,3,-0.9
1998,4,0,37,22.4,2,-1.7
1998,5,179,36.2,23.8,171,1.4
1998,6,89,30.4,23,86,0.9
1998,7,388,27,22.1,110,-0.3
1998,8,236,27.2,21.6,108,0.7
1998,9,149,28,20.6,107,1
1998,10,113,29.3,20.5,110,1.1
1998,11,60,29.7,17.2,89,1.7
1998,12,3,29.8,14.5,48,2.1
1999,1,0,30.1,14.1,13,1.7
1999,2,0,33.4,17.3,7,1.4
1999,3,0,36.1,19.1,4,0.9
1999,4,0,36.1,21.8,3,-1.3
1999,5,122,33.8,21.5,118,0.7
1999,6,118,28.3,21.3,113,0.8
1999,7,312,26.1,21.2,106,-0.6
1999,8,77,26.4,21,95,-2
1999,9,87,27.8,20.2,98,-2.3
1999,10,237,30.2,19.8,116,-0.7
1999,11,3,30.5,16.2,77,-0.9
1999,12,0,30.5,13.8,16,-1.4
2000,1,0,31.3,15.3,8,-1.4
2000,2,0,31.9,15.8,5,-1.4
2000,3,0,35.4,17.2,3,-1.6
2000,4,18,36.2,22.1,20,-1.8
2000,5,111,33.8,21.5,108,-1.1
2000,6,148,29.1,21.3,116,1.1
2000,7,260,25.6,21.2,111,-0.7
2000,8,177,26.3,20.9,102,-1
2000,9,137,28.8,20.4,120,-0.9
2000,10,78,30.2,20.8,96,-1
2000,11,12,31.4,16.2,68,-1.2
2000,12,10,29.4,14.3,23,-1.6
2001,1,0,30.8,15.3,7,-1.7
2001,2,0,33,16.7,4,-1.7
2001,3,0,34.5,17.8,3,-1.8
2001,4,24,36.3,21.5,25,-1.8
2001,5,15,34.6,22,16,-2.5
2001,6,56,29.4,21.8,55,-3.1
2001,7,300,26.3,21.2,116,-3.5
2001,8,146,26.2,20.8,109,-4
2001,9,75,28.5,20.7,100,-4.3
2001,10,121,29.4,19.7,113,-3.8
2001,11,35,30.5,17.3,78,-3.3
2001,12,2,30,14.9,20,-3.4
2002,1,0,29.4,13.9,8,-3.1
2002,2,1,33.1,16.9,6,-2.8
2002,3,0,35.8,19.1,3,-2.8
2002,4,11,36.7,21.9,13,-3
2002,5,169,35.4,22.8,163,-1.5
2002,6,100,29.4,21.8,97,-1.4
2002,7,108,26.8,21.7,104,-2
2002,8,227,26.2,20.9,107,-2.7
2002,9,37,28.4,20.6,88,-3.6
2002,10,108,30.3,20.6,107,-3.7
2002,11,0,30.3,17.1,26,-4.6
2002,12,0,30.2,15.1,10,-4.8
2003,1,0,31.1,15.6,6,-4.6
2003,2,4,33.6,17.3,8,-4
2003,3,12,35.7,19.1,14,-3.5
2003,4,20,36.8,22,21,-3.5
2003,5,13,36,23.4,14,-4.1
2003,6,190,30.5,22.9,137,-2.7
2003,7,150,27.3,22.3,113,-3.3
2003,8,119,26.7,21.4,112,-4.2
2003,9,59,28.1,20.3,86,-4.7
2003,10,105,30.1,20.3,105,-4.7
2003,11,4,30.9,17.7,22,-5.5
2003,12,0,30.1,15,8,-5.6
2004,1,0,30.3,14.8,5,-5.3
2004,2,0,33.1,16.8,3,-4.9
2004,3,0,36.5,19.8,3,-4.7
2004,4,7,36.7,21.8,9,-4.8
2004,5,99,34.6,21.9,95,-4
2004,6,158,29.1,21.5,131,-3
2004,7,173,26.5,21.4,109,-3.5
2004,8,323,26,20.6,108,-2.2
2004,9,74,28.1,20.3,95,-2.6
2004,10,53,29.6,19.9,90,-3.1
2004,11,32,30.4,17.2,53,-3.6
2004,12,0,29.6,14.5,9,-4
2005,1,0,30.5,15.1,5,-3.8
2005,2,0,32.7,16.4,4,-3.5
2005,3,5,35.1,18.4,7,-3.3
2005,4,66,36.2,21.3,64,-2.2
2005,5,21,35.6,23,22,-2.7
2005,6,272,30.6,23,141,2.1
2005,7,425,26.8,21.7,111,2.3
2005,8,257,26.4,21,106,2.6
2005,9,306,28,20.2,107,5
2005,10,121,29.7,19.9,111,4.8
2005,11,2,29.2,16,76,3.9
2005,12,0,29.6,14.5,16,3
2006,1,0,30.6,15.1,8,2.5
2006,2,0,33.3,17,5,2.2
2006,3,59,34.8,18.1,60,3.7
2006,4,1,36.4,21.6,4,2.5
2006,5,111,34.9,22.3,108,2.8
2006,6,114,29.5,21.9,109,2.5
2006,7,492,26.3,21.2,110,2.4
2006,8,345,26,20.6,103,3.8
2006,9,160,28.5,20.6,109,3.9
2006,10,176,30.2,20.4,112,4.5
2006,11,44,30.6,17.4,81,4.5
2006,12,0,30,14.9,42,4.3
2007,1,0,31.1,15.6,12,3.7
2007,2,0,32.3,16.1,7,3.3
2007,3,0,35.6,18.9,4,2.6
2007,4,26,36.7,21.8,27,2.2
2007,5,26,35.3,22.7,27,1.3
2007,6,231,30,22.3,130,2.8
2007,7,447,27,21.9,112,3
2007,8,299,26.6,21.2,100,3.8
2007,9,231,28.1,20.3,104,5
2007,10,35,30.3,20.5,84,3.7
2007,11,65,29.9,16.7,84,3.4
2007,12,0,30.5,15.5,17,2.6
2008,1,0,30,14.5,8,2.2
2008,2,10,32,15.7,14,2.4
2008,3,0,34.8,18.1,3,1.9
2008,4,49,35.9,21.1,49,2.1
2008,5,15,34.6,22,16,1.1
2008,6,90,29.2,21.6,87,0.6
2008,7,245,26.8,21.7,117,-2
2008,8,287,26.5,21.1,110,-1
2008,9,207,28,20.2,101,2
2008,10,53,30.1,20.3,93,1.2
2008,11,12,30.4,17.2,50,-1.3
2008,12,34,30.4,15.3,44,-1.1
2009,1,0,30.8,15.4,6,-1.2
2009,2,0,33.4,17.1,4,-1.3
2009,3,10,35.6,19,12,-1.1
2009,4,8,37,22.1,9,-1.6
2009,5,30,35.5,22.9,30,-2
2009,6,156,29.9,22.3,134,-1.3
2009,7,469,26.3,21.2,97,-0.9
2009,8,190,26.9,21.5,111,-1.1
2009,9,185,28.6,20.8,102,1.2
2009,10,224,29.7,20,113,2.7
2009,11,168,30.4,17.2,109,5.1
2009,12,1,30.3,15.2,68,5.5
2010,1,0,30.3,14.9,21,5.4
2010,2,0,33,16.7,9,4.9
2010,3,0,36.1,19.4,5,4.2
2010,4,18,37.4,22.6,20,3.5
2010,5,6,36.7,24.1,8,2.1
2010,6,269,30.2,22.6,132,4
2010,7,321,26.7,21.6,99,3.7
2010,8,271,26.9,21.5,94,4.1
2010,9,274,28.4,20.6,106,5.9
2010,10,219,30,20.2,104,6.9
2010,11,123,31,17.8,98,8.1
2010,12,2,29.1,14,69,8.2
2011,1,0,29.7,14.2,21,7.8
2011,2,1,31.7,15.4,10,7.2
2011,3,0,35.5,18.8,5,6.2
2011,4,65,35.8,21,65,6.4
2011,5,33,34.9,22.3,34,5.2
2011,6,173,28.9,21.3,119,5.6
2011,7,405,26.4,21.3,102,5.1
2011,8,267,26.3,21,91,5.4
2011,9,190,27.9,20.1,107,5.8
2011,10,167,30.1,20.4,112,6.1
2011,11,10,30.4,17.2,81,5.3
2011,12,0,30.4,15.4,18,4.2
2012,1,0,29.8,14.3,8,3.7
2012,2,0,32.9,16.6,5,3.2
2012,3,0,35,18.3,3,2.6
2012,4,38,36.3,21.4,38,2.5
2012,5,14,34.9,22.3,16,1.3
2012,6,36,29.9,22.2,35,-2.4
2012,7,242,26.8,21.7,107,-3.1
2012,8,234,26.7,21.4,106,-2.5
2012,9,111,28.2,20.4,108,-2.5
2012,10,116,30,20.3,113,-2
2012,11,17,30.2,17,70,-1.8
2012,12,0,30.9,15.9,27,-1.8
2013,1,0,31,15.6,10,-1.7
2013,2,4,33.1,16.8,9,-1.4
2013,3,5,35.6,18.9,9,-1.3
2013,4,13,36.2,21.3,15,-1.7
2013,5,31,35.6,23,32,-2.2
2013,6,197,28.9,21.3,119,-0.6
2013,7,387,25.7,20.6,94,1.3
2013,8,125,26.2,20.8,103,-1.1
2013,9,193,28.2,20.4,104,1.2
2013,10,82,29.8,20.1,96,0.9
2013,11,9,29.9,16.7,68,0.6
2013,12,4,29.2,14.1,17,-0.6
2014,1,0,32.6,17.1,7,-1
2014,2,0,31.8,15.5,5,-1
2014,3,13,35,18.3,15,-0.8
2014,4,16,36.4,21.5,18,-1
2014,5,63,34.9,22.3,62,-1
2014,6,46,30.5,22.9,45,-2.1
2014,7,518,26.5,21.4,100,-1.5
2014,8,310,26.7,21.4,97,1.6
2014,9,101,28.4,20.5,106,1.1
2014,10,154,29.9,20.2,115,1.6
2014,11,44,29.8,16.6,87,1.9
2014,12,46,29.5,14.4,75,2.8
2015,1,0,29.6,14.2,15,2.8
2015,2,0,32.5,16.2,8,2.6
2015,3,41,34.8,18.1,44,3.5
2015,4,30,35.8,21,32,3.2
2015,5,84,35.5,22.9,83,3
2015,6,119,30.1,22.5,115,2.8
2015,7,199,27.5,22.4,122,1.7
2015,8,102,27,21.6,105,-2.1
2015,9,90,29.6,21.8,101,-2.7
2015,10,93,31.1,21.3,98,-3.1
2015,11,58,31.8,18.6,70,-3.2
2015,12,0,31.8,16.7,7,-3.6
2016,1,0,30.3,14.5,5,-3.5
2016,2,0,32.8,17.5,3,-3.3
2016,3,28,35,19.9,28,-3.1
2016,4,10,35.9,22,11,-3.5
2016,5,26,35.1,23.2,26,-3.6
2016,6,70,30,22.2,67,-2.5
2016,7,478,26.1,21.6,98,-2.2
2016,8,262,26.1,21,99,-1.9
2016,9,122,27.2,20.4,102,-1.2
2016,10,104,28.5,20.3,106,-1.6
2016,11,11,30,15.3,76,-2.5
2016,12,0,30.5,14.6,17,-2.9
2017,1,0,30.3,15.4,8,-2.8
2017,2,0,33,17.2,5,-2.7
2017,3,3,34.4,18.1,6,-2.8
2017,4,1,36,21.3,4,-3.3
2017,5,15,34,23.2,16,-3.3
2017,6,97,28.5,22,93,-2.7
2017,7,345,26.3,21.6,108,-2.7
2017,8,205,26.7,21,104,-3
2017,9,175,28.2,21.1,105,-1.6
2017,10,180,28.8,20.8,105,-0.7
2017,11,9,29.7,17,76,-0.9
2017,12,6,29.2,15,26,-1.2
2018,1,0,29.8,15.4,9,-1.1
2018,2,0,31.8,16.5,5,-1
2018,3,13,34,19.6,15,1.5
2018,4,13,34.9,21.9,15,6.7
2018,5,43,34.3,23.5,43,9.3
2018,6,104,28,21.6,100,10.7
2018,7,386,26.1,21.5,105,9.5
2018,8,140,25.5,20.9,98,8.3
2018,9,57,27.7,19.4,89,7
2018,10,47,29.8,20.8,78,6.8
2018,11,9,30,17.9,29,6.2
2018,12,8,28.9,14.6,16,6.4
2019,1,0,29.5,14.1,5,-3.6
2019,2,0,32.3,16,4,-3.3
2019,3,5,35.4,18.7,7,-3.2
2019,4,18,37.3,22.4,19,-3.2
2019,5,11,36.6,24,12,-3.9
2019,6,182,31.2,23.6,139,-2.6
2019,7,364,27.3,22.2,104,-2.5
2019,8,406,27.1,21.7,104,2.9
2019,9,273,28.5,20.7,100,4.8
2019,10,444,29.5,19.7,96,8.6
2019,11,15,30.5,17.3,73,7.6
2019,12,7,31.2,16.1,33,6.8
