Product: Historical Climate - TerraClimate(http://www.climatologylab.org/terraclimate.html) 
Location (Lat/Lon of 4-km Grid Cell Center): 20.1458 North,84.0208 East 
Data Source: NW Climate Toolbox(https://climatetoolbox.org/tool/point-data-download)
Download Date: 07/24/2020
Variable List: 
ppt: ppt (Precipitation)
tmax: tmax (Maximum Temperature)
tmin: tmin (Minimum Temperature)
aet: aet (Actual Evapotranspiration)
PDSI: pdsi (Palmer Drought Severity Index (PDSI))
********************************************************
Year,Month,ppt(mm),tmax(degC),tmin(degC),aet(mm),PDSI(unitless)
1958,1,23,26.9,12.3,58,0.6
1958,2,23,28.5,15.1,58,0.6
1958,3,11,33.5,17.9,65,-0.2
1958,4,53,35.5,22.9,76,0.7
1958,5,24,36.3,25.6,37,-0.8
1958,6,116,34.6,25.1,119,-1.9
1958,7,519,27.4,22,95,-1.3
1958,8,272,27.6,22.1,101,-1.4
1958,9,319,28.3,21.3,101,-0.6
1958,10,194,27.9,19.8,103,2
1958,11,50,26.2,14.9,79,2.7
1958,12,0,25.1,11.9,49,2.5
1959,1,25,25.8,12.3,57,2.6
1959,2,27,28.4,14.3,61,2.5
1959,3,0,32.5,18.3,61,1.9
1959,4,28,34.9,22.8,50,1.7
1959,5,55,36.2,25.2,66,1.4
1959,6,223,31.5,23.6,146,1.3
1959,7,426,26.8,21.9,99,1.5
1959,8,250,26.9,21.6,95,0.9
1959,9,205,27.4,21.5,91,-0.4
1959,10,161,27.1,20.4,94,0.9
1959,11,0,25.4,13.3,56,-0.3
1959,12,6,24.2,10.9,45,0
1960,1,1,25.8,11.4,43,-0.5
1960,2,0,29.5,13.7,43,-1.1
1960,3,26,31,17.6,65,-1.1
1960,4,8,35.7,22.3,27,-1.6
1960,5,48,35.6,25.2,57,-1.5
1960,6,231,32.3,23.9,141,-1.2
1960,7,466,26.7,22,95,0.7
1960,8,291,27.4,22.5,100,-0.1
1960,9,207,27.7,22.1,92,-0.5
1960,10,92,27.7,19.1,98,-0.6
1960,11,1,25.5,13.1,54,-0.8
1960,12,9,25.8,10.9,47,-0.7
1961,1,36,26,12.4,58,0.5
1961,2,83,26.2,14,85,2
1961,3,15,32.2,20.4,72,2.2
1961,4,7,35.5,22.9,41,1.6
1961,5,73,35.7,25,87,1.8
1961,6,244,30.8,22.9,144,1.9
1961,7,378,26.6,21.4,92,1.9
1961,8,369,27.3,22.1,95,2.3
1961,9,356,27.2,21.1,93,3.3
1961,10,144,27.4,18.8,101,3.5
1961,11,9,24.9,12.7,60,3.1
1961,12,1,23.7,9,46,2.7
1962,1,12,24.7,9.4,48,2.4
1962,2,21,27.6,13.5,53,2.1
1962,3,29,33,17,71,2
1962,4,50,34.2,22.1,72,2.2
1962,5,33,35.1,24.3,45,1.5
1962,6,161,31.3,23.4,142,0.8
1962,7,489,27.6,21.9,103,1
1962,8,206,27.2,21.7,99,-1.3
1962,9,341,28,21.5,99,1
1962,10,181,27.1,18.9,105,1.9
1962,11,3,25.7,12.7,58,1.5
1962,12,11,25,10.8,51,1.5
1963,1,0,25,9.7,42,1
1963,2,1,29.2,13.5,42,-0.6
1963,3,13,32.5,17.4,54,-1.2
1963,4,88,33.8,20.8,102,1.2
1963,5,79,34.8,23.9,87,1.5
1963,6,176,31.2,23.2,146,0.9
1963,7,305,27,22,106,-1.3
1963,8,330,27.4,21.8,97,-1.3
1963,9,274,28.6,21.6,101,-1
1963,10,230,28,19.6,102,1.9
1963,11,1,26.5,14.4,59,1.4
1963,12,0,25,11.5,45,1
1964,1,1,26.2,12.4,45,0.6
1964,2,32,28.8,15.3,58,0.6
1964,3,4,33.3,19.2,49,-1.1
1964,4,41,34.7,23.2,59,-0.9
1964,5,62,35.8,24.9,71,-0.8
1964,6,155,31.9,23.5,139,-1.4
1964,7,419,26.6,21.6,111,-1.5
1964,8,407,26.8,21.5,93,0.9
1964,9,326,27.8,21.5,96,1.7
1964,10,80,27.3,20.3,94,1.3
1964,11,7,25.1,14.1,59,1
1964,12,1,24.7,11.1,45,0.6
1965,1,13,25.8,12.3,48,-0.1
1965,2,6,28.4,14.2,45,-1.2
1965,3,34,31.9,17.1,67,-1.1
1965,4,33,33.8,22,49,-1
1965,5,29,35.8,25,39,-1.5
1965,6,87,33.1,24.5,90,-2.9
1965,7,521,27.5,22.1,105,-2.2
1965,8,272,27.6,22.2,112,-2.3
1965,9,236,28.1,21.6,102,-2.3
1965,10,53,28.2,19.7,89,-2.7
1965,11,1,26.7,14.1,55,-2.9
1965,12,16,24.5,12.5,51,-2.7
1966,1,112,25.2,12.2,88,2.1
1966,2,13,29.6,14.9,56,1.9
1966,3,1,33.1,18.4,59,1.2
1966,4,12,35.6,22.9,35,0.6
1966,5,27,36.9,25.5,39,-1.5
1966,6,219,32,23.7,144,-1.3
1966,7,333,28.5,22.5,102,-1.6
1966,8,240,27.9,22,100,-2
1966,9,239,28.3,21.5,105,-2
1966,10,62,28.1,19,91,-2.3
1966,11,48,26.6,15.3,73,-1.3
1966,12,6,24.2,10.7,47,-1.2
1967,1,50,24.9,12.7,68,1.5
1967,2,0,29.3,14.7,46,0.9
1967,3,102,30.2,17.9,112,2.6
1967,4,40,34.6,21.2,78,2.9
1967,5,7,36.1,24.9,25,1.7
1967,6,245,33,23.9,149,1.8
1967,7,436,27.8,22.2,108,2.1
1967,8,275,27,21.8,101,1.6
1967,9,244,27.8,21.8,103,1.3
1967,10,20,28,18.9,78,-1.4
1967,11,1,26.2,12.5,51,-1.9
1967,12,44,26,12.6,61,-1.1
1968,1,39,25.1,11.3,59,-0.6
1968,2,32,28.2,14.2,56,0.1
1968,3,34,31.8,17.9,73,1
1968,4,27,33.7,21.4,47,0.7
1968,5,18,36,24.4,29,-0.8
1968,6,293,31.1,23.7,144,0.8
1968,7,405,27.1,22.4,110,1.3
1968,8,105,27.9,22.2,106,-1.7
1968,9,297,28.6,21.8,103,-1.2
1968,10,200,27.3,18.9,103,1.6
1968,11,28,25.6,14.3,68,1.9
1968,12,2,25.5,11.5,49,1.7
1969,1,1,26,11.1,47,1.2
1969,2,0,29.4,15.4,44,-0.6
1969,3,22,33.3,20.1,62,-1.1
1969,4,5,35.7,23.2,25,-1.8
1969,5,95,34.9,23.4,102,-0.9
1969,6,136,32.1,24,133,-1.8
1969,7,529,26.9,21.9,98,-1.1
1969,8,259,27,21.8,103,-1.4
1969,9,253,27.7,21.6,99,-1.2
1969,10,57,27.7,19.2,91,-1.7
1969,11,40,26.6,14.6,68,-1
1969,12,25,24.5,10.8,54,0.5
1970,1,4,25.2,12.4,44,-0.2
1970,2,28,28.9,15.1,60,0.6
1970,3,102,31.4,19.5,114,2.3
1970,4,27,34.6,22.9,62,2.1
1970,5,102,36.2,25,115,2.8
1970,6,396,30.2,22,142,4.4
1970,7,331,27.3,21.7,106,4.8
1970,8,416,27.1,21.8,98,5.3
1970,9,132,27.5,21.9,100,3.4
1970,10,69,27.3,19.6,92,2.6
1970,11,3,25,13.2,59,2
1970,12,0,23.9,9.4,42,1.4
1971,1,7,24.6,12.4,44,0.9
1971,2,66,27.8,14.8,77,1.6
1971,3,11,31.6,16.9,54,1
1971,4,75,31.9,21.6,91,1.9
1971,5,94,33.2,22.8,101,2.4
1971,6,353,29,21.8,137,3.7
1971,7,252,26.5,21.7,109,3.1
1971,8,316,26.5,21.7,101,2.9
1971,9,242,28,21.5,103,2.4
1971,10,131,27,19.4,103,2.6
1971,11,0,24.2,12.7,59,2
1971,12,0,24,9.9,44,1.6
1972,1,0,24.8,10.5,41,1.1
1972,2,39,26.5,13.6,62,1.2
1972,3,0,32.1,18.8,48,-1
1972,4,22,34.7,22.4,42,-1.1
1972,5,14,36.8,25.5,25,-2
1972,6,124,34.3,24.6,125,-3
1972,7,314,28.4,22.5,119,-3.8
1972,8,272,27.6,22.1,113,-4.5
1972,9,350,29,21.2,106,-3
1972,10,83,28,18.4,99,-3
1972,11,19,26.1,13.7,66,-2.5
1972,12,1,26.5,11.4,46,-2.6
1973,1,0,27,12.3,42,-2.7
1973,2,0,29.6,15.6,41,-3.2
1973,3,42,32.3,18.2,71,-2.9
1973,4,14,36.1,24,29,-3.2
1973,5,63,36.1,25.5,70,-2.9
1973,6,122,32.2,23.6,122,-3.7
1973,7,409,27.3,22.1,105,-3.9
1973,8,333,27.3,21.8,99,-3.2
1973,9,150,27.7,22.1,100,-4
1973,10,177,27.1,19.8,101,-2.6
1973,11,8,24,14.6,61,-2.5
1973,12,33,23.5,11.8,59,-1.4
1974,1,0,24.7,10.9,45,-1.5
1974,2,6,28.7,13.6,49,-1.7
1974,3,70,32.3,19.7,95,-0.6
1974,4,8,34.4,23.8,38,-1.1
1974,5,34,35.2,24.6,49,-1.4
1974,6,201,32.4,23.5,155,-1.6
1974,7,245,27.5,22.5,107,-2.5
1974,8,301,27.5,22.1,100,-3
1974,9,228,28.4,21.7,100,-3
1974,10,150,27.7,19.8,102,-2
1974,11,13,25,14.3,65,-1.8
1974,12,0,23.6,9.7,46,-1.8
1975,1,2,24.6,10.8,43,-1.9
1975,2,15,28.2,14.7,50,-2
1975,3,12,32.8,18.6,54,-2.3
1975,4,12,35.7,22.8,31,-2.6
1975,5,50,37,25.3,59,-2.6
1975,6,396,31.3,23,150,-0.6
1975,7,301,26.7,21.7,111,2.1
1975,8,364,27.4,21.9,109,2.3
1975,9,284,27.3,21.1,99,2.4
1975,10,180,27.8,20.3,103,3.2
1975,11,17,24.3,13.4,67,3
1975,12,0,23.9,9.5,45,2.5
1976,1,0,24.6,10.5,44,1.9
1976,2,6,27.9,15,43,1.3
1976,3,13,32,19.4,54,0.8
1976,4,54,34.7,22.1,71,1
1976,5,58,35.4,24.3,66,0.8
1976,6,103,32.4,23.3,105,-1.8
1976,7,480,27.4,21.4,107,-1.6
1976,8,483,27.2,21.5,104,1.5
1976,9,192,28.2,21.2,99,0.7
1976,10,46,28.9,19.5,79,-1.2
1976,11,50,27.2,16.1,77,0.8
1976,12,2,25.7,11.3,45,-0.2
1977,1,3,25.4,11.3,43,-0.3
1977,2,0,28.7,14.4,42,-1.1
1977,3,0,33,19.9,35,-1.9
1977,4,54,33.6,22.6,68,-1.2
1977,5,95,34,23.3,101,1.1
1977,6,202,31.5,23.5,153,0.7
1977,7,418,27.1,22.2,107,0.6
1977,8,356,27.4,22,103,0.9
1977,9,287,28.1,21.6,110,1.1
1977,10,65,27.6,19.2,94,-0.5
1977,11,54,26.1,16.4,74,0.9
1977,12,6,23.8,11,47,0.9
1978,1,29,24.5,11,57,1.2
1978,2,32,27.1,14.3,61,1.3
1978,3,32,31.4,17.4,77,1.6
1978,4,43,34.4,22,69,1.8
1978,5,53,36.4,25.3,66,1.5
1978,6,228,31.6,23.5,149,1.4
1978,7,425,27.2,21.4,102,1.6
1978,8,337,26.7,21.5,97,1.8
1978,9,237,27.5,21.9,103,1.3
1978,10,90,27.6,20,101,1
1978,11,14,26.8,15.5,59,1
1978,12,47,24.5,11.4,65,2
1979,1,9,25.7,12.5,50,1.8
1979,2,60,27.1,14.8,76,2.5
1979,3,1,31.8,18,64,2.2
1979,4,47,34.9,22.7,71,2.3
1979,5,68,36.3,24.2,79,2.3
1979,6,199,32.6,24,159,1.7
1979,7,288,28.7,22.9,125,-1.3
1979,8,198,27.8,22.6,122,-2.8
1979,9,253,28.6,22,106,-2.6
1979,10,56,28.7,19.8,93,-3
1979,11,19,27.1,16.5,60,-2.7
1979,12,11,24.3,12.9,48,-2.5
1980,1,23,25.5,13.1,52,-2.1
1980,2,21,28,16,53,-2.1
1980,3,13,31.6,19.8,52,-2.3
1980,4,19,35.3,23.8,37,-2.4
1980,5,43,36.3,25,52,-2.5
1980,6,406,30.6,23.1,121,2.2
1980,7,444,27,22.2,104,3.8
1980,8,294,27.1,22.1,103,3.3
1980,9,294,28,22.1,97,3.4
1980,10,74,27.6,19.6,98,2.7
1980,11,7,26.3,14.1,58,2.2
1980,12,10,24.6,12.2,44,1.9
1981,1,24,23.8,12.2,52,1.8
1981,2,4,27.5,15.7,43,1.1
1981,3,59,30.3,18.8,84,1.6
1981,4,35,33.1,23.1,57,1.5
1981,5,80,34.2,24.3,90,1.8
1981,6,159,32,24.2,149,1
1981,7,299,26.9,22.4,110,-1.7
1981,8,304,27.3,22.1,107,-2.2
1981,9,409,28,22,98,1.7
1981,10,27,28.6,19,81,0.6
1981,11,1,26.1,13.1,56,-1.5
1981,12,16,23.6,12.1,45,-1.5
1982,1,2,26.3,12.8,36,-1.9
1982,2,25,27.4,16.1,49,-1.9
1982,3,34,30.7,19,62,-1.9
1982,4,44,34,22.6,57,-1.5
1982,5,34,36,24.1,42,-1.8
1982,6,197,32.2,23.6,159,-2
1982,7,374,28.8,23.1,122,-2.4
1982,8,338,26.8,21.9,100,-1.8
1982,9,252,28.6,21.6,115,-1.9
1982,10,95,28.6,19,104,-1.8
1982,11,16,25.8,14.5,60,-1.5
1982,12,0,25.2,11.2,47,-1.6
1983,1,1,25,12,43,-1.8
1983,2,87,27.5,16,86,1.4
1983,3,15,31.5,20.1,69,1.3
1983,4,21,34.7,22.6,46,0.9
1983,5,65,35.5,24.1,76,1
1983,6,252,33.5,24.4,151,1.2
1983,7,335,28.2,22.6,115,0.7
1983,8,405,27.5,22.4,100,1.5
1983,9,240,27.7,21.8,95,1.2
1983,10,96,27.3,19.7,98,1.1
1983,11,3,25.5,13.4,62,0.7
1983,12,14,24.3,10.9,51,0.8
1984,1,14,25.4,12.8,45,0.7
1984,2,33,26.9,14.6,60,0.9
1984,3,1,32.7,17.8,53,-0.4
1984,4,18,34.8,22.4,40,-0.6
1984,5,54,35.9,25.8,64,-0.8
1984,6,257,30.5,23.1,136,0.5
1984,7,429,27.1,21.9,111,1
1984,8,406,27.4,22,108,1.7
1984,9,184,28.1,21.3,117,0.6
1984,10,40,28,19.6,81,-1.6
1984,11,2,25.6,12.2,57,-2
1984,12,2,25.4,11.5,42,-2.3
1985,1,38,25.5,13.3,56,-1.7
1985,2,27,28.2,14.4,54,-1.6
1985,3,3,32.7,20.2,40,-2.2
1985,4,9,35.6,23.5,27,-2.6
1985,5,28,36,24.6,37,-2.9
1985,6,236,32.1,23.4,146,-2.4
1985,7,318,26.8,21.5,104,-2.7
1985,8,403,27.6,21.9,101,-1.6
1985,9,278,27.9,21.5,98,-1.1
1985,10,207,27.4,18.3,105,2.3
1985,11,2,25.9,13.1,61,1.8
1985,12,1,25.6,11.6,47,1.4
1986,1,53,24.7,11.8,69,2.1
1986,2,33,28.3,14.5,58,2.2
1986,3,6,32.8,18.1,63,1.8
1986,4,48,34.7,22.3,71,2
1986,5,57,35.8,23.9,69,1.7
1986,6,293,31.7,23.1,136,2.4
1986,7,413,27.5,21.7,110,2.9
1986,8,434,28,21.4,112,3.6
1986,9,211,28.6,21.7,109,2.6
1986,10,77,27.9,19.1,96,2
1986,11,82,25.4,15.3,83,3.6
1986,12,24,24.9,12.9,56,4
1987,1,6,25.2,11.9,50,3.7
1987,2,1,27.9,14.3,49,3
1987,3,12,31.2,18.1,63,2.6
1987,4,21,34.5,22.8,46,2.1
1987,5,63,35,23.3,75,2.1
1987,6,89,33.6,24.6,94,-1.8
1987,7,268,28,22.6,123,-3
1987,8,254,28.2,22.1,114,-4.4
1987,9,126,29.1,22.5,111,-5.5
1987,10,78,28.7,19.5,98,-5.3
1987,11,29,25.9,15.3,63,-4.3
1987,12,5,25.2,12.3,49,-3.9
1988,1,0,26,12.4,43,-3.9
1988,2,12,28.8,15.5,47,-3.8
1988,3,15,31.9,19.5,53,-3.9
1988,4,39,34.6,22.7,56,-3.3
1988,5,83,35.4,26,90,-2.5
1988,6,147,31.5,23.9,140,-3
1988,7,533,27.1,22,104,-2.1
1988,8,181,27.4,22.3,103,-3
1988,9,342,28.6,21.8,94,-1.6
1988,10,60,27.7,19.3,94,-2
1988,11,3,25.6,14.2,59,-2.3
1988,12,1,24.8,13.1,42,-2.5
1989,1,0,25,11.3,40,-2.9
1989,2,0,28.1,14.9,38,-3.5
1989,3,39,31.7,18,60,-3.3
1989,4,5,35.4,22.8,18,-3.7
1989,5,133,36,25.2,135,-2
1989,6,278,31,22.8,137,-1.1
1989,7,552,27.4,22,101,3.4
1989,8,375,27.7,22.1,96,3.7
1989,9,244,28,21.7,100,3.2
1989,10,23,27.7,20.2,76,1.9
1989,11,1,25.9,14.5,54,1.1
1989,12,3,24.4,11,41,-1.9
1990,1,2,25.8,12.4,41,-2.3
1990,2,99,27.5,16.2,95,-0.6
1990,3,91,29.7,19,102,2.8
1990,4,40,33.4,23.4,68,2.8
1990,5,71,33.4,23.2,83,3.1
1990,6,240,30.7,22.8,114,3.4
1990,7,362,26.6,21.6,93,3.2
1990,8,459,27.7,22.2,102,4.2
1990,9,195,28.2,22,94,3.2
1990,10,140,27,19.3,90,3.5
1990,11,16,26.1,15.8,62,3.2
1990,12,13,25.3,12.2,54,3.1
1991,1,64,24.6,13.3,70,4.1
1991,2,1,29,16.4,51,3.3
1991,3,21,31.8,20.2,67,3.2
1991,4,19,34.1,23.1,50,2.8
1991,5,38,35.2,25.7,52,2.2
1991,6,212,31,22.7,138,2
1991,7,548,27.9,22.4,98,3
1991,8,300,27.6,22,101,2.7
1991,9,246,28.5,21.7,110,2.2
1991,10,87,27.5,19.8,94,1.8
1991,11,53,25.1,13.9,73,2.7
1991,12,5,23.9,11,50,2.6
1992,1,17,23.5,11.6,55,2.6
1992,2,21,26.5,15.3,55,2.4
1992,3,0,32.1,19.5,58,1.8
1992,4,8,35.5,22.5,32,1.2
1992,5,142,35.3,24.1,144,2.7
1992,6,177,32.2,23.3,152,1.9
1992,7,443,28.3,22.6,117,1.7
1992,8,354,27.3,21.6,102,1.9
1992,9,239,28.3,21.5,111,1.5
1992,10,88,28.2,19.4,102,1.1
1992,11,21,26.5,14.7,64,1.2
1992,12,0,24.2,10.4,46,0.8
1993,1,2,25.4,12.7,46,-0.4
1993,2,0,27.6,15.6,42,-1.4
1993,3,12,31.4,17.9,43,-2
1993,4,60,33.8,22.3,74,-1.2
1993,5,57,34.9,24.6,65,-1.1
1993,6,247,32.1,24.3,146,-0.7
1993,7,333,28.1,22.5,108,-1
1993,8,334,27.5,22.3,110,-0.7
1993,9,251,28.1,21.4,104,-0.7
1993,10,107,28.3,19.6,101,0.1
1993,11,5,25.8,14.2,61,-0.2
1993,12,0,24.3,10.9,47,-0.2
1994,1,2,25.7,12.4,46,-0.7
1994,2,26,26.6,15.8,53,-0.6
1994,3,0,32.7,20,44,-1.3
1994,4,39,34.4,22.3,58,-1
1994,5,53,36.1,24.8,62,-1
1994,6,167,31.2,23.5,138,-1.3
1994,7,452,26.8,21.7,99,-1
1994,8,374,26.9,21.6,93,0.7
1994,9,237,28.7,21.2,102,-0.2
1994,10,92,28.6,19.2,96,-0.1
1994,11,8,25.2,14.4,56,-0.1
1994,12,0,24.7,10.5,47,-0.2
1995,1,61,23.7,11.2,71,1.1
1995,2,10,27.7,15.1,49,0.8
1995,3,44,31.9,18.4,79,1.4
1995,4,12,34.9,22.1,44,1.1
1995,5,77,34.1,23.8,89,1.6
1995,6,115,32.9,24.8,116,-1.1
1995,7,337,27.8,21.7,113,-1.9
1995,8,193,28.4,22.2,110,-3.2
1995,9,281,28.2,21.8,107,-2.6
1995,10,213,28.1,19.5,96,-0.8
1995,11,49,25.5,15.5,75,2.5
1995,12,0,25.4,11.6,50,2.3
1996,1,36,25.5,13.2,60,2.7
1996,2,9,28.2,14.3,54,2.3
1996,3,5,32.3,20,63,1.8
1996,4,38,34.6,21.9,62,1.9
1996,5,22,36.7,25.1,35,1
1996,6,256,32,22.6,143,1.3
1996,7,236,28.3,21.8,112,-1.2
1996,8,226,27.4,21.3,103,-2
1996,9,111,28.7,22.2,111,-3.5
1996,10,76,28.6,18.6,94,-3.5
1996,11,4,27.1,13.7,58,-3.5
1996,12,3,25.2,10.5,47,-3.4
1997,1,45,24.6,10.9,62,-2.5
1997,2,3,27.1,14.3,45,-2.8
1997,3,44,31.6,19.4,76,-2.3
1997,4,84,32.5,20.3,96,-0.9
1997,5,30,35.6,23.8,41,-1.3
1997,6,140,33.5,24.2,137,-2.2
1997,7,278,28.5,22.2,111,-3.2
1997,8,480,28,22.1,113,-2.4
1997,9,289,28.6,21.6,111,-1.9
1997,10,17,28.8,18.8,77,-2.7
1997,11,28,27.3,15.9,60,-2.4
1997,12,50,24.9,13.6,60,-1.1
1998,1,19,24.5,13.5,46,-0.9
1998,2,62,27.7,16.1,72,1.9
1998,3,45,31.3,18.3,82,2.7
1998,4,65,34.1,22.8,90,3.5
1998,5,57,36.2,25.1,76,3.3
1998,6,225,33.9,24.2,144,3
1998,7,411,28.5,21.9,109,2.9
1998,8,239,28.1,22.6,107,2
1998,9,317,29.1,21.8,105,2.4
1998,10,202,29.2,20.4,98,3.5
1998,11,56,26.6,16.5,76,4.3
1998,12,0,24.9,10.8,54,4
1999,1,0,25.1,10.6,48,3.4
1999,2,1,29.5,15.4,45,2.5
1999,3,0,33.3,19.2,47,1.5
1999,4,0,35.8,24.3,21,0.6
1999,5,145,35.1,24.1,146,2.3
1999,6,257,31.8,22.9,138,2.5
1999,7,246,28.4,21.8,113,1.4
1999,8,404,27.4,21.9,103,1.9
1999,9,205,28.2,21.3,99,1.2
1999,10,97,28.7,19.9,97,1.1
1999,11,5,27.2,13.8,62,0.7
1999,12,0,25.4,11.3,47,-0.2
2000,1,0,26.2,12.6,45,-1.2
2000,2,47,26.8,16.2,60,-0.6
2000,3,0,31.5,19,47,-1.1
2000,4,11,35.5,23.5,31,-1.5
2000,5,56,35.4,24.5,65,-1.4
2000,6,331,31,22.1,124,1.4
2000,7,271,28,22,100,1.3
2000,8,222,28.3,21.8,106,-0.7
2000,9,104,28.5,21.7,102,-2.4
2000,10,34,28.9,20.7,84,-3
2000,11,1,26.9,15,54,-3.3
2000,12,0,24.8,10.7,42,-3.6
2001,1,0,25,11.9,36,-3.9
2001,2,0,29,16.2,34,-4.5
2001,3,14,31.4,18.4,32,-4.7
2001,4,20,34.2,22.3,31,-4.6
2001,5,86,35.7,24.7,89,-3.6
2001,6,346,30,21.5,118,-1.6
2001,7,308,27.3,21.8,90,-1
2001,8,383,27.4,21.9,99,2.7
2001,9,185,28.9,22.3,108,1.6
2001,10,92,28.8,20.2,97,1.3
2001,11,35,27,15.6,66,1.8
2001,12,1,24.5,11.1,49,1.6
2002,1,70,24.9,11.9,77,2.9
2002,2,1,28.1,15.3,48,2.3
2002,3,9,32.1,19.1,63,2.1
2002,4,36,35.3,23.4,62,2
2002,5,82,37.1,26.1,93,2.2
2002,6,194,31.8,23.3,136,1.8
2002,7,338,29.4,23.8,114,1
2002,8,385,27.3,21.8,94,1.7
2002,9,163,28.2,21.6,99,-1
2002,10,46,28,19.5,85,-1.6
2002,11,8,24.9,13.5,55,-1.7
2002,12,0,25.5,12.1,42,-2
2003,1,8,25.1,12,44,-2.2
2003,2,25,28.2,15.4,48,-2.1
2003,3,56,31.3,18.4,80,-1.4
2003,4,6,35.3,23.5,25,-1.9
2003,5,17,36.9,26,28,-2.6
2003,6,208,33.6,25.2,142,-2.4
2003,7,451,27.4,21.8,92,-1.7
2003,8,368,27.5,22,96,-0.9
2003,9,233,28,21.4,91,-1
2003,10,309,27.6,19,85,3.5
2003,11,3,25.6,14.2,58,2.9
2003,12,44,24,12.3,63,3.7
2004,1,50,24.2,11.1,65,4.3
2004,2,11,26.5,13.8,54,3.9
2004,3,1,32.4,19.5,63,3.4
2004,4,64,34.8,23,90,3.9
2004,5,42,36.6,25.6,56,3.2
2004,6,200,32.3,23.9,149,2.7
2004,7,305,27.3,21.8,105,1.6
2004,8,279,27.7,22.1,104,1
2004,9,162,28.8,22.2,107,-2.4
2004,10,138,27.3,18.7,99,-1.6
2004,11,1,25.4,14,58,-1.8
2004,12,0,24.7,11.4,46,-1.8
2005,1,29,25.5,12.5,54,-1.3
2005,2,17,28.9,16.2,55,-1.3
2005,3,38,32.5,19.6,77,-1
2005,4,28,34.9,23.1,51,-0.9
2005,5,79,36.5,25.6,89,0.4
2005,6,168,34.9,26.4,159,-0.7
2005,7,333,27.7,22.2,109,-1.5
2005,8,233,28,22.5,117,-2.4
2005,9,492,28.8,21.5,99,2.7
2005,10,198,27.8,19.3,84,3.8
2005,11,2,24.6,13.2,58,3.2
2005,12,1,23.7,10.3,46,2.7
2006,1,0,24.7,11.7,45,2
2006,2,0,29.3,16.5,43,1.1
2006,3,45,31.1,18.2,73,1.3
2006,4,65,34,22.2,82,1.9
2006,5,97,34.5,23.5,104,2.5
2006,6,218,32,23.6,137,2.3
2006,7,484,28.2,22.6,102,2.8
2006,8,480,27.3,21.8,97,4
2006,9,354,28.4,21.8,98,4.7
2006,10,34,28.7,20.2,83,3.4
2006,11,30,26.5,15.1,60,3.3
2006,12,0,25.9,12.5,44,2.5
2007,1,0,25.7,12.6,41,1.7
2007,2,68,27.7,15,78,2.4
2007,3,2,31.7,18.8,42,1.5
2007,4,27,34.7,22.9,45,1.2
2007,5,47,35.9,24.9,56,1
2007,6,216,32.4,23.9,140,0.9
2007,7,240,28.4,22.8,109,-1.8
2007,8,369,27.9,22.3,102,-1.7
2007,9,396,27.9,21.3,89,1.7
2007,10,75,27.7,19.1,92,1.3
2007,11,6,25.8,14.4,59,0.9
2007,12,3,25.5,12.2,46,-0.3
2008,1,37,25.4,12.3,61,0.4
2008,2,42,26.4,13.7,62,0.8
2008,3,10,31.6,18.7,55,0.6
2008,4,36,34.3,22.5,59,0.7
2008,5,87,36.4,25.5,96,1.3
2008,6,396,31.1,22.7,127,3.2
2008,7,334,27.4,21.9,107,3.8
2008,8,309,27.3,21.8,96,3.4
2008,9,431,27.7,21.2,97,5.1
2008,10,15,28.4,19.9,72,3.6
2008,11,2,26.3,14.9,48,2.6
2008,12,0,26.5,13.1,38,1.8
2009,1,0,27.1,14.1,38,0.9
2009,2,0,29.9,17.1,36,-3.1
2009,3,8,32.6,19.6,29,-3.6
2009,4,1,35.7,23.9,14,-4.1
2009,5,106,35.8,24.9,109,-2.8
2009,6,94,34.2,25.8,96,-4
2009,7,521,27.5,21.9,97,-3.2
2009,8,296,28.2,22.7,109,-3
2009,9,204,29.1,22.5,107,-3.4
2009,10,70,27.4,18.9,94,-3.4
2009,11,11,26.3,14.9,54,-3.1
2009,12,0,25.2,11.9,44,-3.1
2010,1,22,24.5,11.4,52,-2.7
2010,2,5,28.7,15.9,44,-2.9
2010,3,15,33.9,21,52,-3.2
2010,4,15,37,25.2,33,-3.4
2010,5,154,35.9,24.9,153,-1.2
2010,6,235,33,24.6,145,-0.9
2010,7,393,27.8,22.2,104,-0.7
2010,8,336,27.8,22.3,107,1.8
2010,9,363,28.6,22,98,2.8
2010,10,136,28.3,19.8,93,3.1
2010,11,37,27.6,16.1,64,3.5
2010,12,44,24.2,10.9,64,4.4
2011,1,0,23.8,10.7,51,4
2011,2,35,27.3,14.6,62,4.1
2011,3,1,32.3,19.3,67,3.7
2011,4,37,32.7,20.8,66,3.7
2011,5,145,36.2,25.2,145,5.1
2011,6,159,31.6,23.1,138,4.1
2011,7,356,28,22.5,107,3
2011,8,361,27.4,21.9,97,3.2
2011,9,348,28.1,21.5,94,4
2011,10,15,28.4,19.8,77,2.5
2011,11,0,26,14.5,52,1.5
2011,12,0,25.3,12,39,0.6
2012,1,52,25.2,12.1,64,1.2
2012,2,0,28.3,15.6,37,-2
2012,3,1,32.5,19.5,28,-2.9
2012,4,86,35.3,23.5,97,-1.5
2012,5,41,36.9,25.9,49,-1.7
2012,6,191,35,26.6,159,-2
2012,7,550,27.9,22.3,101,-0.9
2012,8,337,27.6,22.1,98,1.2
2012,9,253,28.3,21.7,95,1.1
2012,10,41,28.6,18.5,83,-0.7
2012,11,51,25.5,14.1,71,0.8
2012,12,0,25.4,12.1,46,-0.3
2013,1,1,25.6,12.5,41,-0.6
2013,2,5,27.5,14.8,41,-1.1
2013,3,1,32.1,19.2,36,-1.8
2013,4,60,34.3,22.5,74,-1
2013,5,55,35.4,26.1,63,-1
2013,6,380,31,22.3,128,2.3
2013,7,307,27.4,21.7,92,2.7
2013,8,167,27.6,21.7,101,1.3
2013,9,264,28.8,22.2,101,1.2
2013,10,241,27.1,19.9,88,3.1
2013,11,2,26.5,12.9,60,2.5
2013,12,0,24.4,11.7,48,2
2014,1,4,24.1,12.7,44,1.5
2014,2,18,26.9,14.9,51,1.1
2014,3,67,31.2,17.9,87,1.8
2014,4,66,35.3,22.3,88,2.5
2014,5,149,35.7,23.7,149,4.1
2014,6,126,33.5,24.5,127,2.6
2014,7,428,28,22.4,96,2.2
2014,8,230,28.3,22.5,101,1.3
2014,9,454,28.4,21.9,99,3.4
2014,10,89,28.7,19.2,98,2.9
2014,11,1,25.9,14.6,58,2.3
2014,12,0,23.9,11.4,44,1.8
2015,1,16,23.9,11.9,49,1.6
2015,2,16,27.6,15.6,48,1.1
2015,3,50,31.3,18.1,79,1.5
2015,4,93,32.6,21.9,104,2.8
2015,5,75,36.1,24.9,88,3
2015,6,230,31.6,22.9,131,2.9
2015,7,235,28.3,22.3,105,1.7
2015,8,313,28.4,22.6,105,1.2
2015,9,299,29.3,22.1,104,1.5
2015,10,32,29.1,20,79,-1.4
2015,11,15,27.3,15.2,57,-1.4
2015,12,9,27,13.7,42,-1.5
2016,1,7,25.3,12.1,43,-1.7
2016,2,28,29.8,17.1,52,-2
2016,3,65,33,20,89,-2.6
2016,4,22,35.9,24.2,42,-3
2016,5,86,35.6,24.6,95,-2.7
2016,6,328,32.2,23.7,127,-2.3
2016,7,380,27.8,22.2,95,-2.7
2016,8,276,27.9,22.4,103,-2.9
2016,9,288,28.5,22,82,-2.4
2016,10,106,28.2,19.5,104,-2.2
2016,11,8,25.6,14.2,62,-2.3
2016,12,2,24.9,11.6,49,-2.3
2017,1,3,25.2,11.9,45,-2.5
2017,2,4,28.5,15.6,44,-3
2017,3,22,31.8,18.9,57,-3.5
2017,4,29,35.2,23.5,45,-4
2017,5,61,36.3,25.3,69,-4.2
2017,6,189,32.2,23.7,126,-3.4
2017,7,443,27.6,22.2,105,-3.6
2017,8,325,28.2,22.6,107,-3.8
2017,9,280,29.3,22.7,101,-3.9
2017,10,142,28.7,20.4,98,-3
2017,11,15,26.5,15,63,-2.5
2017,12,23,25.2,12,58,-2.3
2018,1,3,24.8,11.5,47,-2.3
2018,2,4,28.7,15.8,45,-2.5
2018,3,5,32.6,19.6,50,-2.1
2018,4,54,34,22.1,72,1.7
2018,5,127,35.3,24.4,130,3.5
2018,6,203,32.2,23.6,134,4.1
2018,7,532,27.6,22,95,7
2018,8,356,27.7,22.1,91,8.9
2018,9,352,28.7,21.9,103,8.1
2018,10,73,28.1,19.7,91,8
2018,11,3,26.4,14.7,52,7
2018,12,14,24.6,11.2,47,7.8
2019,1,19,23.9,10.8,49,2.1
2019,2,8,28,15.3,45,1.5
2019,3,11,32.2,19.3,55,1
2019,4,20,34.7,22.9,39,0.6
2019,5,113,35.5,24.5,120,1.7
2019,6,109,33.4,24.9,111,-1.2
2019,7,365,28.3,22.7,111,-2
2019,8,390,28,22.5,97,-1.2
2019,9,406,28.7,22.1,86,2.2
2019,10,295,28.6,20.1,95,4.5
2019,11,1,26.9,15.5,59,3.7
2019,12,10,25.4,12,47,3.4
