Product: Historical Climate - TerraClimate(http://www.climatologylab.org/terraclimate.html) 
Location (Lat/Lon of 4-km Grid Cell Center): 18.9792 North,75.7708 East 
Data Source: NW Climate Toolbox(https://climatetoolbox.org/tool/point-data-download)
Download Date: 07/24/2020
Variable List: 
ppt: ppt (Precipitation)
tmax: tmax (Maximum Temperature)
tmin: tmin (Minimum Temperature)
aet: aet (Actual Evapotranspiration)
PDSI: pdsi (Palmer Drought Severity Index (PDSI))
********************************************************
Year,Month,ppt(mm),tmax(degC),tmin(degC),aet(mm),PDSI(unitless)
1958,1,1,31.2,14.7,5,0.6
1958,2,0,33.3,16.5,3,-0.2
1958,3,6,37.7,19.9,8,0.1
1958,4,21,39.8,24.5,21,0.6
1958,5,30,40.9,25.9,30,0.8
1958,6,69,36.5,24.9,66,-0.9
1958,7,225,30,21.8,141,1.1
1958,8,352,30,21.4,123,4.4
1958,9,90,29.6,20.8,116,3.2
1958,10,34,31.2,19.7,75,2.5
1958,11,61,31.3,16.1,70,2.7
1958,12,0,29.7,13.9,6,2
1959,1,4,30.1,15.3,8,1.7
1959,2,0,33.4,16.7,3,1.3
1959,3,0,38,20.3,2,0.9
1959,4,21,39.5,24.1,21,1.2
1959,5,27,41.1,25.9,26,1.2
1959,6,163,35.1,23.3,156,2.2
1959,7,163,29.9,20.9,140,2
1959,8,189,29.2,20.8,132,2.2
1959,9,271,29.5,20.5,130,2.8
1959,10,130,30.7,20,126,4.1
1959,11,14,30.6,15.5,75,5
1959,12,0,30.3,13.6,16,4.7
1960,1,1,30.1,14,9,4.3
1960,2,0,35.4,15.7,5,3.7
1960,3,13,35.8,19.7,15,3.7
1960,4,2,39.5,23.3,5,3.1
1960,5,56,40.4,24.8,55,3.9
1960,6,91,34.3,22.7,88,3.1
1960,7,133,30.8,22.2,126,2.5
1960,8,41,29.5,20.7,40,-2.4
1960,9,291,30.4,21.1,120,-1.7
1960,10,65,31.3,19.3,103,-0.9
1960,11,22,30.7,14.8,55,1.5
1960,12,0,30.6,14.4,11,1.1
1961,1,0,31,14.6,6,0.8
1961,2,1,32.1,14.7,5,0.6
1961,3,8,38,20.7,10,0.7
1961,4,14,39.8,23.8,15,0.8
1961,5,72,39.9,24.6,70,2.4
1961,6,156,34.5,22.2,149,3.2
1961,7,225,29.7,21.4,122,4.2
1961,8,112,30,21,121,3.7
1961,9,80,29.5,20.2,105,2.4
1961,10,194,30.2,18.7,115,4.1
1961,11,10,30.4,15.2,67,4.8
1961,12,2,29.5,12.6,24,4.8
1962,1,0,29.7,11.7,9,4.4
1962,2,1,34.5,15.2,6,3.9
1962,3,8,36.6,19.2,11,3.8
1962,4,25,38.6,23.2,26,4.1
1962,5,77,40.4,24.4,75,5.5
1962,6,71,35.3,23.6,69,4
1962,7,132,30.5,21.7,127,3.2
1962,8,189,30,21,125,3.2
1962,9,297,29.9,20.1,125,3.9
1962,10,32,32.2,18.1,97,3.6
1962,11,38,30.6,14.8,51,3.5
1962,12,56,28.7,13.7,60,4.8
1963,1,0,30.3,13.3,4,4.2
1963,2,8,34.4,15.3,11,3.9
1963,3,12,37.1,19.3,13,3.9
1963,4,19,38.2,22.3,20,3.9
1963,5,10,40.4,24.4,11,3.1
1963,6,177,34.7,22.1,169,4.1
1963,7,172,31,21.7,149,3.7
1963,8,261,29.5,20.3,132,4.8
1963,9,76,30.4,20.3,114,3.4
1963,10,68,31.3,19.4,97,3
1963,11,1,30.8,16,11,1.9
1963,12,0,30.1,13.4,6,1.3
1964,1,0,29.6,12.9,4,1.1
1964,2,1,34,15.1,3,0.7
1964,3,6,38.1,20,8,0.6
1964,4,12,40.2,24.3,13,-1.5
1964,5,3,40.3,24.9,4,-2.1
1964,6,97,35.3,22.6,93,-2.2
1964,7,221,30.9,21.2,131,-0.9
1964,8,111,29.6,20.2,119,-1
1964,9,277,30,20.1,118,1.6
1964,10,23,31.3,19.2,86,1.5
1964,11,10,29.8,14,27,0.9
1964,12,1,29.5,11.6,9,-0.4
1965,1,2,30.5,14.1,6,-0.7
1965,2,1,33.3,15.5,4,-0.8
1965,3,0,36.5,19,2,-1
1965,4,22,38.8,22.6,23,0.5
1965,5,2,40.9,24.8,3,-0.7
1965,6,91,35.4,22.8,87,-1.1
1965,7,212,30.3,21.5,147,0.8
1965,8,208,30.4,21,128,1.7
1965,9,87,30.5,20.5,120,0.7
1965,10,5,33.2,19,41,-1.8
1965,11,5,32,14.7,15,-2.6
1965,12,24,30.2,13.5,29,-2.1
1966,1,14,30.2,13.6,17,-1.4
1966,2,0,34.7,16.3,3,-1.6
1966,3,3,37,19.1,5,-1.6
1966,4,5,39.2,23.4,6,-1.7
1966,5,49,39.6,24,47,-0.8
1966,6,56,35.6,23.9,54,-2
1966,7,202,31.7,22.8,129,-1
1966,8,80,30.4,21.3,102,-1.6
1966,9,207,30.8,20.3,133,-1.7
1966,10,5,33.1,19.5,75,-2.1
1966,11,63,31.1,16.8,73,-1.6
1966,12,21,29.3,13.2,27,-1.3
1967,1,1,30,13.1,5,-1.3
1967,2,1,34.8,15.5,3,-1.4
1967,3,4,36.1,20.1,6,-1.3
1967,4,6,39.5,23.1,7,-1.4
1967,5,14,41,25,15,-1.5
1967,6,98,35.3,23.3,94,-1.6
1967,7,274,30.4,22,126,2.1
1967,8,81,29.6,21,110,1.6
1967,9,151,29.9,20.5,123,1
1967,10,33,32.1,18.9,85,0.9
1967,11,2,31.4,14.5,18,-1
1967,12,77,29.1,15.7,79,2.3
1968,1,3,28.5,13.1,7,2.2
1968,2,18,32,15.4,20,2.7
1968,3,20,36.5,18.6,22,3.2
1968,4,23,38.7,22.2,24,3.5
1968,5,1,40.1,24.2,2,2.5
1968,6,63,35.8,23.4,61,1.3
1968,7,194,31,21.8,135,1.8
1968,8,55,29.4,20.9,77,-1.7
1968,9,232,31.2,20.8,114,-1.5
1968,10,37,32.1,17.6,90,-1.1
1968,11,32,30.8,14.1,53,-0.7
1968,12,1,29.8,12.9,10,-0.8
1969,1,0,30.2,14.2,5,-0.8
1969,2,0,34.2,17.4,3,-0.9
1969,3,0,38.3,21.5,3,-1
1969,4,1,40.5,24.3,3,-1.3
1969,5,5,40.9,25.5,6,-1.8
1969,6,137,35.9,23.6,131,-1
1969,7,188,30.9,21.6,137,1
1969,8,129,30.2,20.6,123,0.8
1969,9,265,29.2,20.5,125,1.3
1969,10,16,32.1,20.3,86,1
1969,11,33,31.5,16.7,44,0.9
1969,12,0,29.5,13.1,7,-0.3
1970,1,6,30.4,13.8,10,0.1
1970,2,0,33.7,17,3,-0.2
1970,3,0,36.8,20,2,-0.7
1970,4,29,39.4,24.6,29,0.8
1970,5,30,40.7,25.5,30,1
1970,6,191,33.5,21.8,161,2.7
1970,7,104,30.8,22,107,2
1970,8,319,29.6,20.8,120,4.1
1970,9,206,29.7,20.5,120,4.1
1970,10,41,31.5,19.2,91,4
1970,11,0,30.4,13.1,25,3.4
1970,12,0,29.4,9.9,10,2.9
1971,1,0,29.2,13.1,5,2.5
1971,2,0,33.1,16.3,3,2.1
1971,3,0,36.3,19.4,2,1.7
1971,4,1,39.5,24.5,2,1.1
1971,5,38,39.1,24,37,1.5
1971,6,65,34.1,22.5,63,-1.3
1971,7,21,31.6,22.9,21,-3.9
1971,8,218,30,21.2,131,-2.8
1971,9,173,30.6,21.1,128,-2.9
1971,10,93,30,18.2,110,-1.5
1971,11,0,28.6,13.8,51,2
1971,12,0,28.9,12.5,12,1.5
1972,1,0,30.6,12.2,6,1.3
1972,2,0,31.5,15.4,4,1
1972,3,0,38,20.4,3,0.6
1972,4,2,39.1,23.1,4,-0.3
1972,5,5,40.5,24.7,6,-1.3
1972,6,86,36.3,24.2,83,-1.7
1972,7,41,31.1,22.2,40,-3.6
1972,8,56,30.3,21.2,54,-5.1
1972,9,101,31.3,20.6,97,-5.6
1972,10,3,33.1,21.4,3,-6.8
1972,11,39,30.3,15.5,37,-6.2
1972,12,0,32.4,16.1,1,-6.2
1973,1,0,30.9,14.9,0,-5.9
1973,2,5,34.3,17.5,5,-5.4
1973,3,1,37.3,20.4,1,-5.2
1973,4,12,40.9,25.7,12,-4.6
1973,5,3,41.1,26.7,3,-4.9
1973,6,105,35.3,23.7,100,-4.7
1973,7,164,30.2,21.2,143,-4.2
1973,8,266,29.7,20.4,126,-2.2
1973,9,153,29,20.7,130,-2.3
1973,10,84,30.5,18.8,109,-1.1
1973,11,2,29.5,14.7,45,2.3
1973,12,0,29.9,13.5,12,1.5
1974,1,0,30,12.4,6,1.2
1974,2,1,33.3,15.5,5,0.9
1974,3,7,38,20.3,9,0.9
1974,4,12,39.7,24.3,13,0.8
1974,5,63,39.7,24.3,62,1.9
1974,6,101,35,23.2,97,1.4
1974,7,112,31.1,22.7,107,-1.1
1974,8,140,30,20.7,128,-1.4
1974,9,187,31.5,21.2,133,-1.6
1974,10,133,30.2,20,127,1.1
1974,11,0,29.7,12.7,24,1
1974,12,0,28.5,12.1,9,0.6
1975,1,2,29.1,12,7,0.6
1975,2,5,32.9,15.3,8,0.6
1975,3,2,36.3,19.1,5,-0.1
1975,4,0,39.8,24.2,2,-0.7
1975,5,10,40.4,25.1,11,-1
1975,6,97,34.1,22.5,93,-1.3
1975,7,241,30.4,21.6,137,1.4
1975,8,212,29.5,20.8,129,2.6
1975,9,322,29.7,20.1,121,4.1
1975,10,118,30.4,20.4,112,5.2
1975,11,1,28.6,13.3,67,5.6
1975,12,0,28.9,10.3,16,5.2
1976,1,0,29.4,12.5,7,4.7
1976,2,0,33.3,15.4,4,4.1
1976,3,8,38.1,19.2,10,3.8
1976,4,12,38.5,23.3,13,3.5
1976,5,4,39.8,24.6,5,2.5
1976,6,100,34.1,22.5,97,2.2
1976,7,163,30.6,21.6,131,2.2
1976,8,169,29.9,20.7,124,2.2
1976,9,71,30.1,20.4,91,1.1
1976,10,3,32.8,19.7,20,-2
1976,11,34,31.5,17.9,40,-1.9
1976,12,0,30,14.6,5,-2.1
1977,1,0,29.4,13.8,3,-2.1
1977,2,9,33.5,16.7,11,-1.6
1977,3,8,38.5,21.6,9,-1.3
1977,4,6,38.6,24.6,8,-1.4
1977,5,17,39.4,25,17,-1.5
1977,6,103,35.1,23.1,98,-1.6
1977,7,106,30.6,22,101,-2.2
1977,8,97,29.6,21.1,93,-3.1
1977,9,113,29.8,20.7,108,-3.6
1977,10,63,32.5,19.4,61,-4
1977,11,115,30.5,18.4,110,-2.1
1977,12,2,28.9,13.3,3,-2.3
1978,1,6,29.1,13.8,6,-2.1
1978,2,30,32.1,16.4,29,-0.7
1978,3,16,35.3,19.5,16,2.2
1978,4,18,38.8,24.2,17,2.2
1978,5,26,40.8,25.8,25,2.1
1978,6,202,34,22.4,167,3.8
1978,7,166,29.9,21.3,131,4
1978,8,109,29,20.9,114,3.3
1978,9,98,30,21.2,108,2
1978,10,47,31.9,19.8,52,1.1
1978,11,39,31.1,17.8,41,0.9
1978,12,5,29,14.4,8,0.6
1979,1,2,30,16.2,4,-1.7
1979,2,8,31.9,15.5,9,-1.3
1979,3,14,36.4,19.1,15,-0.8
1979,4,2,39.1,23.9,3,-1
1979,5,18,39.9,24.1,18,-1
1979,6,99,36,24.6,95,-1.3
1979,7,175,31,22.9,148,-1
1979,8,129,29.6,21.2,127,-1.4
1979,9,285,31.1,21.4,128,-0.7
1979,10,21,31.6,21.5,91,-0.7
1979,11,92,30.4,18.9,94,1.7
1979,12,1,29.3,15,10,1.3
1980,1,0,29.4,16,5,1.1
1980,2,0,33.7,17.6,3,0.8
1980,3,7,36.5,21.3,9,0.8
1980,4,19,39.6,25.4,20,1.1
1980,5,3,41.6,26,4,-0.6
1980,6,164,34.4,21.7,157,1.3
1980,7,106,30.3,22.4,102,-0.9
1980,8,244,29.4,20.9,121,1.3
1980,9,106,30.8,21.4,122,-0.7
1980,10,0,32.1,20.9,51,-1.3
1980,11,4,31.2,17.1,16,-2.1
1980,12,19,29.1,13.5,24,-1.8
1981,1,20,28.7,14.1,23,-0.8
1981,2,1,33.8,16.7,3,-1
1981,3,12,36.5,19.9,13,-0.6
1981,4,3,39.2,24.2,4,-0.8
1981,5,23,40.3,25.5,23,-0.7
1981,6,113,35.2,24.1,109,-0.7
1981,7,106,30.3,22.1,102,-1.7
1981,8,117,29.4,21,112,-2.4
1981,9,384,30.7,21.1,116,-0.6
1981,10,61,31.6,20.2,103,2
1981,11,8,29.4,14.8,38,1.9
1981,12,13,28.9,13.8,23,1.8
1982,1,2,29.4,16.2,8,1.7
1982,2,1,32.1,17.4,5,1.4
1982,3,0,36,19.5,3,1
1982,4,19,38,23.8,20,1.3
1982,5,38,39.6,24.7,38,1.8
1982,6,63,35.2,24.1,61,0.6
1982,7,177,31.3,22.9,148,0.7
1982,8,62,29.9,21.5,66,-2
1982,9,190,30.6,21.2,130,-2.1
1982,10,29,32.4,20.5,63,-2.5
1982,11,42,29.5,17.7,51,-2.1
1982,12,0,30,14.9,6,-2.3
1983,1,3,29.6,14,6,-2.1
1983,2,0,31.5,16.5,3,-2.2
1983,3,1,35.6,20.8,3,-2.2
1983,4,0,38.4,23.2,2,-2.4
1983,5,8,40.4,25.7,9,-2.7
1983,6,92,36.1,24.9,88,-2.8
1983,7,195,31.8,22.8,134,-1.8
1983,8,209,29.8,21.7,121,-0.6
1983,9,478,29.9,21.1,108,5.1
1983,10,64,30,19.7,102,5.2
1983,11,0,29.2,13.5,34,4.7
1983,12,15,28.5,13.2,25,4.4
1984,1,2,29.3,14.5,8,4
1984,2,20,31.9,16.1,22,4.4
1984,3,1,37.8,20.6,3,3.7
1984,4,0,39.3,24.5,2,2.9
1984,5,0,41,26.5,2,1.8
1984,6,38,34.8,23.1,37,-2.6
1984,7,172,30.3,21.9,134,-2
1984,8,42,29.1,20.6,52,-3.4
1984,9,144,29.7,20.7,131,-3.6
1984,10,121,30.9,20.3,117,-2.7
1984,11,5,30.1,14.3,13,-3.1
1984,12,1,30.6,13.2,5,-3.2
1985,1,4,30.6,14.9,7,-2.9
1985,2,0,33.1,16,2,-2.9
1985,3,2,38.4,21.2,3,-2.8
1985,4,13,39.1,24.1,14,-2.4
1985,5,16,40.6,25.8,16,-2.4
1985,6,104,34.2,22.8,99,-2.4
1985,7,136,30.7,22,130,-2.6
1985,8,103,29.9,20.8,99,-3.4
1985,9,71,31.2,21.5,68,-4.4
1985,10,99,30.5,18.4,95,-4.1
1985,11,29,30.8,14.1,28,-4.1
1985,12,1,30.6,14,2,-4.2
1986,1,2,30.1,14.4,2,-4
1986,2,10,32.8,16.9,10,-3.4
1986,3,1,37.5,20.6,1,-3.3
1986,4,7,39.6,24.2,7,-3.2
1986,5,8,40.5,25.5,8,-3.4
1986,6,148,35.2,22.7,141,-2.3
1986,7,132,30.8,21.8,126,-2.6
1986,8,146,29.8,20.4,137,-2.8
1986,9,70,31.6,21.6,67,-3.8
1986,10,9,33.1,20.1,9,-5
1986,11,20,31.7,16.2,19,-5.1
1986,12,26,30.3,13.2,25,-4.3
1987,1,12,30.4,15,12,-3.6
1987,2,8,33.4,16.4,8,-3.2
1987,3,3,37,20.2,3,-3
1987,4,1,39.8,24.2,2,-3.1
1987,5,38,40.4,24.3,36,-2.2
1987,6,92,36.2,23.6,87,-2.4
1987,7,80,32.2,22.3,76,-3.7
1987,8,213,31,21.5,140,-2.9
1987,9,79,31.8,22,105,-3.7
1987,10,79,32,19.9,85,-3.6
1987,11,32,31,16.8,36,-3.5
1987,12,37,29.7,13.9,39,-2.4
1988,1,0,31.1,15.5,3,-2.3
1988,2,5,34.1,17.8,6,-2.1
1988,3,0,36.5,20.7,1,-2.1
1988,4,18,39.3,24.7,19,-1.5
1988,5,16,41.2,26.4,16,-1.6
1988,6,113,35.5,23.7,108,-1.3
1988,7,224,31.3,21.3,142,1.3
1988,8,137,30.7,21.3,127,1.3
1988,9,525,31.1,21,106,5.1
1988,10,54,31.5,18.7,110,5
1988,11,2,30.5,14.9,23,4
1988,12,5,29.8,13.1,13,3.4
1989,1,4,30.4,13.5,9,3.2
1989,2,0,33.7,15.1,3,2.7
1989,3,18,35.9,19.8,20,3.1
1989,4,8,39.2,23.4,10,2.7
1989,5,17,40.8,25.4,17,2.2
1989,6,147,34.3,22.5,141,2.9
1989,7,137,30.8,21.7,129,2.4
1989,8,128,29.4,20.6,119,1.8
1989,9,181,30.4,20.8,119,1.3
1989,10,22,31.9,19,51,0.6
1989,11,1,31.1,16,11,-2.1
1989,12,8,29.4,13.2,13,-2
1990,1,0,32.1,13.7,4,-2
1990,2,3,33.1,16.3,5,-1.9
1990,3,2,35.3,19.6,4,-1.9
1990,4,1,39.1,23.9,3,-2.1
1990,5,76,38.7,24,74,1.8
1990,6,146,33.3,22.1,140,2.6
1990,7,171,30.2,21.6,143,2.4
1990,8,193,29.7,20.8,122,2.8
1990,9,108,30.1,20.7,118,1.8
1990,10,98,30.9,19.6,107,2.3
1990,11,18,30.5,16.4,44,2.4
1990,12,4,29.8,14.4,13,1.9
1991,1,0,30,13.1,6,1.7
1991,2,2,33.8,16.8,5,1.4
1991,3,1,37.3,20.3,3,1.1
1991,4,22,38.8,24.1,23,1.5
1991,5,11,41,26.2,12,1
1991,6,148,34.6,23.3,142,1.8
1991,7,119,30.5,22,114,1
1991,8,100,29.9,20.6,95,-1.6
1991,9,92,31.1,21.5,88,-2.6
1991,10,4,32.3,19.3,4,-4.1
1991,11,14,30.8,15.7,14,-4.4
1991,12,2,29.4,12.7,2,-4.5
1992,1,0,30.4,13.2,0,-4.3
1992,2,0,31.7,15.7,0,-4.2
1992,3,0,37.5,20.1,0,-4.1
1992,4,2,38.8,23.8,2,-4
1992,5,27,40.3,25.7,26,-3.5
1992,6,81,35.8,24.7,77,-3.6
1992,7,91,32,22.9,86,-4.6
1992,8,227,29.5,20.9,128,-3.4
1992,9,231,30.5,20.6,136,-2.7
1992,10,41,31.2,20,94,-2.1
1992,11,9,30.8,15.7,31,-2.2
1992,12,0,29.8,12.6,9,-2.3
1993,1,0,30.8,14,5,-2.2
1993,2,2,33.4,15,5,-2
1993,3,6,36,19.6,8,-1.8
1993,4,1,38.8,23.7,3,-1.9
1993,5,4,40.7,26.2,5,-2.3
1993,6,101,35.7,25,97,-2.1
1993,7,153,30.6,22.2,134,-1.9
1993,8,104,30.1,21.2,102,-2.4
1993,9,235,29.9,21,125,-2.3
1993,10,143,31.1,20.6,116,1.8
1993,11,4,30.1,16.4,73,2.7
1993,12,28,29,12.5,40,3.3
1994,1,5,30.5,14.5,12,3.2
1994,2,3,32.4,15.9,7,2.9
1994,3,0,38.2,20.6,3,2.4
1994,4,32,38.1,23.3,32,3.1
1994,5,15,40.8,25.8,16,2.6
1994,6,149,33.7,22.8,143,3.3
1994,7,221,29.5,21.1,142,3.9
1994,8,162,29.3,20.8,135,3.9
1994,9,171,29.8,20.2,132,3.3
1994,10,81,32,19.6,109,3.8
1994,11,13,30.3,15.2,53,4.1
1994,12,0,29.6,11.7,12,3.3
1995,1,9,28.6,12.1,15,3.3
1995,2,0,33,16.5,4,2.8
1995,3,8,36.2,19.7,10,2.7
1995,4,11,39.2,22.8,13,2.5
1995,5,16,39.5,24.6,17,2.2
1995,6,66,36.9,25,64,0.9
1995,7,198,31,22.3,144,1.4
1995,8,81,31.2,21.8,98,-1.4
1995,9,265,30.7,21.2,129,-1
1995,10,75,31.8,19.8,104,1.1
1995,11,5,31.2,14.7,45,1.4
1995,12,0,31.5,13.7,12,0.9
1996,1,4,30.8,15.6,10,0.9
1996,2,0,34.4,17.2,4,0.6
1996,3,3,38.4,21.4,6,-0.1
1996,4,5,39,23.7,7,-0.6
1996,5,6,40.8,25.8,7,-1.1
1996,6,78,36.1,23.8,75,-1.6
1996,7,166,31.2,22.2,135,-1.2
1996,8,132,29.6,20.7,125,-1.3
1996,9,237,30.3,20.7,120,-1
1996,10,146,30.7,18.9,126,2.1
1996,11,12,30.8,14.7,77,3.2
1996,12,0,29.8,12.8,16,2.9
1997,1,9,29.2,12.7,16,3.1
1997,2,0,32.8,14.3,4,2.6
1997,3,1,37.8,19.7,4,2.2
1997,4,19,37.4,22.3,21,2.5
1997,5,4,39.9,24.6,6,1.7
1997,6,124,34.7,23.2,120,1.9
1997,7,119,30.9,22.4,114,1
1997,8,209,30.1,21.2,140,1.3
1997,9,98,30.4,20.8,109,-1.1
1997,10,31,32.3,19.2,50,-1.6
1997,11,54,31.4,18.3,60,-0.9
1997,12,41,28.9,15.4,44,1.5
1998,1,0,30.3,15,4,1.2
1998,2,1,33.2,16,3,0.9
1998,3,3,37,19.6,5,0.6
1998,4,1,39.8,25,2,-0.4
1998,5,9,41.5,26.7,10,-1.1
1998,6,73,36.3,24.9,70,-1.7
1998,7,154,31.4,22.8,140,-1.6
1998,8,182,30.9,21.8,128,-1.1
1998,9,257,30.3,21.3,122,0.6
1998,10,70,31.3,20.5,99,1.5
1998,11,52,30.3,16.3,78,3
1998,12,0,29.3,12.8,19,2.9
1999,1,0,29.5,12.9,8,2.7
1999,2,9,34,17.4,14,2.8
1999,3,0,37.7,20.5,3,2.3
1999,4,1,39.5,25.1,3,1.7
1999,5,49,39.4,24.6,48,2.4
1999,6,103,33.6,22.6,99,2.3
1999,7,115,30.6,22,110,1.4
1999,8,77,30,21.1,74,-2
1999,9,233,29.8,20.5,122,-1.8
1999,10,125,31.7,19.3,123,1.5
1999,11,0,31,15.1,64,2.2
1999,12,0,30.1,12.1,13,1.6
2000,1,0,30.9,14.3,6,1.3
2000,2,1,32.3,15.7,5,1.1
2000,3,0,37.1,18.7,3,0.7
2000,4,2,39.8,25.5,3,-0.3
2000,5,22,38.8,24,22,0
2000,6,180,34.1,22.4,157,1.7
2000,7,108,29.9,21.8,108,1
2000,8,159,30.4,21.5,128,0.8
2000,9,118,31.1,21,119,-1.1
2000,10,23,32.3,20.9,32,-2.1
2000,11,5,32.2,15.5,10,-2.8
2000,12,8,29.6,13.2,12,-2.8
2001,1,4,30.7,14.6,7,-2.5
2001,2,0,34.4,17.7,2,-2.5
2001,3,5,37.2,20.3,6,-2.3
2001,4,9,39,23.9,10,-2.1
2001,5,9,40.3,25.3,10,-2.4
2001,6,113,34.4,22.8,108,-2
2001,7,71,31.3,22.7,69,-3.6
2001,8,118,30,21.2,113,-4
2001,9,88,31.3,21.7,84,-4.7
2001,10,71,31.1,19.4,68,-4.6
2001,11,10,31.1,16.3,10,-5
2001,12,0,30,13.6,1,-5
2002,1,2,29.2,13.2,2,-4.7
2002,2,2,34.6,17.8,2,-4.4
2002,3,4,37.7,20.9,4,-4.1
2002,4,8,39.8,24.7,8,-3.8
2002,5,14,40.7,25.6,14,-3.7
2002,6,159,34.6,22.9,151,-2.2
2002,7,32,32.1,23.4,31,-4.5
2002,8,166,29.8,21,132,-4.1
2002,9,104,31,21.5,106,-4.5
2002,10,36,32.4,20.7,39,-5.1
2002,11,2,30.8,16,5,-5.5
2002,12,0,31.2,14.8,2,-5.5
2003,1,0,31.3,15.3,2,-5.2
2003,2,11,35.1,18.4,12,-4.4
2003,3,2,37.7,20.8,3,-4.1
2003,4,3,39.8,24.7,4,-4
2003,5,3,41.2,26.2,4,-4.3
2003,6,114,36.2,24.5,109,-3.7
2003,7,108,31.2,22.5,103,-4.1
2003,8,101,30.7,21.8,96,-4.8
2003,9,110,31.4,21.9,105,-5.2
2003,10,40,32.6,20.8,38,-5.7
2003,11,1,31.8,17,1,-6.2
2003,12,2,30.3,13.9,2,-6.1
2004,1,2,30.8,14.7,2,-5.7
2004,2,0,33.9,17.1,0,-5.4
2004,3,2,39.2,22.3,2,-5.1
2004,4,4,40.3,25.2,4,-4.9
2004,5,44,39.2,24.2,42,-3.7
2004,6,146,34.9,23.3,139,-2.6
2004,7,94,31.5,22.8,89,-3.4
2004,8,217,30.3,21.5,144,-2.6
2004,9,114,30,20.5,112,-3
2004,10,36,30.6,18.8,61,-3.1
2004,11,22,31.1,16.3,31,-3.2
2004,12,0,29.7,13.3,5,-3.3
2005,1,6,30.2,14.2,9,-2.8
2005,2,2,33.5,16.7,4,-2.7
2005,3,10,36.9,20.1,11,-2.2
2005,4,19,38.8,23.8,20,-1.5
2005,5,10,40.9,25.9,11,-1.7
2005,6,141,37,25.4,135,-1.1
2005,7,227,30.8,22.1,134,1.8
2005,8,183,29.6,20.8,125,2.5
2005,9,361,30.1,20.6,120,4.4
2005,10,72,30.9,19.2,105,4.7
2005,11,0,29.2,14.4,37,4.5
2005,12,0,29,12.7,11,3.7
2006,1,0,29.7,13.7,6,3.2
2006,2,0,34,17.3,4,2.6
2006,3,19,36,19.1,21,3.1
2006,4,4,39.2,24.1,6,2.6
2006,5,64,40.4,25.4,62,3.6
2006,6,103,34.9,23.2,99,3.3
2006,7,232,30.4,21.7,146,4
2006,8,309,30.1,21.2,139,6.2
2006,9,256,30.3,20.8,118,6.5
2006,10,64,31.2,19.5,94,6.6
2006,11,32,31.2,16.4,63,7.1
2006,12,0,30.5,14.1,16,6.4
2007,1,0,30.6,14.6,7,5.8
2007,2,0,33.5,16.7,5,5.1
2007,3,0,37.5,20.6,3,4.4
2007,4,16,39.6,24.5,17,4.3
2007,5,7,40.6,25.6,9,3.4
2007,6,146,34.7,23.1,140,4
2007,7,181,31.4,22.7,136,4
2007,8,192,30.4,21.5,128,4.2
2007,9,247,30.6,21.1,117,4.6
2007,10,4,32.1,20.4,75,3.8
2007,11,16,31.1,16.3,28,2.9
2007,12,0,31,14.7,6,2.1
2008,1,0,30.1,14.1,4,1.7
2008,2,8,32.6,15.9,10,1.7
2008,3,10,37.1,20.3,11,1.8
2008,4,3,39.5,24.4,4,1.3
2008,5,3,40.2,25.2,4,-1.4
2008,6,85,35.7,24.1,81,-1.9
2008,7,105,32,23.3,100,-2.8
2008,8,183,30.1,21.2,133,-2.4
2008,9,328,29.8,20.2,114,-0.8
2008,10,23,31.4,19.7,85,-0.7
2008,11,12,31.4,16.6,28,-1
2008,12,17,31.2,14.8,24,-0.7
2009,1,0,31.4,15.4,5,-0.7
2009,2,0,35,18.2,3,-0.8
2009,3,5,37.9,21,7,-0.7
2009,4,2,40.5,25.4,4,-0.9
2009,5,36,41.1,26.1,35,0.4
2009,6,94,36.9,25.3,90,-0.4
2009,7,174,30.9,22.2,138,0.3
2009,8,177,30.9,22.1,133,0.6
2009,9,162,31.6,22,127,-0.4
2009,10,89,31.8,20,109,1.1
2009,11,136,30.8,16,109,4.7
2009,12,7,30.7,14.3,62,6.6
2010,1,6,30,14,18,6.9
2010,2,1,34.6,17.8,7,6.3
2010,3,6,38.6,21.7,10,5.8
2010,4,2,40.8,25.7,4,5
2010,5,3,42.3,27.3,5,3.8
2010,6,173,35.3,23.7,165,4.9
2010,7,188,30.6,21.9,124,5.2
2010,8,235,30.2,21.4,117,6.4
2010,9,274,30.6,21.1,119,6.9
2010,10,107,32.3,20.5,112,7.5
2010,11,72,32.5,17.7,86,9.2
2010,12,5,29.5,13.1,49,10.4
2011,1,0,29.3,13.2,12,9.4
2011,2,4,33.2,16.4,10,8.5
2011,3,1,37.3,20.5,5,7.5
2011,4,30,38.4,23.4,31,7.7
2011,5,7,40.3,25.3,9,6.5
2011,6,186,34.9,23.3,178,7.3
2011,7,151,30.7,22,135,6.5
2011,8,168,30.1,21.2,121,6.1
2011,9,258,30.9,21.3,129,6
2011,10,67,32.4,20.6,102,6.1
2011,11,2,31.6,16.8,38,5.6
2011,12,0,30.8,14.4,11,4.7
2012,1,1,30,14,7,4.1
2012,2,0,33.6,16.8,4,3.5
2012,3,0,36.9,20,3,2.9
2012,4,5,40.2,25.2,7,2.4
2012,5,6,41.3,26.3,7,1.6
2012,6,66,36.6,24.9,64,0.6
2012,7,133,31.3,22.7,128,-2.3
2012,8,167,31.1,22.2,149,-2.3
2012,9,205,31.2,21.7,128,-2.3
2012,10,74,31.7,20,96,-1.6
2012,11,10,31.4,16.6,34,-1.3
2012,12,0,31.5,15.1,9,-1.5
2013,1,3,31,15,8,-1.3
2013,2,5,34.1,17.3,8,-1.1
2013,3,4,37.1,20.3,6,-1
2013,4,12,39.5,24.4,13,-0.8
2013,5,3,41.5,26.5,5,-1.4
2013,6,215,34.6,22.9,165,2.2
2013,7,188,30.6,21.9,137,3
2013,8,102,30.3,21.4,117,2.6
2013,9,241,30.8,21.2,120,2.8
2013,10,73,31.8,20.1,99,3.4
2013,11,8,30.8,16,50,3.7
2013,12,4,29.8,13.4,15,3
2014,1,1,34.7,18.7,7,2.6
2014,2,7,32.4,15.6,11,2.5
2014,3,14,35.5,18.6,16,2.7
2014,4,8,38.8,23.7,9,2.4
2014,5,20,40.5,25.5,20,2.2
2014,6,28,37.9,26.2,28,-1.9
2014,7,194,31.5,22.9,152,-1.3
2014,8,182,30.9,22,125,-0.7
2014,9,188,31,21.5,132,-0.6
2014,10,25,32.4,20.7,90,0
2014,11,23,31.5,16.7,37,-0.2
2014,12,19,29.5,13.1,25,0.7
2015,1,8,28.9,12.9,12,0.9
2015,2,1,33.6,16.8,4,0.7
2015,3,22,36.2,19.3,23,1.5
2015,4,19,37.5,22.4,19,1.8
2015,5,24,41.1,26.1,24,1.7
2015,6,157,36,24.4,150,2.6
2015,7,72,33,24.3,70,-1.9
2015,8,109,32,23.1,104,-2.7
2015,9,203,31.4,21.9,131,-2.7
2015,10,38,33.1,21.4,69,-2.8
2015,11,37,32.6,17.8,46,-2.7
2015,12,0,32.1,15.8,6,-2.8
2016,1,1,30.8,14.8,4,-2.7
2016,2,1,34.8,19.1,3,-2.6
2016,3,11,37.2,22.1,12,-2.4
2016,4,3,38.8,25.3,5,-2.4
2016,5,29,40.5,26,28,-2.4
2016,6,111,35.4,24.1,106,-1.7
2016,7,204,28.2,22.1,108,-1
2016,8,165,29.1,21.2,125,-2.3
2016,9,223,28.4,20.9,108,-0.7
2016,10,73,28.2,18.9,98,1.7
2016,11,6,28.6,12.9,50,1.3
2016,12,3,28.8,11.5,14,0.8
2017,1,1,29.1,13.1,7,0.7
2017,2,1,33.4,16.7,5,-0.2
2017,3,2,36.4,19.6,5,-0.8
2017,4,3,39.2,23.3,4,-1.1
2017,5,11,39.8,25.7,12,-1.4
2017,6,131,32.4,22.8,125,-0.7
2017,7,133,29.6,22.3,127,-2.8
2017,8,164,29.9,21.1,120,-3.4
2017,9,203,29.6,21.1,115,-3.1
2017,10,87,29.1,19.2,103,-1.9
2017,11,9,28.6,14.6,60,-1.1
2017,12,4,28.4,12.5,16,-1.4
2018,1,1,29.3,13.8,7,-1.4
2018,2,2,31.7,17.1,6,-1.2
2018,3,6,35.8,21.3,9,-0.9
2018,4,7,38.1,24.2,9,1.9
2018,5,9,40.9,26.7,10,1.8
2018,6,154,33.5,22.9,147,2.9
2018,7,153,28.3,22,123,3.6
2018,8,120,28.6,21,117,4
2018,9,103,29.5,20.2,103,3.2
2018,10,26,32.1,20,30,2.9
2018,11,10,30.1,16.1,13,2.6
2018,12,3,28.8,12.7,5,2.1
2019,1,0,29.3,13.3,2,-2.4
2019,2,0,33.8,17,2,-2.4
2019,3,0,38.4,21.5,1,-2.4
2019,4,5,41.2,26.2,6,-2.4
2019,5,0,42.7,27.6,1,-3
2019,6,99,37.6,26,95,-2.7
2019,7,188,31.7,23,127,-1.8
2019,8,178,30.9,22,128,-1.1
2019,9,303,30.5,21,103,2.6
2019,10,249,30.8,19,101,5.6
2019,11,33,31.2,16.4,73,6.6
2019,12,7,30.6,14.2,40,7.3
