Product: Historical Climate - TerraClimate(http://www.climatologylab.org/terraclimate.html) 
Location (Lat/Lon of 4-km Grid Cell Center): 20.1042 North,77.1458 East 
Data Source: NW Climate Toolbox(https://climatetoolbox.org/tool/point-data-download)
Download Date: 07/24/2020
Variable List: 
ppt: ppt (Precipitation)
tmax: tmax (Maximum Temperature)
tmin: tmin (Minimum Temperature)
aet: aet (Actual Evapotranspiration)
PDSI: pdsi (Palmer Drought Severity Index (PDSI))
********************************************************
Year,Month,ppt(mm),tmax(degC),tmin(degC),aet(mm),PDSI(unitless)
1958,1,0,29.7,14.7,6,-0.2
1958,2,0,32.3,16.9,4,-0.5
1958,3,6,36.5,20,8,-0.7
1958,4,24,39.1,24.6,25,0.5
1958,5,9,41,27.3,10,-0.1
1958,6,109,37.7,26.3,105,-1.1
1958,7,411,28.7,21.8,132,0.9
1958,8,439,28.7,21.9,112,2.6
1958,9,152,28.3,21.3,118,1.9
1958,10,36,30.3,19.4,90,1.7
1958,11,33,29.9,15.9,62,2
1958,12,0,28.5,14,11,1.6
1959,1,3,28.6,15.1,9,1.3
1959,2,0,32.4,17,4,1
1959,3,0,37,20.4,3,-0.4
1959,4,37,38.7,24.1,38,1
1959,5,6,41.1,27.3,7,-0.3
1959,6,175,35.7,24.5,167,0.7
1959,7,366,28.7,21.1,129,1.1
1959,8,250,27.7,21.2,113,0.9
1959,9,361,28.4,21,116,2.5
1959,10,101,30.1,20,111,3.4
1959,11,4,29.2,15.1,62,4
1959,12,0,29.1,13.6,19,3.6
1960,1,17,28.4,13.6,25,3.8
1960,2,0,34.2,15.9,5,3.3
1960,3,40,34.6,19.7,42,3.8
1960,4,6,38.6,23.4,8,3.3
1960,5,19,40.6,26.3,20,3.1
1960,6,222,35.1,23.9,203,3.4
1960,7,296,29.6,22.1,122,3.1
1960,8,155,27.9,21.1,123,1.7
1960,9,177,29.6,21.5,114,1.4
1960,10,80,30.4,18.8,103,2
1960,11,4,29.2,14.1,59,2.6
1960,12,3,29.7,14.6,16,2.1
1961,1,0,29.5,14.7,7,1.7
1961,2,2,30.9,15.2,7,1.4
1961,3,19,37.1,21,21,1.4
1961,4,14,39,23.9,16,1.4
1961,5,42,40.1,26.1,42,2.3
1961,6,132,35.1,23.5,127,1.6
1961,7,402,28.5,21.4,114,2.4
1961,8,262,28.4,21.4,118,2.2
1961,9,251,28.1,20.4,115,2.5
1961,10,208,29.3,18.5,110,5.4
1961,11,0,28.7,14.8,55,5.7
1961,12,2,28,12.3,33,5.9
1962,1,3,28,11.4,14,5.4
1962,2,1,32.9,15.5,7,4.8
1962,3,30,35.4,19.3,32,4.8
1962,4,53,37.7,23.2,53,5.9
1962,5,29,40.4,25.8,30,5.9
1962,6,65,36,24.5,64,3.5
1962,7,320,29.3,21.7,132,3.1
1962,8,231,28.6,21.4,115,2.5
1962,9,352,28.7,20.6,112,3.9
1962,10,20,31,17.5,87,3.1
1962,11,41,29.3,14.5,57,3.4
1962,12,52,27.6,13.8,57,4.7
1963,1,0,28.5,12.5,8,4.1
1963,2,9,33.3,15.7,13,4
1963,3,13,35.7,19.2,16,3.6
1963,4,21,37,22.1,22,3.7
1963,5,10,40.2,25.7,11,3.1
1963,6,235,35.1,23.1,191,3.7
1963,7,263,29.7,21.5,130,3.1
1963,8,436,27.9,20.8,113,4.5
1963,9,87,29.4,20.8,108,3.1
1963,10,99,30.8,19.4,115,3.6
1963,11,0,29.6,16,38,3.4
1963,12,0,29,13.3,12,2.7
1964,1,0,28.7,13.2,7,2.1
1964,2,0,33.1,15.9,4,1.5
1964,3,10,37.4,20.4,12,1.2
1964,4,7,39.6,24.7,9,0.8
1964,5,0,40.5,26.3,2,-1.6
1964,6,190,35.9,23.9,182,-1.3
1964,7,332,29.7,21.4,124,-1.1
1964,8,244,28.1,20.7,112,-1.1
1964,9,216,29.1,20.8,109,-0.6
1964,10,34,31,19.4,92,-0.7
1964,11,0,28.7,13.7,28,-1
1964,12,0,28.6,12.1,11,-1.3
1965,1,13,29.1,14.1,18,-1
1965,2,3,32.3,16.1,6,-1
1965,3,2,35.5,19.3,4,-1.4
1965,4,23,37.9,22.9,23,-0.8
1965,5,2,41.1,26.6,3,-1.2
1965,6,167,36.2,24.2,160,-1.3
1965,7,382,29.2,21.7,135,-0.7
1965,8,212,29.2,21.5,116,-1.1
1965,9,98,29.3,20.7,116,-1.8
1965,10,5,32.2,19,63,-2.5
1965,11,0,30.5,14.4,14,-3.4
1965,12,4,29.1,13.5,11,-3.6
1966,1,15,28.7,13.4,19,-3.1
1966,2,2,33.7,16.9,5,-3.1
1966,3,25,36,19.2,26,-2.5
1966,4,7,38.4,23.5,8,-2.4
1966,5,32,39.8,25.5,32,-1.7
1966,6,51,36.3,25.1,50,-3.4
1966,7,393,30.9,23,125,-2.3
1966,8,135,28.9,21.7,120,-3.3
1966,9,236,29.8,20.8,125,-2.6
1966,10,1,32.5,19.5,81,-3.1
1966,11,45,30.1,17,57,-3
1966,12,23,28.4,13,29,-2.5
1967,1,1,28.9,13.2,6,-2.5
1967,2,1,34.1,16.2,4,-2.4
1967,3,27,34.6,20,28,-1.7
1967,4,8,38.3,23,10,-1.6
1967,5,3,41,26.4,4,-1.9
1967,6,155,35.9,24.4,148,-1.9
1967,7,361,29.4,22.1,119,-1.3
1967,8,162,28,21.4,116,-2.1
1967,9,139,28.9,21,117,-2.4
1967,10,21,31.6,18.9,81,-2.4
1967,11,3,30.1,14.7,29,-2.4
1967,12,59,28.3,16,65,1.7
1968,1,9,27.1,13.1,15,1.7
1968,2,5,31.3,16,8,1.6
1968,3,58,35.3,18.6,58,2.9
1968,4,33,37.5,21.9,34,3.5
1968,5,1,39.9,25.5,3,2.7
1968,6,94,36.3,24.5,91,1.3
1968,7,328,29.8,21.8,127,1.2
1968,8,217,27.8,21,117,0.6
1968,9,208,30.4,21.1,107,0.8
1968,10,11,31.3,17.5,82,-1.6
1968,11,10,29.7,13.9,29,-1.7
1968,12,2,28.8,13.2,11,-1.8
1969,1,1,29.1,14.5,6,-1.8
1969,2,0,33.5,18.3,4,-1.8
1969,3,0,37.9,22.3,3,-2.1
1969,4,1,39.6,24.3,3,-2.2
1969,5,8,40.4,26.5,9,-2.3
1969,6,127,36.4,24.6,122,-2.7
1969,7,316,29.5,21.4,131,-2.5
1969,8,154,28.4,20.8,112,-3.3
1969,9,322,28.1,20.8,112,-1.6
1969,10,10,31.3,18.7,81,-1.9
1969,11,30,30.4,16.6,49,-1.7
1969,12,0,29.4,12.8,9,-1.8
1970,1,6,29,14,11,-1.6
1970,2,0,32.8,17.8,4,-1.6
1970,3,2,35.8,20.4,5,-1.8
1970,4,8,38.8,24.8,10,-1.7
1970,5,18,40.9,27.2,18,-1.4
1970,6,350,33.6,22.5,167,2.8
1970,7,198,29.7,22,126,2.4
1970,8,494,28,21.2,108,4.5
1970,9,265,28.7,21,112,4.8
1970,10,15,30.8,19.1,79,3.9
1970,11,0,28.8,12.5,24,3.2
1970,12,0,28.5,10.4,10,2.7
1971,1,1,27.9,13.7,7,2.3
1971,2,2,33,15.9,6,2
1971,3,5,35.8,18.6,7,1.5
1971,4,3,39,24.3,5,1.1
1971,5,33,39.2,25.7,33,1.6
1971,6,149,32.7,23.1,143,1.2
1971,7,71,29.1,22.4,69,-2.6
1971,8,232,28.5,22.1,113,-3.6
1971,9,124,29.6,21.5,119,-4
1971,10,119,29.8,19.1,121,-2.3
1971,11,0,27.9,13.5,56,-1.4
1971,12,0,27.5,11.3,18,-1.1
1972,1,0,29,12.2,8,-1.1
1972,2,0,30.6,15.9,5,-1.1
1972,3,0,36.9,20.6,3,-1.3
1972,4,3,38.3,23.3,5,-1.4
1972,5,6,40.7,26.2,8,-1.6
1972,6,172,37.1,25.4,165,-1.5
1972,7,146,29.9,22.2,135,-2.6
1972,8,232,28.5,21.4,126,-3.7
1972,9,86,30.1,20.7,109,-4.2
1972,10,1,31.8,19.3,41,-5.1
1972,11,23,29.4,14.3,34,-4.8
1972,12,1,29.5,14.4,8,-4.9
1973,1,0,29.3,14.4,4,-4.8
1973,2,3,33.3,17.4,6,-4.4
1973,3,0,36.8,20.8,2,-4.4
1973,4,7,40.5,26,9,-4.1
1973,5,2,41.6,28.4,3,-4.3
1973,6,114,35.8,24.9,110,-4.7
1973,7,366,28.9,21.1,130,-3.8
1973,8,452,28.3,21,109,-1.5
1973,9,187,28.1,21.2,114,-1.4
1973,10,108,30,18.8,116,3
1973,11,0,28.7,13.4,62,3.6
1973,12,0,28.1,13.2,18,3
1974,1,0,28.4,12.1,8,2.6
1974,2,1,32.4,16.2,6,2.2
1974,3,3,37.3,20.6,6,1.6
1974,4,7,39.1,24.5,9,1.3
1974,5,32,39.7,25.6,32,1.7
1974,6,104,35.6,24.4,101,-1.2
1974,7,222,30.1,22.8,131,-2
1974,8,234,28.3,20.9,111,-2.3
1974,9,104,30.8,21.8,109,-2.9
1974,10,139,29.7,20,125,-0.8
1974,11,1,28.4,12.5,66,2.5
1974,12,0,27.1,12.3,21,2.5
1975,1,3,27.4,12,12,2.3
1975,2,10,31.9,15.9,14,2.4
1975,3,18,35.6,19.6,21,2.3
1975,4,0,39.2,24.4,3,1.7
1975,5,11,40.7,26.8,13,1.5
1975,6,189,34.8,23.6,181,1.4
1975,7,315,29.2,21.6,126,1.2
1975,8,329,28.1,21.4,116,1.7
1975,9,358,28.5,20.7,118,3.2
1975,10,73,29.9,20.5,98,3.5
1975,11,0,27.4,12.9,54,3.8
1975,12,0,27.9,10.5,14,3.2
1976,1,1,27.8,12.5,8,2.7
1976,2,0,32.2,16.2,4,2.3
1976,3,12,36.7,19.5,14,2
1976,4,21,37.8,23.5,22,2.1
1976,5,3,40,26.2,5,1.5
1976,6,90,34.7,23.7,87,-1.6
1976,7,355,29.4,21.6,126,-1.1
1976,8,267,28.3,21,114,-0.9
1976,9,135,28.9,20.6,107,-1.3
1976,10,0,32.1,19.6,78,-1.9
1976,11,46,30.7,18,60,-1.4
1976,12,0,29.2,14.9,8,-1.6
1977,1,0,28,13.7,5,-1.7
1977,2,6,32.5,17.3,9,-1.5
1977,3,8,37.8,21.7,10,-1.6
1977,4,4,37.7,24.6,6,-1.7
1977,5,10,39.2,26.2,11,-1.8
1977,6,207,35.7,24.3,198,-1.2
1977,7,254,29.5,22.1,128,-1.9
1977,8,266,28,21.4,114,-1.6
1977,9,115,28.6,20.9,120,-2.2
1977,10,44,31.6,19.1,97,-2
1977,11,65,29.5,18.3,79,-0.8
1977,12,8,27.9,13.3,21,-0.5
1978,1,13,27.5,13.4,19,1.3
1978,2,20,30.9,16.7,23,2
1978,3,38,34.2,19.8,39,2.6
1978,4,29,38,24.3,30,3
1978,5,4,41.1,27.5,5,2.3
1978,6,272,34.8,23.8,180,3.6
1978,7,362,28.7,21.3,130,4.5
1978,8,267,27.4,21.2,115,4.1
1978,9,52,29.2,21.8,97,2.7
1978,10,39,31.2,19.7,74,1.6
1978,11,22,30.1,17.8,33,1
1978,12,11,27.7,13.9,17,0.9
1979,1,17,28.6,16,20,1.2
1979,2,21,30.8,16.1,22,1.8
1979,3,10,35.2,19.3,11,1.5
1979,4,0,38.6,24.1,2,0.9
1979,5,24,39.5,25.2,25,1.2
1979,6,223,36.8,25.8,207,1.6
1979,7,255,29.9,22.9,139,0.7
1979,8,360,28.2,21.5,131,1.5
1979,9,164,30.4,21.8,125,1
1979,10,10,31.1,21.4,88,-0.6
1979,11,28,29.4,19.1,42,-0.9
1979,12,7,28.2,15.1,14,-1.1
1980,1,5,28.5,15.9,9,-1
1980,2,1,32.9,18.1,4,-1.2
1980,3,1,35.7,21.7,3,-1.4
1980,4,4,39.4,25.8,5,-1.5
1980,5,1,41.8,27.6,2,-1.9
1980,6,304,34.8,22.7,177,1.9
1980,7,230,29,22.3,131,1.9
1980,8,356,28.1,21.2,115,2.6
1980,9,91,29.9,21.7,113,1.5
1980,10,1,31.5,20.8,55,-1.9
1980,11,0,30.2,17.2,14,-2.7
1980,12,28,28.3,13.9,34,-2.1
1981,1,22,27.1,13.8,25,-1.4
1981,2,2,33,17.4,5,-1.4
1981,3,33,35.2,20,34,-0.6
1981,4,2,38.8,24.6,4,-0.9
1981,5,13,40.3,26.8,14,-0.9
1981,6,138,36.4,25.5,132,-1.4
1981,7,279,29,22.1,137,-1.9
1981,8,317,28,21.5,120,-1.2
1981,9,377,29.7,21.5,108,2.4
1981,10,30,30.9,20.1,89,2
1981,11,4,28.2,14.8,31,1.4
1981,12,22,27.8,13.7,32,1.6
1982,1,26,28.2,16.4,31,2.3
1982,2,5,31,17.9,8,2.1
1982,3,6,34.8,19.7,8,1.6
1982,4,17,37.2,24,18,1.7
1982,5,22,39.1,25.8,22,1.9
1982,6,95,36.1,25.4,92,-1.1
1982,7,349,30.4,23,142,-0.9
1982,8,104,28.3,21.8,116,-2.2
1982,9,186,29.8,21.5,126,-2.2
1982,10,19,31.5,20.3,85,-2.4
1982,11,14,28.3,17.6,35,-2.3
1982,12,0,29.3,15.4,9,-2.5
1983,1,0,28.1,13.9,6,-2.5
1983,2,0,30.8,17.1,4,-2.4
1983,3,4,35,21.4,6,-2.5
1983,4,1,37.6,23.7,3,-2.7
1983,5,1,40.3,27,2,-2.9
1983,6,150,36.9,26.2,144,-3
1983,7,352,30.7,22.8,131,-2.4
1983,8,395,28.5,22.3,111,-0.8
1983,9,336,28.9,21.6,101,3
1983,10,89,29.1,19.4,108,3.6
1983,11,0,27.9,13,59,4.1
1983,12,9,27.2,13.2,23,3.5
1984,1,9,28,14.7,16,3.2
1984,2,12,30.6,16.1,16,3.2
1984,3,0,36.7,20.6,3,2.5
1984,4,0,38.6,24.6,3,1.8
1984,5,0,41.3,27.9,2,1
1984,6,93,35.3,24.2,90,-2.3
1984,7,205,29.4,22.2,128,-3.1
1984,8,174,27.6,21,118,-4.1
1984,9,75,28.8,21.1,104,-4.7
1984,10,115,30.4,20,116,-3.2
1984,11,1,28.7,13.9,43,-2.4
1984,12,0,29.8,13.6,13,-2.7
1985,1,20,29.4,15.2,26,-1.8
1985,2,0,32.2,16.5,4,-1.9
1985,3,4,37.8,21.6,7,-2
1985,4,25,38.6,24.4,26,-1.3
1985,5,3,40.8,27.4,5,-1.6
1985,6,271,34.9,24,210,1.5
1985,7,342,29.4,22.1,139,2
1985,8,186,28.4,21.3,122,1.1
1985,9,61,30.2,21.7,105,-1.7
1985,10,72,29.7,18.3,98,-1.7
1985,11,3,29.5,14.1,20,-2.2
1985,12,1,29.6,14.5,9,-2.4
1986,1,2,28.4,14.3,7,-2.3
1986,2,21,31.8,17.6,24,-1.3
1986,3,0,36.5,21,3,-1.6
1986,4,9,38.9,24.5,11,-1.4
1986,5,6,40.6,26.9,7,-1.6
1986,6,212,35.6,23.8,198,-0.9
1986,7,429,29.6,21.8,130,1.8
1986,8,286,28.5,20.9,120,1.8
1986,9,67,30.8,22.1,106,0.6
1986,10,4,32.3,20,45,-2.4
1986,11,5,30.6,16.2,18,-3
1986,12,15,29.5,13.5,21,-2.7
1987,1,14,28.8,14.7,18,-2.1
1987,2,5,32.3,16.9,8,-1.9
1987,3,9,35.8,20.3,11,-1.8
1987,4,1,39.2,24.5,2,-2
1987,5,27,39.9,25.4,27,-1.2
1987,6,211,37.1,25.1,195,-0.6
1987,7,139,31.1,22.3,134,-1.8
1987,8,359,29.7,21.9,125,-2
1987,9,69,31,22.4,112,-2.8
1987,10,63,31.5,19.9,94,-2.8
1987,11,40,30,16.4,52,-2.4
1987,12,10,28.4,13.7,17,-2.3
1988,1,0,29.8,15.6,5,-2.3
1988,2,4,33.4,18.4,7,-2.1
1988,3,1,35.8,21.1,3,-2.3
1988,4,16,38.8,24.9,17,-1.8
1988,5,19,41.5,28.1,20,-1.5
1988,6,150,36.3,25,144,-1.5
1988,7,496,29.9,21.4,123,2.1
1988,8,269,29.3,21.8,114,2
1988,9,525,30.2,21.5,101,5.2
1988,10,20,30.6,18.5,93,4.3
1988,11,7,29.1,14.6,24,3.2
1988,12,3,28.8,13.2,11,2.5
1989,1,1,28.8,13.4,6,2
1989,2,0,32.7,15.7,3,1.6
1989,3,57,34.7,19.8,56,2.9
1989,4,1,38.5,23.5,3,2.2
1989,5,17,41.1,26.9,18,2
1989,6,177,34.9,23.5,170,2.1
1989,7,219,29.8,21.7,120,1
1989,8,239,28,20.9,103,-1.2
1989,9,160,29.4,21.1,121,-1.4
1989,10,9,31.4,19,88,-1.9
1989,11,0,30,15.8,15,-2.5
1989,12,17,28.2,13.3,23,-2.1
1990,1,0,30.8,13.8,5,-2.2
1990,2,2,31.9,17,5,-2.1
1990,3,6,34.2,19.8,8,-2.2
1990,4,0,38.7,24.3,2,-2.4
1990,5,73,38.2,25,71,2.1
1990,6,349,33.5,22.8,172,4.5
1990,7,293,28.7,21.4,128,4.9
1990,8,367,28.4,21.4,107,5.6
1990,9,67,29.1,21.2,96,4
1990,10,103,30.2,19.4,105,4.6
1990,11,3,29.5,16.4,47,4.6
1990,12,10,28.8,14.5,23,4
1991,1,2,28.6,13.2,8,3.4
1991,2,3,33.1,17.7,7,3
1991,3,1,36.4,20.9,4,2.3
1991,4,23,37.9,24.1,24,2.5
1991,5,2,41.1,27.7,3,1.8
1991,6,197,35,24.3,174,2.2
1991,7,256,29.7,22.1,127,1.5
1991,8,156,28.3,21,124,-1.5
1991,9,28,30.1,22,96,-2.6
1991,10,3,31.9,19.3,24,-4.3
1991,11,11,29.3,15.3,20,-4.5
1991,12,0,28.5,13,6,-4.6
1992,1,0,28.9,13.5,4,-4.4
1992,2,0,30.8,16.4,3,-4.2
1992,3,0,36.7,20.9,2,-4.3
1992,4,1,38.3,24.4,2,-4.2
1992,5,33,40.3,27,33,-3.1
1992,6,152,36.7,26,145,-3
1992,7,132,31.1,23.3,127,-4.2
1992,8,381,27.9,21.4,123,-4
1992,9,215,29.3,20.9,129,-3.4
1992,10,37,30.5,20,92,-3.1
1992,11,2,29.4,15.5,31,-3.1
1992,12,0,28.7,12.8,11,-3.2
1993,1,0,29.3,14.2,6,-3.1
1993,2,5,32.3,15.6,8,-2.8
1993,3,34,34.7,19.8,35,-1.8
1993,4,1,38.2,24.2,3,-2
1993,5,4,40.9,27.7,6,-2.2
1993,6,170,36.5,26.2,163,-1.8
1993,7,296,29.6,22.5,130,-2
1993,8,187,28.6,21.4,125,-2.6
1993,9,221,28.8,21.5,114,-2
1993,10,125,30.6,20.6,119,1.9
1993,11,0,28.8,15.9,71,2.6
1993,12,9,27.9,12.3,29,2.7
1994,1,9,29,14.7,18,2.7
1994,2,6,31.4,16.5,11,2.6
1994,3,0,37.1,20.9,4,2
1994,4,46,37.1,23.2,46,3.1
1994,5,10,40.8,27.2,11,2.6
1994,6,199,34.1,23.7,178,2.9
1994,7,445,28,21,129,4.2
1994,8,360,27.5,21,119,4.7
1994,9,210,28.7,20.6,121,4.4
1994,10,69,31.3,19.5,101,4.5
1994,11,9,29,15.2,56,4.7
1994,12,0,28.6,12,13,3.9
1995,1,22,26.8,12,28,4.2
1995,2,0,31.8,16.9,4,3.6
1995,3,54,34.8,19.9,55,4.7
1995,4,8,38,22.9,10,4.2
1995,5,15,39.2,25.8,16,3.9
1995,6,106,37.7,26.3,102,2.3
1995,7,498,29.9,22.4,142,3.8
1995,8,111,29.6,22.4,122,2
1995,9,256,29.7,21.7,124,2.3
1995,10,48,31.3,20,94,2.3
1995,11,2,30.2,14.9,38,2
1995,12,0,30.4,14.3,12,1.5
1996,1,5,29.6,15.9,11,1.3
1996,2,0,33.4,17.8,5,1
1996,3,17,37.3,21.9,19,1
1996,4,6,38.3,23.9,8,0.8
1996,5,1,40.9,27.5,3,-1.1
1996,6,55,36.7,25.3,54,-2.7
1996,7,311,30.2,22.4,129,-2.6
1996,8,242,28,21.2,117,-2.5
1996,9,274,29.4,21.3,116,-1.4
1996,10,140,30,19,121,2.6
1996,11,9,29.8,14.8,75,3.5
1996,12,0,28.9,12.8,23,3.3
1997,1,6,27.6,12.4,15,3.1
1997,2,0,31.7,14.8,6,2.6
1997,3,1,36.5,20.1,5,2
1997,4,30,36.3,22.2,31,2.6
1997,5,5,39.6,25.8,7,2.1
1997,6,133,35.2,24.2,128,1.3
1997,7,211,29.6,22.3,137,-1.7
1997,8,249,28.7,21.7,127,-2.3
1997,9,74,29.3,21.2,102,-3
1997,10,44,31.3,18.8,81,-2.8
1997,11,57,30.2,18.4,67,-1.6
1997,12,31,27.8,15.7,42,1.7
1998,1,2,28.8,14.9,9,1.5
1998,2,2,32.1,16.6,6,1.3
1998,3,19,35.7,19.8,21,1.4
1998,4,3,38.9,25.1,5,1
1998,5,4,41.6,28.1,6,0.6
1998,6,108,37.2,26.2,104,-1.3
1998,7,258,30.3,23,137,-2
1998,8,256,29.5,22.3,125,-2
1998,9,289,29.4,21.9,115,-0.8
1998,10,58,31.1,20.8,92,1.3
1998,11,47,29.3,16.4,76,2.7
1998,12,0,28.4,12.7,22,2.6
1999,1,0,27.9,12.9,9,2.2
1999,2,20,32.9,17.9,24,2.8
1999,3,0,36.8,20.8,4,2.2
1999,4,0,39.5,25.6,3,1.6
1999,5,52,39.6,26.4,51,2.7
1999,6,155,34.3,23.7,148,2.4
1999,7,199,29.5,22.1,130,1.1
1999,8,188,28.5,21.4,129,-2.3
1999,9,289,28.6,20.7,113,-1.1
1999,10,102,30.9,19.3,111,2
1999,11,0,29.9,15.1,66,2.8
1999,12,0,29,12.3,14,2.1
2000,1,0,29.6,14.4,7,1.6
2000,2,3,31.3,16.3,8,1.4
2000,3,0,36,19,3,0.9
2000,4,1,39.6,26.1,3,-1.2
2000,5,15,38.6,25.4,16,-1
2000,6,189,34.4,23.3,170,0.5
2000,7,290,28.7,21.7,129,-0.2
2000,8,242,29.1,22.1,121,-0.2
2000,9,61,30,21.3,101,-1.4
2000,10,7,32.1,21,47,-2.6
2000,11,1,31.3,15.8,13,-3.3
2000,12,1,29.7,13,8,-3.5
2001,1,13,29.2,14.7,17,-2.9
2001,2,0,33.6,18.3,3,-2.9
2001,3,21,35.7,20.1,22,-2.3
2001,4,14,37.7,23.5,15,-2
2001,5,11,40.6,27,12,-1.9
2001,6,220,34.4,23.4,190,-1
2001,7,95,29.9,22.4,97,-2.5
2001,8,211,28.4,21.4,122,-3.6
2001,9,39,30.5,22.4,87,-4.4
2001,10,49,30.7,19.5,65,-4.8
2001,11,1,29.9,16.1,9,-5.3
2001,12,0,29.3,14.1,5,-5.3
2002,1,5,28.2,13.6,8,-4.9
2002,2,3,33.5,18.3,5,-4.5
2002,3,8,36.9,21.3,10,-4.2
2002,4,10,39.1,24.9,11,-3.8
2002,5,8,40.9,27.3,9,-3.7
2002,6,283,35.1,24.1,184,-1.7
2002,7,64,31.1,23.6,110,-3.1
2002,8,304,27.7,20.8,114,-3.2
2002,9,149,29,20.9,124,-3.4
2002,10,46,31.5,20.3,96,-2.9
2002,11,3,29.7,15.8,36,-2.7
2002,12,0,30.7,15.5,12,-2.8
2003,1,0,29.8,15.2,6,-2.8
2003,2,5,34.3,19,9,-2.4
2003,3,8,36.5,20.9,10,-2.3
2003,4,3,38.9,24.7,5,-2.3
2003,5,3,41,27.4,5,-2.5
2003,6,147,36.1,25.1,141,-2.5
2003,7,215,29.7,22.2,127,-3.2
2003,8,181,29.2,22.3,124,-4.1
2003,9,126,29.8,21.7,123,-4.4
2003,10,20,31.1,19.9,85,-4.3
2003,11,1,30.6,16.7,21,-4.5
2003,12,4,29.4,14.2,12,-4.3
2004,1,9,29.1,14.6,14,-3.8
2004,2,0,32.6,17.4,4,-3.6
2004,3,6,38.1,22.5,8,-3.4
2004,4,4,40.2,26,6,-3.3
2004,5,40,39.8,26.2,40,-2.1
2004,6,111,35.9,24.9,107,-2.7
2004,7,237,30.6,23.1,141,-3.3
2004,8,183,28.4,21.4,124,-4.1
2004,9,219,29.5,21.4,116,-3.4
2004,10,46,30.2,19,95,-3
2004,11,20,30.1,16.2,52,-2.3
2004,12,0,29,13.8,12,-2.5
2005,1,19,28.4,13.9,25,-1.7
2005,2,3,32.5,17.3,7,-1.5
2005,3,32,36,20.4,34,-0.7
2005,4,17,38,23.9,18,1.4
2005,5,5,41.1,27.5,7,0.9
2005,6,102,38.4,27.4,98,-1.5
2005,7,397,29.8,22.3,129,0.8
2005,8,246,28.9,21.9,125,-0.2
2005,9,278,29.4,21.3,115,1.3
2005,10,73,30.6,19.4,105,1.8
2005,11,0,27.9,14,46,2
2005,12,0,27.7,12.5,13,1.3
2006,1,0,28.4,13.8,7,0.9
2006,2,0,33.5,18.2,4,0.6
2006,3,66,34.1,18.5,66,2.3
2006,4,5,37.8,23.6,7,1.9
2006,5,62,39.9,26.3,61,3.4
2006,6,150,36,24.9,144,2.8
2006,7,379,29.3,21.9,134,3
2006,8,477,28.4,21.5,123,4.7
2006,9,286,29.5,21.4,113,5.2
2006,10,41,31,19.8,86,4.7
2006,11,13,30,16.1,50,4.7
2006,12,0,29.7,14.4,12,4
2007,1,0,28.9,14.4,7,3.4
2007,2,0,32.7,17.5,4,2.9
2007,3,1,36.2,20.6,4,2.2
2007,4,26,38.9,24.7,27,2.6
2007,5,4,40.8,27.2,6,2
2007,6,164,35.4,24.3,158,1.9
2007,7,326,30.2,22.8,128,1.7
2007,8,288,29,22.1,117,1.8
2007,9,215,29.6,21.5,108,1.9
2007,10,2,30.5,19.3,82,1
2007,11,8,29.4,15.5,22,-1.2
2007,12,0,29.9,14.6,7,-1.6
2008,1,0,28.8,14.2,5,-1.7
2008,2,4,31.2,16,7,-1.6
2008,3,34,35.7,20.1,34,-0.7
2008,4,2,38.2,24,4,-0.9
2008,5,2,40.1,26.5,4,-1.3
2008,6,114,35.7,24.7,110,-1.9
2008,7,240,30.1,22.6,138,-2.6
2008,8,241,28.8,21.9,122,-2.9
2008,9,308,29,20.9,109,-1.3
2008,10,21,31.2,19.9,84,-1.5
2008,11,6,30.6,16.7,30,-1.7
2008,12,2,30.4,15.1,12,-1.8
2009,1,0,30.7,16.2,6,-1.9
2009,2,0,34.6,19.3,4,-1.9
2009,3,10,37.2,21.6,12,-1.8
2009,4,2,39.5,25.4,3,-1.9
2009,5,45,41.4,27.8,45,-0.6
2009,6,147,38.5,27.5,140,-1.1
2009,7,303,29.9,22.4,131,-1.3
2009,8,207,29.6,22.7,126,-1.7
2009,9,106,30.9,22.8,118,-2.4
2009,10,74,31,19.7,103,-1.6
2009,11,78,30.1,16.2,89,2.3
2009,12,10,29.9,14.7,33,2.8
2010,1,14,28.4,13.8,23,3
2010,2,1,33.6,18.4,7,2.7
2010,3,27,38.1,22.5,29,2.9
2010,4,2,40.2,26,4,2.3
2010,5,1,42.4,28.8,3,1.6
2010,6,165,36.8,25.8,159,1.4
2010,7,431,29.7,22.2,122,2.5
2010,8,416,28.8,21.9,113,3.8
2010,9,226,30,21.9,117,3.7
2010,10,52,31.6,20.4,92,3.6
2010,11,44,31.9,18,69,4.5
2010,12,4,28.4,13.1,24,4.4
2011,1,0,27.3,12.8,9,3.8
2011,2,6,32.2,17,11,3.6
2011,3,5,36.2,20.6,9,3.1
2011,4,55,37.3,23.1,55,4.4
2011,5,8,40.5,26.9,10,3.8
2011,6,167,35.7,24.6,160,3.3
2011,7,282,29.6,22.1,127,2.5
2011,8,234,28.5,21.6,109,2
2011,9,240,29.5,21.4,118,2.3
2011,10,14,31.6,20.4,83,1.6
2011,11,1,30.4,16.5,21,0.8
2011,12,0,29.5,14.3,9,-1.6
2012,1,5,28.6,14,10,-1.5
2012,2,0,32.5,17.2,4,-1.5
2012,3,0,35.9,20.2,3,-1.8
2012,4,2,39.6,25.4,4,-1.9
2012,5,6,41.4,27.8,7,-2
2012,6,147,36.7,25.7,141,-2.2
2012,7,355,29.4,21.9,125,-1.6
2012,8,214,29,22.1,126,-2
2012,9,284,29.8,21.6,114,-0.8
2012,10,44,30.8,19.5,91,-0.6
2012,11,6,29.4,15.5,42,1.1
2012,12,0,30,14.8,12,-0.4
2013,1,15,28.9,14.3,21,0.8
2013,2,6,32.6,17.3,10,0.8
2013,3,5,36.1,20.5,8,-0.2
2013,4,18,38.6,24.4,19,0.3
2013,5,1,41.7,28.1,3,-0.5
2013,6,372,34.3,23.3,174,2.9
2013,7,411,29.2,21.7,123,4.9
2013,8,234,28.6,21.6,117,4.1
2013,9,178,30.2,22,114,3.6
2013,10,95,31,19.8,103,4.3
2013,11,2,29.3,15.4,65,4.8
2013,12,1,28.7,13.5,18,4.2
2014,1,2,34,19.5,10,3.7
2014,2,14,31.4,16.2,19,3.8
2014,3,49,34.3,18.7,50,4.7
2014,4,12,37.9,23.8,14,4.4
2014,5,20,40,26.4,21,4.2
2014,6,43,38.8,27.7,42,1.5
2014,7,383,31.2,23.7,151,1.8
2014,8,152,30.3,23.3,124,-2.5
2014,9,205,29.9,21.8,123,-2.2
2014,10,7,31.8,20.6,80,-2.5
2014,11,9,30.6,16.7,27,-2.7
2014,12,2,28.5,13.3,11,-2.8
2015,1,26,27.3,12.7,30,-1.8
2015,2,2,32.7,17.5,6,-1.7
2015,3,59,34.9,19.3,58,2.1
2015,4,40,36.7,22.6,40,3
2015,5,8,40.9,27.3,9,2.5
2015,6,246,36.1,25.1,182,3.4
2015,7,159,32.4,25,158,1.8
2015,8,333,30.2,23.3,130,1.5
2015,9,202,30.3,22.2,125,1.4
2015,10,13,32.6,21.4,83,0.8
2015,11,3,31.7,17.8,23,-1.9
2015,12,0,31.1,15.8,9,-2.1
2016,1,1,29.2,13.9,6,-2.2
2016,2,1,33.1,19,5,-2.1
2016,3,7,35.3,21.4,10,-2.1
2016,4,2,37.7,25,4,-2.1
2016,5,27,39.7,26.3,27,-1.9
2016,6,211,35.2,24.9,175,-1.4
2016,7,453,27.2,21.9,100,-1.2
2016,8,172,28.4,21.7,116,-2.3
2016,9,207,27.9,21.6,101,1.8
2016,10,76,28.3,19.3,100,1.9
2016,11,1,27.8,13.6,55,2
2016,12,0,28.1,11.8,14,1.3
2017,1,0,28,12.7,7,0.9
2017,2,0,32.5,16.5,4,0.6
2017,3,2,35.2,19.9,4,-1.1
2017,4,1,38.1,23.8,3,-1.4
2017,5,13,39.7,26.8,14,-1.4
2017,6,216,33.6,23.8,172,-0.6
2017,7,259,29,22.4,129,-1.8
2017,8,264,29.6,22,122,-2.6
2017,9,194,29.8,22,116,-2
2017,10,49,29.4,20.1,91,-1.5
2017,11,10,28.2,15.4,49,-1.1
2017,12,1,28.4,13.6,13,-1.4
2018,1,0,28.7,13,7,-1.5
2018,2,2,30.8,17.1,6,-0.9
2018,3,6,34.8,20.6,9,-1
2018,4,20,37,23.8,21,0.7
2018,5,10,41.1,27.9,11,0
2018,6,304,34.5,23.9,177,0.7
2018,7,365,28,22,122,-0.7
2018,8,210,28,21.6,116,-1.2
2018,9,102,29.6,21.2,112,-1.3
2018,10,9,31.9,20,73,-1.8
2018,11,3,29.8,16.8,17,-2.1
2018,12,1,27.6,13.3,8,-2.2
2019,1,0,27.8,13.2,5,-2.3
2019,2,0,32.7,17.4,3,-2.2
2019,3,1,37.6,21.9,3,-2.4
2019,4,14,40.3,26.2,15,-2.1
2019,5,0,42.7,29.1,1,-2.4
2019,6,128,38.8,27.8,122,-2.8
2019,7,390,30.7,23.3,132,-1.9
2019,8,289,29.2,22.2,113,-1.4
2019,9,299,29.6,21.5,90,2.1
2019,10,160,30.8,19.6,103,4.1
2019,11,20,30.2,16.3,69,5
2019,12,9,29.1,13.8,43,5.7
