Product: Historical Climate - TerraClimate(http://www.climatologylab.org/terraclimate.html) 
Location (Lat/Lon of 4-km Grid Cell Center): 20.2708 North,86.1875 East 
Data Source: NW Climate Toolbox(https://climatetoolbox.org/tool/point-data-download)
Download Date: 07/24/2020
Variable List: 
ppt: ppt (Precipitation)
tmax: tmax (Maximum Temperature)
tmin: tmin (Minimum Temperature)
aet: aet (Actual Evapotranspiration)
PDSI: pdsi (Palmer Drought Severity Index (PDSI))
********************************************************
Year,Month,ppt(mm),tmax(degC),tmin(degC),aet(mm),PDSI(unitless)
1958,1,27,29,16,63,0.8
1958,2,46,30.2,18.8,75,1.4
1958,3,8,34.7,21.5,47,1.1
1958,4,12,36.3,25.4,28,0.7
1958,5,10,36.4,27.4,20,-1.3
1958,6,131,36.2,27.3,129,-2
1958,7,400,31.5,25.8,109,-1.8
1958,8,286,31.6,25.9,113,-2
1958,9,289,31.9,25.3,104,-1.5
1958,10,305,30.7,23.4,105,-0.6
1958,11,166,28.9,18.9,106,2.5
1958,12,0,27.5,15.8,55,2.4
1959,1,17,27.6,15.8,56,2.7
1959,2,10,29.7,17.7,55,2.5
1959,3,2,33.5,21.6,32,1.8
1959,4,32,35.7,25.4,44,1.9
1959,5,102,36.3,26.8,105,2.1
1959,6,170,33.5,26,144,1.6
1959,7,314,30.8,25.6,101,0.9
1959,8,336,31,25.5,108,0.8
1959,9,209,30.8,25.1,94,-1
1959,10,361,29.5,23.4,92,1.2
1959,11,0,27.9,17.1,60,-0.6
1959,12,6,26.3,14.4,47,-0.7
1960,1,0,27.5,14.8,41,-1
1960,2,0,31.6,17.9,28,-1.7
1960,3,26,32.2,20.9,38,-1.6
1960,4,3,36.8,25.3,11,-2
1960,5,41,36,27.1,45,-2.1
1960,6,213,34.2,26.4,137,-1.8
1960,7,461,30.5,25.5,100,-0.6
1960,8,345,31.5,26.3,109,1
1960,9,191,31.1,25.8,96,-0.5
1960,10,156,30.5,22.7,106,-0.7
1960,11,3,28,16.9,62,-1.2
1960,12,6,27.7,14.5,46,-1.2
1961,1,40,27.7,15.7,61,0.6
1961,2,69,27.8,17.4,80,1.8
1961,3,1,33.5,24,32,1.2
1961,4,2,36.2,25.4,16,0.6
1961,5,105,36,26.8,108,1.1
1961,6,217,33,25.5,131,1.2
1961,7,341,30.7,25.2,100,1.2
1961,8,473,31.5,26,105,1.9
1961,9,441,31,25.2,97,3.5
1961,10,176,30.3,22.4,104,3.1
1961,11,1,27.5,16.4,62,2.2
1961,12,0,25.7,12.4,46,1.6
1962,1,6,26.7,13,41,1.2
1962,2,15,29.5,17.2,41,0.6
1962,3,44,34.4,20.7,55,0.9
1962,4,47,35.2,24.7,53,1.3
1962,5,17,35.5,26.1,22,-1
1962,6,191,33.2,25.7,128,-0.9
1962,7,378,31.7,25.7,111,-0.7
1962,8,139,31.1,25.5,107,-1.8
1962,9,279,31.7,25.4,106,-1.5
1962,10,335,29.7,22.4,110,1.1
1962,11,1,28.3,16.6,59,-0.6
1962,12,0,27,14.2,48,-0.8
1963,1,0,27.1,13.4,38,-1.2
1963,2,0,31.4,17.8,26,-1.9
1963,3,14,33.9,21,26,-2.1
1963,4,41,34.8,23.5,47,-1.5
1963,5,120,34.9,25.5,120,-0.6
1963,6,170,33.3,25.7,134,-0.7
1963,7,262,31.1,25.8,104,-1.5
1963,8,391,31.5,25.8,109,-1.2
1963,9,297,32.2,25.5,106,-0.7
1963,10,363,30.6,23,103,1.6
1963,11,11,28.9,18,65,1
1963,12,0,27.3,15.2,47,0.6
1964,1,1,27.9,15.8,41,-1
1964,2,21,30.6,18.9,48,-1.2
1964,3,6,34.6,23.1,20,-1.7
1964,4,33,35,25.3,40,-1.4
1964,5,90,35.9,26.4,91,-1
1964,6,104,34.1,26.2,103,-1.8
1964,7,509,30.5,25.2,121,-0.9
1964,8,389,31.1,25.6,104,0.3
1964,9,262,31.5,25.4,102,0.9
1964,10,122,29.9,23.7,106,-0.4
1964,11,16,28.1,18.4,70,-0.8
1964,12,0,27.1,14.9,48,-1
1965,1,11,27.7,15.7,46,-1.1
1965,2,13,30.1,17.9,42,-1.4
1965,3,28,32.9,20.4,41,-1.2
1965,4,28,34.8,24.6,35,-1.1
1965,5,27,36.1,26.9,31,-1.5
1965,6,96,34.7,26.7,96,-2.5
1965,7,406,31.2,25.6,113,-2.4
1965,8,323,31.2,25.7,122,-2.3
1965,9,257,31.6,25.4,102,-2
1965,10,147,30.7,22.9,110,-2.1
1965,11,0,29.4,18,61,-2.5
1965,12,5,26.5,15.8,53,-2.5
1966,1,78,26.9,15.7,82,-0.8
1966,2,21,31.5,18.9,53,-0.6
1966,3,1,34.1,22,24,-1
1966,4,9,36.4,25.5,21,-1.3
1966,5,12,37.2,27.4,19,-2
1966,6,222,33.7,26,142,-1.6
1966,7,312,32.2,25.9,112,-1.7
1966,8,242,31.6,25.7,115,-2.2
1966,9,277,31.4,25.1,114,-1.9
1966,10,133,30.2,22,114,-2.1
1966,11,161,28.8,18.9,99,1.5
1966,12,1,26,14.4,55,1.6
1967,1,55,26.7,16.2,76,2.8
1967,2,0,30.9,18.4,52,2.6
1967,3,48,31.3,21.4,77,3.3
1967,4,47,35.1,23.4,62,3.6
1967,5,12,36.3,26.7,22,2.4
1967,6,216,34.8,26.2,151,2.2
1967,7,406,31.6,25.8,116,2.4
1967,8,336,31.1,25.6,114,2.1
1967,9,293,31.2,25.5,103,2.2
1967,10,50,30.4,22.2,91,1.1
1967,11,2,28.4,16.1,50,-1.4
1967,12,4,27.9,15.9,40,-1.8
1968,1,24,27.1,15,49,-1.7
1968,2,43,29.7,17.7,59,-1.3
1968,3,36,33.4,21.8,47,-1.1
1968,4,7,34.7,24.1,14,-1.5
1968,5,9,36.5,26.5,14,-2.3
1968,6,317,32.5,25.6,133,-1
1968,7,372,30.9,25.9,117,1.9
1968,8,182,31.7,25.9,126,0.6
1968,9,294,32.3,25.8,115,0.8
1968,10,500,29.9,22.4,107,2.8
1968,11,115,28.3,18.2,98,3.4
1968,12,0,27.5,15.1,59,3.2
1969,1,2,27.6,14.5,52,3
1969,2,0,31,19,46,2.3
1969,3,21,34.3,23.4,41,1.9
1969,4,8,36.1,25.4,19,1.2
1969,5,58,35.6,25.6,63,1
1969,6,108,34,26.4,108,-1.7
1969,7,413,31,25.7,111,-1.6
1969,8,401,30.8,25.4,120,-1.1
1969,9,233,31.4,25.5,105,-1.2
1969,10,100,30.4,22.7,108,-1.7
1969,11,107,29.2,18.4,96,-0.8
1969,12,3,26.8,14.6,58,0.3
1970,1,2,27,15.7,48,1
1970,2,40,30.5,18.8,68,1.5
1970,3,75,32.6,22.9,95,2.8
1970,4,23,35.4,25.4,39,2.6
1970,5,102,36.5,26.9,107,2.8
1970,6,404,32.8,25.1,132,4.4
1970,7,338,31.3,25.3,116,4.9
1970,8,409,31.2,25.6,108,4.8
1970,9,124,31.1,25.7,109,3
1970,10,205,29.8,22.9,106,2.8
1970,11,25,28,17.6,78,2.2
1970,12,0,26.4,13.5,49,1.7
1971,1,10,26.6,16,47,1.3
1971,2,57,29.3,17.9,75,1.7
1971,3,7,33.1,20.5,24,1
1971,4,48,32.5,23.5,55,1.4
1971,5,96,33.9,24.8,98,1.8
1971,6,474,31.5,24.7,122,4.2
1971,7,310,30.3,25.3,111,4.5
1971,8,326,30.1,25.2,112,3.9
1971,9,208,31.7,25.5,112,3
1971,10,368,29.8,22.9,106,3.8
1971,11,11,27.1,16.8,68,3
1971,12,0,26.7,14,46,2.4
1972,1,0,27.1,14.5,39,1.7
1972,2,24,27.8,16.7,50,1.3
1972,3,0,33.4,22.1,14,-1.9
1972,4,10,35.2,24.5,18,-2.1
1972,5,16,37,27.5,21,-2.8
1972,6,115,35.6,26.4,114,-3.5
1972,7,248,32.1,25.8,133,-4.3
1972,8,385,31.1,25.4,124,-4.4
1972,9,415,32.4,25.1,121,-2.6
1972,10,110,30.7,22,112,-2.9
1972,11,15,28.8,17.7,73,-3.1
1972,12,0,28.4,14.7,49,-3.1
1973,1,0,28.7,15.7,38,-3.3
1973,2,2,31.3,19.3,23,-4
1973,3,51,32.9,21.4,60,-3.1
1973,4,13,36.4,26.1,19,-3.2
1973,5,97,35.3,26.2,98,-2.5
1973,6,74,33.9,25.8,74,-3.4
1973,7,412,31.2,25.6,105,-3.1
1973,8,416,31.3,25.5,108,-2.3
1973,9,180,31.1,25.6,103,-2.8
1973,10,342,30,23.4,103,-1.5
1973,11,52,27,18.7,83,-1.3
1973,12,50,25.5,15.3,70,2.2
1974,1,0,26.4,14.4,48,2.1
1974,2,0,30,17.1,49,1.7
1974,3,82,33,22.7,97,2.9
1974,4,6,34.6,25.6,18,2.1
1974,5,42,35.3,26.3,48,1.5
1974,6,130,34.3,25.9,128,0.6
1974,7,246,31,25.7,111,-2.4
1974,8,401,31.4,25.8,108,-2.3
1974,9,253,31.5,25.2,105,-2.1
1974,10,301,30.7,23.6,103,-1.1
1974,11,42,28.4,19,82,-1.1
1974,12,0,25.5,13.5,53,-1.1
1975,1,2,26.6,14.6,41,-1.3
1975,2,19,30,18.4,49,-1.4
1975,3,15,34.2,22.3,30,-1.7
1975,4,10,36.1,25.2,19,-1.9
1975,5,29,36.5,26.5,34,-2.4
1975,6,307,33.5,25.6,141,-1.2
1975,7,250,30.5,25.2,126,-1.4
1975,8,419,31.3,25.6,126,-0.9
1975,9,233,30.8,24.9,105,-1
1975,10,250,30.5,23.7,105,0.4
1975,11,77,27.2,17.6,92,1.1
1975,12,0,26,13.2,54,1.2
1976,1,0,26.8,14.4,46,0.9
1976,2,11,29.7,18.8,46,0.7
1976,3,17,33.2,22.9,37,-0.2
1976,4,23,35.6,24.7,33,-0.1
1976,5,71,35.4,25.8,75,0
1976,6,102,34.3,25.8,102,-1.2
1976,7,388,31.4,25.2,120,-1.4
1976,8,643,30.9,25.1,115,1.8
1976,9,142,31.8,25.1,107,-1.1
1976,10,98,31.4,22.9,99,-1.5
1976,11,94,29.9,20.1,102,-0.9
1976,12,0,27.5,14.6,54,-0.6
1977,1,1,27.3,15,44,-0.6
1977,2,8,30.1,17.8,48,-0.7
1977,3,0,34.2,23.3,20,-1.2
1977,4,29,34,24.7,38,-1
1977,5,112,33.9,24.8,114,0.7
1977,6,196,33.1,25.6,147,-0.1
1977,7,429,30.9,25.7,113,1
1977,8,398,31.5,25.9,119,1.2
1977,9,299,31.7,25.5,118,1.3
1977,10,112,30.2,22.6,114,0.6
1977,11,130,28.5,20.1,91,1.7
1977,12,5,25.9,14.6,53,1.8
1978,1,3,26.1,14.2,52,1.8
1978,2,10,28.9,17.8,49,1.7
1978,3,40,32.6,20.7,68,2
1978,4,25,34.9,24,38,1.9
1978,5,76,35.7,26.3,81,1.8
1978,6,111,33.3,25.8,111,0.8
1978,7,344,31.1,25.1,107,-1.3
1978,8,264,31.2,25.7,106,-1.6
1978,9,252,31,25.5,106,-1.5
1978,10,243,30.5,23.5,115,-1.1
1978,11,26,29.4,19.2,70,-1.2
1978,12,54,27,15.1,71,1.3
1979,1,7,27.6,16,52,1.3
1979,2,36,28.6,18.1,63,1.8
1979,3,2,33.1,21.6,32,1.3
1979,4,53,35.6,25.1,65,1.9
1979,5,28,37.4,26.8,35,1.1
1979,6,124,34.4,26.5,124,-1.3
1979,7,273,32.3,26.3,136,-2.3
1979,8,224,31.6,26.3,133,-3.4
1979,9,196,32.1,25.8,114,-3.7
1979,10,105,31,23.1,113,-4
1979,11,8,29.9,20.7,62,-4.1
1979,12,10,26.3,16.4,50,-3.8
1980,1,30,27.1,16.3,55,-3
1980,2,46,29.4,19.3,66,-2.3
1980,3,26,32.6,23.1,45,-2
1980,4,18,36,26.3,28,-1.9
1980,5,63,35.8,26,67,-1.8
1980,6,357,33,26,106,1.9
1980,7,376,30.8,25.8,112,3
1980,8,318,31.2,26,119,2.5
1980,9,351,31.6,25.9,107,3.1
1980,10,170,30.1,22.9,112,2.6
1980,11,3,28.8,17.9,64,1.8
1980,12,12,26.9,16,48,1.6
1981,1,11,25.8,15.9,47,1.3
1981,2,18,29,19.2,48,1
1981,3,54,31.4,22,68,1.6
1981,4,40,32.8,24.4,48,1.8
1981,5,150,34,25.7,144,2.9
1981,6,141,33.8,26.4,135,2.1
1981,7,266,30.7,25.9,115,0.8
1981,8,309,31.5,26,121,-2
1981,9,400,31.4,25.7,108,1.3
1981,10,23,31.4,22.7,84,-1
1981,11,0,29.1,17.3,57,-1.8
1981,12,31,25.7,15.4,51,-1.7
1982,1,0,27.8,16,27,-2.2
1982,2,48,28.9,19.5,58,-1.7
1982,3,49,31.5,21.9,57,-1.1
1982,4,17,34.6,24.7,22,-1.2
1982,5,28,36.8,26.4,32,-1.7
1982,6,210,34.1,26,154,-1.6
1982,7,199,32.5,26.6,137,-2.7
1982,8,466,30.8,25.6,112,-2.3
1982,9,217,32.1,25.5,124,-2.6
1982,10,58,31.3,22.5,94,-3.1
1982,11,45,28.1,18,71,-2.9
1982,12,0,26.8,14.2,42,-3
1983,1,4,26.7,15.4,38,-3
1983,2,103,28.8,19.2,98,-1
1983,3,25,32.4,23.3,50,-0.7
1983,4,29,35.2,24.7,41,1.7
1983,5,98,35.6,25.8,101,2
1983,6,155,35.2,26.6,149,1.2
1983,7,255,32.1,26.2,124,-1.6
1983,8,515,31.4,26.1,114,-0.9
1983,9,265,31.4,25.8,107,-0.8
1983,10,206,30.1,23.2,110,-0.6
1983,11,6,28.7,18,69,-1.1
1983,12,14,26.3,14.6,52,-1
1984,1,12,26.8,15.9,45,-1
1984,2,14,28.4,17.9,44,-1.1
1984,3,0,34.1,21.3,16,-1.8
1984,4,18,35.6,24.9,27,-1.7
1984,5,34,35.7,27.1,38,-2.2
1984,6,277,32.3,25.4,116,-1.1
1984,7,395,30.9,25.3,121,1.7
1984,8,600,31.4,25.7,118,3
1984,9,206,31.5,25,126,2.1
1984,10,91,30.9,23.3,103,1.2
1984,11,1,28.5,16.4,64,-1.8
1984,12,1,27.3,15,41,-2.1
1985,1,13,27.3,16.6,41,-2.1
1985,2,39,29.9,18,57,-1.8
1985,3,3,33.9,23.9,17,-2.3
1985,4,13,36.2,25.9,21,-2.4
1985,5,37,35.8,25.9,41,-2.6
1985,6,165,34.2,26.1,145,-2.7
1985,7,286,30.7,25.1,110,-3.3
1985,8,452,31.7,25.8,118,-2.5
1985,9,305,31.4,25.3,104,-1.8
1985,10,339,30.5,22.2,109,-0.6
1985,11,2,28.8,17.3,64,-1.1
1985,12,0,27.8,15.3,46,-1.4
1986,1,37,27,15.7,60,-0.8
1986,2,15,30.1,18.3,43,-0.9
1986,3,5,34.2,21.8,22,-1.4
1986,4,44,35.2,24.4,52,-0.8
1986,5,87,35.8,25.4,89,0.3
1986,6,307,34,25.8,131,1.6
1986,7,447,31.3,25.2,123,2.8
1986,8,363,32.2,25.5,128,2.6
1986,9,290,31.7,25.2,112,2.5
1986,10,215,30.4,22.4,115,2.4
1986,11,323,28.1,19.2,88,5.9
1986,12,16,26.9,16.3,60,6
1987,1,5,27.4,15.4,57,5.6
1987,2,1,30,18.4,48,4.9
1987,3,5,32.6,21.7,31,4
1987,4,24,35.1,25,36,3.6
1987,5,59,35.6,25.6,65,3.1
1987,6,77,35.4,26.9,79,1.5
1987,7,302,31.8,25.9,135,-2.6
1987,8,334,32,25.9,129,-2.8
1987,9,118,32.3,26,119,-4
1987,10,143,31.6,23.1,120,-3.9
1987,11,106,28.8,19.4,94,-2.8
1987,12,5,27.4,16.2,63,-2.1
1988,1,0,27.8,15.9,50,-1.9
1988,2,19,30.5,19.1,55,-1.5
1988,3,18,33,22.8,43,-1.5
1988,4,30,35.5,25.2,41,-1.1
1988,5,86,35.2,27.1,89,-0.7
1988,6,171,33.3,26,128,-0.8
1988,7,448,31.3,25.9,115,1.3
1988,8,206,31.5,26.2,116,-0.9
1988,9,334,32.4,25.8,106,1
1988,10,122,30.9,23.1,118,-0.5
1988,11,36,28.6,18.5,80,-0.7
1988,12,0,27.3,17,50,-0.8
1989,1,0,26.5,14.5,41,-1.1
1989,2,1,29.7,18.6,31,-1.8
1989,3,6,33.1,21.6,20,-2.1
1989,4,5,36.4,25.7,13,-2.4
1989,5,178,36.3,26.9,166,1.6
1989,6,309,33.4,25.4,136,2.5
1989,7,483,31.5,25.8,112,4.2
1989,8,373,31.9,26,108,4
1989,9,241,31.6,25.7,105,3.4
1989,10,84,30.5,23.8,96,2.4
1989,11,0,28.9,18.4,63,1.5
1989,12,0,26.5,14.5,44,0.8
1990,1,0,27.4,16.1,36,-2.2
1990,2,49,29,19.9,60,-1.7
1990,3,77,30.6,22.4,84,1.5
1990,4,50,33.7,25.5,56,2
1990,5,106,34,25.5,105,2.6
1990,6,222,33.2,25.9,112,2.7
1990,7,367,30.8,25.5,105,2.8
1990,8,407,31.8,26.1,117,2.9
1990,9,196,31.9,26.1,104,2
1990,10,152,29.6,22.8,103,1.6
1990,11,55,29,20,81,1.5
1990,12,2,27.3,15.9,57,1.5
1991,1,63,26.2,16.5,72,2.7
1991,2,5,30.8,20.1,52,2.4
1991,3,17,33.1,23.8,44,2.1
1991,4,16,34.8,25.5,29,1.9
1991,5,20,35,27,28,1
1991,6,159,33,25.2,135,-1
1991,7,552,31.8,26,112,1.3
1991,8,387,31.7,25.9,116,1.4
1991,9,182,31.7,25.2,119,-0.8
1991,10,147,30,23.1,99,-1
1991,11,125,27.6,17.7,95,1
1991,12,8,25.8,14.4,57,1.4
1992,1,14,25.3,15,55,1.7
1992,2,37,27.8,18.6,65,2.3
1992,3,0,33.1,22.8,41,1.9
1992,4,7,36.3,25,24,1.4
1992,5,201,35.3,25.6,163,3.3
1992,6,179,34.1,25.7,145,3
1992,7,398,31.6,25.7,123,3.1
1992,8,384,31.5,25.6,116,3
1992,9,241,31.8,25.3,115,2.4
1992,10,187,30.7,22.7,116,2.1
1992,11,9,28.8,18.3,67,1.4
1992,12,0,26,13.7,47,0.9
1993,1,3,27,15.9,41,-1.3
1993,2,4,29.4,19.3,30,-1.9
1993,3,12,32.4,21.1,25,-2.2
1993,4,57,34.1,24.3,63,-1.1
1993,5,54,34.6,25.8,57,-1.2
1993,6,287,33.6,26.3,138,1.3
1993,7,319,31.7,25.9,121,1.3
1993,8,470,31.3,25.9,122,1.9
1993,9,231,31.5,25.1,113,1.4
1993,10,129,30.9,23,106,0.9
1993,11,23,28.4,18.1,69,-0.3
1993,12,0,26.6,14.7,49,-1
1994,1,2,27.4,15.7,44,-1.2
1994,2,40,27.9,19.1,57,-0.8
1994,3,2,33.5,23,21,-1.3
1994,4,39,35,24.5,48,-0.7
1994,5,30,36.2,26.4,36,-1.2
1994,6,170,33.1,25.9,130,-1.3
1994,7,296,31,25.6,111,-1.8
1994,8,486,31.1,25.6,105,-0.7
1994,9,257,32.3,25,114,-0.7
1994,10,155,31.2,22.6,104,-0.9
1994,11,11,27.9,18.3,62,-1.2
1994,12,0,26.7,14,48,-1.3
1995,1,27,26,15.1,54,-0.9
1995,2,20,29.5,18.9,49,-0.8
1995,3,20,33.3,22.1,38,-0.8
1995,4,6,36.2,25.1,16,-1.1
1995,5,68,35.1,26.4,72,-0.9
1995,6,98,34.5,26.9,98,-1.7
1995,7,247,31.6,25.2,121,-2.7
1995,8,216,32.2,25.8,125,-3.8
1995,9,322,31.6,25.5,115,-3
1995,10,406,30.8,23,101,-1.2
1995,11,271,28.2,19.4,101,4.7
1995,12,0,26.8,14.5,55,4.4
1996,1,35,27.1,16.4,62,4.9
1996,2,7,29.9,17.9,54,4.5
1996,3,1,33.6,23.5,35,3.7
1996,4,27,35.4,24.5,41,3.5
1996,5,32,36.7,26.6,40,2.6
1996,6,184,33.8,24.9,144,2.2
1996,7,197,32.1,25.3,126,0.7
1996,8,226,31.4,25.1,120,-3.1
1996,9,79,31.9,25.8,105,-4.4
1996,10,140,31.2,22,115,-4.5
1996,11,15,29.8,17.6,66,-4.5
1996,12,0,27.2,14,48,-4.5
1997,1,42,26.5,14.5,60,-3.4
1997,2,9,28.7,17.9,39,-3.5
1997,3,39,32.7,22.8,52,-2.9
1997,4,83,33.2,22.5,88,-1.1
1997,5,30,36,25.7,35,-1.5
1997,6,175,35.1,26.3,148,-1.7
1997,7,292,32.2,25.6,125,-2.3
1997,8,714,31.8,25.7,124,2.1
1997,9,327,32,25.2,119,2.4
1997,10,44,31.3,22.1,90,1.3
1997,11,29,29.7,19.6,65,0.7
1997,12,40,26.3,16.6,60,1.2
1998,1,17,25.9,16.6,45,1.1
1998,2,42,29.3,19.6,58,1.4
1998,3,62,32.3,21.6,79,2.3
1998,4,66,34.5,24.8,74,3.2
1998,5,49,36.3,26.7,54,2.6
1998,6,231,35.7,26.5,139,2.6
1998,7,346,32.2,25.4,120,2.4
1998,8,281,31.8,26.2,123,1.7
1998,9,331,32.6,25.6,115,2.1
1998,10,386,32.1,24.1,108,3.2
1998,11,160,28.9,20.1,100,4.3
1998,12,0,27,14.4,60,4.1
1999,1,0,27.4,14.6,51,3.7
1999,2,0,31.3,19.2,45,2.9
1999,3,0,34.6,22.8,21,2
1999,4,0,36.6,26.7,12,1.1
1999,5,191,35.3,25.8,158,2.9
1999,6,226,34,25.6,133,3.1
1999,7,282,32.3,25.4,120,2.5
1999,8,442,31.4,25.8,120,2.8
1999,9,276,31.7,25.1,116,2.6
1999,10,234,31.3,23.3,107,2.6
1999,11,26,29.5,17.4,72,2.1
1999,12,0,27.6,15,52,1.7
2000,1,1,27.3,15.7,44,1.1
2000,2,22,28,19.4,45,0.9
2000,3,1,32.2,22.3,16,-1.4
2000,4,10,35.3,25.1,18,-1.7
2000,5,86,35.4,26,88,-1.2
2000,6,250,33.6,25,127,0.5
2000,7,271,31.9,25.5,110,-0.3
2000,8,135,32.1,25.5,120,-1.6
2000,9,95,31.8,25.3,105,-2.9
2000,10,76,31.2,23.6,100,-3.4
2000,11,8,29.3,18.7,58,-3.7
2000,12,0,26.7,14.1,42,-4
2001,1,0,25.8,14.4,32,-4.2
2001,2,0,29.8,19,16,-4.8
2001,3,31,33,22.3,39,-4.2
2001,4,10,35.4,25.2,16,-4.1
2001,5,109,35.9,26.5,108,-3.1
2001,6,440,32.6,24.6,108,3
2001,7,190,31,25.1,97,2.5
2001,8,378,31.6,25.9,111,2.4
2001,9,192,32.1,25.9,118,1.5
2001,10,187,31.2,23.5,107,1.3
2001,11,91,29.1,19,89,1.7
2001,12,0,26.5,14.7,56,1.8
2002,1,47,26.8,15.4,70,2.8
2002,2,0,29.3,18.5,49,2.5
2002,3,8,33.1,22.5,40,2.2
2002,4,13,35.3,25.2,27,1.8
2002,5,131,36.2,26.9,134,2.5
2002,6,213,33.9,25.9,138,2.4
2002,7,396,32.9,27,124,2.5
2002,8,432,31.4,25.7,107,2.8
2002,9,240,31.4,25.1,102,2.4
2002,10,95,30.9,23.1,105,1.5
2002,11,62,28,17.9,82,1.5
2002,12,0,27.1,15.3,48,1.4
2003,1,1,25.6,14.3,45,1
2003,2,23,29.6,18.8,47,1
2003,3,34,32.6,22,53,1.2
2003,4,4,35.9,25.8,15,0.7
2003,5,25,36.6,27.2,31,-1.1
2003,6,326,34.4,26.4,136,1.1
2003,7,335,31.6,25.8,104,1.8
2003,8,430,31.8,26,112,2.1
2003,9,272,31.7,25.5,105,2
2003,10,543,30.6,22.9,97,4.2
2003,11,21,28.2,18.1,66,3.5
2003,12,25,25.8,15.2,60,3.6
2004,1,7,26.2,14.8,47,3.3
2004,2,4,28.9,18.1,40,2.6
2004,3,2,33.3,22.7,20,1.7
2004,4,72,35.1,24.9,79,2.7
2004,5,49,36.2,26.8,53,2.2
2004,6,148,34.6,26.6,142,1.4
2004,7,203,31.5,25.6,116,-1.9
2004,8,304,31.5,25.8,114,-2.8
2004,9,232,32,25.7,111,-2.8
2004,10,278,30.4,22.7,109,-1.9
2004,11,0,28.4,18.3,61,-2.3
2004,12,0,27.4,15.6,45,-2.4
2005,1,14,27.5,16.1,46,-2.3
2005,2,0,30.6,19.8,30,-2.9
2005,3,49,33.5,22.9,61,-2.1
2005,4,31,35.2,25.1,38,-1.7
2005,5,89,35.8,26.4,91,-1.3
2005,6,166,35.4,27.5,154,-1.6
2005,7,300,31.6,25.8,118,-2.2
2005,8,311,31.9,26.2,126,-2.5
2005,9,554,32.2,25.3,110,2.7
2005,10,316,30.4,22.7,93,3.4
2005,11,0,27.5,17.4,62,2.4
2005,12,0,26.1,14.3,47,1.8
2006,1,0,26.8,15.4,39,1.1
2006,2,0,30.5,19.6,24,-2.1
2006,3,19,32.9,22.3,30,-2.1
2006,4,21,35.1,24.9,28,-2
2006,5,109,35.3,25.9,109,-1.1
2006,6,261,33.8,25.8,134,1.2
2006,7,413,32,26.2,109,2
2006,8,705,31.1,25.4,108,4
2006,9,378,31.9,25.6,107,4.7
2006,10,118,31.4,23.6,115,3.7
2006,11,16,28.9,18.8,64,2.9
2006,12,0,27.8,15.9,48,2.4
2007,1,0,27,15.6,41,1.8
2007,2,80,29.2,18.3,84,2.8
2007,3,1,32.7,22,25,2.1
2007,4,32,35.1,24.9,43,2.1
2007,5,86,35.7,26.3,89,2.4
2007,6,189,33.9,25.9,139,2
2007,7,249,31.8,26,113,0.9
2007,8,457,31.9,26.2,113,1.3
2007,9,544,31.3,25.1,98,3.9
2007,10,107,30.6,22.8,108,3
2007,11,31,28.6,18.5,73,2.4
2007,12,0,26.9,15,50,2
2008,1,35,26.7,15.4,60,2.4
2008,2,44,27.9,17.1,63,2.8
2008,3,6,32.8,22.2,31,2.3
2008,4,42,34.8,24.7,52,2.6
2008,5,132,35.6,26.2,131,3.4
2008,6,447,32.6,24.7,119,5.4
2008,7,246,31.3,25.4,118,5
2008,8,389,31.5,25.8,112,4.7
2008,9,538,31.5,25.2,108,6.8
2008,10,51,31,23.3,87,5.3
2008,11,7,28.8,18.7,57,4.2
2008,12,0,28.2,16.4,38,3.1
2009,1,0,28.4,17,34,2.2
2009,2,0,31.1,20.2,18,0.9
2009,3,2,33.5,22.9,12,-3.4
2009,4,0,35.9,25.7,7,-3.7
2009,5,106,35.4,26,106,-2.7
2009,6,99,35.3,27.4,98,-3.5
2009,7,463,31.3,25.5,98,-2.7
2009,8,393,31.9,26.2,117,-2.1
2009,9,229,32.1,25.8,109,-2.2
2009,10,141,30.3,22.6,115,-2.3
2009,11,48,29,18.9,75,-2.1
2009,12,0,27.4,15.6,50,-1.8
2010,1,5,26.2,14.8,48,-1.7
2010,2,1,30.1,19.2,39,-2
2010,3,4,34.2,23.6,21,-2.4
2010,4,1,36.5,26.3,11,-2.8
2010,5,242,35.7,26.3,167,2.6
2010,6,248,34.5,26.5,144,3
2010,7,272,32,26.1,117,2.8
2010,8,323,32.2,26.5,121,2.3
2010,9,327,32.1,25.9,111,2.7
2010,10,211,31,23.2,100,2.6
2010,11,70,29.8,19.7,83,2.6
2010,12,43,26.2,14.4,71,3.7
2011,1,0,26.1,14.7,53,3.5
2011,2,44,29.3,18.4,68,4
2011,3,3,32.9,22.3,41,3.5
2011,4,26,34.6,24.5,41,3.4
2011,5,163,35.3,26,156,4.6
2011,6,252,33.5,25.5,131,4.7
2011,7,369,31.7,25.9,118,4.8
2011,8,490,31.4,25.7,105,5.2
2011,9,341,31.4,25.1,102,5.5
2011,10,33,31.1,23.4,84,4
2011,11,0,28.8,18.7,53,2.8
2011,12,0,26.9,15,39,1.7
2012,1,37,26.9,15.6,53,1.5
2012,2,1,29.5,18.6,18,-2.7
2012,3,0,33.8,23.1,10,-3.3
2012,4,77,35.5,25.3,80,-1.8
2012,5,26,36.2,26.8,29,-2.2
2012,6,212,34.7,26.7,143,-1.9
2012,7,455,31.4,25.5,110,-0.9
2012,8,264,31.7,25.9,113,-1.3
2012,9,175,31.8,25.6,105,-1.9
2012,10,82,30.7,22,101,-2.4
2012,11,202,28.2,18.1,93,2.1
2012,12,2,26.9,15.1,58,2.1
2013,1,2,26.6,15.3,48,2
2013,2,4,28.9,18.1,45,1.7
2013,3,0,33.2,22.6,27,1
2013,4,44,34.6,24.7,55,1.5
2013,5,75,34.5,26.5,80,1.5
2013,6,317,33.7,25.3,130,2.4
2013,7,305,31.7,25.6,110,2.6
2013,8,186,31.5,25.6,120,1.3
2013,9,326,31.9,25.6,105,1.8
2013,10,350,29.4,22.9,92,2.8
2013,11,1,28.4,16.8,65,1.9
2013,12,0,25.8,14.8,47,1.3
2014,1,0,25.2,15.3,38,0.7
2014,2,34,27.9,17.9,54,0.6
2014,3,55,32.3,21.4,67,1.2
2014,4,66,36.2,25.1,71,2.1
2014,5,207,36.1,26.3,168,3.9
2014,6,114,34.5,26.2,119,2.8
2014,7,413,31.7,25.7,105,2.7
2014,8,254,31.9,26,116,1.8
2014,9,394,31.9,25.5,107,2.9
2014,10,152,30.8,22.4,110,2.3
2014,11,0,28.3,17.7,61,1.5
2014,12,0,25.5,14.7,46,1
2015,1,18,25.6,15.4,48,0.9
2015,2,19,29,18.7,47,0.6
2015,3,24,32.5,21.7,38,-1
2015,4,93,33.4,24.1,97,1.7
2015,5,47,36.1,26.4,51,1.3
2015,6,110,33.8,25.7,109,-0.8
2015,7,283,31.6,25.6,108,-1.8
2015,8,316,32.1,26.1,123,-2.2
2015,9,140,32.4,25.7,111,-3.1
2015,10,85,31.1,23.1,97,-3.4
2015,11,71,29.1,18.5,82,-2.7
2015,12,10,28.3,16.4,48,-2.1
2016,1,4,26.2,15.1,46,-1.5
2016,2,54,30.4,20.5,71,-1.2
2016,3,13,33.4,23.2,47,-1.2
2016,4,12,36,26.5,27,-1.4
2016,5,134,35.4,25.9,132,-1
2016,6,262,34.4,26.1,129,-1
2016,7,264,31.5,25.6,103,-0.6
2016,8,363,32,26,111,0.2
2016,9,245,32,25.7,96,1.4
2016,10,115,31,23.2,108,1
2016,11,71,28.1,18,86,0.6
2016,12,0,26.7,15.4,55,-0.1
2017,1,0,26.8,15.2,47,-0.8
2017,2,0,29.9,18.8,40,-1.5
2017,3,49,31.9,22,64,-1.4
2017,4,28,34.6,25.2,37,-1.7
2017,5,53,36.3,26.8,57,-2.1
2017,6,148,34.2,25.9,126,-1.4
2017,7,415,31.3,25.6,101,1.1
2017,8,348,32,26.1,118,0.9
2017,9,278,32.5,25.9,110,-0.6
2017,10,293,30.8,23.6,104,0.6
2017,11,85,29.1,18.8,93,1.5
2017,12,31,27,16,69,1.7
2018,1,0,26.1,14.6,51,3
2018,2,0,30,19.2,47,2.8
2018,3,1,33.4,22.9,25,2.6
2018,4,40,34.3,24,51,3
2018,5,198,34.6,25.3,165,2.6
2018,6,240,34.3,25.8,140,2.8
2018,7,562,31.5,25.6,111,3.5
2018,8,354,31.9,25.8,122,3.8
2018,9,360,32.5,25.6,121,3.4
2018,10,194,30.2,22.6,114,3.3
2018,11,4,28.7,17.8,64,2.8
2018,12,9,26.2,14.8,53,3.1
2019,1,2,25.7,14.3,40,2.2
2019,2,11,29.3,18.4,38,1.5
2019,3,12,33.3,22.6,25,1
2019,4,19,35.3,25.2,26,0.8
2019,5,128,35.5,26.1,128,1.6
2019,6,122,34.6,26.7,120,0.6
2019,7,371,32.3,26.5,127,-1.6
2019,8,531,32,26.3,109,1.2
2019,9,370,32.1,25.8,102,2.1
2019,10,328,31.5,23.7,101,2.8
2019,11,43,29.4,19.3,76,2.5
2019,12,13,27.2,15.4,53,2.5
