Product: Historical Climate - TerraClimate(http://www.climatologylab.org/terraclimate.html) 
Location (Lat/Lon of 4-km Grid Cell Center): 25.8542 North,91.9792 East 
Data Source: NW Climate Toolbox(https://climatetoolbox.org/tool/point-data-download)
Download Date: 07/25/2020
Variable List: 
ppt: ppt (Precipitation)
tmax: tmax (Maximum Temperature)
tmin: tmin (Minimum Temperature)
aet: aet (Actual Evapotranspiration)
PDSI: pdsi (Palmer Drought Severity Index (PDSI))
********************************************************
Year,Month,ppt(mm),tmax(degC),tmin(degC),aet(mm),PDSI(unitless)
1958,1,15,20.5,8.5,37,0.2
1958,2,42,20,9.5,51,1.1
1958,3,19,26.9,13.8,36,-1.3
1958,4,245,27.8,17.6,118,-0.6
1958,5,334,25.8,18.3,111,0.5
1958,6,353,27.8,20.3,111,-1
1958,7,743,27.1,20.5,105,-0.9
1958,8,664,25.8,20.2,82,-0.7
1958,9,310,26.7,20.1,87,-1
1958,10,149,25.7,17.7,84,-1.2
1958,11,7,24,12.9,46,-1.7
1958,12,4,21.1,10,30,-1.7
1959,1,34,18.8,7.8,45,-0.6
1959,2,10,19.6,8.5,33,-0.7
1959,3,108,25.2,13.5,103,1.2
1959,4,216,27.5,17.9,120,1.4
1959,5,481,25.5,18,109,2.7
1959,6,749,26,20.1,95,2.4
1959,7,601,26.4,20.4,106,2.1
1959,8,400,26.6,20.1,104,1.7
1959,9,342,25.4,19.4,81,1.5
1959,10,364,23.6,17,76,3.3
1959,11,3,23.2,12.3,46,2.2
1959,12,0,21.7,8.9,30,1.5
1960,1,0,19.7,6.7,28,0.7
1960,2,6,22.9,10.8,22,-2.3
1960,3,64,24.8,13.1,69,-2.5
1960,4,59,30,18.1,62,-3.8
1960,5,282,27.6,19,125,-4.3
1960,6,827,26.7,20.1,111,-3.8
1960,7,874,25.2,19.8,90,-3.4
1960,8,368,26.8,20.5,100,-3.2
1960,9,457,25.6,19.6,86,-2.1
1960,10,106,25.6,16.7,93,-2.7
1960,11,25,23,12.4,54,-2.6
1960,12,1,21.9,9.3,34,-2.5
1961,1,3,20.7,8.2,30,-2.6
1961,2,9,19.6,8.6,29,-2.8
1961,3,81,25.4,14.9,84,-2.5
1961,4,103,27.8,17.8,104,-3.1
1961,5,303,26,18.6,117,-3.5
1961,6,684,26.1,20,122,-3.4
1961,7,587,26.7,20.3,115,-3.1
1961,8,524,26.6,20.8,106,-2.8
1961,9,295,26.2,20,101,-3.1
1961,10,137,25.3,17.4,93,-3.3
1961,11,25,22,12,53,-3.1
1961,12,1,19.4,7.3,32,-3
1962,1,19,18.6,5.8,39,-2.3
1962,2,28,20.3,9.2,41,-1.6
1962,3,15,26.4,13,33,-2.8
1962,4,118,28.1,17.9,116,-3.2
1962,5,289,25.9,17.8,121,-3.6
1962,6,978,26,19.6,97,-2.7
1962,7,668,27,20.6,115,-2.5
1962,8,489,25.5,20.6,88,-2.3
1962,9,143,26.7,20,96,-3.9
1962,10,116,25.3,16.4,95,-4.2
1962,11,2,23.2,12,46,-4.6
1962,12,1,20.9,8.8,31,-4.6
1963,1,0,19.6,6.2,29,-4.8
1963,2,3,22.1,9.5,17,-5.3
1963,3,95,25.4,13.5,95,-4.7
1963,4,156,26.3,16.4,123,-4.5
1963,5,328,24.8,17.5,117,-4.3
1963,6,789,25.7,20,99,-3.8
1963,7,865,25.8,20.4,94,-3.4
1963,8,564,26,20.5,88,-3
1963,9,361,26.9,19.9,98,-2.8
1963,10,174,24.5,16.5,89,-2.6
1963,11,16,22.2,12.6,52,-2.8
1963,12,2,20.5,9.5,34,-2.7
1964,1,6,18.6,6.3,32,-2.7
1964,2,19,20.6,8.9,37,-2.7
1964,3,116,25.9,14.2,112,-2
1964,4,257,25.5,16.9,122,-1.1
1964,5,413,25.6,17.4,122,2
1964,6,771,25.9,19.3,98,1.8
1964,7,763,25.1,19.7,96,1.6
1964,8,428,26.6,20.1,106,1.3
1964,9,359,26.1,19.7,89,1.2
1964,10,281,25.3,18,88,2
1964,11,17,23.6,13.4,57,1.3
1964,12,1,21,8.7,36,0.8
1965,1,0,19.5,6.8,25,-1.4
1965,2,35,20,8.6,44,-0.9
1965,3,106,24.3,11.8,103,0.4
1965,4,131,26.5,16.9,123,-0.5
1965,5,356,26.3,18.3,117,-0.7
1965,6,787,25.9,19.5,104,-0.5
1965,7,724,25.7,19.5,103,0
1965,8,598,25.2,19.2,102,0.1
1965,9,314,25.8,19.1,91,-0.4
1965,10,84,24.6,16.4,86,-1.4
1965,11,59,22.4,11.8,64,0.7
1965,12,2,21.5,9.5,35,0.8
1966,1,18,19.1,7.2,39,1.3
1966,2,2,22.7,10,32,0.9
1966,3,22,26.6,12.8,38,-1.5
1966,4,72,28.2,16.9,77,-2.6
1966,5,271,27.2,18.8,127,-3.3
1966,6,1165,24.8,19.4,98,-2
1966,7,757,26.2,20.2,103,-1.8
1966,8,747,25.6,20.4,98,-1.4
1966,9,333,25.7,19.4,101,-1.5
1966,10,133,23.7,15.8,92,-1.9
1966,11,43,23.6,14.1,56,-1.4
1966,12,6,20.4,9.7,36,-1
1967,1,22,19.3,8.1,43,1.2
1967,2,11,20.9,9.9,37,1
1967,3,160,23.1,13.5,109,2.6
1967,4,146,26,15.8,123,2.2
1967,5,365,25.6,17.9,119,2.3
1967,6,508,25.8,19.2,109,1.4
1967,7,825,26.1,20,100,1.3
1967,8,351,26.9,20.1,118,0.9
1967,9,408,25.6,19.3,95,1.2
1967,10,56,24.4,15.8,78,-1.4
1967,11,28,21.4,11.3,52,-1.5
1967,12,0,20.4,9.1,28,-1.8
1968,1,11,18.3,7.3,30,-1.8
1968,2,9,19.3,7.6,26,-2.1
1968,3,63,25,13.8,69,-2.4
1968,4,233,26.2,16.4,122,-1.7
1968,5,383,25.4,17.6,114,-0.9
1968,6,832,25,19.2,100,-0.6
1968,7,844,25.2,20.1,96,-0.6
1968,8,519,26.6,20.2,107,0
1968,9,255,26,19.9,91,-0.9
1968,10,134,24.5,16.4,90,-1.3
1968,11,8,22.9,13.1,45,-1.8
1968,12,1,20.9,8.7,32,-1.9
1969,1,16,19,6.8,36,-1.6
1969,2,0,21.6,8.7,23,-2.2
1969,3,116,26.3,14.4,111,-1.4
1969,4,129,27.4,17,123,-1.8
1969,5,213,27.2,18.7,124,-2.6
1969,6,783,25.9,19.8,106,-2.4
1969,7,993,26.2,20.3,99,-2.2
1969,8,549,25.5,19.7,96,-1.9
1969,9,258,26.2,19.7,99,-2.7
1969,10,103,24.3,16.5,92,-3.2
1969,11,26,22.6,13.2,51,-3
1969,12,1,20.7,9.5,33,-2.8
1970,1,38,17.9,6.9,47,-1.4
1970,2,20,20.2,9.4,40,-0.9
1970,3,79,25.2,13.8,87,-0.8
1970,4,86,27.5,17.2,94,-1.6
1970,5,180,26.4,18.5,120,-2.5
1970,6,1413,26.2,20.3,111,-0.9
1970,7,1105,25.4,20.1,94,-0.8
1970,8,767,26.1,20.3,105,1.4
1970,9,565,25.8,19.9,93,3
1970,10,325,23.9,16.9,87,4.2
1970,11,37,22.1,13.3,57,3.9
1970,12,0,20.9,9,34,3.4
1971,1,13,18.3,7.6,35,3.2
1971,2,5,20.1,8.4,31,2.6
1971,3,72,25.3,13,80,2.1
1971,4,163,25.5,17.2,117,1.7
1971,5,162,25.5,18.4,122,-1.6
1971,6,682,25.6,20.1,104,-1.8
1971,7,586,25.4,19.6,105,-1.7
1971,8,474,25.5,19.3,97,-1.6
1971,9,231,26,19.2,94,-2.6
1971,10,194,24.6,17.1,84,-2.1
1971,11,121,21.4,12.5,67,2.6
1971,12,2,20.3,9.1,40,2.5
1972,1,6,19.8,8,36,2.4
1972,2,24,19.3,8.5,42,2.6
1972,3,103,25.6,13.7,103,2.8
1972,4,163,26.3,16,123,2.4
1972,5,241,26.2,18.6,121,1.4
1972,6,755,26.1,19.3,119,1.2
1972,7,679,26.5,20,108,1.1
1972,8,451,26.2,19.6,121,0.8
1972,9,247,26.2,19,97,-1.8
1972,10,86,25.5,16.4,91,-2.6
1972,11,17,22.9,12.7,50,-2.7
1972,12,0,21.1,8.9,30,-2.8
1973,1,8,19.8,8,31,-2.8
1973,2,66,21.3,10.6,67,-1
1973,3,101,24.9,13.1,100,1.7
1973,4,170,27.8,17.9,130,1.4
1973,5,646,25.2,18,116,3.5
1973,6,796,25.6,19.8,97,3.2
1973,7,709,26.8,19.9,112,2.9
1973,8,389,26.7,20.1,113,2.4
1973,9,378,25.9,19.7,95,2.2
1973,10,170,24.7,17.1,91,1.9
1973,11,106,22,13.4,72,3.6
1973,12,32,19.4,9.8,49,4.8
1974,1,13,17.9,7.3,42,5
1974,2,1,21.4,9.2,37,4.4
1974,3,87,24.8,13.7,92,4.2
1974,4,159,26.4,17.5,123,3.5
1974,5,445,25.5,18.1,115,3.9
1974,6,668,25.7,19.5,97,3.3
1974,7,1155,24.7,19.4,104,3
1974,8,464,26.1,19.9,110,2.5
1974,9,388,25.4,18.8,93,2.5
1974,10,388,26.3,17.9,92,4.3
1974,11,14,24.1,13.7,51,3.3
1974,12,0,19.7,8,32,2.7
1975,1,4,18.7,7.4,28,2
1975,2,14,20.7,9.3,32,1.4
1975,3,43,26.3,13.5,50,-2.1
1975,4,163,27.7,17.2,125,-2.2
1975,5,303,25.7,17.9,116,-2.4
1975,6,875,26.6,20.1,110,-1.9
1975,7,1036,24.7,19.7,88,-1.7
1975,8,485,26.5,19.9,99,-1.6
1975,9,580,25.5,19.3,94,2
1975,10,155,25.6,17.8,89,1.5
1975,11,27,23.1,11.9,56,1.2
1975,12,1,20.6,7.2,35,0.9
1976,1,12,18.8,7.5,34,0.8
1976,2,20,20.7,10.4,38,0.7
1976,3,74,25.4,14.5,83,-0.3
1976,4,107,27,17.4,108,-1.4
1976,5,336,25.4,17.9,119,-1.7
1976,6,1020,24.9,19.2,103,-0.9
1976,7,711,25.8,19.6,95,-0.8
1976,8,466,25.6,19.6,108,-0.9
1976,9,242,26.7,18.9,95,-1.9
1976,10,102,24.7,16,89,-2.5
1976,11,13,24.1,14.1,51,-2.8
1976,12,0,20.8,8.7,32,-2.8
1977,1,8,18.7,7,31,-2.8
1977,2,16,20.7,9.6,35,-2.8
1977,3,121,26.2,15.3,116,-2
1977,4,402,24.2,16.2,119,2.8
1977,5,455,24,17,117,4
1977,6,676,24.8,18.9,93,3.3
1977,7,834,26.2,20.4,104,3
1977,8,548,26.1,20,100,2.7
1977,9,242,26.4,20.1,100,1.3
1977,10,288,23.5,16,91,2.3
1977,11,57,22,13.9,63,2.7
1977,12,8,19.6,9.5,39,2.8
1978,1,1,17.3,5.9,33,2.5
1978,2,8,20,9.1,33,2.1
1978,3,44,24.8,12.9,60,1.1
1978,4,100,26.6,16.7,99,-1.6
1978,5,392,24.8,18.3,110,-1.4
1978,6,714,25.2,19.5,101,-1.4
1978,7,648,25.9,19.8,97,-1.3
1978,8,422,27,20.7,95,-1.3
1978,9,328,25.5,19.6,97,-1.5
1978,10,95,25.7,17.9,91,-2.2
1978,11,30,22.7,13.6,54,-2
1978,12,0,21.1,9.1,34,-1.9
1979,1,2,19.7,8,32,-2.1
1979,2,14,20.3,9.1,35,-2.3
1979,3,28,25.2,13.7,37,-3.4
1979,4,149,28.1,18.1,142,-3.7
1979,5,218,28,18.6,141,-4.3
1979,6,983,27.1,20.4,126,-3.6
1979,7,730,25.7,20,101,-3.2
1979,8,341,26.5,20.5,107,-3.2
1979,9,721,25.6,19.1,95,3
1979,10,196,24.6,16.5,88,2.9
1979,11,19,24.1,14.5,47,2.3
1979,12,27,19.7,10.7,46,3.1
1980,1,2,18.3,7.2,33,2.6
1980,2,32,20.1,9.8,45,3
1980,3,72,24.5,14.2,83,2.5
1980,4,109,27.7,17.7,110,1.4
1980,5,340,24.5,17.2,105,1
1980,6,621,26.4,20.3,102,0.6
1980,7,722,26.5,20.2,104,-1.2
1980,8,564,26.5,20.4,95,-1.1
1980,9,263,26.5,20,95,-1.8
1980,10,181,24.2,16.4,85,-1.6
1980,11,0,23.7,12.7,48,-2.3
1980,12,1,21.4,10.5,31,-2.6
1981,1,36,18.1,8.4,45,-1.6
1981,2,18,20.5,10.2,35,-1.4
1981,3,74,24.1,13.9,81,-1.4
1981,4,346,24.8,16.5,110,2.2
1981,5,311,25.2,18,119,2.3
1981,6,520,27,20.4,109,1.4
1981,7,1034,25.4,20.2,101,1.3
1981,8,454,26.8,20.5,101,1
1981,9,317,26.3,19.5,103,-1
1981,10,16,26.4,16.8,66,-2.3
1981,11,1,23.8,12.9,38,-3.2
1981,12,31,20.2,9.5,41,-2.7
1982,1,3,20,8.5,20,-3.3
1982,2,11,19.7,9.8,19,-3.7
1982,3,60,24.2,13.1,62,-3.9
1982,4,209,25.4,16.5,100,-3.1
1982,5,253,26.9,18,137,-3.3
1982,6,802,25.9,20,96,-2.9
1982,7,593,26.4,20.1,100,-2.6
1982,8,899,26.9,20.2,110,-1.9
1982,9,313,26.6,19.3,92,-2.1
1982,10,72,25.3,16.6,86,-3
1982,11,56,22.1,12.5,61,-2
1982,12,2,19.9,8.8,32,-1.7
1983,1,9,17.6,7.3,33,-1.5
1983,2,34,18.9,8.4,46,-0.6
1983,3,132,23.8,13.7,103,2.4
1983,4,148,25.8,16.2,125,2
1983,5,340,24.8,17.6,113,1.9
1983,6,492,27,19.8,102,1
1983,7,918,26.7,20.2,99,0.9
1983,8,592,26.5,20.2,89,0.9
1983,9,474,25.7,19.8,83,1.8
1983,10,248,25.2,17.6,90,2.3
1983,11,1,23.6,13.3,49,1.2
1983,12,10,19.8,8.6,34,1
1984,1,20,17.9,7.1,35,1.2
1984,2,4,20.4,9.4,27,-0.6
1984,3,27,26.6,14.4,37,-2.2
1984,4,301,27.7,17.6,135,-1
1984,5,352,24.3,17.9,88,1.8
1984,6,709,26.5,20.4,106,1.4
1984,7,1199,25.3,19.8,93,1.3
1984,8,417,26.8,20.2,108,1
1984,9,518,25,18.7,85,2.3
1984,10,155,25.6,17.6,85,1.8
1984,11,17,22.6,12.5,56,1.1
1984,12,13,20.7,9.3,37,1.2
1985,1,4,18.6,8,31,0.8
1985,2,26,20.1,9.7,38,1
1985,3,130,25.8,15.2,102,1.9
1985,4,129,26.9,17.6,124,1.3
1985,5,344,25.6,18.1,128,1
1985,6,672,26.1,19.9,105,0.6
1985,7,1072,24.8,19.4,97,0.6
1985,8,375,26.9,20.6,111,-0.2
1985,9,384,26,19.4,90,0.2
1985,10,59,25.6,16.7,82,-1.6
1985,11,6,22.8,12.6,43,-2.2
1985,12,10,21.4,10.2,31,-2.3
1986,1,6,19.4,8.2,27,-2.6
1986,2,4,20.8,9.6,18,-3.2
1986,3,70,26,13.8,74,-3.5
1986,4,194,25.3,16.5,107,-3
1986,5,209,25.8,17.6,140,-3.7
1986,6,532,27.3,20.4,107,-3.9
1986,7,864,25.6,19.7,96,-3.5
1986,8,550,26.7,20.2,103,-3.1
1986,9,356,24.9,18.9,83,-2.8
1986,10,408,23.6,15.7,84,2.4
1986,11,77,22.6,13.4,68,3.4
1986,12,3,20,9.8,41,3.3
1987,1,11,19.5,8.2,42,3.3
1987,2,19,21.5,10.3,42,3.2
1987,3,121,24.2,13.7,100,3.8
1987,4,196,26.1,17.1,124,3.7
1987,5,224,26.6,18,144,2.6
1987,6,897,26.8,21,106,2.6
1987,7,828,25.5,20.2,99,2.4
1987,8,873,25.4,20.4,100,2.6
1987,9,518,25.6,20.1,91,3.6
1987,10,157,25.1,16.8,92,3
1987,11,21,24,13.7,54,2.3
1987,12,6,21.5,9.7,38,2.1
1988,1,8,20.1,8.5,34,1.6
1988,2,31,21.9,10.9,44,1.7
1988,3,105,24.8,14.4,103,1.9
1988,4,309,27.1,17.6,128,2.9
1988,5,658,25.1,18.2,113,5.5
1988,6,802,26.7,20,110,5
1988,7,1193,25.8,20.3,92,4.5
1988,8,957,25.6,20.3,74,4.6
1988,9,343,26.3,19.7,89,4
1988,10,245,25.6,17.1,91,4.2
1988,11,126,23.5,13.9,76,6.3
1988,12,19,20.8,11.6,45,6.6
1989,1,10,17.9,7.5,38,6.3
1989,2,51,19.7,9.6,60,7.2
1989,3,73,25.4,14,89,6.6
1989,4,118,27.3,17.1,122,5.1
1989,5,412,27.1,18.8,134,4.8
1989,6,761,26.3,19.9,97,4.3
1989,7,792,25.7,19.9,90,3.8
1989,8,363,26.5,20.4,104,3.2
1989,9,426,25.6,20,82,3.5
1989,10,295,25,17.5,83,4.4
1989,11,11,22.4,12.6,48,3.4
1989,12,2,19.5,8.3,34,2.8
1990,1,5,20.6,9,29,2.2
1990,2,29,19.6,10.4,40,2.3
1990,3,117,22.6,13.1,92,3
1990,4,388,24.7,15.7,93,5.3
1990,5,300,25.7,18.7,117,5
1990,6,680,26.3,20.3,88,4.3
1990,7,774,25.5,20.2,90,3.9
1990,8,740,26.6,20.4,105,3.7
1990,9,368,25.7,19.8,85,3.5
1990,10,310,24.1,16.8,86,4.5
1990,11,10,24.1,14,50,3.4
1990,12,1,20.6,10,34,2.6
1991,1,16,17.3,6.8,34,2.4
1991,2,21,21,10.1,36,2.2
1991,3,63,25.6,14.5,72,1.5
1991,4,311,26.1,16.7,117,2.7
1991,5,480,24.5,16.7,85,4.2
1991,6,605,25,19.6,91,3.4
1991,7,563,25.9,19.9,104,3.1
1991,8,615,25.6,20.3,102,2.8
1991,9,577,24.9,19.1,88,4.4
1991,10,442,24.6,16.7,86,6.6
1991,11,8,22.3,12.2,49,5.3
1991,12,21,18.5,8.7,40,5.3
1992,1,15,17.6,7.1,34,5
1992,2,28,18,8.2,40,5
1992,3,49,25.4,13.4,67,3.9
1992,4,114,27.2,17,115,2.7
1992,5,258,24.3,17.3,122,1.5
1992,6,694,26,19.5,112,1.1
1992,7,935,25.3,19.5,110,1
1992,8,538,26.1,19.9,109,0.9
1992,9,363,26,19,99,0.7
1992,10,138,24.3,16.6,87,-1.9
1992,11,6,22.5,12.5,49,-2.4
1992,12,6,18.5,8.4,35,-2.4
1993,1,23,18,7.7,37,-1.7
1993,2,49,20.2,10,53,1.5
1993,3,86,23.5,12.5,90,1.6
1993,4,151,25.3,16.3,112,1.2
1993,5,537,24.9,17.2,100,2.7
1993,6,940,25.5,19.1,89,2.9
1993,7,777,25.9,19.3,98,2.6
1993,8,559,25.9,20.3,84,2.3
1993,9,456,25.2,19.2,90,2.9
1993,10,81,25,16.6,79,1.7
1993,11,19,22.8,13.1,48,1.2
1993,12,0,21.4,10.2,34,0.8
1994,1,25,19.8,8.4,41,1.2
1994,2,34,19,9.1,45,1.7
1994,3,145,24.4,13.9,93,3.1
1994,4,127,26,17,121,2.5
1994,5,237,26.2,18.8,134,1.5
1994,6,673,26.2,19.8,95,1.1
1994,7,595,27.1,20.1,115,1
1994,8,578,26.8,20.5,105,0.9
1994,9,148,27.1,19.8,99,-2.7
1994,10,157,24.9,16.2,86,-2.6
1994,11,17,21.9,13.6,50,-2.8
1994,12,1,19.8,8.8,34,-2.7
1995,1,17,17.7,7.5,37,-2.3
1995,2,19,19.6,9.9,35,-1.9
1995,3,36,25.9,14.3,48,-2.7
1995,4,105,27.4,17.3,106,-3.3
1995,5,295,27.1,19.3,119,-3.7
1995,6,937,26.5,20.5,86,-2.8
1995,7,1013,25.4,20,106,-2.5
1995,8,783,26.2,20.2,96,-2
1995,9,494,25.7,19.9,87,-0.6
1995,10,60,25.9,17.2,76,-1.6
1995,11,105,23.3,14.3,67,2.4
1995,12,2,19.9,9.6,36,2.3
1996,1,12,18.8,7.9,38,2.5
1996,2,26,20.5,9.6,46,2.9
1996,3,90,25.7,14.9,95,2.9
1996,4,177,27.6,17.5,141,2.4
1996,5,381,25.8,18.3,113,2.6
1996,6,676,26.1,19.3,97,2.1
1996,7,792,25.3,20,91,1.9
1996,8,465,25.9,20.3,96,1.6
1996,9,230,26.1,20.2,98,-1.4
1996,10,327,24.8,17,88,1.5
1996,11,0,23.5,13.4,44,-0.8
1996,12,0,21.2,9.1,33,-1.2
1997,1,13,18.4,7.4,31,-1.2
1997,2,19,18.2,9,33,-1.1
1997,3,66,25,14.4,74,-1.4
1997,4,228,24.2,16.4,113,-0.8
1997,5,293,25.8,18,116,-0.7
1997,6,702,25.8,19.4,86,-0.7
1997,7,831,26,20,100,-0.6
1997,8,601,26.6,20.3,99,0.1
1997,9,415,25.2,19.3,83,0.8
1997,10,37,24.3,16.1,77,-1.3
1997,11,9,22.8,13.5,41,-1.9
1997,12,16,19.3,9.4,34,-1.9
1998,1,7,18.6,7.3,26,-2.2
1998,2,20,21.1,10.7,30,-2.4
1998,3,146,23.8,13.1,107,-0.8
1998,4,247,26.5,17.8,115,1.9
1998,5,165,27,19.3,118,1
1998,6,848,26.6,20,80,1.1
1998,7,785,25.2,20.2,84,1
1998,8,677,25.8,20.6,74,1.1
1998,9,333,26.7,19.9,95,0.7
1998,10,226,26.6,19.1,90,1.1
1998,11,62,23.8,14.3,69,1.7
1998,12,0,21.1,10.3,41,1.6
1999,1,3,19.8,8.3,36,1.3
1999,2,0,23.3,11.6,26,-0.8
1999,3,17,27.1,14.6,28,-2.5
1999,4,59,29,19,63,-3.6
1999,5,465,25.5,18.9,110,-2.6
1999,6,532,26.7,20.6,97,-2.9
1999,7,1222,25.4,20.2,99,-2.6
1999,8,613,25.6,20.2,89,-2.2
1999,9,274,26,19.8,96,-2.8
1999,10,312,24.9,18,85,-1.1
1999,11,24,23.5,14.3,53,-1.3
1999,12,2,20.9,10.8,36,-1.3
2000,1,22,18,7.6,39,-0.8
2000,2,18,19.2,9.2,37,-0.6
2000,3,110,23.5,13.3,105,1.5
2000,4,233,25.3,16.3,118,1.8
2000,5,587,25.3,18.8,110,4
2000,6,852,26.1,20,95,3.8
2000,7,406,26.3,20.1,109,3.4
2000,8,775,25.9,20.1,85,3.4
2000,9,349,25.4,19.1,85,2.9
2000,10,152,25.4,17.2,86,2.4
2000,11,2,23.2,13.3,44,1.4
2000,12,1,20.9,8.8,34,0.8
2001,1,2,21.1,7.4,29,-1.8
2001,2,16,22.5,10.6,31,-2
2001,3,27,25.3,14,34,-3.2
2001,4,215,26.7,17.6,121,-2.6
2001,5,521,25.2,18.6,113,-0.8
2001,6,641,26,20.3,82,-1
2001,7,633,26.6,20.3,100,-0.9
2001,8,521,26.1,21.1,102,-0.8
2001,9,376,26.3,20.5,93,-0.6
2001,10,322,24.8,17.8,82,2.4
2001,11,16,24.4,13.1,47,1.8
2001,12,0,21.5,9.4,35,1.4
2002,1,23,18.7,8.4,39,1.6
2002,2,4,22.4,10.3,29,0.9
2002,3,149,25.6,14.3,111,2.1
2002,4,289,26.1,16.9,108,3.2
2002,5,233,25.2,18.4,109,2.7
2002,6,1176,25.9,20.1,85,3.5
2002,7,734,25,20.6,81,3.1
2002,8,302,26.1,20.3,89,2.5
2002,9,258,25.9,20.2,97,1.3
2002,10,69,24.9,17.1,79,-2.1
2002,11,80,23.7,13.8,69,-0.7
2002,12,3,20.9,10.2,35,1.4
2003,1,7,19.7,6.6,37,1.5
2003,2,28,20,10.2,45,2
2003,3,95,24.2,13.4,94,2.3
2003,4,193,26.7,17.8,107,2.4
2003,5,243,25.1,18.5,123,1.8
2003,6,934,25.1,20.3,79,2
2003,7,1239,25.7,20.5,88,1.9
2003,8,296,27.2,21,94,1.4
2003,9,273,26.3,20.8,85,-0.7
2003,10,166,25.9,18,83,-1
2003,11,17,24.1,13.1,50,-1.3
2003,12,9,20,9.9,36,-1
2004,1,9,18.5,7.8,34,-1
2004,2,9,21,9.3,32,-1.2
2004,3,63,28,14.8,71,-1.6
2004,4,371,25.3,17.2,102,2.1
2004,5,312,26.4,19.2,118,2.3
2004,6,931,25.5,20.5,94,2.5
2004,7,612,24.4,20.2,84,2.2
2004,8,182,27,20.8,94,1.5
2004,9,187,26.9,19.4,83,-1.8
2004,10,358,24,16.9,88,1.8
2004,11,12,22,13.5,49,1.1
2004,12,4,22.1,9.5,34,0.8
2005,1,20,18.7,8.6,38,1
2005,2,9,21.2,11.2,33,-0.5
2005,3,134,25.7,14.5,104,1.1
2005,4,131,26.7,17.5,125,-0.4
2005,5,430,24.6,18.2,110,1.1
2005,6,365,26.8,20.6,102,-1
2005,7,588,26,20.8,115,-0.9
2005,8,161,26.4,21,93,-1.3
2005,9,211,27.2,20.4,109,-2.6
2005,10,263,24.2,18.2,89,-1.5
2005,11,2,24.4,12.2,47,-2.2
2005,12,0,22,9.3,34,-2.5
2006,1,0,21.4,7.3,27,-3
2006,2,27,24.3,11.1,39,-2.9
2006,3,25,26.3,15.1,32,-4.1
2006,4,528,25.9,17.7,127,3.6
2006,5,311,26,19.1,128,3.5
2006,6,552,25.9,20.6,103,2.6
2006,7,403,27.1,20.9,118,2.3
2006,8,271,27.8,20.7,126,1.7
2006,9,256,26.9,19.9,98,-1.7
2006,10,130,25.2,17.8,99,-2.1
2006,11,24,22.4,14.5,51,-2.1
2006,12,4,22.4,9.7,37,-1.9
2007,1,3,20.9,7.2,32,-2.1
2007,2,66,19.4,9.9,64,1.7
2007,3,27,26.6,13.6,46,-1.2
2007,4,517,27.1,17.3,110,4
2007,5,144,27.3,19.3,129,2.6
2007,6,907,26.7,19.9,89,2.7
2007,7,500,25.9,20.6,89,2.4
2007,8,1198,27,21,102,3
2007,9,470,26,20.3,94,3.6
2007,10,267,26.3,18,89,4.1
2007,11,39,23.9,13.9,61,3.8
2007,12,0,22.5,9,38,3.3
2008,1,43,19.1,9,51,4.3
2008,2,14,19.8,8.5,37,3.9
2008,3,139,25.2,14.8,101,4.8
2008,4,127,27.4,18.3,122,4
2008,5,266,25.9,20,125,3
2008,6,642,25.3,20.6,80,2.4
2008,7,923,26,20.5,87,2.2
2008,8,436,25.6,20.9,79,1.8
2008,9,227,26.8,20.2,100,-2.1
2008,10,186,25,17.2,92,-1.9
2008,11,11,23.2,13.1,54,-2.3
2008,12,3,22.5,10.5,31,-2.4
2009,1,1,21.6,8.5,28,-2.7
2009,2,23,23.1,11.2,39,-2.7
2009,3,46,26.3,14.6,52,-3.4
2009,4,305,28.7,18.1,119,-1.8
2009,5,115,26.5,19.1,121,-2.7
2009,6,426,27.4,20.6,96,-3.3
2009,7,916,27.4,20.7,104,-3
2009,8,442,26.8,20.8,92,-2.8
2009,9,282,27.4,20.3,98,-3.2
2009,10,276,27,17.1,94,-2
2009,11,7,25.2,13,49,-2.5
2009,12,5,21.4,9.7,33,-2.4
2010,1,0,21,7.3,30,-2.8
2010,2,1,22.8,9.5,17,-3.5
2010,3,220,27.5,15.3,115,-0.6
2010,4,514,28.4,18,111,6.5
2010,5,405,26.2,19.2,112,6.9
2010,6,854,26.4,20.4,82,6.4
2010,7,575,26.5,21.1,99,5.8
2010,8,346,26.9,21.5,99,4.9
2010,9,421,26.1,20.8,84,5
2010,10,298,25.3,18.7,96,5.6
2010,11,13,24.5,14.5,49,4.5
2010,12,4,21.3,9.5,37,3.8
2011,1,12,18.8,7,35,3.4
2011,2,23,22.1,9.2,40,3
2011,3,55,25.6,14.4,64,2
2011,4,42,26.7,17.8,46,-2.7
2011,5,313,26.1,19,113,-3
2011,6,1014,26.4,20.7,102,-2.1
2011,7,662,25.6,20.8,96,-1.9
2011,8,1430,26.4,20.2,100,1.6
2011,9,252,27.2,19.9,101,-1
2011,10,18,26.1,17.2,71,-2.3
2011,11,24,23.1,12.4,48,-2.6
2011,12,1,22.5,9.1,26,-3.4
2012,1,18,17.2,6.4,29,-3.3
2012,2,2,20.7,9.1,10,-4.1
2012,3,45,26,13.6,48,-4.7
2012,4,175,25.6,16.4,113,-4.3
2012,5,439,26.7,18.5,140,-3.3
2012,6,841,25.7,19.8,92,-2.8
2012,7,1028,25.7,20.5,97,-2.5
2012,8,532,26.9,20.6,107,-2.2
2012,9,216,25.8,19.3,90,-3.2
2012,10,245,25,15.5,97,-2.3
2012,11,8,23.9,11.3,51,-2.8
2012,12,0,21.9,8.6,33,-3
2013,1,0,19.5,6.6,27,-3.3
2013,2,17,21.7,10.3,31,-3.6
2013,3,34,26.5,14.8,40,-4.4
2013,4,219,26.6,17.1,127,-3.7
2013,5,456,25.1,18.1,104,-2.2
2013,6,759,27.6,20.8,114,-2
2013,7,983,26.6,20.3,105,-1.8
2013,8,288,26.7,19.7,105,-2
2013,9,235,26.3,19.2,101,-2.9
2013,10,382,24.6,17.2,91,-0.6
2013,11,0,23.4,11.3,51,-1.5
2013,12,3,19.7,9,32,-1.8
2014,1,1,18.7,7.6,26,-2.2
2014,2,32,19.3,9.1,42,-1.8
2014,3,21,25.4,13.8,29,-3.1
2014,4,94,28.8,17.9,94,-3.9
2014,5,284,26.3,18.3,122,-4.4
2014,6,518,26.6,20,100,-4.5
2014,7,730,26.8,21,115,-4.1
2014,8,877,26.2,19.9,90,-3.2
2014,9,492,26.2,19.4,95,-1.8
2014,10,82,25.7,16.7,94,-2.7
2014,11,1,23.8,12.6,43,-3.3
2014,12,0,20.8,9.7,29,-3.6
2015,1,12,18.6,8.4,30,-3.6
2015,2,20,20.7,9.7,33,-3.5
2015,3,33,25.7,14.1,39,-4.4
2015,4,178,25,16.6,111,-3.9
2015,5,266,25.9,18,113,-4
2015,6,653,26,19.5,89,-3.9
2015,7,510,26.6,20,101,-3.5
2015,8,742,26.1,19.8,80,-2.8
2015,9,466,26.5,19.3,93,-1.7
2015,10,78,25.7,16.8,90,-2.5
2015,11,5,23.5,12.7,44,-3
2015,12,8,19.7,9.2,32,-2.9
2016,1,18,16.8,7.8,33,-2.8
2016,2,10,20.7,11.6,28,-3.1
2016,3,83,24.8,15,85,-2
2016,4,223,26.6,17.1,108,2.2
2016,5,283,25,17.8,120,1.7
2016,6,516,26.9,20.3,102,0.8
2016,7,865,25.7,19.9,89,0.8
2016,8,266,27.7,20.9,123,-1.2
2016,9,266,26.5,19.9,93,-1.4
2016,10,172,25.9,17.8,92,-1.1
2016,11,29,23,13.4,55,-1.2
2016,12,2,21.1,10.5,36,-1.2
2017,1,1,18.8,8.2,31,-1.2
2017,2,26,21,10.7,40,-1.5
2017,3,119,22.5,13.6,93,2.7
2017,4,269,24.9,17.3,101,4.2
2017,5,232,26.2,18.6,120,3.8
2017,6,612,26.5,19.9,96,3.5
2017,7,924,26.2,20.4,105,3.1
2017,8,657,26.8,20.4,96,2.9
2017,9,343,26.6,19.8,84,2.5
2017,10,301,25.1,17.5,86,2.9
2017,11,6,23.9,14.2,50,2
2017,12,17,21.1,11.3,39,1.7
2018,1,1,18.3,7.9,24,2.2
2018,2,14,20.2,10.8,31,2.6
2018,3,55,24.7,14.7,65,3.5
2018,4,169,25.6,16.9,113,3.3
2018,5,255,24.8,17.7,109,3.3
2018,6,523,27,20,102,2.5
2018,7,642,26.6,20.4,109,2.3
2018,8,409,27.3,20.8,108,1.9
2018,9,253,26.8,19.7,95,0.8
2018,10,60,24.2,16.3,78,-1.4
2018,11,7,22.6,12.4,41,-0.8
2018,12,13,20.1,9.8,34,1.8
2019,1,10,19.4,8.3,31,-3.4
2019,2,43,20.9,10.3,48,-2.3
2019,3,71,25,13.8,77,-2.3
2019,4,171,26.4,17,115,-2.1
2019,5,239,26,18.5,117,-2.7
2019,6,536,27.3,21.1,110,-2.9
2019,7,666,26.7,20.9,102,-2.6
2019,8,342,28.4,22.3,118,-2.6
2019,9,496,26.7,20.4,84,-1.1
2019,10,297,25.7,17.6,82,2.3
2019,11,40,25,15.3,57,2.3
2019,12,8,20.5,9.5,39,2.4
