Product: Historical Climate - TerraClimate(http://www.climatologylab.org/terraclimate.html) 
Location (Lat/Lon of 4-km Grid Cell Center): 25.5625 North,90.2292 East 
Data Source: NW Climate Toolbox(https://climatetoolbox.org/tool/point-data-download)
Download Date: 07/25/2020
Variable List: 
ppt: ppt (Precipitation)
tmax: tmax (Maximum Temperature)
tmin: tmin (Minimum Temperature)
aet: aet (Actual Evapotranspiration)
PDSI: pdsi (Palmer Drought Severity Index (PDSI))
********************************************************
Year,Month,ppt(mm),tmax(degC),tmin(degC),aet(mm),PDSI(unitless)
1958,1,10,24.3,12.8,40,-0.1
1958,2,29,25.1,14.3,50,0.8
1958,3,17,30.7,17.7,56,-1.3
1958,4,204,32.7,22,141,-1
1958,5,365,30.8,23.1,135,-1.4
1958,6,392,30.7,23.2,118,-1.8
1958,7,799,30,23.7,112,-1.6
1958,8,931,28.8,23.5,86,-1.4
1958,9,394,29.7,23.4,92,-1.5
1958,10,167,29,21.1,92,-1.8
1958,11,15,27.1,16,52,-1.8
1958,12,1,24.6,14,35,-1.6
1959,1,41,22.5,11.9,54,1.5
1959,2,4,24.6,13.3,39,1.2
1959,3,110,29.1,17.3,110,2.1
1959,4,224,32,22.2,140,2.4
1959,5,660,30.4,22.6,130,3.2
1959,6,931,29,22.8,101,3
1959,7,647,29.2,23.5,113,2.7
1959,8,747,29.1,23.1,105,2.4
1959,9,380,28.6,22.5,90,1.8
1959,10,550,27,20.3,83,5.3
1959,11,1,25.8,15.3,47,4
1959,12,0,24.7,13,34,3.4
1960,1,0,23.3,10.8,35,2.4
1960,2,1,28,15.1,32,1.4
1960,3,93,28.3,16.9,99,1.5
1960,4,46,35,22.2,69,-3.3
1960,5,398,32.2,23.6,142,-3.6
1960,6,789,29.6,22.9,122,-3.3
1960,7,1023,28.2,23.1,96,-2.9
1960,8,439,29.7,23.8,108,-2.6
1960,9,574,28.8,23,91,-1.1
1960,10,114,29,20.3,101,-2
1960,11,11,26,15.3,51,-2.2
1960,12,0,25.2,13.2,35,-2.1
1961,1,9,23.9,12.3,37,-1.9
1961,2,18,23.9,13.2,42,-1.4
1961,3,50,29.8,19.1,77,-1.9
1961,4,111,32.8,21.9,119,-2.7
1961,5,379,30.6,23,137,-3
1961,6,856,28.8,22.7,128,-2.7
1961,7,582,29.5,23.4,123,-2.4
1961,8,599,29.4,23.8,115,-2.2
1961,9,262,29.5,23.1,110,-3.4
1961,10,267,28.6,20.6,98,-2.4
1961,11,10,25,14.8,50,-2.5
1961,12,1,22.9,11,35,-2.4
1962,1,16,22.4,9.9,42,-1.8
1962,2,15,25.6,13.9,40,-1.4
1962,3,11,30.7,16.8,53,-2.7
1962,4,77,32.7,21.7,92,-3.8
1962,5,508,30.4,22.4,137,-3.6
1962,6,933,28.9,22.4,108,-3.1
1962,7,754,29.9,23.7,125,-2.7
1962,8,711,28.6,23.6,95,-2.5
1962,9,167,29.9,23.1,104,-4.4
1962,10,117,28.6,19.7,101,-4.9
1962,11,0,26.2,14.8,46,-5.1
1962,12,0,24.4,12.6,33,-4.8
1963,1,0,23.5,10.3,37,-5
1963,2,1,28,14,36,-5.3
1963,3,97,29.7,17.3,104,-4.6
1963,4,146,31.1,20.5,141,-4.6
1963,5,375,29.4,22,135,-4.8
1963,6,894,28.7,22.6,105,-4.2
1963,7,1036,28.9,23.7,102,-3.8
1963,8,600,29.2,23.8,99,-3.4
1963,9,405,30,23.3,105,-3.3
1963,10,215,28.2,20,99,-2.9
1963,11,15,25.8,15.6,55,-2.8
1963,12,1,24.5,13.3,38,-2.7
1964,1,8,22.4,10.5,41,-2.6
1964,2,14,26.3,13.7,46,-2.5
1964,3,67,30.6,18.7,88,-2.9
1964,4,245,30.6,21.3,151,-2.1
1964,5,515,30.1,22.2,144,-1.6
1964,6,907,29,22.6,103,-1.3
1964,7,1016,28,23,104,-1.2
1964,8,438,29.4,23.5,113,-1.1
1964,9,368,29.3,23.1,97,-1.5
1964,10,401,28.5,21.5,95,2.1
1964,11,7,26.4,16.4,56,1.2
1964,12,0,24.8,13,41,0.7
1965,1,0,23.7,11.3,34,-1.6
1965,2,18,25.8,13.5,42,-1.4
1965,3,75,28.8,15.8,90,-1.6
1965,4,106,31.3,21.1,113,-2.5
1965,5,406,31.1,22.9,138,-2.7
1965,6,759,28.7,22.4,115,-2.6
1965,7,849,28.6,22.9,113,-2.3
1965,8,910,27.9,22.5,104,-2.1
1965,9,340,28.9,22.5,98,-2.6
1965,10,69,28.2,19.7,86,-3.7
1965,11,37,26.2,15.3,61,-2.7
1965,12,1,24.9,13.2,38,-2.5
1966,1,26,22.5,11.4,47,-1.6
1966,2,1,27.5,15,37,-2
1966,3,11,30.4,16.9,45,-3.5
1966,4,59,33.2,21.3,72,-4.9
1966,5,343,31.6,23.3,146,-5.2
1966,6,858,28.3,22.3,111,-4.7
1966,7,780,29.2,23.3,113,-4.2
1966,8,826,28.8,23.6,104,-3.8
1966,9,315,28.9,22.6,111,-4.4
1966,10,145,27.3,19,100,-4.6
1966,11,39,26.2,16.8,60,-3.3
1966,12,4,23.8,13,41,-2.6
1967,1,26,23,11.8,50,-1.4
1967,2,4,26.6,14.3,43,-1.3
1967,3,214,27.4,17,120,4.8
1967,4,180,30.9,19.5,143,4.7
1967,5,436,30.5,22.3,139,4.5
1967,6,561,29,22.2,125,3.7
1967,7,1025,29,23.2,112,3.3
1967,8,410,29.4,23,123,2.9
1967,9,423,28.6,22.2,102,2.5
1967,10,112,27.8,19.2,101,1.2
1967,11,7,24.8,13.8,50,0.6
1967,12,0,24.3,12.9,34,-1.7
1968,1,15,22.1,11.4,40,-1.3
1968,2,2,24.6,12.4,35,-1.6
1968,3,65,29.1,17.7,84,-1.7
1968,4,206,31,20.5,147,-1.4
1968,5,414,30.3,22.2,136,-1.5
1968,6,1029,27.8,21.9,106,-1.1
1968,7,1053,28.3,23.3,103,-1
1968,8,579,29.3,23.3,114,-0.9
1968,9,353,29.3,23.3,101,-1.4
1968,10,143,28.1,19.9,98,-2
1968,11,12,25.6,15.9,50,-2.1
1968,12,0,23.9,12.6,36,-2
1969,1,16,22.9,10.6,43,-1.6
1969,2,0,26.6,13.3,35,-2
1969,3,135,30.6,18.2,126,-0.6
1969,4,161,32.3,20.9,148,-0.8
1969,5,304,31.5,23,135,-1.5
1969,6,753,28.9,22.5,112,-1.4
1969,7,1051,29.1,23.5,109,-1.3
1969,8,816,28.2,22.9,101,-1.1
1969,9,364,29.3,22.9,104,-1.6
1969,10,96,28,19.7,98,-2.6
1969,11,32,25.7,16.1,56,-1.8
1969,12,0,24.4,13.1,36,-1.5
1970,1,40,21.9,11,53,2.2
1970,2,11,25.3,14.2,42,2.3
1970,3,58,29.4,17.6,83,1.9
1970,4,88,32.6,21.2,105,0.6
1970,5,239,31.2,23.3,140,-2
1970,6,1243,29.1,22.9,118,-1.4
1970,7,1246,28.4,23.2,102,-1.3
1970,8,874,29,23.4,112,-1.2
1970,9,581,28.8,23,100,1.5
1970,10,284,27.7,20,96,2.1
1970,11,20,25.6,15.9,54,1.9
1970,12,0,24.6,12.3,35,1.7
1971,1,18,22.3,11.6,42,1.9
1971,2,4,25.3,12.8,38,1.4
1971,3,32,29.5,16.5,66,-1.3
1971,4,77,29.5,20.9,89,-2.4
1971,5,175,29.6,22.3,139,-3.1
1971,6,538,28.1,22.5,112,-3.3
1971,7,690,28.3,22.7,113,-3
1971,8,687,28.3,22.2,102,-2.7
1971,9,405,28.9,22.4,100,-2.6
1971,10,256,28.2,20.3,91,-1.8
1971,11,90,25.1,15.3,74,3.4
1971,12,0,24.5,12.5,44,3.5
1972,1,5,23.9,12,41,3.2
1972,2,26,23.7,12.6,51,3.9
1972,3,94,30.1,17.6,105,4.2
1972,4,121,32,20,130,3
1972,5,312,31.5,23.5,142,1.9
1972,6,711,29.3,22,128,1.6
1972,7,771,29.4,23.2,112,1.4
1972,8,501,28.9,22.7,125,1.3
1972,9,259,29.5,22.3,102,-2.4
1972,10,136,29,19.4,103,-3
1972,11,5,26.2,15.4,49,-3.3
1972,12,0,24.1,13,37,-3.2
1973,1,11,23.3,11.9,40,-3
1973,2,40,26.5,15.3,58,-1.5
1973,3,75,28.3,16.8,89,-1.3
1973,4,160,32.6,22.2,152,-1.5
1973,5,860,29.2,22.1,132,2
1973,6,1209,28.4,22.3,102,2.2
1973,7,761,29.5,22.9,119,2
1973,8,381,29.3,23,120,1.8
1973,9,597,28.9,22.8,100,2.9
1973,10,191,27.7,20.3,97,2.5
1973,11,58,24.8,16.6,68,3.7
1973,12,11,22.9,13.6,45,4.4
1974,1,19,21.7,11.3,46,4.7
1974,2,0,25.7,13.3,41,4.1
1974,3,174,28.7,17.7,120,6.1
1974,4,248,30.7,21.5,147,6.5
1974,5,605,30,22.5,132,6.8
1974,6,767,28.8,22.1,103,6.1
1974,7,1282,27.9,22.5,114,5.4
1974,8,625,29.1,23,118,4.9
1974,9,462,28.7,22,100,4.6
1974,10,389,29.7,21.2,99,6
1974,11,4,27.2,16.7,52,4.7
1974,12,0,23.2,11.8,37,3.9
1975,1,4,22.5,11.3,36,3
1975,2,7,25.7,14.2,38,2.3
1975,3,46,30.4,17.3,72,1
1975,4,214,32.7,21.5,152,1
1975,5,515,30.5,22.6,137,1
1975,6,708,29.4,22.7,119,0.8
1975,7,1151,27.6,22.8,94,0.7
1975,8,498,29.4,23.1,104,0.6
1975,9,586,28.7,22.4,99,1.8
1975,10,206,28.8,21.4,96,1.6
1975,11,13,25.7,14.9,55,1.1
1975,12,0,23.9,11.1,38,0.9
1976,1,5,23,11.4,37,-0.4
1976,2,8,25.6,15.4,40,-1
1976,3,68,29.4,18.7,87,-1.4
1976,4,136,31.8,21.6,137,-2
1976,5,491,29.7,22.2,144,-2
1976,6,1123,28.1,21.9,114,-1.5
1976,7,923,28.9,22.8,102,-1.3
1976,8,719,28.3,22.6,116,-1.2
1976,9,322,29.6,22.3,100,-1.9
1976,10,119,28.3,19.5,98,-2.7
1976,11,7,27.2,17.3,53,-3
1976,12,0,24,12.3,37,-3
1977,1,8,22.5,11.3,38,-2.9
1977,2,12,25.4,14.2,42,-2.8
1977,3,89,30.2,19.5,101,-2.6
1977,4,353,29.3,20.5,147,1.9
1977,5,584,28.5,21.4,139,2.6
1977,6,806,27.8,21.8,105,2.3
1977,7,885,28.9,23.5,113,2.1
1977,8,571,29,23.3,105,1.9
1977,9,214,29.8,23.1,108,-1.8
1977,10,303,27.1,19.5,102,-0.7
1977,11,19,25.5,17.4,54,-0.7
1977,12,5,23.4,13.4,39,0.2
1978,1,1,21.2,9.7,35,-0.4
1978,2,4,24.8,13.8,37,-0.8
1978,3,45,28.6,16.5,75,-1.7
1978,4,215,31.1,20.7,143,-1.3
1978,5,611,29.1,22.5,129,-0.6
1978,6,974,28.2,22.2,109,0.2
1978,7,790,28.9,23.1,106,0
1978,8,472,29.9,23.6,105,0
1978,9,409,28.8,22.7,103,-0.2
1978,10,81,29.2,21,91,-1.5
1978,11,12,26.2,17.1,50,-1.7
1978,12,0,24.6,12.9,35,-1.8
1979,1,5,23.6,12.2,38,-2.1
1979,2,12,25,13.6,41,-2.2
1979,3,22,29,18.1,50,-3.7
1979,4,153,32.3,22.4,148,-3.9
1979,5,253,32.9,23.2,165,-4.4
1979,6,906,30.2,23,132,-4
1979,7,1075,28.9,23.3,109,-3.6
1979,8,786,29.5,23.6,112,-3.2
1979,9,777,29.1,22.6,103,2.7
1979,10,185,28.4,20.2,97,2.2
1979,11,20,27.4,18,54,2
1979,12,12,23.2,14.8,45,2.5
1980,1,5,22.3,11.6,40,2
1980,2,16,25.1,14.7,43,2
1980,3,65,28.5,18.3,86,1.5
1980,4,123,32.5,22.5,130,-1.2
1980,5,520,29.4,21.5,134,-1.1
1980,6,739,29.2,22.8,108,-1.1
1980,7,779,29.4,23.3,110,-1
1980,8,741,29.4,23.3,99,-0.9
1980,9,350,29.6,23.2,103,-1.5
1980,10,186,27.6,20.1,95,-1.6
1980,11,0,26.7,15.7,51,-2.3
1980,12,0,24.9,14.5,37,-2.4
1981,1,39,21.8,12.5,52,-1
1981,2,16,25.2,14.7,43,-0.7
1981,3,84,28,17.7,95,1.4
1981,4,406,29.2,20.4,125,4
1981,5,482,29.5,22.1,133,4.1
1981,6,481,30,23,122,3.3
1981,7,1083,28.4,23.4,108,2.9
1981,8,648,29.7,23.6,105,2.6
1981,9,429,29.2,22.7,109,2.3
1981,10,19,29.5,20.1,72,-2.1
1981,11,1,26.7,15.8,46,-3.2
1981,12,13,23.4,13.2,38,-3.4
1982,1,1,23.9,12.5,29,-4.2
1982,2,8,24.8,14.5,30,-4.7
1982,3,63,27.9,17,75,-4.9
1982,4,194,30.2,20.7,136,-4.4
1982,5,295,31.8,22.7,161,-4.7
1982,6,929,28.9,22.6,107,-4.2
1982,7,778,29.4,23.5,112,-3.7
1982,8,966,29.3,23.2,116,-3.3
1982,9,399,29.7,22.9,106,-3.3
1982,10,78,28.8,19.9,93,-4.3
1982,11,23,25.2,15.6,53,-3.8
1982,12,1,23.4,12.9,35,-3.6
1983,1,12,21.9,11.6,39,-3.3
1983,2,15,24.3,13.1,41,-2.9
1983,3,151,28.1,17.9,124,-1
1983,4,145,30.8,20.5,144,-1.3
1983,5,537,29.5,22,132,-1
1983,6,542,30,22.7,116,-1.2
1983,7,982,29.5,23.6,108,-1.1
1983,8,684,29.1,23.3,98,-1
1983,9,476,28.8,23.1,92,0.4
1983,10,380,28.4,20.8,98,2.6
1983,11,2,26.9,16.3,53,1.6
1983,12,7,23.1,12.3,40,1.5
1984,1,23,21.6,11.2,44,1.8
1984,2,6,25,13.9,39,1.3
1984,3,27,30.7,18.3,62,-1.7
1984,4,297,32.5,21.8,159,1
1984,5,704,29.1,22.6,117,2.2
1984,6,1221,29.1,22.8,112,2.4
1984,7,1387,28.3,23.1,106,2.2
1984,8,579,29.5,23.4,114,1.9
1984,9,699,28.3,22.1,97,3.9
1984,10,211,28.9,21.1,94,3.6
1984,11,6,26,15.6,54,2.5
1984,12,4,24.2,13.3,39,2.2
1985,1,4,22.7,12.5,37,1.4
1985,2,19,25.3,14.4,42,1.4
1985,3,128,30.2,19.4,122,2.3
1985,4,223,31.9,22,153,2.5
1985,5,517,29.9,22.4,142,2.5
1985,6,933,29,22.5,117,2.3
1985,7,1123,27.9,22.7,106,2.1
1985,8,492,29.4,23.8,114,1.9
1985,9,504,28.9,22.7,97,2.3
1985,10,119,28.9,19.9,103,1
1985,11,2,26,15.5,51,-1.6
1985,12,4,24.9,14,38,-1.6
1986,1,6,23,12.7,37,-1.8
1986,2,2,26,14.4,36,-2.3
1986,3,42,30.5,17.7,69,-3.3
1986,4,240,30.2,20.8,133,-2.4
1986,5,344,30.3,21.9,147,-2.6
1986,6,603,30,23.1,116,-2.6
1986,7,1026,28.6,23,107,-2.3
1986,8,616,29.7,23.3,109,-2.1
1986,9,572,28.2,22.2,93,-0.7
1986,10,457,27.4,19.1,93,3.7
1986,11,62,26,16.7,68,5
1986,12,5,23.8,13.9,44,5.2
1987,1,7,23.2,12.3,45,4.8
1987,2,11,26.7,15.3,45,4.5
1987,3,128,28.5,18.1,115,5.4
1987,4,216,30.9,21.4,146,5.4
1987,5,301,31.2,22.6,166,4.2
1987,6,921,29.6,24,120,3.9
1987,7,962,28.2,23.6,106,3.5
1987,8,1123,28.7,23.7,105,3.1
1987,9,523,28.8,23.5,103,3.5
1987,10,186,28.5,20.3,101,2.9
1987,11,19,26.6,17,57,2.5
1987,12,3,24.8,14,41,2.3
1988,1,4,23.7,12.8,39,1.6
1988,2,27,26.7,15.7,50,2
1988,3,109,28.5,18.6,110,2.5
1988,4,347,31.8,22,150,4.1
1988,5,722,29.4,22.9,132,5.2
1988,6,1056,29.1,22.6,111,4.9
1988,7,1159,28.6,23.6,102,4.4
1988,8,1010,28.4,23.7,81,3.9
1988,9,479,29.6,23.3,98,3.9
1988,10,201,29.3,20.4,105,3.4
1988,11,79,26.8,17.2,79,5.3
1988,12,5,24.9,15.1,45,5.5
1989,1,9,21.6,11.2,42,5.2
1989,2,26,24.9,14.3,54,5.8
1989,3,37,29.2,17.9,74,4.6
1989,4,67,32.3,21.6,96,2.5
1989,5,638,31.4,23.4,147,2.6
1989,6,716,29,22.8,106,2.2
1989,7,1075,28.8,23.4,101,2
1989,8,335,29.4,23.7,108,1.8
1989,9,476,28.8,23.3,87,2
1989,10,310,28.4,21.1,94,2.9
1989,11,6,25.8,16.3,51,2.1
1989,12,1,23.3,12.5,39,1.7
1990,1,4,24.2,13.1,35,1
1990,2,35,24.7,15.4,49,1.9
1990,3,144,26.5,17.3,102,3.7
1990,4,350,29.4,20.6,125,5.7
1990,5,451,30.1,23.1,128,5.5
1990,6,807,29.2,23.1,99,4.9
1990,7,899,28.5,23.6,99,4.4
1990,8,875,29.4,23.7,106,4
1990,9,490,29.2,23.3,91,4.1
1990,10,366,27.5,20.2,95,5.4
1990,11,13,27.3,17.3,54,4.5
1990,12,0,24.4,14,41,3.8
1991,1,27,21.1,10.9,46,4.1
1991,2,13,26.5,15.2,43,3.7
1991,3,47,29.8,18.6,73,2.5
1991,4,243,31,21.1,141,2.9
1991,5,705,29.6,21.7,121,3.7
1991,6,763,28,22.5,105,3.3
1991,7,626,28.9,23.5,114,2.9
1991,8,603,28.7,23.7,107,2.6
1991,9,867,28.3,22.3,95,5.9
1991,10,358,28.2,20,96,6.9
1991,11,5,26,15.2,52,5.5
1991,12,9,22.4,12.7,39,5.2
1992,1,13,21.8,11.2,38,4.8
1992,2,19,23.4,13,42,4.7
1992,3,21,29.8,17.8,62,2.8
1992,4,104,32.5,21.4,115,1.3
1992,5,366,29,21.9,142,-2.9
1992,6,647,29.2,22.4,121,-2.8
1992,7,897,28.2,22.8,114,-2.5
1992,8,596,29,23.3,116,-2.3
1992,9,521,29.2,22.2,105,-1.4
1992,10,165,28,20,97,-1.7
1992,11,5,25.9,15.4,53,-2.2
1992,12,1,22.4,12,39,-2.2
1993,1,22,22,12.1,43,-1.6
1993,2,23,25.8,14.7,46,-0.9
1993,3,79,27.6,16.2,93,-0.7
1993,4,137,29.9,20.3,132,-1.1
1993,5,646,29.3,21.7,123,0.6
1993,6,1173,28.4,22,101,1.2
1993,7,955,29.1,22.7,108,1.1
1993,8,800,28.8,23.6,93,1
1993,9,526,28.5,22.4,97,1.6
1993,10,132,28.3,20.1,89,0.7
1993,11,22,26.4,16.1,55,0.8
1993,12,0,24.9,14,40,0.6
1994,1,28,23.3,12.3,50,1.4
1994,2,27,23.7,13.7,50,2.1
1994,3,105,28.9,18,106,2.8
1994,4,116,30.5,21,124,1.8
1994,5,341,30.9,23.3,151,0.9
1994,6,746,28.9,22.6,109,0.7
1994,7,561,29.9,23.2,126,0.6
1994,8,520,29.6,23.6,115,-1.1
1994,9,235,30,22.9,114,-2.6
1994,10,189,28.8,19.5,98,-2.6
1994,11,6,25,16.5,52,-2.9
1994,12,0,23.5,12.5,39,-2.9
1995,1,16,21.5,11.6,42,-2.5
1995,2,13,25,14.9,39,-2.2
1995,3,29,29.8,18.2,61,-3.2
1995,4,52,32.6,21.7,67,-4.6
1995,5,342,31.8,23.9,152,-4.9
1995,6,942,29.4,23.5,97,-4.3
1995,7,1148,28.6,23.5,115,-3.9
1995,8,913,29.1,23.3,104,-3.5
1995,9,703,28.9,22.9,99,-0.9
1995,10,96,29.4,20.4,96,-2.1
1995,11,67,26.1,16.9,71,2.6
1995,12,1,23.2,13.1,41,2.8
1996,1,12,22.9,12.1,43,2.9
1996,2,16,25.4,13.5,48,3.1
1996,3,61,30.1,19,85,2.6
1996,4,209,32.2,21.4,164,2.4
1996,5,449,30.7,23,140,2.1
1996,6,789,29,22,100,1.8
1996,7,892,28.6,23.5,101,1.6
1996,8,613,28.8,23.3,104,1.5
1996,9,377,28.9,23.3,106,0.8
1996,10,310,28.1,20.2,99,1.8
1996,11,0,26.7,16,50,0.8
1996,12,0,24.6,12.2,40,-1.2
1997,1,17,22.4,11.3,41,-1
1997,2,13,23.5,13.9,37,-1
1997,3,48,29.2,18.4,72,-1.6
1997,4,238,29,20.5,129,-0.8
1997,5,374,30.2,22.8,148,-1
1997,6,706,28.7,22.4,103,-1
1997,7,972,29.1,23.4,110,-0.9
1997,8,671,29.3,23.2,105,-0.8
1997,9,502,28.4,22.6,93,0.6
1997,10,39,27.7,19.2,84,-1.6
1997,11,5,26.1,16.6,47,-2.5
1997,12,9,22.5,13.1,36,-2.8
1998,1,11,22.3,11.5,35,-3
1998,2,13,26.3,15.3,36,-3.2
1998,3,132,28.1,17,118,-1.8
1998,4,268,31.1,21.8,137,-0.6
1998,5,290,31.4,23.6,137,-1
1998,6,888,29.8,23.2,99,-0.8
1998,7,1087,28.4,23.7,94,-0.7
1998,8,928,28.6,24.1,84,-0.7
1998,9,383,30.1,23.3,103,-1
1998,10,370,30,22.3,100,2.1
1998,11,31,26.6,17,64,2.2
1998,12,0,24.5,13.6,43,2
1999,1,1,23.6,12,40,1.2
1999,2,0,28.5,15.8,38,-1.5
1999,3,15,31.3,18.4,41,-3.2
1999,4,154,33.9,23.1,148,-3.5
1999,5,589,30,23.2,133,-2.9
1999,6,695,29.3,23.3,114,-2.8
1999,7,1203,28.4,23.3,105,-2.5
1999,8,931,28.4,23.4,101,-2.2
1999,9,346,29.1,22.6,104,-2.7
1999,10,374,28.1,21.2,95,-0.7
1999,11,19,26.5,17,58,-0.7
1999,12,0,24.3,14.9,40,-0.8
2000,1,25,21.7,11.7,47,1.6
2000,2,21,24,13.6,45,1.9
2000,3,139,27.3,17.6,120,3.2
2000,4,366,29.9,20.9,136,5.2
2000,5,775,29.8,22.9,127,6.4
2000,6,757,29.3,22.5,111,5.7
2000,7,437,29.2,23.4,119,5.1
2000,8,785,29.1,23.4,98,4.6
2000,9,442,28.5,22.4,95,4.2
2000,10,153,28.7,20.6,97,3.2
2000,11,0,26.7,16.5,50,2
2000,12,0,24.8,12.5,39,1.5
2001,1,3,25.1,11.7,38,0.7
2001,2,10,27.8,15.3,39,-2.3
2001,3,40,29.5,17.9,65,-3.3
2001,4,270,31.3,21.4,146,-2.1
2001,5,768,29.9,23.4,132,-0.5
2001,6,774,28.7,22.8,101,-0.5
2001,7,743,29.4,23.4,117,0
2001,8,665,29,24.2,110,0
2001,9,401,29.6,23.7,104,-0.3
2001,10,339,28.6,21.4,95,2.3
2001,11,9,27.6,16.3,52,1.6
2001,12,0,25.2,13.2,41,1.2
2002,1,26,22.5,12.4,47,1.6
2002,2,3,27.3,14.8,40,0.9
2002,3,120,30,18.4,116,1.7
2002,4,293,31.2,21.2,129,2.9
2002,5,359,29.7,23,133,2.6
2002,6,1164,28.9,22.8,96,2.7
2002,7,1006,28,23.8,93,2.4
2002,8,484,28.9,23.5,100,2.2
2002,9,317,28.9,23.3,103,1
2002,10,87,28.5,20.1,94,-2.1
2002,11,46,27,16.6,63,-0.9
2002,12,1,24.7,14,39,-0.6
2003,1,13,23.6,10.6,44,1.2
2003,2,21,25,14.6,46,1.6
2003,3,81,28.4,17.7,89,1.9
2003,4,194,31.8,22,132,2
2003,5,384,29.9,23.1,143,1.5
2003,6,1021,28.1,23.1,91,1.6
2003,7,1335,28.7,23.8,99,1.4
2003,8,370,30.3,24.2,103,1.3
2003,9,330,29.5,24,98,-0.8
2003,10,256,29.5,21.3,92,0.6
2003,11,12,27.4,16.4,56,0.1
2003,12,5,22.9,13.7,39,0.1
2004,1,13,22.3,11.9,42,0
2004,2,5,26.2,14,38,-0.5
2004,3,53,32.4,19.1,77,-1.2
2004,4,333,30.6,21.7,129,1.8
2004,5,435,31.4,24.1,149,1.9
2004,6,977,28.4,23.3,103,1.9
2004,7,740,27.4,23.4,91,1.7
2004,8,292,29.8,23.8,105,1.5
2004,9,227,30.2,22.7,95,-1.6
2004,10,358,27.6,20.2,100,1.6
2004,11,15,25.2,16.5,55,1.1
2004,12,1,25.9,13.7,40,0.9
2005,1,26,22.5,13,47,1.4
2005,2,7,26.3,16,44,0.9
2005,3,130,30.1,18.9,121,1.9
2005,4,164,31.7,21.7,149,1.5
2005,5,534,29.4,22.7,133,1.5
2005,6,432,29.8,23.4,114,0.9
2005,7,720,28.8,24,124,0.8
2005,8,303,29.4,24.3,104,0.7
2005,9,363,30.1,23.3,117,-1.1
2005,10,308,27.6,21.6,96,1.1
2005,11,0,27.5,15.4,53,-0.9
2005,12,0,25.4,13.1,41,-1.3
2006,1,0,25.6,11.7,38,-2.1
2006,2,11,29.9,16.1,39,-2.5
2006,3,36,30.4,19.1,57,-3.6
2006,4,524,30.7,21.9,145,3.8
2006,5,438,30.6,23.8,147,3.7
2006,6,573,29.2,23.4,115,3.1
2006,7,578,30.1,24.1,130,2.7
2006,8,386,30.2,23.7,133,2.5
2006,9,368,30,23.2,105,1.6
2006,10,142,28.5,21,106,0.7
2006,11,19,25.6,17.8,56,-1.4
2006,12,2,26.2,13.9,42,-1.3
2007,1,4,25.1,11.7,41,-1.6
2007,2,39,24.3,14.7,53,1.2
2007,3,29,30.7,17.8,63,-1.1
2007,4,451,32.3,21.7,136,3.1
2007,5,306,31.9,23.9,152,2.5
2007,6,907,29.8,22.8,100,2.4
2007,7,728,28.9,23.9,101,2.1
2007,8,1363,29.8,24.2,110,1.9
2007,9,577,29.3,23.9,101,2.9
2007,10,257,29.7,21.5,98,3.1
2007,11,25,27.1,16.9,61,2.9
2007,12,0,25.9,13.2,42,2.5
2008,1,43,23,13.5,57,3.7
2008,2,8,25,13.4,40,3.3
2008,3,129,29.8,19,114,4.3
2008,4,130,32.2,22.7,132,3.3
2008,5,404,30.4,24.5,143,2.6
2008,6,862,27.9,23.6,95,2.4
2008,7,1045,28.8,23.8,99,2.1
2008,8,555,28.6,24,88,1.9
2008,9,255,29.7,23.4,104,-2
2008,10,221,28.4,20.3,100,-1.6
2008,11,5,26.7,16.4,54,-2.2
2008,12,1,26.1,14.5,36,-2.2
2009,1,2,25.8,12.9,38,-2.7
2009,2,13,28.2,15.8,44,-2.8
2009,3,53,30.4,18.6,74,-3.3
2009,4,261,33.9,22.6,147,-2.3
2009,5,271,30.7,23.5,142,-2.7
2009,6,429,30.2,23.6,108,-2.9
2009,7,1040,30.3,24,115,-2.6
2009,8,585,29.8,24.1,99,-2.4
2009,9,362,30.4,23.6,108,-2.8
2009,10,295,30.2,20.6,103,-1.6
2009,11,12,28.4,16.5,57,-1.9
2009,12,2,25,13.8,40,-1.8
2010,1,0,24.6,11.2,38,-2.4
2010,2,1,27.8,13.8,36,-3.1
2010,3,191,32.1,19.8,135,-0.6
2010,4,418,33.7,22.6,152,4.8
2010,5,550,30.9,23.9,142,5
2010,6,937,29.7,23.5,102,4.7
2010,7,718,29.5,24.5,111,4.2
2010,8,509,29.6,24.8,106,3.8
2010,9,525,29.3,24.2,94,4.2
2010,10,317,28.7,22.1,104,4.8
2010,11,13,27.9,18.2,55,4
2010,12,2,24.6,13.4,42,3.5
2011,1,12,22.9,11.3,42,3
2011,2,22,26.9,13.5,48,3
2011,3,50,29.7,18.6,75,1.9
2011,4,75,31.1,21.8,90,-2.1
2011,5,494,30.3,23.6,130,-2.1
2011,6,1103,29,23.4,112,-1.5
2011,7,834,28.5,24.2,103,-1.4
2011,8,1585,29.1,23.4,100,-1.2
2011,9,355,29.9,23.2,106,-1.8
2011,10,25,29.2,20.4,77,-3.3
2011,11,14,26.5,15.9,50,-3.7
2011,12,0,26.3,13.4,34,-4.5
2012,1,23,20.6,10.3,39,-4
2012,2,3,25.2,13.6,30,-4.6
2012,3,46,30.5,17.9,63,-5.2
2012,4,251,30.2,20.6,139,-4
2012,5,452,31.1,23.1,157,-3.6
2012,6,720,29.1,23,105,-3.4
2012,7,952,28.7,23.8,106,-3
2012,8,665,29.7,23.8,110,-2.7
2012,9,360,29.2,22.7,97,-3
2012,10,185,28.1,18.9,104,-3
2012,11,5,27.1,14.5,53,-3.3
2012,12,1,25.6,12.6,40,-3.3
2013,1,1,23.3,10.7,36,-3.7
2013,2,14,26.1,14.4,42,-3.6
2013,3,20,30.3,18.3,47,-4.8
2013,4,190,30.9,21.3,146,-4.4
2013,5,580,29.3,22.7,124,-3.5
2013,6,743,30.1,23.4,116,-3.3
2013,7,887,29.4,23.6,114,-3
2013,8,457,29.2,23,112,-2.6
2013,9,280,29.4,22.6,107,-3.7
2013,10,373,27.6,20.8,93,-1.5
2013,11,0,25.8,14.6,53,-2.2
2013,12,0,22.6,13,37,-2.4
2014,1,0,21.1,11.5,34,-2.9
2014,2,29,23.3,13.4,47,-2
2014,3,12,28.8,17.5,45,-3.4
2014,4,85,33.1,21.9,97,-4.5
2014,5,373,31.1,23.1,149,-4.8
2014,6,732,29.2,22.5,108,-4.4
2014,7,655,29.6,24,120,-4
2014,8,879,29,23.1,95,-3.6
2014,9,583,29.3,22.6,103,-2
2014,10,87,28.7,19.7,99,-3.1
2014,11,0,26,15.2,48,-3.7
2014,12,0,23.1,13.2,35,-3.9
2015,1,21,21.6,12.1,42,-3.3
2015,2,20,25,14.4,42,-2.9
2015,3,38,28.7,17.9,65,-3.6
2015,4,282,29.2,20.7,128,-2
2015,5,396,30.6,22.6,129,-1.8
2015,6,864,29,22.4,100,-1.6
2015,7,703,29.4,22.8,110,-1.4
2015,8,957,29,23.1,85,-1.3
2015,9,534,29.7,22.5,104,1.5
2015,10,61,28.8,20,87,-1.4
2015,11,1,26.4,15.8,44,-2.2
2015,12,2,23,12.7,33,-2.6
2016,1,18,20.5,11.7,38,-2.7
2016,2,6,25.8,16.4,34,-3.4
2016,3,100,29.1,19.3,103,-1.9
2016,4,188,31.9,21.6,147,-1.5
2016,5,443,29.9,22.4,137,-1.6
2016,6,585,30,23.1,116,-1.8
2016,7,1094,28.9,23.3,98,-1.6
2016,8,441,30.3,23.7,129,-1.4
2016,9,331,29.8,23.2,97,-1.1
2016,10,203,29.3,21,99,-0.7
2016,11,17,25.7,16,55,-1.3
2016,12,1,24.2,14,39,-1.4
2017,1,1,22.5,11.9,38,-1.6
2017,2,10,25.8,15,40,-2.2
2017,3,148,26.4,17.5,103,3.4
2017,4,334,29.5,21.3,122,5.3
2017,5,357,30.9,23,142,4.9
2017,6,614,29.5,22.7,112,4.2
2017,7,1127,29.1,23.5,112,3.8
2017,8,834,29.6,23.5,100,3.4
2017,9,388,29.9,23.1,94,3.3
2017,10,361,28.4,20.7,96,3.9
2017,11,6,26.8,16.9,53,2.7
2017,12,7,24.3,14.9,41,2.3
2018,1,0,21.4,11.3,31,2.8
2018,2,11,25.2,15.3,37,2.5
2018,3,44,29,18.8,67,3.6
2018,4,260,29.9,20.7,124,5.1
2018,5,435,29.1,21.9,127,5.5
2018,6,612,29.9,22.6,119,4.6
2018,7,729,29.6,23.6,117,4.2
2018,8,446,30,23.8,116,3.7
2018,9,262,30.1,22.9,110,2.3
2018,10,76,27.6,19.4,91,1.5
2018,11,2,25.6,15.1,46,1.3
2018,12,5,23.2,13.1,36,1.9
2019,1,3,23.8,13.1,36,-3.4
2019,2,38,25.5,14.5,50,-2
2019,3,57,28.3,17,76,-2.3
2019,4,121,30.9,20.9,119,-2.8
2019,5,501,30.8,23.2,133,-2.6
2019,6,621,30.6,24.2,128,-2.5
2019,7,1088,29.7,24.2,114,-2.3
2019,8,608,31.2,25.5,118,-2
2019,9,506,30,23.7,96,-1.2
2019,10,373,29,20.8,90,2.2
2019,11,47,27.3,17.5,63,3.1
2019,12,3,23,12.3,41,3.3
