Product: Historical Climate - TerraClimate(http://www.climatologylab.org/terraclimate.html) 
Location (Lat/Lon of 4-km Grid Cell Center): 22.5208 North,92.8958 East 
Data Source: NW Climate Toolbox(https://climatetoolbox.org/tool/point-data-download)
Download Date: 07/24/2020
Variable List: 
ppt: ppt (Precipitation)
tmax: tmax (Maximum Temperature)
tmin: tmin (Minimum Temperature)
aet: aet (Actual Evapotranspiration)
PDSI: pdsi (Palmer Drought Severity Index (PDSI))
********************************************************
Year,Month,ppt(mm),tmax(degC),tmin(degC),aet(mm),PDSI(unitless)
1958,1,2,23.5,12.2,42,-0.2
1958,2,18,24.2,12.5,49,0.1
1958,3,27,29.7,16.3,64,-0.2
1958,4,64,31.3,20.4,82,-1.3
1958,5,201,29.5,21,135,-1.5
1958,6,409,28.2,21.2,118,-1.4
1958,7,406,27.2,20.6,108,-1.2
1958,8,663,26.2,20.2,97,-1.1
1958,9,562,26.8,20,99,0.7
1958,10,239,26.9,19.9,100,-0.1
1958,11,5,24.6,15.8,53,-1
1958,12,9,22,13.1,44,-1.3
1959,1,40,21.8,11.7,57,1
1959,2,35,23.1,12.3,59,1.5
1959,3,97,27.9,16.4,104,3.2
1959,4,25,30.8,20.1,71,1.7
1959,5,252,29.5,20.5,133,1.6
1959,6,762,27.3,20.6,112,1.4
1959,7,564,26.9,20.5,110,1.3
1959,8,1015,25.8,20.4,103,1.2
1959,9,565,25.2,19.6,90,1.9
1959,10,445,25.3,18.9,89,3.3
1959,11,0,23.3,14.3,53,1.9
1959,12,29,22.4,12.2,51,2
1960,1,0,22.1,10.8,40,1.3
1960,2,1,26.2,13.4,40,-1.8
1960,3,43,28.3,15.3,72,-1.7
1960,4,7,31.7,20.6,31,-3.4
1960,5,168,30.5,21.2,145,-3.7
1960,6,423,27.4,20.8,115,-3.4
1960,7,746,25.9,20.5,96,-3
1960,8,631,26.6,20.8,104,-2.7
1960,9,568,26.4,19.8,89,-1.6
1960,10,268,26.4,19.2,97,-1.2
1960,11,75,23.3,14.8,78,-0.9
1960,12,3,22.3,12.9,44,-1.1
1961,1,2,23,11.9,43,-1
1961,2,14,22.9,11.6,50,-0.9
1961,3,14,28.3,18.7,61,-1.1
1961,4,78,31,20.3,99,-1.7
1961,5,129,29.6,20.9,125,-2.4
1961,6,2849,27,20.6,112,-2.2
1961,7,233,26.3,20.7,103,-2
1961,8,1114,26.3,20.7,100,-1.8
1961,9,397,25.8,19.8,94,-2
1961,10,270,26.2,19.3,100,-1.6
1961,11,7,23.1,14.4,53,-2.3
1961,12,0,20.6,10.2,40,-2.7
1962,1,12,21.1,9.2,44,-2.6
1962,2,28,24.1,12.6,53,-2
1962,3,3,29.5,16.1,52,-2.7
1962,4,60,30.7,20.1,79,-3.4
1962,5,308,29.4,19.9,139,-2.6
1962,6,373,26.5,20.4,101,-2.3
1962,7,662,27.6,21,112,-2.1
1962,8,581,26,20.5,101,-1.9
1962,9,338,27.1,20.1,100,-2.6
1962,10,313,26.1,19.2,102,-1.8
1962,11,0,23.6,14.3,52,-2.7
1962,12,0,22.1,11.7,38,-3.1
1963,1,0,22.4,9.7,38,-3.4
1963,2,0,25.9,13.6,38,-4
1963,3,20,29,16.4,54,-4.3
1963,4,105,29.6,18.6,110,-4.2
1963,5,307,27.9,19.5,141,-3.3
1963,6,426,26.2,20.7,98,-3
1963,7,761,26.3,20.9,98,-2.7
1963,8,429,26.5,20.7,105,-2.4
1963,9,336,27,19.9,105,-3.1
1963,10,392,25.8,19.2,94,-1.6
1963,11,3,23.9,15.2,53,-2.4
1963,12,0,22,12.5,39,-2.9
1964,1,9,21.5,11,41,-2.9
1964,2,25,24.4,13.3,52,-2.5
1964,3,7,29.1,18.1,51,-3.1
1964,4,141,29.2,19.7,137,-2.5
1964,5,160,29.1,19.9,136,-3
1964,6,1315,26.9,20.3,111,-2.6
1964,7,400,25.4,20.2,103,-2.4
1964,8,700,26.4,20.5,107,-2.1
1964,9,479,26.4,20.2,97,-1.8
1964,10,421,25.8,20,102,1.5
1964,11,54,24.1,16.6,70,1.2
1964,12,0,22.4,12.9,44,0.6
1965,1,1,22.3,11.3,42,-0.3
1965,2,71,23.8,12.7,77,1.9
1965,3,15,27.8,15.5,65,1.6
1965,4,16,29.9,19.4,53,-1.6
1965,5,258,29.4,20.7,143,-1.4
1965,6,507,26.3,20.3,104,-1.3
1965,7,1126,25.8,20.2,107,-1.1
1965,8,768,25,19.9,105,-1
1965,9,392,26,19.6,100,-1.4
1965,10,221,26.1,19.1,99,-1.5
1965,11,32,24.2,15.4,65,-1.9
1965,12,43,22.2,13.8,56,-0.8
1966,1,11,21.8,12.3,47,1.1
1966,2,0,25.8,14,45,0.6
1966,3,75,28.4,16.7,94,1.7
1966,4,50,31.1,20,85,-1
1966,5,325,30.1,21.2,152,0.5
1966,6,382,25.4,20.4,96,0.5
1966,7,747,26.9,20.7,102,0.4
1966,8,725,25.8,20.6,98,0.4
1966,9,661,26,19.8,103,1.8
1966,10,293,25.5,18.2,108,1.9
1966,11,22,24.5,16.7,61,1
1966,12,71,21.1,13,66,2.6
1967,1,51,21.5,12.6,62,4.3
1967,2,0,24.4,13.5,51,3.9
1967,3,41,26.9,16.6,79,4.1
1967,4,118,29.9,18.6,125,3.9
1967,5,104,29.2,20.4,113,2.4
1967,6,527,27.2,20.3,116,2.2
1967,7,712,26.7,20.7,102,1.9
1967,8,571,26.4,20.4,103,1.7
1967,9,755,25.4,19.8,94,3.8
1967,10,254,25.7,18.6,102,3.4
1967,11,0,23.2,13.4,53,2
1967,12,0,22.2,12.1,39,1.1
1968,1,23,21.5,11,48,1.2
1968,2,16,23,12.1,46,0.9
1968,3,39,28.5,16.5,69,0.8
1968,4,65,29.7,19,85,-1.9
1968,5,390,28.8,19.7,141,-0.6
1968,6,1594,25.5,19.7,99,0
1968,7,376,26.5,20.5,106,0
1968,8,836,26.1,20.2,104,0
1968,9,219,26.6,20,94,-1.8
1968,10,159,26.1,19.1,97,-2.2
1968,11,11,24,15.9,54,-2.9
1968,12,0,22.5,12.2,41,-3.2
1969,1,2,21.7,10.5,39,-3.4
1969,2,0,25.4,12.5,39,-4
1969,3,100,28.7,17.2,107,-2.3
1969,4,184,30.5,19.4,148,-1.2
1969,5,58,29.8,20.7,89,-2.4
1969,6,804,27,20.2,108,-2.2
1969,7,788,26.9,20.8,105,-1.9
1969,8,853,25.3,19.9,96,-1.7
1969,9,483,26.7,19.9,103,-1.4
1969,10,69,26.1,18.7,88,-2.6
1969,11,33,24,15.5,60,-2.9
1969,12,0,22.3,12.2,40,-3.2
1970,1,12,21.4,10.6,44,-3.1
1970,2,22,24.2,13.3,50,-2.8
1970,3,7,28,17.4,51,-3.3
1970,4,106,30.5,19.9,111,-3.2
1970,5,158,28.8,20.8,131,-3.6
1970,6,1048,26.8,20.6,112,-3.2
1970,7,333,26.1,20.3,97,-2.9
1970,8,622,26.2,20.4,103,-2.6
1970,9,532,25.6,20.1,89,-1.7
1970,10,482,25.2,19.3,94,2.4
1970,11,150,22.8,16.1,74,3.7
1970,12,0,21.9,12.3,44,2.9
1971,1,16,21.5,11.6,49,3.1
1971,2,1,23.6,11.9,45,2.5
1971,3,2,28.9,15.2,56,1.7
1971,4,14,28.6,19,43,-2.3
1971,5,118,28.7,20,118,-3.1
1971,6,453,25.8,20.2,101,-2.8
1971,7,797,25.2,20.2,95,-2.5
1971,8,826,24.8,19.8,91,-2.3
1971,9,330,26.2,19.7,95,-3
1971,10,153,26,19.6,100,-3.4
1971,11,83,23.2,14.7,80,-2.8
1971,12,0,22.1,11.8,45,-2.9
1972,1,0,22.6,11.3,44,-2.7
1972,2,10,22.2,11.1,48,-2.6
1972,3,7,28,16.3,57,-2.8
1972,4,76,29.4,18.9,94,-3.2
1972,5,60,29.3,20.9,75,-4.6
1972,6,358,27.2,20.2,117,-4.1
1972,7,433,27.1,20.9,111,-3.7
1972,8,788,25.5,20,109,-3.3
1972,9,347,27,19.6,107,-3.9
1972,10,154,26.5,18.8,111,-4.3
1972,11,3,24.6,15.9,54,-4.8
1972,12,0,23,11.5,41,-5
1973,1,7,23.1,11.3,41,-4.9
1973,2,16,25.4,14.3,48,-4.8
1973,3,17,28.3,16,56,-5
1973,4,90,30.5,20.8,101,-5.1
1973,5,403,27.9,19.4,131,-3.3
1973,6,296,26.8,20.7,108,-3
1973,7,507,26.9,20.8,110,-2.7
1973,8,450,26.3,20.5,108,-2.4
1973,9,690,25.7,20,99,2.5
1973,10,245,26.3,19.6,99,2.2
1973,11,247,23.1,16.4,84,5.1
1973,12,61,20.7,12.8,65,6.2
1974,1,9,21.2,10.8,49,6.1
1974,2,0,24.2,11.9,51,5.5
1974,3,114,27.5,16.8,117,7.3
1974,4,85,29.2,19.8,109,6.6
1974,5,284,28.7,19.9,133,6.4
1974,6,757,26.4,20.2,107,5.8
1974,7,1039,25,20.1,104,5.2
1974,8,575,25.7,20.6,105,4.6
1974,9,537,25.7,19.7,99,4.7
1974,10,278,26.7,20,99,4.5
1974,11,82,24.2,18.1,79,4.3
1974,12,0,20.7,11.6,43,3.5
1975,1,0,21.4,11.1,42,3
1975,2,9,24.3,13.3,49,2.6
1975,3,0,29.6,17.7,54,1.7
1975,4,46,29.8,20,72,-2.2
1975,5,218,28.4,19.7,138,-2.2
1975,6,370,27.3,20.5,110,-2
1975,7,822,25.3,20.1,95,-1.8
1975,8,436,26.2,20.5,101,-1.6
1975,9,462,25.7,19.7,99,-1.4
1975,10,346,26.2,20.2,101,0.8
1975,11,171,22.1,15.6,78,2.6
1975,12,6,21,11.2,47,2.1
1976,1,0,22,11.1,43,1.8
1976,2,6,24.2,13.5,46,1.4
1976,3,12,29,18.1,62,0.8
1976,4,65,29.8,19.5,87,-1.6
1976,5,158,28.6,19.1,136,-2.2
1976,6,1682,26.1,19.7,105,-2
1976,7,379,26.3,20.5,102,-1.8
1976,8,735,25.8,19.7,106,-1.6
1976,9,240,26.5,19.6,101,-3.1
1976,10,209,26.1,18.6,96,-3
1976,11,196,24.4,16.8,78,2.3
1976,12,4,21.6,12.1,46,1.8
1977,1,2,21.8,10.6,45,1.6
1977,2,50,23.5,12.4,68,2.8
1977,3,2,28.7,18.5,60,2.1
1977,4,354,27.6,18.6,138,5.6
1977,5,277,27.3,19.2,137,6.3
1977,6,671,25.8,19.8,102,5.6
1977,7,596,26.3,20.8,101,5
1977,8,503,25.9,20.6,103,4.5
1977,9,293,26.6,20.2,105,2.8
1977,10,117,25.8,18.3,104,1.4
1977,11,63,23.8,16.8,73,1.3
1977,12,14,21.8,12.5,49,1.2
1978,1,0,20.2,9.6,42,0.9
1978,2,1,23.9,12.6,43,-2
1978,3,4,28.3,15.6,55,-2.4
1978,4,116,30,19,118,-2.2
1978,5,316,28.3,19.9,135,-1.4
1978,6,451,26.3,20,106,-1.3
1978,7,408,26.6,20.5,102,-1.2
1978,8,653,27,20.9,102,-1
1978,9,614,25.9,19.7,98,1.5
1978,10,207,27.1,20,105,1
1978,11,1,24.5,16.4,53,-1.3
1978,12,0,22.8,12.7,40,-1.9
1979,1,6,23.3,11.6,42,-2.2
1979,2,7,23.8,12.8,43,-2.6
1979,3,9,28.2,16.8,45,-3.4
1979,4,39,30.8,20.3,55,-4.4
1979,5,105,30.3,21.7,111,-5.4
1979,6,421,27.1,21.1,114,-4.9
1979,7,516,26.8,20.8,109,-4.4
1979,8,909,25.7,20.4,90,-3.9
1979,9,563,26,20,95,-2.7
1979,10,75,26.4,19.3,96,-3.7
1979,11,45,25.3,17.6,69,-3.8
1979,12,58,21.6,14.3,64,-2.2
1980,1,0,21.6,11.4,42,-2.2
1980,2,28,23.7,13.1,55,-1.5
1980,3,47,28.1,17.6,78,-0.8
1980,4,36,31,20.9,72,-2.1
1980,5,395,28.5,19.4,149,-0.7
1980,6,324,26.8,20.4,96,-0.6
1980,7,718,26.7,20.6,95,-0.6
1980,8,658,26.1,20.2,96,0
1980,9,408,26.8,20.2,97,-0.4
1980,10,335,25.6,18.8,96,1.1
1980,11,0,24.5,15.4,56,-1.1
1980,12,1,22.6,13.5,39,-1.7
1981,1,43,21.6,12.1,56,-0.6
1981,2,7,23.8,13.2,45,-1
1981,3,77,27.8,16.4,90,1.4
1981,4,300,28.1,18.8,127,4.3
1981,5,281,28.2,20,127,5
1981,6,746,27.3,20.6,104,4.5
1981,7,1175,25.6,20.6,97,4.1
1981,8,512,26.6,20.7,96,3.6
1981,9,350,26.1,20,102,2.4
1981,10,38,26.9,19.4,81,0.7
1981,11,1,24.9,16,47,-3.2
1981,12,42,21.4,12.6,52,-2.4
1982,1,0,22.7,11.4,35,-2.9
1982,2,19,23.3,13.8,45,-2.9
1982,3,20,27.9,15.9,56,-3.3
1982,4,154,29.7,19.1,138,-2.4
1982,5,155,30.3,20.7,149,-3
1982,6,392,26.4,20.6,94,-2.7
1982,7,561,27,20.8,113,-2.4
1982,8,1025,25.8,20.6,92,-2.2
1982,9,599,26,20,99,-0.9
1982,10,25,26.8,19.5,78,-2.3
1982,11,57,23.3,14.9,71,-2.5
1982,12,7,21.3,11.7,40,-2.8
1983,1,11,21.2,11.5,38,-2.8
1983,2,47,22.8,12.7,60,-1.6
1983,3,81,27,17.6,91,2.1
1983,4,198,30.1,19.3,145,3.1
1983,5,252,28.9,20,139,3.2
1983,6,762,26.9,20.4,115,2.9
1983,7,416,27.1,20.9,107,2.6
1983,8,759,26.5,20.5,96,2.3
1983,9,408,26.3,20.3,92,1.7
1983,10,411,26.5,19.5,90,2.9
1983,11,79,24.2,16.8,75,2.9
1983,12,84,21.2,12.3,68,5
1984,1,8,21.5,11,48,5
1984,2,1,23.9,12.4,49,4.6
1984,3,0,29.1,16.7,66,3.8
1984,4,120,31,20.1,127,3.4
1984,5,494,28.4,19.7,130,5.3
1984,6,300,26.9,20.4,94,4.8
1984,7,873,26.5,20.3,107,4.3
1984,8,665,26.6,20.5,105,3.8
1984,9,430,26.1,19.3,107,3.2
1984,10,171,27.2,19.7,94,2.3
1984,11,2,24.4,15.2,57,1
1984,12,6,22.3,12.6,42,-2.2
1985,1,19,22.2,11.8,47,-1.9
1985,2,7,24.5,12.4,43,-2.2
1985,3,65,28.2,18.7,85,-1.5
1985,4,96,30.1,20.8,106,-1.7
1985,5,355,28.9,19.7,138,-0.6
1985,6,1211,27,20.4,101,-0.6
1985,7,187,26,20,107,0
1985,8,650,26.7,20.6,100,0
1985,9,416,26.3,19.8,101,-0.3
1985,10,66,27.3,19.1,90,-1.6
1985,11,140,24,15,82,1.2
1985,12,2,22.7,13.6,46,0.7
1986,1,5,21.9,12,43,0.7
1986,2,1,25,13.3,48,-0.4
1986,3,5,29.4,16.9,56,-1.1
1986,4,130,30.1,19.3,129,-0.9
1986,5,149,29.7,19.8,145,-1.7
1986,6,357,27.8,20.9,117,-1.5
1986,7,771,26.5,20.4,101,-1.4
1986,8,455,27.1,20.7,107,-1.2
1986,9,436,25.5,19.6,90,-1.2
1986,10,284,26.2,18.5,101,-0.8
1986,11,193,24.1,16.2,79,2.5
1986,12,0,22.7,13.1,46,1.8
1987,1,5,22.9,12,45,1.6
1987,2,23,25.3,13.8,54,1.8
1987,3,51,27.7,17,81,2.3
1987,4,231,29.7,19.9,147,3.9
1987,5,63,30.1,20.8,117,2.2
1987,6,1136,27.8,21.6,118,2
1987,7,834,26.7,21.1,103,1.8
1987,8,805,26.3,20.8,103,1.6
1987,9,651,26.6,20.5,97,2.9
1987,10,168,27.3,19.2,108,1.9
1987,11,62,25,17.2,75,1.6
1987,12,34,22.7,13.5,56,2.1
1988,1,0,23,12.3,45,1.9
1988,2,15,25.4,14.1,52,1.8
1988,3,42,28.4,17.7,79,2.1
1988,4,152,30.8,20.4,148,2.3
1988,5,450,28.7,20.7,136,3.9
1988,6,339,26.9,20.5,100,3.5
1988,7,653,26.8,20.9,101,3.2
1988,8,766,26.2,20.5,99,2.9
1988,9,563,26.9,20.2,102,3.3
1988,10,344,27,19.7,99,3.7
1988,11,80,25,17.1,77,3.6
1988,12,33,23,14.8,55,3.9
1989,1,0,21.4,10.5,46,3.6
1989,2,8,23.9,13.4,50,3.3
1989,3,6,28.7,16.6,61,2.5
1989,4,161,30.2,20,154,2.7
1989,5,84,29.9,21.3,101,1.1
1989,6,702,27.4,20.5,120,1
1989,7,421,26.8,20.8,106,0.9
1989,8,201,27,20.7,108,0.8
1989,9,598,26.2,20.3,97,1.7
1989,10,514,25.5,19.7,78,3.8
1989,11,8,24.1,15,59,2.5
1989,12,1,21.9,11.9,41,1.5
1990,1,0,22.6,12.6,37,0.7
1990,2,39,23.6,15,55,1.3
1990,3,60,26.2,17.6,74,2
1990,4,166,28.6,19.4,140,2.6
1990,5,264,28.5,20.7,123,2.8
1990,6,1268,27.2,21.5,106,2.5
1990,7,443,26.4,21,87,2.3
1990,8,386,26.8,20.8,108,2
1990,9,334,26.2,20.5,102,0.9
1990,10,295,25.5,19,96,1.2
1990,11,95,24.5,17.7,76,1.6
1990,12,51,22.1,13.8,61,2.7
1991,1,16,20.6,11,49,3.3
1991,2,23,25,14.1,59,3.8
1991,3,34,29.3,18.6,80,4
1991,4,234,29.7,19.8,138,5.7
1991,5,323,28.4,20.3,130,6.4
1991,6,418,26,20.2,97,5.8
1991,7,575,26.6,20.6,96,5.2
1991,8,707,26.2,20.6,98,4.7
1991,9,648,25.5,19.6,104,5.5
1991,10,333,25.4,19.5,84,5.7
1991,11,79,22.6,15.3,78,5.4
1991,12,31,20.4,12.2,54,5.5
1992,1,1,20.1,11,41,5
1992,2,61,22,12.6,67,6.5
1992,3,5,28.2,17.4,69,5.9
1992,4,10,30.9,20,61,3.7
1992,5,130,28.5,19.8,129,2.3
1992,6,288,27.7,20.6,124,2.1
1992,7,471,26.2,20.4,99,1.9
1992,8,580,26.5,20.4,106,1.7
1992,9,404,26.1,19.7,100,1.1
1992,10,305,25.5,19.2,86,1.5
1992,11,20,23.5,15.9,53,0.7
1992,12,12,20.4,11.5,44,-1.7
1993,1,16,20.9,11.8,46,-1.3
1993,2,79,23.2,14.2,78,2.5
1993,3,111,26.8,16.1,112,4.7
1993,4,102,29.3,19.2,116,4.5
1993,5,412,28.1,19.9,129,5.8
1993,6,524,26.5,20.2,102,5.2
1993,7,523,26.5,20.5,106,4.7
1993,8,775,25.7,20.7,89,4.2
1993,9,460,25.8,19.4,89,3.8
1993,10,185,25.9,19.3,91,3
1993,11,29,23.5,15.8,62,2.1
1993,12,0,22.5,12.9,43,1.3
1994,1,12,22.7,11.4,44,1.1
1994,2,15,23,13,48,0.9
1994,3,117,27.6,17.5,115,2.8
1994,4,216,29.9,19.8,139,4.2
1994,5,230,29.6,20.7,140,4.1
1994,6,408,26.9,20.8,102,3.7
1994,7,373,27,20.9,96,3.3
1994,8,700,26.5,20.8,92,3
1994,9,255,26.8,20.2,100,1.1
1994,10,101,26.4,18.9,96,-2.5
1994,11,17,23.4,16.3,52,-2.9
1994,12,0,21.3,12.2,41,-3.2
1995,1,3,21,11.3,38,-3.2
1995,2,19,23.2,13.6,45,-2.9
1995,3,20,28.7,17.2,64,-3
1995,4,58,31.5,20.5,81,-3.8
1995,5,182,30.2,21.9,145,-4
1995,6,396,27.2,21.5,106,-3.6
1995,7,661,26.5,20.7,97,-3.2
1995,8,769,26.5,20.8,93,-2.9
1995,9,432,26.1,20.4,91,-2.8
1995,10,94,26.9,19.8,89,-3.6
1995,11,285,23.3,17.5,66,3.9
1995,12,0,21.3,12.8,43,3.2
1996,1,3,21.6,11.7,43,2.9
1996,2,41,24.3,13.8,62,3.6
1996,3,51,28.2,18.6,84,4.1
1996,4,132,30,19.9,132,4.1
1996,5,190,29.1,20.7,141,3.3
1996,6,385,27.2,20.4,109,3
1996,7,547,26.5,20.9,97,2.7
1996,8,663,26,20.4,87,2.4
1996,9,509,26.7,20.5,90,2.6
1996,10,404,26.4,18.9,94,3.6
1996,11,18,24.1,16.2,57,2.5
1996,12,1,22.3,13.3,38,1.7
1997,1,4,21.3,11.1,39,1.2
1997,2,23,22.4,13,49,1.2
1997,3,89,27.9,18.1,98,2.6
1997,4,64,27.7,18.5,85,1.8
1997,5,167,29.7,20.4,137,1.1
1997,6,1035,27.1,20.5,110,1
1997,7,426,26.5,20.6,84,0.9
1997,8,577,26.7,20.9,89,0.8
1997,9,763,25.8,19.8,89,3
1997,10,111,26.3,18.6,105,1.6
1997,11,26,24.3,17,59,0.8
1997,12,44,20.6,13.4,57,1.6
1998,1,22,20.4,11.2,49,2.2
1998,2,27,23.8,14.3,54,2.7
1998,3,65,26.7,16.5,91,3.6
1998,4,166,29.6,20.4,133,4.4
1998,5,224,29.6,21.3,130,4.2
1998,6,608,28.1,21.6,116,3.7
1998,7,889,26.5,20.9,99,3.3
1998,8,615,26,21.2,91,3
1998,9,395,27.3,20.3,96,2.2
1998,10,149,28.1,21,98,1.2
1998,11,159,25,17.5,79,2.7
1998,12,0,22.8,13.4,46,2.1
1999,1,0,22.7,11.9,44,1.7
1999,2,0,26.7,14.8,46,1
1999,3,3,29.7,18,56,-1.8
1999,4,15,31.7,21.6,37,-3.3
1999,5,288,27.7,20.4,118,-2.5
1999,6,392,27.3,20.8,102,-2.3
1999,7,1405,26.5,20.7,97,-2
1999,8,500,25.6,20.5,86,-1.8
1999,9,538,26,19.8,93,-1
1999,10,321,26.4,20.2,86,1.5
1999,11,13,24.1,16.5,58,-0.8
1999,12,35,22.4,13.7,51,1
2000,1,28,21.3,10.8,52,1.6
2000,2,13,22.7,13.5,47,1.5
2000,3,55,27.1,16.7,79,2.2
2000,4,113,30.3,19.5,124,1.9
2000,5,348,28.2,19.4,129,2.7
2000,6,752,27.4,20,106,2.4
2000,7,469,27.4,20.4,105,2.2
2000,8,795,26.6,20,96,2
2000,9,397,26.1,19.3,92,1.3
2000,10,364,26.6,19.2,85,2.2
2000,11,16,24.3,16,59,1.2
2000,12,0,21.7,12.5,42,-1.4
2001,1,0,22.9,11.4,40,-1.9
2001,2,2,25.1,14.6,38,-2.4
2001,3,8,28.4,18,47,-3.2
2001,4,0,31,20.8,18,-4.8
2001,5,173,27.5,21.1,119,-4.8
2001,6,489,26.3,20.7,91,-4.3
2001,7,322,26.9,21.1,101,-3.9
2001,8,793,26.8,20.9,97,-3.5
2001,9,452,26.7,20.9,96,-3.2
2001,10,369,25.7,21,89,-1.8
2001,11,20,24.5,17.2,54,-2.3
2001,12,0,22.5,13.4,42,-2.6
2002,1,10,21.2,12.9,41,-2.5
2002,2,0,25.4,14.3,42,-2.9
2002,3,28,28.4,18.2,64,-3
2002,4,102,29.4,20.3,111,-3
2002,5,117,28,20.9,113,-3.7
2002,6,737,26.9,20.9,110,-3.3
2002,7,619,26,21,102,-2.9
2002,8,1127,26.2,20.3,85,-2.6
2002,9,421,26.6,20.2,98,-2.7
2002,10,205,26.6,19.3,95,-2.7
2002,11,215,24.3,17.1,74,2.7
2002,12,0,21.9,14.3,45,2
2003,1,1,21.5,11,43,1.7
2003,2,6,23.7,14.3,44,1.3
2003,3,28,26.8,17.3,66,1.2
2003,4,38,30.2,20.7,72,-1.6
2003,5,147,28.2,20.9,138,-2.3
2003,6,573,26,20.7,92,-2
2003,7,1112,26.8,21,103,-1.8
2003,8,427,26.8,21.1,101,-1.6
2003,9,551,26.9,20.9,91,-0.8
2003,10,268,26.8,20.6,95,0.2
2003,11,16,25,15.4,64,-0.8
2003,12,24,21.8,12.8,49,-0.6
2004,1,2,21.3,12.2,39,-0.9
2004,2,1,24.4,13.3,41,-1.5
2004,3,11,29.8,18.2,55,-2.2
2004,4,126,28.4,20.7,124,-1.8
2004,5,173,29.1,21.3,140,-2.3
2004,6,752,26.9,21.1,105,-2
2004,7,455,26,20.6,91,-1.8
2004,8,166,26.9,20.8,90,-1.6
2004,9,651,26,20.4,89,1.5
2004,10,300,25.9,18.8,95,1.8
2004,11,8,23.8,15.8,57,0.6
2004,12,8,22.3,13.6,42,-1.3
2005,1,3,21.5,12.2,39,-1.6
2005,2,3,24.8,15.1,43,-2.2
2005,3,24,27.5,19,57,-2.4
2005,4,113,30.4,20.5,118,-2.4
2005,5,127,29.7,20.6,129,-3.3
2005,6,264,27.9,21.4,116,-3
2005,7,333,27,21,113,-2.7
2005,8,355,26.1,21.2,91,-2.4
2005,9,517,27,19.9,93,-1.7
2005,10,334,25.6,20.5,92,-0.8
2005,11,69,24.3,15.7,77,-0.7
2005,12,37,22.1,14.3,54,1.8
2006,1,0,22.8,11.5,45,1.7
2006,2,2,26.4,15.5,47,1.3
2006,3,1,29.2,18.7,58,0.6
2006,4,203,29.4,20.9,147,1.7
2006,5,135,28.4,20.8,127,1
2006,6,506,27,20.9,109,0.9
2006,7,364,27.3,21.4,99,0.8
2006,8,909,27.3,20.5,105,0.7
2006,9,709,26.6,20.6,98,2.5
2006,10,171,26.5,20.3,93,1.7
2006,11,62,23.9,16.9,75,1.4
2006,12,4,22.9,13.7,45,1
2007,1,0,22.1,11.9,42,0.6
2007,2,37,22.4,14.3,57,1.4
2007,3,2,28.3,16.4,58,0.7
2007,4,189,29.3,20.3,141,1.7
2007,5,121,28.5,20.8,116,0.9
2007,6,870,27.2,20.6,113,0.8
2007,7,249,26.2,21.2,90,0.7
2007,8,1444,26.9,21.1,93,0.6
2007,9,556,26.3,20.5,82,1.4
2007,10,552,26.8,20.3,87,3.7
2007,11,82,24.1,17.3,75,3.7
2007,12,0,22.5,13.2,46,2.9
2008,1,22,21.6,12.6,51,3.3
2008,2,6,22.5,12.9,47,2.9
2008,3,12,27.4,18.3,54,2.4
2008,4,25,30.5,20.8,64,0.7
2008,5,163,27.9,21.4,135,-2.2
2008,6,283,25.9,20.7,96,-2
2008,7,953,26.5,21.1,87,-1.7
2008,8,287,25.8,21,94,-1.6
2008,9,428,27.2,20.5,92,-1.6
2008,10,244,26,20.3,88,-1.4
2008,11,40,24.2,16.3,71,-1.7
2008,12,3,22.6,14.7,41,-2
2009,1,0,22.8,13,41,-2.2
2009,2,12,26.4,14.9,50,-2.4
2009,3,7,28.5,18.1,51,-3.1
2009,4,164,30.5,21.2,147,-2.2
2009,5,122,29.5,21.2,123,-2.9
2009,6,319,27.5,21.4,117,-2.6
2009,7,450,27.5,21.4,97,-2.4
2009,8,450,26.5,21.1,87,-2.1
2009,9,395,27.7,20.8,89,-2.3
2009,10,289,27.6,19.7,98,-1.7
2009,11,5,25.2,16.5,57,-2.6
2009,12,5,22.6,13.2,44,-2.9
2010,1,0,23.4,11.1,39,-3.3
2010,2,0,25.9,13.6,39,-4
2010,3,50,29.5,18.6,76,-3.7
2010,4,144,30.8,20.9,140,-3.1
2010,5,138,29.8,21.4,133,-3.7
2010,6,515,26.8,21.1,103,-3.3
2010,7,435,26.8,21.6,106,-3
2010,8,620,27.1,21.2,94,-2.7
2010,9,379,26.4,21,87,-2.9
2010,10,325,26.5,21.1,85,-1.9
2010,11,13,25,17.8,61,-2.6
2010,12,54,22.1,13.9,64,-1.3
2011,1,6,20.9,11.5,44,-1.2
2011,2,15,25.3,13.4,51,-1.1
2011,3,4,27.7,18.4,52,-1.6
2011,4,182,29.5,20.6,135,1
2011,5,198,28.3,20.8,124,0.9
2011,6,761,26.9,21.2,96,0.8
2011,7,487,26.9,21.1,101,0.7
2011,8,2499,26.2,20.5,85,0.6
2011,9,471,27.1,20.6,86,0.7
2011,10,301,26.8,20.2,99,1.1
2011,11,10,24.5,15.3,62,-0.9
2011,12,11,22.6,13.8,44,-1.2
2012,1,11,20.1,10.4,43,-1.2
2012,2,0,23.9,11.8,41,-1.9
2012,3,134,28.6,17.8,128,2.1
2012,4,194,29,19.5,133,3.3
2012,5,262,30.5,20.5,143,3.4
2012,6,271,26.7,20.7,103,3
2012,7,578,26,20.8,92,2.7
2012,8,579,26.8,20.8,89,2.4
2012,9,412,25.9,20,85,1.9
2012,10,408,26,18.3,95,3
2012,11,23,24.3,15.4,61,2
2012,12,0,23,12.2,44,1.2
2013,1,0,21.3,10,38,-1.7
2013,2,2,24.6,12.8,40,-2.3
2013,3,3,28.7,17.4,43,-3.2
2013,4,76,30.3,19.7,90,-3.6
2013,5,201,27.5,19.8,113,-3.5
2013,6,394,28.1,21,104,-3.1
2013,7,522,27.1,20.6,101,-2.8
2013,8,824,26.2,20.4,87,-2.5
2013,9,371,26.3,19.8,84,-2.8
2013,10,405,25.3,19.1,89,-1.2
2013,11,0,23.3,14.4,57,-2.2
2013,12,0,20.5,11.8,39,-2.7
2014,1,0,20.5,10.6,35,-3.1
2014,2,31,22.4,12.2,53,-2.5
2014,3,9,28.1,16.5,51,-3.2
2014,4,32,31.7,20.2,50,-4.4
2014,5,82,29.9,21,90,-5.4
2014,6,468,27.2,20.6,114,-4.8
2014,7,452,27.2,21,103,-4.3
2014,8,835,26,20.2,89,-3.9
2014,9,448,26.4,19.8,100,-3.6
2014,10,74,26.5,18.7,93,-4.5
2014,11,5,23.9,15,55,-5.1
2014,12,1,21.1,12.1,36,-5.4
2015,1,12,21,11.7,38,-5.1
2015,2,7,23.6,12.7,41,-5.3
2015,3,11,28.1,16.1,45,-5.8
2015,4,125,29.4,19.3,122,-5
2015,5,103,29.6,20.5,109,-5.7
2015,6,462,27,20.4,105,-5.2
2015,7,1158,26.4,20.4,84,-4.6
2015,8,810,26.3,20.3,95,-4.1
2015,9,563,26.5,19.9,93,-2.9
2015,10,200,26.3,18.9,94,-3
2015,11,13,23.7,15.3,59,-3.5
2015,12,19,19.9,12.7,45,-3.1
2016,1,5,19.4,10.9,40,-3.2
2016,2,8,24.2,15.2,41,-3.2
2016,3,39,28.4,18.3,71,-3.2
2016,4,74,29.9,20.6,91,-2.5
2016,5,155,28.8,20.1,137,-1.8
2016,6,355,28,20.7,111,-1.6
2016,7,705,26.6,20.5,95,-1.4
2016,8,609,27.2,20.6,101,-1.3
2016,9,430,26.9,20.2,96,1.8
2016,10,300,27.1,19.9,92,2.3
2016,11,113,23.4,15.7,84,2.7
2016,12,2,22.2,13.4,47,2.1
2017,1,1,21.7,11.2,45,1.8
2017,2,12,24.4,13.5,51,1.1
2017,3,62,25.8,16.4,82,2.2
2017,4,297,28.2,19.4,131,3.7
2017,5,133,29.7,20.6,135,3.5
2017,6,396,27.5,20.5,104,3.1
2017,7,903,26.8,20.7,95,2.8
2017,8,787,26.7,20.4,94,2.5
2017,9,650,26.6,20,91,3.1
2017,10,317,26.2,19.6,92,3.6
2017,11,18,24.7,16.6,61,2.8
2017,12,59,22.4,14.5,64,3.1
2018,1,12,20.7,11,44,8.2
2018,2,5,23.7,13.7,44,7.7
2018,3,11,28.3,17.7,55,7.7
2018,4,103,29.2,18.9,109,7.4
2018,5,180,28.3,19.6,118,8.8
2018,6,423,27.6,20.2,106,7.9
2018,7,618,27.4,20.8,96,7.1
2018,8,536,27.3,20.7,101,6.3
2018,9,332,27.1,19.9,103,6.1
2018,10,291,25.3,18.2,93,5.5
2018,11,6,23.5,14.4,57,4
2018,12,16,21.1,12.4,44,3.8
2019,1,1,22.2,11.8,39,-2.2
2019,2,17,24.4,13.8,47,-2.1
2019,3,39,27.7,16.7,68,-1.9
2019,4,33,31.7,21.6,58,-3.1
2019,5,68,31.2,22.5,79,-4.5
2019,6,568,28.6,22.2,125,-4.1
2019,7,855,27.4,21.6,96,-3.6
2019,8,859,27.8,22.1,100,-3.3
2019,9,520,27.2,21,94,-2.5
2019,10,169,27.5,20.5,101,-2.8
2019,11,35,25.6,17.9,66,-3
2019,12,13,22.1,13,48,-2.9
