Product: Historical Climate - TerraClimate(http://www.climatologylab.org/terraclimate.html) 
Location (Lat/Lon of 4-km Grid Cell Center): 25.6875 North,94.1042 East 
Data Source: NW Climate Toolbox(https://climatetoolbox.org/tool/point-data-download)
Download Date: 07/24/2020
Variable List: 
ppt: ppt (Precipitation)
tmax: tmax (Maximum Temperature)
tmin: tmin (Minimum Temperature)
aet: aet (Actual Evapotranspiration)
PDSI: pdsi (Palmer Drought Severity Index (PDSI))
********************************************************
Year,Month,ppt(mm),tmax(degC),tmin(degC),aet(mm),PDSI(unitless)
1958,1,17,19.6,4.9,40,0.1
1958,2,47,18.6,6,56,0.7
1958,3,10,25.1,9.5,51,-0.8
1958,4,96,25.9,13.2,98,0.1
1958,5,208,24.8,15.2,108,0.7
1958,6,213,27.3,18.6,107,-0.7
1958,7,363,26.1,18.7,104,-0.7
1958,8,460,24.2,17.7,87,1
1958,9,207,25.8,17.9,89,-0.2
1958,10,201,24.2,15.2,82,1.5
1958,11,5,22.7,9.5,45,0.8
1958,12,7,19.7,6.3,34,0.6
1959,1,35,18.2,4.5,48,1.1
1959,2,28,18,5.5,46,1.2
1959,3,70,22.9,9.5,80,1.5
1959,4,103,25.6,13.2,102,1.8
1959,5,298,24.6,15.1,105,3.6
1959,6,366,25.3,18.1,98,4.2
1959,7,275,25.8,18.6,108,2.5
1959,8,288,25.5,18.1,101,1.6
1959,9,218,24.4,17.3,79,1.6
1959,10,248,22.4,14.8,73,3
1959,11,10,21.8,8.9,49,2.2
1959,12,3,20.5,5.6,35,1.7
1960,1,1,19,3.5,33,1
1960,2,11,21.7,7.5,37,-1.5
1960,3,33,23.4,9,56,-2
1960,4,35,27.5,13.5,50,-3
1960,5,128,26.8,16.2,118,-3.3
1960,6,397,26,18.2,99,-3
1960,7,393,24.3,18.1,90,-2.3
1960,8,291,25.7,18.5,101,-2.6
1960,9,249,24.8,17.4,85,-1.9
1960,10,60,24.5,14.5,79,-2.6
1960,11,24,21.4,9.4,51,-2.5
1960,12,3,20.4,5.9,33,-2.6
1961,1,6,20,4.9,33,-2.7
1961,2,15,18.7,5.6,37,-2.8
1961,3,66,23,10.6,74,-2.4
1961,4,60,25.6,13.3,74,-2.7
1961,5,160,25.2,15.7,111,-2.5
1961,6,261,25.7,18.3,112,-3
1961,7,263,25.8,18.5,110,-4.2
1961,8,322,25.4,18.7,104,-4.1
1961,9,189,25.2,17.9,97,-4.2
1961,10,136,24,15,90,-3.7
1961,11,29,20.5,8.8,54,-3.4
1961,12,1,17.9,3.6,33,-3.2
1962,1,27,17.8,2.4,45,-2.5
1962,2,43,18.9,5.8,53,-1.6
1962,3,15,24,8.8,56,-2.1
1962,4,54,25.7,13.4,72,-2.5
1962,5,182,25.4,15.2,113,-2
1962,6,418,25.3,17.9,91,-1.2
1962,7,303,26.1,18.8,113,-2.1
1962,8,392,24.2,18.3,89,-1.5
1962,9,91,25.5,17.8,92,-3.1
1962,10,92,23.8,14.2,89,-3.4
1962,11,7,21.6,8.7,48,-3.6
1962,12,2,19.4,5.3,32,-3.5
1963,1,2,18.6,2.6,33,-3.6
1963,2,7,20.6,6.2,33,-3.9
1963,3,41,23.4,9.6,59,-4
1963,4,74,24.2,12.3,81,-3.9
1963,5,134,24.2,15,115,-4
1963,6,341,25.1,18.3,99,-4
1963,7,379,25,18.6,100,-3.4
1963,8,343,24.7,18.3,87,-3.1
1963,9,198,26,17.8,98,-3.2
1963,10,150,23,14.1,84,-2.6
1963,11,20,20.6,9.1,52,-2.6
1963,12,3,18.8,5.8,35,-2.5
1964,1,14,17.7,3,40,-2.3
1964,2,28,19.1,5.6,47,-2
1964,3,69,23.3,9.7,82,-1.6
1964,4,101,23.2,12.6,100,-1.1
1964,5,168,25,15.1,115,-0.9
1964,6,378,25.1,17.3,98,0.3
1964,7,375,24.2,17.8,95,0.9
1964,8,364,25.2,17.9,103,0.8
1964,9,250,25,17.6,87,1.1
1964,10,202,24,15.4,88,1.9
1964,11,15,21.9,10.3,53,1.3
1964,12,6,19.1,5.1,39,1
1965,1,2,18.4,3.3,31,-0.4
1965,2,47,18.4,5.5,55,0.6
1965,3,48,22,7.9,68,-0.1
1965,4,51,24.4,12.4,69,-0.8
1965,5,130,25.3,15.5,112,-1.2
1965,6,342,25.5,17.9,101,-1.4
1965,7,332,24.8,17.8,103,-1.8
1965,8,383,23.9,17.2,100,-1.4
1965,9,215,24.6,16.9,86,-1.3
1965,10,81,23.2,14.3,82,-1.8
1965,11,95,20.5,8.6,69,1.3
1965,12,7,19.6,6.5,37,1.4
1966,1,18,18.3,4.4,42,1.6
1966,2,5,21.3,6.7,40,1.1
1966,3,12,24.5,9,54,-1.1
1966,4,49,25.6,12.5,70,-1.7
1966,5,146,26.5,16.2,123,-2
1966,6,530,23.9,17.5,94,-0.7
1966,7,359,25.4,18.4,97,-0.8
1966,8,504,24.2,18.2,94,2
1966,9,196,24.6,17.2,95,1.4
1966,10,94,22.3,13.5,90,0.8
1966,11,33,22.4,10.8,54,0.7
1966,12,9,18.7,6.3,37,0.8
1967,1,35,18.3,5.3,48,1.4
1967,2,15,19.4,6.6,43,1.1
1967,3,85,21,9.6,88,1.8
1967,4,51,24,11.9,74,1.2
1967,5,171,25,15.4,115,1.2
1967,6,266,25.2,17.5,103,0.6
1967,7,373,25.3,18.2,100,0.6
1967,8,218,26,18.2,113,-1.8
1967,9,249,24.6,17.3,91,-1.2
1967,10,48,23.2,13.4,73,-2
1967,11,21,20,8.1,49,-2.1
1967,12,1,18.9,5.6,30,-2.3
1968,1,20,17.6,3.9,38,-2.1
1968,2,18,18,4.5,39,-2.1
1968,3,39,22.7,9.4,59,-2.3
1968,4,103,24,11.8,101,-1.8
1968,5,215,24.5,14.9,109,-0.9
1968,6,318,24.8,17.8,96,-0.7
1968,7,382,24.6,18.5,96,1.1
1968,8,370,25.4,18.1,104,1
1968,9,208,24.9,17.8,84,0.8
1968,10,92,23.2,14,88,-0.5
1968,11,8,21.4,9.7,46,-1
1968,12,1,19.5,5,34,-1.2
1969,1,24,18,3.4,42,-0.9
1969,2,1,20.2,5.3,33,-1.5
1969,3,71,24.4,10.6,82,-1.2
1969,4,62,25.1,12.7,77,-1.6
1969,5,113,26.5,16.2,111,-2.3
1969,6,306,25.4,18.1,102,-2.8
1969,7,439,25.6,18.7,104,-1.7
1969,8,402,24.3,17.7,94,-1.1
1969,9,127,25.3,17.7,97,-2.4
1969,10,78,23,14.3,84,-2.7
1969,11,26,21.1,9.8,51,-2.6
1969,12,1,19.3,5.8,33,-2.5
1970,1,49,17.2,3.4,53,-1.2
1970,2,29,18.9,6,48,-0.8
1970,3,69,23,9.7,82,1.5
1970,4,54,25,12.9,75,1
1970,5,152,25,15.5,112,0.8
1970,6,563,25.6,18.5,105,2.3
1970,7,446,24.5,18.3,91,3.1
1970,8,475,24.9,18.3,101,3.7
1970,9,357,24.6,17.7,92,5.2
1970,10,212,22.5,14.7,84,5.7
1970,11,31,20.5,10.3,53,5.1
1970,12,0,19.1,5.6,35,4.4
1971,1,22,17.4,4.3,41,4.2
1971,2,10,18.6,5.1,39,3.4
1971,3,41,23.6,9,66,2.8
1971,4,73,23.9,12.8,83,2.3
1971,5,97,25,15.7,99,1.1
1971,6,313,25.1,18.2,97,-2
1971,7,292,24.8,18.1,102,-2.8
1971,8,314,24.2,17.4,95,-2.9
1971,9,159,25.1,17.1,93,-3.5
1971,10,195,23.2,14.8,86,-2.3
1971,11,120,19.9,9.1,67,2.6
1971,12,2,18.5,5,39,2.4
1972,1,12,18.8,4.5,40,2.2
1972,2,26,18.3,5.4,46,2.2
1972,3,62,23.6,9.7,81,2.2
1972,4,94,23.5,11.8,99,2.3
1972,5,128,25.3,15.7,117,1.6
1972,6,288,25.8,17.8,115,0.8
1972,7,369,25.5,18.2,106,0.7
1972,8,247,25,17.6,117,-2
1972,9,143,25.4,17.2,98,-3
1972,10,70,24.1,13.9,85,-3.4
1972,11,11,21.3,9.5,47,-3.6
1972,12,2,19.9,5.4,32,-3.6
1973,1,13,19.1,4.4,36,-3.4
1973,2,71,20.1,7.3,69,-1.9
1973,3,49,23.3,9,70,-1.8
1973,4,82,25.6,13.6,91,-1.8
1973,5,311,24.5,15.5,112,2.6
1973,6,411,25.1,18.3,101,3.6
1973,7,330,26,18.4,114,2.6
1973,8,298,25.5,18.1,106,1.7
1973,9,240,24.8,17.8,92,1.8
1973,10,105,23.7,15,89,1.3
1973,11,101,20.4,10.3,71,2.6
1973,12,29,18.1,6.2,47,3.3
1974,1,18,17.4,3.7,43,3.3
1974,2,4,20,5.6,41,2.7
1974,3,49,22.5,9.4,73,2.5
1974,4,87,23.8,12.8,94,2.4
1974,5,232,24.9,15.6,111,3.1
1974,6,278,25.3,18,101,2.9
1974,7,433,23.8,17.7,106,3.4
1974,8,327,24.6,17.9,102,2.7
1974,9,274,24.1,16.8,90,3.1
1974,10,246,24.8,15.5,90,4.2
1974,11,17,22.5,11.1,50,3.4
1974,12,1,18.2,4.8,33,2.8
1975,1,12,18,4.2,36,2.4
1975,2,21,19.4,6.2,43,2.1
1975,3,59,24.6,10.1,76,1.9
1975,4,75,25.5,13.1,85,1.4
1975,5,190,24.7,15.2,113,1.6
1975,6,380,26,18.4,108,1.8
1975,7,375,24.1,18.2,86,1.9
1975,8,374,25.2,17.9,96,1.8
1975,9,293,24.4,17.4,93,2.6
1975,10,98,24.2,15.4,88,1.9
1975,11,32,21.3,9,56,1.7
1975,12,3,18.7,3.9,36,1.4
1976,1,15,17.9,4.2,39,1.3
1976,2,28,19.1,6.9,47,1.3
1976,3,71,23.7,10.6,85,1.5
1976,4,51,24.6,13.1,73,0.8
1976,5,194,24.6,15.5,116,1.1
1976,6,421,24.4,17.6,95,1.7
1976,7,372,25,17.9,93,1.6
1976,8,261,24.5,17.6,107,0.6
1976,9,140,25.6,16.9,94,-2
1976,10,65,23.3,13.8,77,-2.5
1976,11,18,22.2,10.7,49,-2.6
1976,12,1,19.2,5.3,33,-2.7
1977,1,11,17.8,3.5,34,-2.6
1977,2,27,19.2,6.2,44,-2.3
1977,3,90,23.8,10.9,94,-1.5
1977,4,172,21.9,12.1,109,2.1
1977,5,213,23.3,14.6,115,2.8
1977,6,303,24.2,17,93,3.1
1977,7,338,25.3,18.6,103,2.4
1977,8,404,24.7,17.9,98,2.5
1977,9,145,25.3,18,95,1.1
1977,10,179,22.1,13.5,89,1.6
1977,11,55,20.5,10.3,61,1.9
1977,12,12,18.3,5.9,41,2.1
1978,1,3,16.6,2.8,35,1.7
1978,2,15,18.8,5.9,41,1.4
1978,3,29,23,8.9,61,0.8
1978,4,41,25,12.6,60,-1.2
1978,5,174,24.4,15.9,111,-1
1978,6,319,24.9,18.1,100,-1.1
1978,7,318,25.1,18.2,94,-1.5
1978,8,296,25.8,18.9,97,-1.9
1978,9,187,24.4,17.6,96,-2.2
1978,10,75,24.3,15.5,84,-2.7
1978,11,50,21.2,10,61,-2.1
1978,12,0,19.7,5.5,34,-2
1979,1,4,19,4.4,36,-2.1
1979,2,13,19.1,5.9,41,-2.3
1979,3,22,23.1,9.6,54,-2.9
1979,4,55,26.3,13.7,69,-3.5
1979,5,94,27.2,16.2,99,-4.5
1979,6,449,26.5,18.9,117,-4
1979,7,331,25,18.5,103,-4.1
1979,8,247,25.2,18.6,105,-4.7
1979,9,403,24.5,17.2,89,-1.7
1979,10,167,23,14.1,89,-1.1
1979,11,17,22.5,10.9,48,-1.3
1979,12,28,18.2,7.2,45,2.6
1980,1,5,17.6,3.7,36,2.1
1980,2,33,18.8,6.3,50,2.2
1980,3,68,22.4,10.1,79,2.4
1980,4,73,25.7,13.2,86,2
1980,5,151,24.4,15.3,104,1.8
1980,6,233,25.9,18.7,92,0.9
1980,7,334,25.8,18.6,101,-1.1
1980,8,370,25.1,18.3,95,-0.9
1980,9,192,25.4,17.9,86,-1.1
1980,10,145,22.8,14,83,-0.8
1980,11,0,22.1,9.2,48,-1.5
1980,12,1,19.9,6.8,34,-1.7
1981,1,37,17.6,5,47,-1
1981,2,24,19.6,6.8,44,-1
1981,3,50,21.9,9.6,67,-0.9
1981,4,170,23.2,12.8,108,1.7
1981,5,144,24.5,15.7,113,1.6
1981,6,303,26.1,18.7,100,1.4
1981,7,396,24.7,18.7,104,1.6
1981,8,359,25.4,18.6,101,1.4
1981,9,193,25.3,17.7,101,0.7
1981,10,35,24.8,14.6,73,-1.6
1981,11,1,22.2,10.2,41,-2.3
1981,12,27,18.8,6.1,41,-1.7
1982,1,3,19.3,5,29,-2.2
1982,2,31,18.2,6.6,43,-1.9
1982,3,35,22.6,9.2,57,-2.3
1982,4,102,23,12.1,89,-1.6
1982,5,118,26.2,15.5,116,-2.3
1982,6,299,25.1,18.3,93,-2.8
1982,7,284,25.4,18.3,103,-3.6
1982,8,528,25.7,18.4,99,-1.8
1982,9,190,25.5,17.2,93,-2.1
1982,10,36,23.9,14.3,72,-2.9
1982,11,65,20.6,9.3,65,-2
1982,12,7,18.4,5.2,34,-1.8
1983,1,11,16.7,4,34,-1.7
1983,2,35,17.4,5.4,47,-1.2
1983,3,86,21.1,9.5,84,1.5
1983,4,72,23.5,11.9,84,1.3
1983,5,153,24.5,15.1,109,1.2
1983,6,266,26.1,18.2,101,0.6
1983,7,447,25.8,18.3,100,1.5
1983,8,339,25.4,18.1,81,1.4
1983,9,280,24.7,17.8,83,2.1
1983,10,148,24.2,15.3,84,2.1
1983,11,4,21.9,10.2,47,1.3
1983,12,13,18.2,5,38,1.3
1984,1,18,17.2,3.7,38,1.2
1984,2,6,19.6,6.2,37,0.6
1984,3,23,24.5,10.2,55,-1.6
1984,4,140,25.5,13.1,123,-0.8
1984,5,169,23.9,15.4,89,0.4
1984,6,253,26.1,18.8,96,-0.4
1984,7,466,24.6,18.1,101,1.6
1984,8,263,25.7,18.2,105,0.6
1984,9,274,23.8,16.6,84,1.3
1984,10,116,24.4,15,85,1
1984,11,10,20.9,8.9,52,-0.5
1984,12,18,19.3,5.8,41,0.3
1985,1,8,17.9,4.5,36,-0.5
1985,2,25,18.9,6.1,42,-0.5
1985,3,90,23.2,10.7,90,0.3
1985,4,66,24.4,13.2,82,0.1
1985,5,153,25,15.6,126,-0.2
1985,6,324,25.3,18.1,97,-0.2
1985,7,453,24,17.7,95,1.1
1985,8,252,25.7,18.4,104,-1
1985,9,211,24.8,17.2,85,-0.9
1985,10,50,24.4,14.4,77,-1.8
1985,11,8,21,9.1,45,-2.2
1985,12,8,19.7,6.7,33,-2.3
1986,1,7,18.6,4.8,31,-2.5
1986,2,8,19.7,6.3,34,-2.9
1986,3,48,23.7,9.5,66,-3.1
1986,4,95,23.4,12.1,93,-2.6
1986,5,77,25.6,15.3,85,-3.9
1986,6,225,26.9,18.8,110,-4.7
1986,7,415,24.8,18,92,-4.6
1986,8,344,25.4,18,104,-4.3
1986,9,203,24,16.9,81,-4
1986,10,260,22.2,13.4,83,-2
1986,11,75,21,9.9,70,-0.9
1986,12,4,18.9,6,39,-0.7
1987,1,10,18.8,4.7,41,-0.6
1987,2,21,20.3,7.3,46,1.8
1987,3,69,22,9.2,78,2.1
1987,4,78,23.8,12.6,90,1.9
1987,5,111,26,15.3,117,0.8
1987,6,378,25.9,19,101,0.6
1987,7,333,24.8,18.4,102,-1.2
1987,8,508,24.3,18.3,97,1.3
1987,9,306,24.5,17.8,85,2.3
1987,10,88,24.1,14.2,90,1.5
1987,11,23,22.6,10.2,54,1.1
1987,12,8,20,6.2,37,1
1988,1,8,19.1,4.9,36,0.6
1988,2,30,20.7,7.5,48,0.6
1988,3,74,22.9,10.2,85,0.8
1988,4,144,25.1,13.2,120,1.6
1988,5,293,24,15.2,104,3.4
1988,6,289,26.3,18.3,101,3.5
1988,7,511,25,18.5,92,5
1988,8,604,24.3,18.1,80,6.7
1988,9,231,25.1,17.6,91,6.2
1988,10,212,24.3,14.8,82,6.6
1988,11,99,21.9,10.7,69,7.3
1988,12,20,19.5,8,43,7.2
1989,1,12,17.4,4,41,6.7
1989,2,56,18.5,6.5,64,7
1989,3,40,23.5,10,74,6.3
1989,4,59,24.8,12.8,85,5.2
1989,5,192,26.5,16.2,127,4.9
1989,6,301,25.9,18.2,103,4.2
1989,7,346,25,18.2,92,3.6
1989,8,248,25.4,18.3,100,2.3
1989,9,243,24.6,17.9,82,2.4
1989,10,228,23.6,15.4,74,3.5
1989,11,18,20.9,9,51,2.8
1989,12,3,18.2,4.9,35,2.4
1990,1,11,19.7,5.3,36,2
1990,2,31,18.5,7.5,45,2
1990,3,65,20.7,9.3,71,2.2
1990,4,141,22.9,11.9,89,3.3
1990,5,161,25,16,108,3.3
1990,6,388,25.3,18.5,94,3.9
1990,7,320,24.8,18.6,86,3
1990,8,462,25.6,18.3,101,3.6
1990,9,287,24.6,17.6,84,4.2
1990,10,177,23.1,14.4,84,4.3
1990,11,10,22.4,10.7,48,3.4
1990,12,5,19.2,6.9,36,2.9
1991,1,27,16.8,4,42,2.9
1991,2,32,20.1,7.1,47,2.8
1991,3,41,23.8,10.5,66,2.3
1991,4,148,24,12.7,107,3.2
1991,5,210,23.7,14.5,93,4
1991,6,356,24.5,18.1,100,4.5
1991,7,306,25.1,18.3,102,3.2
1991,8,380,24.4,18.1,100,3
1991,9,344,24.1,17.3,88,4.4
1991,10,242,23,15,80,5.4
1991,11,27,20.5,9.3,54,4.7
1991,12,26,17.3,5.4,43,4.9
1992,1,18,16.6,3.9,39,4.7
1992,2,45,16.2,5,50,5
1992,3,51,22.8,9.4,74,4.7
1992,4,67,25,12.9,88,4
1992,5,125,24.2,14.8,120,3
1992,6,274,25.9,17.9,114,1.9
1992,7,401,24.8,18,106,2.1
1992,8,301,25,17.9,102,1.3
1992,9,232,25.1,17.2,100,1.2
1992,10,138,22.8,14.4,81,1.2
1992,11,9,21,9.6,46,0.6
1992,12,4,17.3,4.7,35,-1.4
1993,1,30,17.1,4.5,43,-0.8
1993,2,71,18.6,7.2,61,1.8
1993,3,59,21.4,8.7,76,2
1993,4,58,23.9,12.4,77,1.6
1993,5,283,24,14.8,99,3.3
1993,6,405,25.2,17.7,97,4.2
1993,7,363,25.3,18.1,98,3.8
1993,8,397,24.3,18.5,84,3.8
1993,9,280,24.5,17.3,87,4.2
1993,10,81,23.4,14.7,78,3.3
1993,11,15,21.5,9.8,47,2.6
1993,12,0,20.1,6.6,35,2.1
1994,1,26,19.4,5,44,2.1
1994,2,38,18.2,6,52,2.3
1994,3,108,22.1,9.9,86,3.3
1994,4,62,24.3,13.1,82,2.9
1994,5,118,26.2,16.5,119,1.9
1994,6,245,25.7,18.3,94,0.8
1994,7,293,26.4,18.7,107,-2.4
1994,8,365,25.6,18.6,98,-2.1
1994,9,156,25.8,18.2,92,-2.8
1994,10,149,23.4,13.8,83,-2.3
1994,11,21,20.7,10.5,48,-2.2
1994,12,1,18.3,5.4,35,-2.2
1995,1,21,17.2,4.2,41,-1.8
1995,2,31,18.1,6.6,44,-1.3
1995,3,30,23.7,10.1,61,-1.6
1995,4,41,25.4,13.2,65,-2.2
1995,5,178,26.3,16.9,116,-1.9
1995,6,394,25.6,19,95,-1.3
1995,7,397,24.6,18.4,99,-0.8
1995,8,424,25,18.4,94,1.3
1995,9,292,24.5,17.9,79,2.3
1995,10,59,24.5,15,71,1.3
1995,11,103,21.3,11.7,59,2.7
1995,12,4,18.2,6.3,37,2.5
1996,1,15,17.8,4.5,40,2.5
1996,2,32,19.5,7.2,51,2.6
1996,3,83,22.7,10.8,86,3.2
1996,4,88,25.1,13.5,100,3.1
1996,5,249,24.8,15.8,108,4.2
1996,6,253,25.7,18,102,3.9
1996,7,388,24.3,18.4,90,3.9
1996,8,347,24.7,18.2,88,3.5
1996,9,143,25.3,18.4,88,2
1996,10,207,23.7,14.8,83,2.8
1996,11,9,21.6,10.8,47,2
1996,12,0,19.6,6.5,35,1.5
1997,1,12,17.5,4.2,35,1.2
1997,2,26,16.9,5.8,40,1.2
1997,3,59,22.4,10.6,71,1.2
1997,4,83,22.1,12,87,1.2
1997,5,139,25.3,15.5,106,0.9
1997,6,351,25.2,18,95,0.8
1997,7,394,25.1,18.3,86,1.2
1997,8,334,25.5,18.5,98,0.9
1997,9,267,23.8,17.1,84,1.5
1997,10,35,23.2,14,70,-1.1
1997,11,22,21.3,10.4,46,-1.3
1997,12,18,17.8,6.6,38,-1
1998,1,18,17.6,4.4,38,-1
1998,2,35,19.2,7.5,47,-0.6
1998,3,93,21.3,9.3,92,1.1
1998,4,103,24.3,13.6,100,1.5
1998,5,136,26.1,16.8,109,1.1
1998,6,574,25.4,18.4,86,2.8
1998,7,377,24.3,18.7,87,2.8
1998,8,401,24.3,18.7,77,3
1998,9,160,25.9,17.7,93,1.8
1998,10,110,25.5,16.7,85,1.4
1998,11,52,22.6,11,63,1.6
1998,12,0,20.1,6.9,39,1.4
1999,1,4,19.2,4.9,37,1
1999,2,0,22.3,8.1,37,-1.5
1999,3,15,24.9,10.7,48,-2.4
1999,4,50,26.8,14.7,63,-3
1999,5,205,24.3,16.5,99,-2.1
1999,6,251,26,19,97,-2.3
1999,7,490,24.7,18.5,93,1.7
1999,8,341,24.2,18.3,80,1.5
1999,9,157,25.1,18,82,0.6
1999,10,201,23.8,15.9,76,1.5
1999,11,16,22,10.9,49,1
1999,12,3,19.4,7.2,36,0.8
2000,1,38,17.4,4.3,49,1.3
2000,2,17,17.9,6.4,42,1.1
2000,3,71,21.3,9.4,77,1.5
2000,4,104,23.8,12.4,103,1.8
2000,5,277,24.6,16.3,107,3.3
2000,6,331,25.3,18.4,97,3.7
2000,7,246,25.5,18.6,106,1.7
2000,8,475,24.4,18.1,85,2.6
2000,9,240,24.4,17.2,78,2.8
2000,10,116,24,14.9,77,2.4
2000,11,17,21.7,9.8,49,1.8
2000,12,1,19.2,5.7,36,1.4
2001,1,2,19.6,4.5,34,0.8
2001,2,18,20.4,7.9,39,-1.2
2001,3,23,23.2,10.5,52,-1.8
2001,4,33,25.2,13.6,49,-2.5
2001,5,275,24,16.2,100,-0.8
2001,6,316,25.3,18.8,76,2
2001,7,340,25.9,18.8,85,1.6
2001,8,350,25.3,18.8,93,1.4
2001,9,251,25.2,18.5,80,1.8
2001,10,212,23.1,15.9,73,2.8
2001,11,26,22.3,10.6,48,2.4
2001,12,1,19.5,6.6,37,2
2002,1,29,17.8,5.4,44,2.3
2002,2,6,21.1,7.5,39,1.6
2002,3,75,23.2,10.7,85,1.8
2002,4,130,23.9,13.2,108,2.5
2002,5,141,24.4,16,98,2.3
2002,6,445,25.4,18.6,92,3
2002,7,354,24.5,18.8,77,2.8
2002,8,265,25.1,18.2,83,1.9
2002,9,147,25.4,17.7,95,0.6
2002,10,64,23.6,14.6,73,-2.2
2002,11,66,21.8,11,64,-1.3
2002,12,7,19,7.4,36,-1
2003,1,10,18.6,4.2,39,-0.8
2003,2,30,18.8,7.1,48,0.3
2003,3,37,22.1,9.7,61,-0.1
2003,4,81,24.6,13.6,87,0.8
2003,5,137,24.2,15.8,107,0.6
2003,6,323,24.8,18.6,79,0
2003,7,490,25.2,18.7,85,2.1
2003,8,277,25.7,19.2,90,1.3
2003,9,173,25.5,18.6,80,0.6
2003,10,121,24.3,16.1,77,0.6
2003,11,10,22.5,9.5,49,-1.4
2003,12,7,19,6.6,35,-1.3
2004,1,12,17.6,5,36,-1.2
2004,2,9,19.8,6.2,37,-1.6
2004,3,58,25.2,11,75,-1.6
2004,4,146,22.8,13.3,95,1.2
2004,5,257,25.2,16.2,110,2.6
2004,6,347,25.3,18.5,93,3.2
2004,7,314,24.1,18.2,81,2.5
2004,8,230,25.7,18.9,93,1.1
2004,9,188,24.9,17.8,75,0.8
2004,10,222,22.9,14.3,83,1.9
2004,11,8,21,9.9,46,1.2
2004,12,5,19.8,6.5,35,0.9
2005,1,21,18.3,5.3,41,1
2005,2,11,19.9,8.1,39,-0.4
2005,3,92,22.3,11,89,0.9
2005,4,59,24.6,13.4,79,-0.4
2005,5,171,24.8,15.6,114,0.1
2005,6,241,26.3,18.7,105,-1
2005,7,297,25.8,18.9,108,-1.9
2005,8,233,25.1,19.1,94,-2.7
2005,9,122,26.4,18.3,104,-4
2005,10,155,23.3,16,83,-3.2
2005,11,12,22.2,9.6,49,-3.4
2005,12,4,19.7,7,36,-3.2
2006,1,0,19.6,5.1,33,-3.4
2006,2,36,21.5,8.3,50,-2.8
2006,3,19,24,11.3,54,-3.4
2006,4,182,23.9,13.4,117,-1.6
2006,5,197,25.2,16.3,114,-0.8
2006,6,303,25.4,18.8,100,2
2006,7,260,26.3,19.2,109,-1.5
2006,8,204,27,18.6,115,-2.8
2006,9,176,25.6,17.9,94,-3.1
2006,10,102,24.1,15.5,91,-3.2
2006,11,33,21.4,10.7,53,-2.8
2006,12,4,20.2,6.7,38,-2.6
2007,1,4,19.3,4.9,36,-2.6
2007,2,70,17.9,7,66,-1
2007,3,13,24.1,9.7,57,-1.6
2007,4,185,24.3,13.4,105,2.2
2007,5,134,25.9,16.6,111,1.9
2007,6,390,25.8,18.2,97,2.5
2007,7,337,25,19,82,2.1
2007,8,571,25.9,18.8,90,3.7
2007,9,262,25,17.9,91,3.9
2007,10,155,24.7,15.9,82,3.8
2007,11,31,21.8,11.1,55,3.4
2007,12,2,20.3,6.3,38,2.9
2008,1,51,18.2,5.8,55,3.7
2008,2,18,18.2,5.6,43,3.3
2008,3,70,22.5,10.8,78,3.5
2008,4,75,25.4,14,92,3.1
2008,5,198,24.8,17.2,111,3.3
2008,6,367,25,18.6,83,3.7
2008,7,389,25.3,18.8,85,3.7
2008,8,315,24.5,18.7,85,3.1
2008,9,165,26.1,18.1,92,2
2008,10,167,23.4,15.4,84,2.2
2008,11,21,21.8,9.9,56,1.7
2008,12,2,20.4,7.6,34,1.3
2009,1,8,19.9,5.8,36,0.9
2009,2,23,21.6,8.1,47,0.6
2009,3,22,23.5,10.8,52,-1.8
2009,4,133,25.6,14.1,112,-1
2009,5,92,26,16.6,98,-1.9
2009,6,258,26.7,18.9,101,-2.6
2009,7,362,26.4,19.1,99,-2.8
2009,8,366,25.5,18.9,88,-2.4
2009,9,175,26.6,18.1,88,-2.8
2009,10,158,25.6,15.1,90,-2.2
2009,11,10,23.2,10.2,49,-2.5
2009,12,4,19.8,6.3,34,-2.4
2010,1,1,20.3,4.2,34,-2.7
2010,2,4,21.1,6.9,34,-3.2
2010,3,121,24.7,11.4,109,-1.8
2010,4,210,25.4,13.7,100,3.2
2010,5,214,25.8,16.7,104,4.2
2010,6,351,25.4,18.6,81,4.8
2010,7,287,25.7,19.2,94,3.4
2010,8,299,26.1,19.1,97,2.5
2010,9,296,25.1,18.6,82,3.4
2010,10,213,24,16.4,83,4.1
2010,11,32,22.7,11.5,56,3.6
2010,12,6,19.6,6.7,39,3.3
2011,1,20,17.6,4.4,43,3.1
2011,2,16,20.6,6.6,44,2.6
2011,3,64,23.1,10.9,78,2.5
2011,4,39,24.6,13.6,63,1.5
2011,5,152,25.5,16.5,103,1.3
2011,6,370,26,19.1,96,1.3
2011,7,334,25.4,18.9,97,0.8
2011,8,667,25.4,18.1,90,3.4
2011,9,175,26.4,18.1,90,2.4
2011,10,57,24.7,15.4,78,1.3
2011,11,5,22.1,8.8,46,-2
2011,12,4,20.3,6.9,34,-2.2
2012,1,17,16.9,3.7,36,-2.1
2012,2,3,20.1,6.1,31,-2.7
2012,3,36,23.2,10.2,56,-3.1
2012,4,87,23.6,12.3,88,-2.8
2012,5,203,27,15.9,131,-2.4
2012,6,368,25.1,18.2,94,-2
2012,7,458,24.8,18.9,96,-0.6
2012,8,340,26,18.5,98,-0.7
2012,9,208,24.5,17.4,87,-0.7
2012,10,178,23.8,13.4,93,1.3
2012,11,15,22.1,9.1,52,0.7
2012,12,2,20.2,5.5,37,-0.3
2013,1,1,18.6,3.7,33,-1.1
2013,2,16,20.7,7,41,-1.5
2013,3,40,24.3,11,63,-1.9
2013,4,92,24.9,13.1,95,-1.8
2013,5,204,24.3,15.7,93,-1
2013,6,304,27,18.9,116,-1
2013,7,417,25.4,18.7,95,1.1
2013,8,274,25.4,17.7,96,-0.7
2013,9,215,25.1,17.5,94,-0.8
2013,10,244,23.3,14.7,87,1.5
2013,11,0,22.2,8.3,51,0.6
2013,12,5,18.6,5.5,35,-0.2
2014,1,1,18.5,4.2,32,-1.4
2014,2,32,18.7,6.2,47,-1.2
2014,3,19,23.4,10.1,49,-2.1
2014,4,37,26.8,13.8,50,-3
2014,5,172,25.6,15.4,123,-2.8
2014,6,227,26.2,18.5,105,-3.5
2014,7,303,26.2,19.3,97,-4.3
2014,8,519,24.6,18,88,-2.4
2014,9,250,25.1,17.5,91,-1.8
2014,10,46,24.6,14.6,79,-2.7
2014,11,4,22.4,9.8,44,-3.2
2014,12,0,19.5,6.1,30,-3.5
2015,1,13,18.2,5.2,32,-3.5
2015,2,20,19.9,6.7,38,-3.5
2015,3,22,24.2,10.3,42,-4.1
2015,4,82,23.1,12.8,83,-3.8
2015,5,144,25.6,15.6,114,-3.7
2015,6,308,25.4,17.9,93,-3.9
2015,7,274,25.8,18.4,90,-4.5
2015,8,525,24.5,17.9,82,-2.5
2015,9,241,25.2,17.7,88,-2
2015,10,72,24.4,14.5,84,-2.5
2015,11,17,21.9,9.8,49,-2.6
2015,12,6,17.9,6.4,34,-2.5
2016,1,28,16.4,4.6,42,-2
2016,2,25,19.2,8.4,42,-1.7
2016,3,49,22.9,11.2,66,-1.9
2016,4,123,24.2,13.3,94,2.1
2016,5,149,24.5,15.4,113,2.4
2016,6,249,26.3,18.5,97,2.6
2016,7,367,24.9,18.2,83,2.9
2016,8,229,26.6,18.7,109,0.9
2016,9,177,25.7,17.9,93,0.7
2016,10,113,24.7,15.7,86,-1.6
2016,11,54,21.7,10.4,63,-0.9
2016,12,4,20,7.4,40,-0.6
2017,1,4,18.6,5.2,38,0.2
2017,2,47,19.9,7.7,58,-0.1
2017,3,55,20.6,9.3,68,3.6
2017,4,98,22.7,13.1,93,5.7
2017,5,145,25.6,15.9,106,5.9
2017,6,318,25.9,18.3,93,6.2
2017,7,372,25.7,18.6,95,5.3
2017,8,370,25.5,18.4,91,4.7
2017,9,217,25.5,17.9,81,3.7
2017,10,198,23.9,15.4,81,4
2017,11,10,22.3,10.8,51,3
2017,12,16,19.7,8,40,2.7
2018,1,10,17.5,4.9,33,3.2
2018,2,15,19.1,7.4,37,3
2018,3,52,22.9,10.6,68,3.8
2018,4,54,23.7,12.8,69,3.9
2018,5,122,24.2,15.2,95,5.1
2018,6,249,26,18.3,87,7.7
2018,7,332,26,18.7,87,10.5
2018,8,317,25.9,18.8,91,10.5
2018,9,197,25.6,17.7,85,9.8
2018,10,74,23,14,79,8.7
2018,11,23,21.4,9.2,50,8.6
2018,12,13,18.8,6.7,38,8.4
2019,1,19,18.6,5,41,-1.7
2019,2,38,19.8,7.2,50,-1.1
2019,3,53,22.9,9.9,70,-0.8
2019,4,81,24.3,12.8,88,-0.6
2019,5,123,25.4,16,116,-1.1
2019,6,251,26.5,19.3,103,-2
2019,7,413,25.7,19.1,91,-1.1
2019,8,241,26.8,20,107,-2.1
2019,9,289,25.7,18.4,81,-0.9
2019,10,221,24.7,15.7,78,2.1
2019,11,39,23.5,12.1,57,2
2019,12,9,18.9,5.9,39,2
