Product: Historical Climate - TerraClimate(http://www.climatologylab.org/terraclimate.html) 
Location (Lat/Lon of 4-km Grid Cell Center): 21.4792 North,83.9792 East 
Data Source: NW Climate Toolbox(https://climatetoolbox.org/tool/point-data-download)
Download Date: 07/24/2020
Variable List: 
ppt: ppt (Precipitation)
tmax: tmax (Maximum Temperature)
tmin: tmin (Minimum Temperature)
aet: aet (Actual Evapotranspiration)
PDSI: pdsi (Palmer Drought Severity Index (PDSI))
********************************************************
Year,Month,ppt(mm),tmax(degC),tmin(degC),aet(mm),PDSI(unitless)
1958,1,23,30.3,13.6,57,0.5
1958,2,26,31.4,15.8,59,0.6
1958,3,22,37,18.3,69,-0.1
1958,4,17,40.6,24.2,42,0.1
1958,5,6,43.1,28.7,20,-0.6
1958,6,119,40.1,28.7,123,-1.9
1958,7,640,31,24.8,105,-1.3
1958,8,387,30.9,25,108,-1.8
1958,9,374,31.4,24.2,105,1.1
1958,10,129,31.5,22.3,114,2.3
1958,11,11,29.8,16.6,70,2.7
1958,12,0,28.5,13.2,47,2.6
1959,1,22,28.9,13.4,56,2.8
1959,2,9,30.9,14.6,52,2.3
1959,3,1,36.1,18.6,49,1.4
1959,4,15,39.8,24.1,36,1.4
1959,5,22,42.7,28.2,34,1.3
1959,6,185,37.1,27.1,173,0.7
1959,7,500,30.3,24.8,105,-1.1
1959,8,394,30.4,24.7,104,-1.5
1959,9,247,30.6,24.3,91,-1.8
1959,10,121,30.7,22.9,102,1.2
1959,11,0,29.1,15.1,57,1.3
1959,12,2,27.7,12.3,46,1.5
1960,1,4,28.8,12.3,46,1.3
1960,2,0,32.7,14.9,45,0.6
1960,3,44,34.5,17.9,79,1.1
1960,4,7,40.8,23.4,31,0.7
1960,5,13,42.4,28.2,26,-0.2
1960,6,220,37.9,27.5,173,-0.1
1960,7,603,30.1,24.8,99,0.6
1960,8,470,30.7,25.3,103,0.7
1960,9,216,30.9,25,97,-1
1960,10,62,31.3,21.6,92,-0.9
1960,11,0,29,14.6,54,-0.9
1960,12,2,28.8,12,43,-0.8
1961,1,36,29.1,13.5,58,0.7
1961,2,66,28.8,14.5,77,2.1
1961,3,11,35.8,20.6,66,1.9
1961,4,3,40.5,24,29,1.5
1961,5,25,42.3,28,39,1.5
1961,6,274,36.2,26.3,172,1.9
1961,7,482,30.2,24.2,101,1.9
1961,8,556,30.7,25.1,101,2.6
1961,9,442,30.5,24.1,94,4.5
1961,10,88,31,21.3,100,4.5
1961,11,1,28.4,14.4,56,4.3
1961,12,2,26.7,10,46,4
1962,1,9,27.8,10.5,48,3.6
1962,2,19,30.5,14.2,51,3.2
1962,3,36,36.5,17.2,74,3.3
1962,4,21,39.1,23.3,44,3.3
1962,5,8,41.8,27.4,21,2.5
1962,6,188,37.1,27.1,166,1.9
1962,7,537,31.2,24.9,117,1.7
1962,8,277,30.5,24.7,107,-2.2
1962,9,359,31.1,24.3,107,-1.1
1962,10,85,30.5,21.2,105,-0.6
1962,11,1,29.5,14.6,55,1.1
1962,12,4,28.3,11.9,46,1.1
1963,1,1,28.1,10.7,42,0.7
1963,2,4,32.4,14.4,41,-0.5
1963,3,30,35.7,17.6,67,-0.7
1963,4,26,38.7,22.1,43,0.5
1963,5,37,41.1,26.7,47,1
1963,6,188,36.4,26.3,173,-0.4
1963,7,389,30.3,24.7,114,-1.4
1963,8,521,30.7,24.8,103,-0.6
1963,9,333,31.6,24.4,107,1
1963,10,157,31.7,22.2,110,2.8
1963,11,1,30.4,16.4,61,2.7
1963,12,0,28.4,12.6,47,2.6
1964,1,1,29.1,13.2,48,2.1
1964,2,27,31.6,15.7,57,2.1
1964,3,5,36.9,19.7,51,1.3
1964,4,18,39.6,24.5,38,1.3
1964,5,23,42.1,27.6,35,1.2
1964,6,183,37.4,27,162,0.7
1964,7,575,29.8,24.1,116,0.8
1964,8,586,30.3,24.7,96,1.9
1964,9,316,31.1,24.5,102,2.1
1964,10,56,31,22.9,90,1.7
1964,11,5,28.8,15.9,60,1.6
1964,12,0,28.1,12.3,45,1.2
1965,1,10,29.1,13.3,45,0.9
1965,2,6,31.3,14.9,45,-0.6
1965,3,34,35.4,17.2,65,-0.9
1965,4,18,38.7,23.1,34,-0.7
1965,5,9,42.6,28.2,20,-1.1
1965,6,92,38.6,28.1,95,-2.6
1965,7,583,30.9,24.9,115,-2.3
1965,8,344,31,25.3,117,-3.1
1965,9,273,31.2,24.4,108,-3.1
1965,10,37,31.9,22.2,89,-3.4
1965,11,0,30.4,16,55,-3.5
1965,12,3,27.6,13,46,-3.4
1966,1,76,28.2,13,80,-1.3
1966,2,12,32.7,15.9,51,-1.4
1966,3,2,36.5,18.6,41,-2.1
1966,4,5,40.7,24,24,-2.2
1966,5,10,43.3,28.4,22,-2.4
1966,6,256,37.4,27.1,175,-1.9
1966,7,365,32,25.5,113,-2.4
1966,8,308,31,24.9,105,-3.4
1966,9,248,31.5,24.6,113,-3.8
1966,10,32,31.8,21.7,86,-4.1
1966,11,13,30.3,17.2,60,-3.6
1966,12,4,27.5,12,44,-3.4
1967,1,37,28.1,13.4,60,-2.4
1967,2,0,32.5,15.5,40,-2.9
1967,3,96,33.6,18,107,-0.9
1967,4,19,39.2,22,44,1.8
1967,5,5,42.7,28,19,1.1
1967,6,234,38.6,27.5,178,1
1967,7,526,31.2,25,119,0.9
1967,8,529,30.4,24.6,106,1.5
1967,9,317,31,24.6,108,1.6
1967,10,16,31.7,21.5,81,-1
1967,11,0,30,14.5,51,-1.5
1967,12,10,29.4,13.6,45,-1.4
1968,1,31,28.2,12.4,56,-1
1968,2,31,30.7,14.4,54,-0.7
1968,3,34,35.3,18.2,68,-0.7
1968,4,9,38.5,22.6,27,-0.8
1968,5,4,42.5,27.5,15,-1.4
1968,6,278,36.1,26.7,168,-0.7
1968,7,488,30.3,25,117,0.2
1968,8,257,31,24.9,116,-1.8
1968,9,309,31.9,24.9,111,-1.5
1968,10,117,30.9,21.5,115,1.1
1968,11,6,29.4,16.1,62,1.4
1968,12,1,28.6,12.6,49,1.6
1969,1,4,29,12,48,1.3
1969,2,2,32.4,16,45,0.6
1969,3,17,37,20.4,57,-1
1969,4,5,40.4,24.2,24,-1.3
1969,5,30,41.6,26.5,41,-0.8
1969,6,130,37.6,27.4,131,-1.9
1969,7,680,30.4,24.7,108,-1.1
1969,8,444,30.3,24.7,111,-1.1
1969,9,298,30.8,24.4,106,-0.9
1969,10,27,31.6,21.9,84,-1.6
1969,11,10,30.5,16.7,57,-1.6
1969,12,5,27.9,12.1,42,-1.6
1970,1,13,28.3,13.3,45,-1.5
1970,2,30,31.3,15.5,57,-1.3
1970,3,83,34.7,19.4,103,1.3
1970,4,10,39.8,24.2,33,1
1970,5,30,42.8,28.1,42,1.2
1970,6,402,35.5,25.4,168,2.9
1970,7,455,30.6,24.5,116,3.3
1970,8,538,30.6,24.9,108,3.7
1970,9,239,30.5,24.6,106,2.5
1970,10,47,31.1,22.3,90,1.9
1970,11,1,28.7,15.1,59,1.4
1970,12,0,27.5,10.9,41,1
1971,1,22,27.8,13.2,51,1
1971,2,44,30.4,14.8,64,1.5
1971,3,10,35.1,17.1,49,0.8
1971,4,28,36.8,22.7,46,1.3
1971,5,43,39.7,25.7,53,2.1
1971,6,499,34.2,25,160,4.8
1971,7,452,29.5,24.1,116,5.3
1971,8,518,29.6,24.4,108,5.3
1971,9,235,31.2,24.4,111,3.8
1971,10,107,30.7,21.8,108,4.3
1971,11,0,28.2,14.7,60,4
1971,12,0,27.6,11.1,46,3.8
1972,1,3,28.1,11.7,43,3.2
1972,2,42,28.9,13.7,65,3.6
1972,3,1,35.5,18.8,52,2.8
1972,4,12,39.5,23.3,34,2.6
1972,5,4,43.2,28.4,17,1.7
1972,6,115,39.6,28,119,-2.2
1972,7,400,31.7,25.1,130,-3
1972,8,449,30.6,24.7,120,-3.1
1972,9,366,31.8,23.9,117,-2
1972,10,67,31.8,20.9,97,-1.8
1972,11,7,29.6,15.2,60,-1.4
1972,12,0,29.2,12.5,47,-1.3
1973,1,2,29.9,13.2,43,-1.7
1973,2,6,32.4,16.2,43,-2.1
1973,3,34,35.4,18.3,64,-2
1973,4,5,41,25.2,22,-2.3
1973,5,19,42.5,28.5,28,-2.2
1973,6,132,37.4,26.8,133,-3.1
1973,7,491,30.7,24.8,114,-3.3
1973,8,485,30.7,24.7,105,-2.7
1973,9,234,30.7,24.7,106,-3.2
1973,10,136,30.8,22.3,109,-1.4
1973,11,2,27.7,16.3,60,-1
1973,12,12,26.7,12.8,52,2.1
1974,1,0,27.6,11.8,45,1.7
1974,2,2,31.1,14,46,1.1
1974,3,59,35.8,20,90,1.8
1974,4,2,39.2,24.9,29,1.3
1974,5,12,41.7,27.5,27,0.9
1974,6,163,37.9,27,159,-1.3
1974,7,427,30.6,25,117,-2
1974,8,424,30.7,24.8,105,-2.1
1974,9,231,31.6,24.6,107,-2.8
1974,10,109,31.6,22.6,108,-1.6
1974,11,4,28.7,16,65,-1.1
1974,12,0,26.8,10.9,47,-0.8
1975,1,9,27.7,11.8,47,-0.7
1975,2,18,30.8,15.1,54,-0.7
1975,3,30,36.2,18.7,74,0.1
1975,4,5,40.6,24.1,26,-0.3
1975,5,12,43.4,28.3,24,-0.7
1975,6,327,36.8,26.4,183,1
1975,7,474,30,24.4,120,1.2
1975,8,441,30.7,24.7,119,0.8
1975,9,334,30.7,24.1,109,1.3
1975,10,107,31.6,23,109,1.9
1975,11,5,28.1,15.3,65,2.1
1975,12,0,27.2,10.7,46,2
1976,1,1,28.1,11.8,45,1.6
1976,2,7,30.9,15.8,45,1
1976,3,12,35.4,19.6,52,-0.4
1976,4,21,39.5,23.2,40,0.2
1976,5,18,41.8,27.1,29,-0.7
1976,6,105,37.7,26.8,108,-2
1976,7,581,31,24.4,116,-1.7
1976,8,617,30.5,24.4,109,1.4
1976,9,350,31.3,24,104,2
1976,10,21,32.5,22.1,76,1
1976,11,8,31.2,18.1,63,0.7
1976,12,0,29,12.5,41,-1.3
1977,1,10,28.5,12.4,42,-1.4
1977,2,3,31.5,15.1,40,-2.1
1977,3,1,36.7,20.4,27,-3
1977,4,25,38.5,23.8,39,-2.4
1977,5,49,40.3,26.1,56,-1.2
1977,6,217,36.7,26.7,187,-1.4
1977,7,619,30.3,24.8,113,-0.8
1977,8,501,30.8,25,110,1.4
1977,9,342,31.1,24.3,118,1.7
1977,10,48,31.2,21.7,94,1.1
1977,11,17,29.8,18.2,60,1.4
1977,12,3,27,12.1,44,1.2
1978,1,13,27.5,11.7,47,1.1
1978,2,42,29.8,14.7,64,1.5
1978,3,48,34.5,17.4,82,2
1978,4,23,39.2,23.1,46,2.1
1978,5,17,42.6,28.2,30,1.8
1978,6,275,36.9,26.9,169,2.1
1978,7,477,30.4,24.2,111,2
1978,8,445,30.2,24.5,104,1.8
1978,9,329,30.6,24.6,110,2
1978,10,67,31.3,22.4,98,1.8
1978,11,3,30.5,17.4,55,1.6
1978,12,18,27.6,12.3,51,2.1
1979,1,9,28.8,13.5,47,1.8
1979,2,38,29.4,14.8,63,2.1
1979,3,2,35,18.1,48,1.3
1979,4,22,39.7,23.9,42,1.5
1979,5,11,42.8,27,23,1
1979,6,190,38.1,27.4,180,-0.5
1979,7,420,31.7,25.4,133,-1.8
1979,8,295,31.2,25.4,128,-3.2
1979,9,239,31.9,25,119,-3.8
1979,10,36,32.5,22.5,90,-4.1
1979,11,6,31.2,18.6,56,-3.9
1979,12,4,27.6,14.1,44,-3.7
1980,1,26,28.5,13.9,52,-3.1
1980,2,25,30.8,16.6,54,-2.8
1980,3,20,34.9,19.9,54,-2.9
1980,4,10,40.3,25.1,27,-2.8
1980,5,13,42.8,28.1,24,-2.8
1980,6,392,35.9,26.4,141,2
1980,7,549,30.2,24.8,107,3.2
1980,8,416,30.4,24.9,104,2.5
1980,9,305,31.2,24.9,104,2.4
1980,10,40,31.3,22.3,92,1.6
1980,11,1,30,16,54,1
1980,12,4,27.8,13.3,40,0.8
1981,1,18,26.9,13.2,47,0.7
1981,2,9,30.3,16.3,43,-1.3
1981,3,67,33.7,19,90,0.8
1981,4,15,37.7,24,35,0
1981,5,32,40.5,27,43,1.1
1981,6,135,37.4,27.5,135,-1
1981,7,443,30.2,25,117,-1.7
1981,8,374,30.8,25,113,-2.3
1981,9,404,31.2,24.8,109,-0.6
1981,10,12,32.3,21.6,81,-1.7
1981,11,0,29.7,14.9,55,-2.2
1981,12,7,26.8,13,42,-2.3
1982,1,4,29.4,13.8,36,-2.5
1982,2,28,29.9,16.4,52,-2.3
1982,3,73,33.5,18.6,91,-1.1
1982,4,23,38.6,23.5,41,-0.8
1982,5,26,42.4,27,36,1.2
1982,6,196,37.4,26.8,181,0.6
1982,7,338,32.3,26,135,-1.6
1982,8,567,30.2,24.8,102,-1
1982,9,283,31.7,24.4,124,-1.3
1982,10,50,32.4,21.7,93,-1.6
1982,11,5,29.4,16.2,56,-1.5
1982,12,1,28.3,12.3,45,-1.5
1983,1,4,27.8,12.8,42,-1.8
1983,2,60,30,16.2,72,-0.6
1983,3,17,34.7,20,58,-0.8
1983,4,23,39,23.2,42,0.3
1983,5,30,41.7,26.9,41,1.1
1983,6,190,38.9,27.7,174,0.6
1983,7,414,31.5,25.3,124,-1.2
1983,8,497,30.9,25.4,106,-0.8
1983,9,281,31,24.8,100,-0.8
1983,10,96,30.7,22,103,0.6
1983,11,0,29,15.1,62,0.9
1983,12,5,27.4,12,46,1.1
1984,1,21,28.2,13.5,49,1.4
1984,2,36,29.4,14.8,61,1.8
1984,3,1,36.2,18.3,56,1.3
1984,4,9,39.8,23.7,32,1.1
1984,5,12,42.5,28.9,25,0.7
1984,6,268,35.6,26.1,155,1.2
1984,7,527,30.4,24.5,113,1.5
1984,8,630,30.5,24.6,109,2.9
1984,9,199,31,23.9,124,1
1984,10,31,31.6,22.2,80,-2.1
1984,11,0,29.2,14,57,-2.2
1984,12,0,28.6,12.7,44,-2.4
1985,1,29,28.6,14.2,51,-1.8
1985,2,24,30.8,15,54,-1.7
1985,3,2,36.4,20.8,37,-2.4
1985,4,5,40.3,24.6,22,-2.6
1985,5,10,42.4,27.5,20,-2.7
1985,6,193,37.6,27,181,-2.9
1985,7,477,30.1,24.3,112,-3.1
1985,8,543,30.9,24.8,106,-2
1985,9,303,30.9,24.2,107,-1.7
1985,10,155,31.1,20.9,115,2.5
1985,11,0,29.7,15.1,62,2.4
1985,12,0,29.1,13,49,2.4
1986,1,35,28,13,62,2.9
1986,2,30,31,15.1,56,3
1986,3,5,36.2,18.3,63,2.6
1986,4,20,39.5,23.6,44,2.6
1986,5,21,41.9,26.6,34,2.4
1986,6,301,37.1,26.4,167,3
1986,7,570,30.6,24.2,111,3.5
1986,8,527,31.1,24.2,116,3.7
1986,9,238,31.6,24.5,115,2.4
1986,10,48,31.4,21.5,92,1.8
1986,11,19,29.2,17.1,60,2.1
1986,12,7,27.9,13.8,45,2.1
1987,1,4,28.2,12.8,44,1.6
1987,2,5,31.1,15.4,42,0.9
1987,3,12,34.7,18.6,47,-1.4
1987,4,9,39.4,24,27,-1.6
1987,5,19,41.6,26.4,29,-1.4
1987,6,79,38.9,28,83,-3.1
1987,7,409,31,25.1,132,-3.8
1987,8,467,31.2,25,117,-3.5
1987,9,313,32,25.3,112,-3
1987,10,48,32.4,22.2,92,-3.1
1987,11,9,29.8,17.1,56,-2.7
1987,12,2,28.3,13.2,45,-2.5
1988,1,1,29.2,13.6,41,-2.7
1988,2,16,31.6,16.2,47,-2.7
1988,3,39,35.2,19.8,71,-2.4
1988,4,15,39.7,24.2,31,-2.1
1988,5,27,42,29,37,-1.7
1988,6,217,36.5,26.8,161,-1.6
1988,7,576,30.5,24.8,112,-1
1988,8,271,30.7,25.3,107,-2.5
1988,9,325,32,24.9,104,-1.8
1988,10,39,31.5,21.8,92,-2.3
1988,11,1,29.4,16.1,58,-2.5
1988,12,2,28.1,14.2,42,-2.5
1989,1,1,27.7,12.2,40,-2.9
1989,2,0,30.8,15.5,38,-3.6
1989,3,24,35.1,18.2,45,-3.8
1989,4,2,40.4,24,15,-4.1
1989,5,48,42.6,28.2,55,-2.9
1989,6,323,36.2,26,161,-1.5
1989,7,599,30.7,24.7,109,2.7
1989,8,484,31,25,99,2.8
1989,9,266,31.3,24.7,103,2.1
1989,10,28,31.4,22.8,83,1.2
1989,11,2,29.8,16.5,54,0.7
1989,12,6,27.6,12.1,44,-1.3
1990,1,1,28.7,13.8,44,-1.8
1990,2,67,30.1,16.9,75,1.2
1990,3,80,32.8,19.1,97,2.4
1990,4,16,38.1,24.6,41,2.3
1990,5,31,40.1,26.5,44,2.6
1990,6,324,36,26.2,140,3.7
1990,7,606,29.7,24.1,93,4.7
1990,8,534,31,25.1,107,4.9
1990,9,236,31.2,24.8,93,3.8
1990,10,79,30.6,21.9,88,3.9
1990,11,3,30,17.6,62,3.7
1990,12,1,28.4,13.4,48,3.5
1991,1,62,27.3,13.9,71,4.8
1991,2,4,31.9,17,49,4
1991,3,43,35.2,20.4,78,4.4
1991,4,9,38.8,24.1,40,4
1991,5,12,41.9,28.9,28,3.4
1991,6,217,36.3,26,166,3
1991,7,650,31.3,25.2,109,3.6
1991,8,552,30.7,24.7,103,4.1
1991,9,233,31.6,24.5,117,2.6
1991,10,53,31.2,22.4,90,2.1
1991,11,13,29,15.9,58,2.3
1991,12,6,27.3,12.3,46,2.2
1992,1,15,26.6,12.6,51,2.1
1992,2,24,28.8,15.4,54,1.9
1992,3,0,35.8,20,42,1
1992,4,4,40.5,23.8,24,-1.2
1992,5,42,41.7,27,52,0.8
1992,6,157,37.6,26.8,154,-0.8
1992,7,474,31.6,25.4,126,-1.4
1992,8,405,30.6,24.5,106,-1.6
1992,9,228,31.3,24.2,117,-2.5
1992,10,58,31.8,21.9,98,-2.5
1992,11,2,30.1,16.4,58,-2.4
1992,12,0,27.7,11.7,43,-2.4
1993,1,1,28.4,13.6,44,-2.8
1993,2,0,30.8,16.6,38,-3.3
1993,3,17,34.5,17.8,42,-3.7
1993,4,22,38.5,23.3,35,-3.1
1993,5,18,41.4,27.6,27,-2.9
1993,6,218,37.5,27.7,173,-2.8
1993,7,456,31.4,25.3,120,-3
1993,8,453,30.6,25.1,115,-2.7
1993,9,296,31.2,24.2,104,-2.4
1993,10,67,32,22.2,93,-2.1
1993,11,4,29.5,16.1,58,-1.7
1993,12,0,27.6,12.1,46,-1.6
1994,1,12,28.8,13.3,50,-1.5
1994,2,26,29.2,16.2,53,-1.3
1994,3,1,36.2,20.3,41,-2
1994,4,19,39,23.1,37,-1.5
1994,5,13,42.5,27.7,25,-1.6
1994,6,275,36.4,26.7,158,-0.8
1994,7,506,29.9,24.2,105,0.4
1994,8,552,30.2,24.5,95,1.8
1994,9,222,32,24.1,109,-1.1
1994,10,75,32.2,21.7,96,-0.7
1994,11,1,29,16.3,55,-0.6
1994,12,0,28.2,11.9,47,0
1995,1,40,26.5,11.9,61,1.4
1995,2,13,30.6,15.9,49,1.1
1995,3,46,35,18.3,80,1.7
1995,4,3,39.7,23.3,30,1.2
1995,5,24,41,27.2,37,1.3
1995,6,94,38.4,28.4,99,-1.4
1995,7,395,31.3,24.5,117,-2.3
1995,8,282,31.6,25,113,-3.8
1995,9,335,31.3,24.6,110,-2.9
1995,10,110,32,22.3,107,-1.7
1995,11,12,29.1,17.2,66,-0.8
1995,12,0,28.9,12.9,48,2
1996,1,35,28.6,14.1,61,2.7
1996,2,10,31,14.8,52,2.2
1996,3,4,36,20.4,57,1.6
1996,4,12,39.5,23.1,35,1.5
1996,5,7,43.1,28,20,0.9
1996,6,261,37.4,26,172,1.2
1996,7,340,31.7,24.6,118,-1.2
1996,8,357,30.5,24,107,-1.9
1996,9,115,32,25.2,115,-4.3
1996,10,41,32.2,21.1,89,-4.5
1996,11,1,30.8,15.5,56,-4.4
1996,12,0,28.4,11.5,44,-4.3
1997,1,33,27.6,11.9,55,-3.4
1997,2,3,29.7,14.7,43,-3.8
1997,3,29,35.1,19.7,56,-3.7
1997,4,30,37.4,21.4,44,-2.8
1997,5,21,42,26.7,30,-2.5
1997,6,130,38.7,27.4,130,-3.4
1997,7,359,31.5,24.6,109,-4.2
1997,8,727,31.2,24.9,113,-1.9
1997,9,284,31.8,24.4,113,-1.9
1997,10,16,32.3,21.2,77,-2.7
1997,11,9,30.8,17.5,53,-2.6
1997,12,15,27.5,14.2,44,-2
1998,1,11,27,14,40,-1.9
1998,2,38,30.4,16.5,58,-1.2
1998,3,45,34.3,18.1,80,1.2
1998,4,27,38.8,23.8,49,1.7
1998,5,28,42.7,28.1,41,1.8
1998,6,190,39.4,27.7,169,1.2
1998,7,439,31.7,24.6,113,-0.6
1998,8,328,31.4,25.5,108,-2
1998,9,323,32.4,24.8,107,-1.4
1998,10,147,33,23.1,106,2
1998,11,15,30.1,18.1,65,2.6
1998,12,0,28.2,12,51,2.7
1999,1,0,28.2,11.6,48,2.2
1999,2,3,32.2,16,45,1.5
1999,3,0,36.7,19.4,44,-1.4
1999,4,0,40.8,25.5,21,-1.8
1999,5,46,41.8,27.2,56,-0.7
1999,6,239,37.1,26.3,164,0.2
1999,7,377,31.7,24.5,118,-0.7
1999,8,548,30.5,24.7,102,1
1999,9,244,31.3,24.1,101,-0.6
1999,10,60,32.3,22.4,91,-0.7
1999,11,1,31.1,15.9,60,-0.7
1999,12,0,28.7,12.5,44,-0.8
2000,1,0,28.8,13.6,43,-1.3
2000,2,31,29.2,16.5,51,-0.9
2000,3,0,34.6,19.3,37,-1.8
2000,4,7,40,25,25,-1.9
2000,5,18,41.6,27.3,29,-1.8
2000,6,307,36.4,25.4,150,-0.6
2000,7,299,31.3,24.8,104,-1.2
2000,8,218,31.6,25,117,-3.2
2000,9,159,31.5,24.5,108,-4.7
2000,10,16,32.6,23.3,83,-5.4
2000,11,0,30.7,17,54,-5.5
2000,12,0,28.3,12.1,43,-5.5
2001,1,0,28.2,13,38,-5.7
2001,2,0,31.9,16.8,35,-6.3
2001,3,62,35,18.8,78,-5.1
2001,4,8,39.3,23.7,19,-5
2001,5,24,41.9,27.4,31,-4.5
2001,6,383,35,24.6,138,-2.1
2001,7,451,30.3,24.2,93,-1.1
2001,8,504,30.9,25.1,106,2.8
2001,9,156,32.3,25.5,118,-2.1
2001,10,66,32.5,22.9,94,-1.9
2001,11,6,31.2,17.8,59,-1.5
2001,12,0,28.3,12.8,46,-1.4
2002,1,44,28.6,13.3,66,1.3
2002,2,4,31.3,16.2,44,0.7
2002,3,11,35.7,19.5,52,-0.4
2002,4,8,40.3,24.8,27,-1
2002,5,25,43.8,29.3,36,-0.8
2002,6,157,37.1,26.7,150,-1.3
2002,7,396,32.5,26.4,124,-2.2
2002,8,523,30.5,24.6,93,-1.4
2002,9,226,31.2,24.4,101,-2.1
2002,10,42,31.9,22.3,89,-2.4
2002,11,2,29,15.7,55,-2.4
2002,12,0,28.9,13.5,43,-2.4
2003,1,3,28.1,12.9,43,-2.7
2003,2,22,31,16,47,-2.5
2003,3,50,34.6,18.4,78,-1.9
2003,4,5,40.5,25,22,-2.1
2003,5,4,43.4,29,15,-2.6
2003,6,218,39.5,29.1,170,-2.4
2003,7,449,31,24.9,100,-2.5
2003,8,456,30.9,25,100,-2.2
2003,9,305,30.9,24.1,91,-1.6
2003,10,187,31.3,21.7,97,3
2003,11,1,29.6,16.3,59,2.9
2003,12,10,27.2,13.7,49,3.2
2004,1,27,27.5,12.3,56,3.6
2004,2,8,29.5,14.5,51,3
2004,3,1,36.2,20,56,2.3
2004,4,27,39.6,24.1,49,2.6
2004,5,10,43,28.6,24,2.1
2004,6,170,37.4,26.9,163,1.3
2004,7,319,30.8,24.7,115,-2
2004,8,506,30.9,25,107,-2.1
2004,9,214,31.9,25.1,110,-3
2004,10,95,30.9,21.3,103,-2.1
2004,11,0,29.2,15.9,58,-1.7
2004,12,0,28.2,12.8,46,-1.4
2005,1,23,28.6,13.4,53,-0.8
2005,2,12,32,17,53,-1
2005,3,45,36.4,20.2,82,1.2
2005,4,11,39.6,24.1,34,1
2005,5,28,42.9,28.4,40,1.2
2005,6,168,40.3,29.9,163,-0.8
2005,7,383,31,24.9,117,-1.7
2005,8,388,31.5,25.6,123,-2.5
2005,9,451,31.9,24.4,112,2.1
2005,10,88,31.8,22.2,91,2.5
2005,11,0,28.5,15.2,59,2.4
2005,12,2,27.4,11.9,47,2.4
2006,1,0,28.4,13.1,47,1.9
2006,2,0,32.6,17.6,45,1
2006,3,57,34.7,18.6,83,1.6
2006,4,18,38.9,23.4,39,1.6
2006,5,51,40.8,26.3,61,2.6
2006,6,241,37.4,27,159,2.5
2006,7,581,31.1,25,105,2.9
2006,8,729,30.6,24.7,104,5
2006,9,326,31.6,24.8,106,4.9
2006,10,20,32.4,22.8,83,3.4
2006,11,4,30.4,17.1,52,2.7
2006,12,0,29.2,13.7,43,1.9
2007,1,0,28.8,13.6,39,1
2007,2,83,30.9,15.8,87,2.5
2007,3,12,35,18.8,48,1.7
2007,4,10,39.7,24.2,28,1.4
2007,5,22,41.8,27.3,32,1.3
2007,6,200,37.9,27.5,166,0.9
2007,7,353,31.4,25.3,114,-1.8
2007,8,532,31.3,25.4,106,-1.1
2007,9,445,31.2,24.4,95,2.7
2007,10,33,31.4,21.8,83,1.8
2007,11,1,29.7,16.3,54,1.3
2007,12,1,28.6,13.2,44,0.8
2008,1,35,28.6,13.4,60,1.2
2008,2,29,29.2,14.1,54,1.3
2008,3,23,35.7,19.6,60,1
2008,4,16,39.2,23.7,34,1
2008,5,35,42.9,28.5,45,1.4
2008,6,473,36.2,25.8,147,4.1
2008,7,368,30.9,24.8,116,4.2
2008,8,457,30.9,25,100,3.8
2008,9,374,31.4,24.5,109,4.5
2008,10,9,32,22.4,75,2.9
2008,11,0,30.3,17,50,2
2008,12,0,29.8,14.3,39,1.3
2009,1,3,30.5,15.3,41,0.6
2009,2,0,32.8,17.7,37,-3.1
2009,3,6,36.3,20.1,28,-3.7
2009,4,0,40.8,25.3,14,-4.1
2009,5,37,42.1,27.7,44,-3.2
2009,6,82,39.7,29.3,84,-4.6
2009,7,578,30.9,24.8,107,-4.1
2009,8,380,31.8,25.9,114,-4.4
2009,9,278,32.3,25.5,118,-4.3
2009,10,46,31.1,21.5,91,-4.3
2009,11,4,30.1,16.7,52,-4
2009,12,1,28.7,13.3,41,-3.7
2010,1,11,27.4,12.2,46,-3.5
2010,2,3,31.6,16.6,41,-3.8
2010,3,9,37.6,21.4,41,-4.2
2010,4,4,42.2,26.6,21,-4.4
2010,5,47,42.5,28.1,56,-3.1
2010,6,209,38.7,28.3,175,-3
2010,7,414,31.6,25.5,114,-3.4
2010,8,391,31.5,25.7,113,-3.7
2010,9,409,32,25.2,107,-1.7
2010,10,70,32.2,22.6,93,-1.4
2010,11,7,31.6,18.2,55,-1
2010,12,15,27.7,12.3,52,2.1
2011,1,0,27.3,12.1,46,1.6
2011,2,25,30.9,15.8,53,1.6
2011,3,2,36.1,19.9,46,0.7
2011,4,20,37.7,22.1,40,1.1
2011,5,41,42.7,28.2,51,1.7
2011,6,387,36.8,26.4,163,3.3
2011,7,414,31.5,25.4,114,3.4
2011,8,511,30.8,25,97,3.6
2011,9,405,31.2,24.4,96,4.9
2011,10,27,32.1,22.4,85,3.5
2011,11,0,29.8,16.5,54,2.6
2011,12,0,28.5,13,42,1.9
2012,1,51,27.9,12.6,66,2.7
2012,2,0,30.8,15.7,40,1.7
2012,3,0,35.7,19.5,32,-2.1
2012,4,28,39.9,24.4,43,-1.5
2012,5,9,43.4,29,19,-1.8
2012,6,197,40.4,29.9,188,-2.1
2012,7,650,31,24.9,106,-1.4
2012,8,524,30.7,24.9,102,-0.6
2012,9,274,31.5,24.6,101,-0.7
2012,10,23,32,21.2,82,-1.5
2012,11,14,29.3,15.9,56,-1.3
2012,12,0,28.4,12.9,43,-1.4
2013,1,1,28.3,13.1,40,-1.9
2013,2,9,30.6,15.6,41,-2.2
2013,3,8,35.6,19.4,37,-2.7
2013,4,26,38.6,23.9,40,-2
2013,5,20,41.8,28.9,30,-2
2013,6,313,36.4,25.5,151,-0.7
2013,7,409,30.9,24.5,103,1.2
2013,8,360,30.8,24.6,105,-0.8
2013,9,336,32.1,25,106,0.8
2013,10,160,30.7,22.3,97,2.8
2013,11,0,29.7,14.7,60,2.7
2013,12,0,27.3,12.9,49,2.6
2014,1,24,26.6,13.6,56,2.9
2014,2,52,29.1,15.4,71,3.6
2014,3,70,34.3,18.2,96,4.9
2014,4,22,40,23.6,62,5.4
2014,5,59,42.2,26.9,76,6.4
2014,6,131,38.6,27.6,134,4.7
2014,7,474,31.4,25.1,105,3.8
2014,8,337,31.6,25.4,109,2.3
2014,9,505,31.7,24.6,105,5
2014,10,57,32.1,21.7,91,4.3
2014,11,0,29.7,16.1,57,3.7
2014,12,0,26.7,12.7,42,3.2
2015,1,15,26.5,12.8,48,2.8
2015,2,14,30.2,16.3,46,2.3
2015,3,48,34.2,18.6,78,2.5
2015,4,44,37.2,23.1,62,3.4
2015,5,25,42.6,27.9,36,3.2
2015,6,216,37.2,26.5,156,2.9
2015,7,338,31.5,24.8,109,1.7
2015,8,440,31.5,25.3,110,1.3
2015,9,233,32.4,24.8,114,-1.9
2015,10,29,32.6,22.7,84,-2.4
2015,11,4,30.8,17,55,-2.5
2015,12,3,29.7,14.3,41,-2.5
2016,1,13,28.3,13,47,-2.7
2016,2,30,32.2,17.5,53,-2.8
2016,3,45,36.1,20.1,77,-3.4
2016,4,10,40.5,25.2,28,-3.8
2016,5,30,42.1,27.5,40,-3.5
2016,6,316,37.8,27.1,159,-3.4
2016,7,497,30.9,24.8,99,-3.9
2016,8,406,31.2,25.2,103,-4.2
2016,9,328,31.7,24.9,92,-3.5
2016,10,61,31.9,22.1,94,-2.7
2016,11,2,29.3,15.9,60,-2.3
2016,12,1,28.1,12.8,46,-2.1
2017,1,15,28.1,12.7,49,-2.3
2017,2,7,31.2,16.1,45,-2.9
2017,3,23,34.8,19,53,-3.5
2017,4,15,39.6,24.5,31,-4
2017,5,17,42.6,28.1,27,-4
2017,6,188,37.6,27,152,-3.2
2017,7,614,30.7,24.7,111,-3
2017,8,419,31.4,25.4,112,-3.9
2017,9,266,32.4,25.3,105,-4.2
2017,10,71,32.2,22.8,92,-3
2017,11,4,30.1,16.6,58,-2.4
2017,12,6,28.2,13.1,48,-2
2018,1,5,27.6,12.3,47,-2
2018,2,11,31.4,16.4,46,-2.4
2018,3,9,35.9,19.8,47,-2.7
2018,4,17,38.6,23.2,35,-0.9
2018,5,36,41.6,27.2,46,2.7
2018,6,213,37.5,26.7,156,2.8
2018,7,645,30.9,24.7,102,3.5
2018,8,484,31,24.9,97,5
2018,9,395,31.7,24.6,108,4.1
2018,10,51,31.7,22.2,89,4.2
2018,11,1,30,16.3,53,4
2018,12,3,27.5,12.2,44,5.2
2019,1,11,27,11.8,45,1.3
2019,2,11,30.4,15.5,43,0.9
2019,3,18,34.9,18.8,56,-0.3
2019,4,12,39.2,23.7,30,-0.9
2019,5,11,42.4,28,22,-1.1
2019,6,75,39.4,29,79,-2.8
2019,7,419,31.7,25.6,120,-3.4
2019,8,606,31.3,25.4,106,-1.7
2019,9,529,31.7,24.8,95,4.3
2019,10,156,31.9,22.2,96,5.9
2019,11,0,30.4,17.1,60,5.5
2019,12,4,28.4,13,48,5.3
