Product: Historical Climate - TerraClimate(http://www.climatologylab.org/terraclimate.html) 
Location (Lat/Lon of 4-km Grid Cell Center): 20.6875 North,83.4792 East 
Data Source: NW Climate Toolbox(https://climatetoolbox.org/tool/point-data-download)
Download Date: 07/24/2020
Variable List: 
ppt: ppt (Precipitation)
tmax: tmax (Maximum Temperature)
tmin: tmin (Minimum Temperature)
aet: aet (Actual Evapotranspiration)
PDSI: pdsi (Palmer Drought Severity Index (PDSI))
********************************************************
Year,Month,ppt(mm),tmax(degC),tmin(degC),aet(mm),PDSI(unitless)
1958,1,15,30.2,14.4,55,0.1
1958,2,14,32,17.2,56,-0.1
1958,3,11,37.4,20,62,-0.2
1958,4,31,40.3,25.9,53,0.3
1958,5,13,42.3,29.8,26,-0.6
1958,6,110,39.9,29.1,114,-2.2
1958,7,535,30.7,24.9,110,-1.3
1958,8,312,30.7,25,109,-1.4
1958,9,350,31.1,24,108,1.4
1958,10,127,31.2,22.5,113,2.5
1958,11,20,29.5,17.1,73,3.1
1958,12,0,28.3,13.9,49,3
1959,1,21,29,14.3,57,3.2
1959,2,14,31.8,16.3,58,3
1959,3,0,36.6,20.6,53,2.4
1959,4,24,39.6,25.7,46,2.4
1959,5,26,42,29.2,38,2
1959,6,216,36.8,27.5,173,1.8
1959,7,460,30.2,24.9,112,2
1959,8,296,29.9,24.4,106,1.5
1959,9,244,30.4,24.3,97,1.2
1959,10,103,30.5,23.3,101,2
1959,11,0,28.8,15.7,58,1.9
1959,12,3,27.5,13.1,46,1.9
1960,1,5,28.9,13.3,47,1.7
1960,2,0,33,15.9,48,1.2
1960,3,24,34.9,19.8,68,1.4
1960,4,11,40.3,25,33,1
1960,5,24,41.6,29.5,36,0.9
1960,6,223,37.5,27.9,174,0.9
1960,7,493,30.1,25,104,1.5
1960,8,338,30.3,25.2,108,1.4
1960,9,205,30.6,24.9,99,0.6
1960,10,64,31.1,21.9,93,0.6
1960,11,0,28.9,15.2,56,-0.1
1960,12,3,29,12.8,45,-0.5
1961,1,24,29.2,14.4,53,0.4
1961,2,55,29.6,16,74,1.6
1961,3,14,36.1,22.5,68,1.8
1961,4,7,40.2,25.7,31,1.3
1961,5,36,41.6,29,49,1.4
1961,6,253,36,26.8,176,1.7
1961,7,428,30,24.3,105,2
1961,8,405,30.3,24.9,103,2.5
1961,9,385,30.1,23.9,100,3.9
1961,10,96,30.8,21.4,102,4.2
1961,11,5,28.2,14.9,59,4
1961,12,2,26.9,11.1,47,3.8
1962,1,8,27.8,11.4,48,3.5
1962,2,19,31,15.5,54,3.3
1962,3,20,36.7,19,68,3.3
1962,4,38,38.8,24.9,59,3.7
1962,5,15,41.1,28.6,28,2.9
1962,6,158,36.8,27.5,154,1.9
1962,7,488,31,24.9,119,1.8
1962,8,251,30.3,24.5,111,0.9
1962,9,333,30.6,24,108,1.7
1962,10,88,30.4,21.7,104,2
1962,11,2,29.2,15,58,1.9
1962,12,10,28.3,12.9,51,2
1963,1,0,28.2,11.7,43,1.6
1963,2,3,32.8,15.6,45,1.1
1963,3,13,36.2,19.4,53,0.8
1963,4,54,38.3,23.5,71,1.8
1963,5,38,40.7,27.8,48,1.9
1963,6,181,36.3,26.9,173,1.2
1963,7,341,30.3,24.9,121,-1.5
1963,8,383,30.4,24.5,105,-1.6
1963,9,295,31.3,24.2,109,-1
1963,10,143,31.5,22.5,111,2
1963,11,1,30.1,16.9,61,1.9
1963,12,0,28.2,13.4,48,1.8
1964,1,1,29.2,14.3,48,1.4
1964,2,26,32.2,17.2,60,1.6
1964,3,4,37.2,21.3,51,1.2
1964,4,26,39.7,26.3,47,1.2
1964,5,26,41.6,28.9,38,1
1964,6,154,37,27.3,150,-0.7
1964,7,425,29.9,24.5,120,-1.3
1964,8,469,29.9,24.4,99,1.4
1964,9,311,30.6,24.1,103,1.9
1964,10,58,30.8,23.1,90,1.6
1964,11,4,28.5,16.2,61,1.4
1964,12,1,27.9,13.1,46,1.1
1965,1,10,29,14.3,47,0.9
1965,2,4,31.9,16.2,47,-0.5
1965,3,25,35.8,19.2,57,-0.8
1965,4,21,38.5,24.7,38,-0.7
1965,5,15,41.7,29.1,25,-1.1
1965,6,99,38.4,28.5,102,-2.7
1965,7,514,30.9,25.1,119,-2.2
1965,8,277,30.9,25.2,119,-2.5
1965,9,243,30.9,24.2,111,-2.6
1965,10,29,31.8,22.6,87,-3
1965,11,0,30.2,16.3,56,-3.2
1965,12,6,27.7,14.5,48,-3.2
1966,1,74,28.4,14.2,80,-1.1
1966,2,7,33.2,17.1,51,-1.3
1966,3,1,36.9,20.4,39,-1.9
1966,4,9,40.3,25.7,28,-2.1
1966,5,24,42.8,29.6,34,-2.1
1966,6,215,37.2,27.6,177,-1.9
1966,7,353,32,25.6,114,-2.4
1966,8,268,31,24.8,106,-2.9
1966,9,240,31.4,24.4,115,-3
1966,10,34,31.9,22.1,87,-3.3
1966,11,21,30.1,17.7,65,-2.6
1966,12,5,27.5,12.8,47,-2.4
1967,1,29,28.1,14.7,57,-1.7
1967,2,0,32.9,16.8,43,-2.1
1967,3,76,34,19.9,94,1.7
1967,4,25,39.3,24,48,1.7
1967,5,5,42.2,29.1,19,0.8
1967,6,244,38.3,27.9,180,1
1967,7,453,31.2,25.2,121,1.2
1967,8,337,30.1,24.5,110,1.1
1967,9,247,30.7,24.4,110,0.8
1967,10,14,31.6,21.7,80,-1.2
1967,11,0,29.9,15,53,-1.7
1967,12,24,29.1,14.7,54,-1.1
1968,1,28,28.3,13.3,54,-0.6
1968,2,24,31.5,16.1,53,0.2
1968,3,28,35.7,20.1,64,0.8
1968,4,25,38.3,24.1,43,0.9
1968,5,9,41.7,28.3,20,-0.6
1968,6,259,36.3,27.6,174,0.5
1968,7,435,30.5,25.4,123,0.8
1968,8,140,30.9,24.9,120,-1.9
1968,9,331,31.5,24.4,111,-0.8
1968,10,106,30.8,21.7,109,1.6
1968,11,10,29.1,16.6,64,1.9
1968,12,1,28.7,13.5,49,1.9
1969,1,1,29.2,13.1,47,1.6
1969,2,1,32.9,17.6,47,1
1969,3,12,37.2,22.1,53,0.6
1969,4,5,40.2,25.8,25,-1.2
1969,5,50,40.7,27.4,60,0.8
1969,6,124,37.4,28,126,-1.3
1969,7,602,30.2,24.8,111,1.2
1969,8,298,30.1,24.6,114,0.7
1969,9,292,30.5,24.2,107,1
1969,10,32,31.4,22.2,87,-0.6
1969,11,14,30.3,17.1,60,0.1
1969,12,15,27.8,12.9,49,0.2
1970,1,7,28.5,14.4,43,-0.2
1970,2,19,32.2,17.1,54,0
1970,3,67,35.2,21.4,92,1.3
1970,4,18,39.5,25.8,39,1.1
1970,5,42,42.2,29.1,53,1.3
1970,6,384,35.2,25.8,168,3.4
1970,7,368,30.7,24.6,121,3.9
1970,8,470,30.2,24.5,108,4.8
1970,9,178,30.2,24.5,108,3.2
1970,10,37,30.9,22.5,87,2.3
1970,11,1,28.4,15.4,58,1.7
1970,12,0,27.2,11.5,41,1.1
1971,1,10,27.7,14.3,45,0.8
1971,2,38,31.1,16.8,62,1.2
1971,3,9,35.4,18.8,46,0.7
1971,4,43,36.8,24.5,60,1.4
1971,5,58,39.1,27,67,2.3
1971,6,371,34,25.5,166,4.1
1971,7,292,29.7,24.6,124,3.7
1971,8,369,29.6,24.6,112,3.6
1971,9,233,30.8,24.1,112,2.8
1971,10,87,30.4,22.2,101,3
1971,11,0,27.7,14.9,60,2.7
1971,12,0,27.2,11.8,46,2.4
1972,1,1,28,12.5,41,1.9
1972,2,28,29.9,15.5,58,2.1
1972,3,0,35.8,20.6,46,1.5
1972,4,15,39.3,25.1,36,1.2
1972,5,7,42.5,29.4,19,-1.2
1972,6,124,39.6,28.5,126,-2.4
1972,7,354,31.7,25.3,136,-3.3
1972,8,298,30.6,24.8,124,-4.2
1972,9,333,31.7,23.7,116,-3
1972,10,52,31.6,21.2,92,-2.9
1972,11,10,29.4,15.8,61,-2.5
1972,12,0,29.8,13.3,47,-2.5
1973,1,0,30.2,14.3,42,-2.7
1973,2,3,33,17.5,44,-3
1973,3,23,36.3,20.3,52,-2.9
1973,4,9,40.9,26.8,25,-3.1
1973,5,25,42.3,29.9,34,-3
1973,6,129,37.5,27.5,130,-4
1973,7,437,30.6,25,121,-4
1973,8,352,30.4,24.6,107,-3.4
1973,9,171,30.5,24.7,109,-4.3
1973,10,126,30.6,22.6,109,-2.6
1973,11,3,27.4,16.8,62,-2.1
1973,12,14,26.6,13.7,54,-1.2
1974,1,0,27.8,12.7,46,-1.2
1974,2,3,32.1,15.7,50,-1.3
1974,3,39,36.3,21.9,79,1.8
1974,4,5,39.3,26.8,30,1.1
1974,5,18,41.1,28.6,31,0.7
1974,6,200,37.6,27.4,187,-1.1
1974,7,293,30.9,25.4,123,-2.3
1974,8,320,30.6,24.8,108,-3.2
1974,9,204,31.4,24.6,110,-3.7
1974,10,110,31.4,22.7,108,-2.3
1974,11,7,28.3,16.3,66,-1.7
1974,12,0,27,11.8,48,-1.4
1975,1,4,27.8,12.7,46,-1.3
1975,2,14,31.6,16.8,54,-1.2
1975,3,12,36.6,20.6,58,-1.2
1975,4,8,40.5,25.6,29,-1.4
1975,5,22,42.9,29.4,34,-1.5
1975,6,384,36.5,26.9,184,2
1975,7,354,30,24.6,125,2.4
1975,8,388,30.4,24.7,120,2.5
1975,9,322,30.2,23.8,108,3.1
1975,10,127,31.3,23.2,112,4
1975,11,6,27.7,15.7,67,3.9
1975,12,0,27.1,11.6,47,3.6
1976,1,1,28,12.6,47,3.1
1976,2,3,31.4,17.1,47,2.5
1976,3,9,35.8,21.4,52,2
1976,4,32,39.4,24.8,51,2.1
1976,5,28,41.4,28.4,39,1.9
1976,6,103,37.6,27.2,107,-1.6
1976,7,517,30.8,24.4,119,-1.1
1976,8,486,30.2,24.4,113,1.7
1976,9,243,31,23.8,105,1.3
1976,10,21,32.5,22.4,75,-0.7
1976,11,17,30.7,18.4,67,0.1
1976,12,1,29,13.5,43,-1
1977,1,4,28.6,13.3,41,-1.3
1977,2,0,32.2,16.5,41,-1.8
1977,3,1,37,22,29,-2.6
1977,4,36,38.5,25.5,50,-1.9
1977,5,48,39.8,27.3,56,-1.1
1977,6,204,36.7,27.4,189,-1.4
1977,7,458,30.4,25.1,118,-1.3
1977,8,394,30.6,24.8,112,-0.6
1977,9,281,30.9,24.2,121,0.1
1977,10,41,31.1,22,91,-0.5
1977,11,27,29.7,18.7,65,0.9
1977,12,4,27.1,13.1,46,0.8
1978,1,22,27.7,13,52,1
1978,2,29,30.5,16.3,60,1.3
1978,3,27,35.2,19.4,70,1.6
1978,4,33,39.1,24.8,53,1.9
1978,5,23,42.4,29.5,35,1.6
1978,6,240,36.8,27.4,175,1.7
1978,7,446,30.5,24.4,118,1.9
1978,8,383,29.8,24.3,106,2.2
1978,9,249,30.4,24.5,111,1.7
1978,10,53,31.1,22.8,93,1.3
1978,11,7,30.2,17.7,57,1.2
1978,12,22,27.5,13.4,54,1.7
1979,1,8,28.8,14.5,48,1.4
1979,2,40,30.4,16.8,67,2
1979,3,1,35.5,20,47,1.4
1979,4,26,39.6,25.6,47,1.5
1979,5,25,42,28,36,1.2
1979,6,217,37.9,27.9,186,1
1979,7,329,32,25.8,138,-1.4
1979,8,255,30.9,25.3,134,-2.9
1979,9,250,31.6,24.8,116,-2.8
1979,10,37,32.4,22.8,92,-3.1
1979,11,8,30.6,18.8,59,-3
1979,12,5,27.5,15,46,-2.8
1980,1,15,28.7,15.1,48,-2.6
1980,2,13,31.5,18.2,50,-2.6
1980,3,9,35.4,22,41,-2.8
1980,4,14,40.1,26.7,31,-2.8
1980,5,18,42.4,29.3,28,-2.9
1980,6,388,35.6,26.8,148,2.5
1980,7,475,30.2,25,114,4.3
1980,8,324,30.1,24.8,111,3.7
1980,9,283,30.9,24.7,104,3.6
1980,10,37,31.2,22.5,92,2.7
1980,11,2,29.8,16.5,57,2
1980,12,5,27.9,14.3,42,1.6
1981,1,19,27,14.2,49,1.5
1981,2,3,31,17.8,43,0.8
1981,3,40,34.3,21,70,1.2
1981,4,23,38.1,26.1,39,1
1981,5,38,40.2,28.6,47,1.3
1981,6,160,37.1,28,156,-1
1981,7,342,30.2,25.3,123,-2
1981,8,331,30.4,24.9,117,-2.7
1981,9,394,31,24.7,109,-0.7
1981,10,19,32.1,21.8,84,-1.5
1981,11,0,29.4,15.2,58,-2
1981,12,7,26.8,14.1,44,-2.1
1982,1,7,29.5,14.8,41,-2.2
1982,2,16,30.7,18.1,47,-2.3
1982,3,27,34.3,20.9,55,-2
1982,4,30,38.6,25.3,44,-1.6
1982,5,22,41.6,27.9,32,-1.6
1982,6,193,37.4,27.4,184,-1.9
1982,7,388,32.3,26.2,139,-2.5
1982,8,388,29.9,24.7,109,-2.2
1982,9,268,31.4,24.2,124,-2.1
1982,10,58,32.2,21.9,96,-2
1982,11,7,29.3,16.8,58,-1.8
1982,12,0,28.7,13.4,47,-1.8
1983,1,2,28,13.8,43,-2.1
1983,2,48,30.8,18,67,-1
1983,3,10,35.3,22.1,51,-1.2
1983,4,17,39.1,25.1,36,-1.2
1983,5,34,41.4,28.2,44,-0.9
1983,6,234,38.7,28.2,177,-0.6
1983,7,378,31.5,25.5,129,-1
1983,8,410,30.6,25.3,110,0.7
1983,9,266,30.7,24.6,102,0.8
1983,10,69,30.6,22.3,94,0.9
1983,11,1,28.6,15.4,62,0.8
1983,12,7,27.5,13,48,0.7
1984,1,16,28.6,14.7,46,0.8
1984,2,26,30.2,16.6,57,1.1
1984,3,1,36.7,20,47,0.6
1984,4,15,39.6,25.3,36,-0.1
1984,5,23,42,30.1,35,-0.7
1984,6,237,35.5,26.9,166,0.4
1984,7,457,30.4,24.8,120,0.8
1984,8,436,30.3,24.6,118,1.6
1984,9,174,30.7,23.8,126,-1.4
1984,10,29,31.5,22.3,81,-1.9
1984,11,1,29,14.4,59,-2.1
1984,12,1,28.8,13.7,45,-2.3
1985,1,32,28.7,15.2,54,-1.6
1985,2,16,31.7,16.4,51,-1.6
1985,3,2,36.7,22.4,37,-2.2
1985,4,6,40.2,26.2,24,-2.5
1985,5,14,42.1,28.9,25,-2.7
1985,6,235,37.3,27.3,181,-2.3
1985,7,364,30.2,24.5,117,-2.5
1985,8,432,30.7,24.6,110,-1.4
1985,9,276,30.7,24.2,107,-1
1985,10,138,30.8,20.9,115,2.4
1985,11,1,29.4,15.4,65,2.2
1985,12,0,29.1,13.8,51,2.1
1986,1,38,27.9,13.8,65,2.8
1986,2,26,31.7,16.5,57,3.1
1986,3,4,36.7,20,63,2.8
1986,4,28,39.6,25.3,52,2.9
1986,5,26,41.6,28,39,2.6
1986,6,277,36.8,26.8,170,3.1
1986,7,440,30.8,24.6,120,3.4
1986,8,467,31,24.1,121,4.2
1986,9,201,31.5,24.5,118,2.8
1986,10,43,31.4,22,90,2.1
1986,11,31,28.7,17.5,65,2.7
1986,12,12,27.9,14.7,49,2.7
1987,1,5,28.4,13.9,46,2.3
1987,2,2,31.4,16.4,45,1.7
1987,3,10,35.1,20.2,48,1.2
1987,4,12,39.4,25.8,31,0.7
1987,5,31,40.8,27.4,41,0.8
1987,6,93,38.8,28.6,97,-2.4
1987,7,300,31.3,25.5,140,-3.7
1987,8,312,31.3,25,123,-5
1987,9,167,31.9,25.1,118,-5.9
1987,10,49,32.3,22.2,93,-5.6
1987,11,13,29.4,17.5,59,-4.8
1987,12,2,28.3,14.2,48,-4.5
1988,1,0,29.3,14.5,42,-4.4
1988,2,9,32.2,17.5,45,-4.3
1988,3,14,35.9,21.7,46,-4.3
1988,4,26,39.5,25.6,42,-3.7
1988,5,39,41.6,30.5,48,-3
1988,6,167,36.5,27.7,160,-3.3
1988,7,539,30.4,24.9,115,-2.3
1988,8,214,30.5,25.1,111,-3.2
1988,9,320,31.5,24.5,102,-2.1
1988,10,36,31.1,22,92,-2.4
1988,11,2,29,16.4,60,-2.7
1988,12,1,27.9,15.1,43,-2.8
1989,1,0,28.2,13.3,41,-3.2
1989,2,0,31.5,16.8,40,-3.8
1989,3,30,35.5,20,52,-3.5
1989,4,3,40,25.5,16,-3.9
1989,5,59,42,29.3,65,-2.6
1989,6,269,36.1,26.7,166,-1.6
1989,7,536,30.7,24.9,115,2.8
1989,8,403,30.8,24.9,105,3.2
1989,9,249,31,24.5,106,2.7
1989,10,17,31.3,23,80,1.6
1989,11,2,29.4,16.8,56,0.8
1989,12,4,27.7,13.1,43,-1.7
1990,1,2,29.4,14.5,45,-2.1
1990,2,68,31.1,18.1,79,-0.6
1990,3,62,33.6,20.9,85,2.4
1990,4,20,38.2,26.3,41,2.1
1990,5,42,39.3,27.3,53,2.5
1990,6,262,35.8,26.6,142,3.2
1990,7,426,29.9,24.4,105,3.6
1990,8,500,30.9,25,110,4.7
1990,9,205,31.1,24.5,99,3.6
1990,10,100,30.6,22.1,95,4.2
1990,11,6,29.7,18,64,4.1
1990,12,6,28.7,14.2,53,4
1991,1,44,27.8,15.3,64,4.8
1991,2,1,32.5,18.4,53,4.2
1991,3,19,35.7,22.3,66,4.3
1991,4,14,38.8,25.9,41,3.8
1991,5,21,41.2,29.9,35,3.2
1991,6,206,36.1,26.5,167,2.9
1991,7,565,31.4,25.5,114,3.8
1991,8,352,30.6,24.7,109,3.6
1991,9,242,31.4,24.4,119,2.8
1991,10,53,31.2,22.8,90,2.4
1991,11,22,28.7,16.3,62,2.7
1991,12,4,27.3,13.2,48,2.5
1992,1,12,26.9,13.7,51,2.3
1992,2,13,29.8,17.3,51,2
1992,3,0,36.2,21.8,41,1.2
1992,4,6,40.3,25.4,25,0.6
1992,5,58,41.3,28.2,67,1.5
1992,6,160,37.5,27.3,157,0.6
1992,7,454,31.9,25.8,132,-1.1
1992,8,373,30.4,24.4,111,-0.6
1992,9,224,31.1,24.1,120,-1.2
1992,10,51,31.8,22.3,96,-1.4
1992,11,8,29.9,16.9,61,-1.3
1992,12,0,27.6,12.7,45,-1.5
1993,1,1,28.7,14.7,45,-1.8
1993,2,1,31.2,17.7,42,-2.4
1993,3,13,35.2,19.9,39,-2.7
1993,4,34,38.7,25.3,48,-2.1
1993,5,30,41,28.9,38,-1.9
1993,6,221,37.4,28.3,177,-1.7
1993,7,377,31.5,25.6,121,-2.1
1993,8,335,30.6,25.1,121,-2
1993,9,273,30.9,24,109,-1.6
1993,10,76,31.9,22.5,96,-1.2
1993,11,3,29.2,16.4,61,-1
1993,12,0,27.4,12.9,48,-1
1994,1,5,29,14.5,48,-1.1
1994,2,18,30,17.9,51,-1
1994,3,0,36.7,22.2,40,-1.5
1994,4,24,39.1,25,43,-1.2
1994,5,28,42,28.9,39,-1.1
1994,6,189,36.3,27.3,168,-1.2
1994,7,519,30,24.4,113,0.7
1994,8,405,30,24.4,102,1.3
1994,9,235,31.6,23.9,110,0.8
1994,10,66,32.1,22,93,0.8
1994,11,3,28.8,16.7,56,0.7
1994,12,0,28.1,12.7,48,-0.1
1995,1,49,26.8,13.1,67,1.7
1995,2,6,31.1,17.2,48,1.3
1995,3,39,35.5,20.2,76,2
1995,4,8,39.5,24.8,33,1.5
1995,5,37,40,27.9,50,1.8
1995,6,116,38.2,28.8,120,-1.3
1995,7,389,31.3,24.8,127,-2
1995,8,226,31.5,25,118,-3.3
1995,9,292,31.1,24.5,114,-2.6
1995,10,121,31.8,22.5,108,-1.1
1995,11,15,29,17.7,69,2
1995,12,0,28.8,13.8,50,2
1996,1,25,28.7,15.2,56,2.4
1996,2,8,31.8,16.4,54,2.1
1996,3,5,36.3,22.2,58,1.8
1996,4,24,39.4,24.9,46,1.8
1996,5,9,42.6,29.2,22,1.1
1996,6,233,37.3,26.6,174,1.2
1996,7,278,31.8,24.8,124,-1.4
1996,8,267,30.6,24.2,110,-2.6
1996,9,118,31.7,24.9,117,-4.4
1996,10,45,32.1,21.4,90,-4.3
1996,11,2,30.7,16,58,-4.2
1996,12,1,28.5,12.6,46,-4.1
1997,1,31,27.8,12.9,55,-3.2
1997,2,2,30.5,16.4,45,-3.5
1997,3,24,35.6,21.6,53,-3.3
1997,4,47,37.4,23.2,61,-2.1
1997,5,18,41.5,27.8,28,-2.2
1997,6,122,38.7,28.1,123,-3.4
1997,7,293,31.8,25.1,121,-4.5
1997,8,488,31.1,25,122,-4
1997,9,277,31.5,24.3,118,-3.5
1997,10,15,32.3,21.6,79,-4.1
1997,11,16,30.7,18.1,58,-3.6
1997,12,25,27.9,15.5,50,-2.6
1998,1,12,27.6,15.5,42,-2.3
1998,2,41,31.2,18.1,63,-1.3
1998,3,29,35.1,20.3,73,1.9
1998,4,37,38.9,25.7,60,2.3
1998,5,32,42.2,29.3,45,2.3
1998,6,199,39.2,28.2,173,1.9
1998,7,416,31.8,24.9,122,1.4
1998,8,252,31.3,25.5,115,-1.2
1998,9,300,32.1,24.6,111,-0.7
1998,10,130,32.7,23.2,106,1.8
1998,11,26,30,18.7,69,2.7
1998,12,0,28.2,12.9,54,2.8
1999,1,0,28.3,12.6,49,2.4
1999,2,2,32.9,17.4,48,1.8
1999,3,0,37.1,21.2,46,1.1
1999,4,0,40.7,27.2,22,-1.5
1999,5,63,41.2,28.3,73,1.2
1999,6,244,36.8,26.6,168,1.5
1999,7,269,31.8,24.7,128,-1.1
1999,8,463,30.4,24.6,109,0.5
1999,9,215,31,23.9,104,-0.6
1999,10,61,32.2,22.7,91,0
1999,11,2,30.8,16.2,62,-0.6
1999,12,0,28.6,13.3,46,-0.7
2000,1,0,29.6,14.5,45,-1.2
2000,2,34,30.2,18.3,55,-0.6
2000,3,0,35.3,21,39,-1.2
2000,4,8,40.5,26.6,28,-1.5
2000,5,25,41.3,28.7,36,-1.4
2000,6,321,36,26,149,1.6
2000,7,286,31.3,24.9,111,1.3
2000,8,254,31.6,24.5,118,-0.8
2000,9,121,31.3,24.4,111,-2.8
2000,10,19,32.7,23.7,85,-3.4
2000,11,0,30.5,17.4,56,-3.7
2000,12,0,28.3,13,45,-4
2001,1,0,28.4,14.1,39,-4.3
2001,2,0,32.6,18.5,38,-5
2001,3,21,35.3,20.6,40,-4.7
2001,4,17,39,25.2,28,-4.5
2001,5,40,41.4,28.7,46,-3.7
2001,6,322,34.7,25,145,-1.7
2001,7,364,30.5,24.6,103,-0.9
2001,8,430,30.5,24.7,108,3
2001,9,168,31.9,25.1,117,1.3
2001,10,63,32.3,23.1,94,1.2
2001,11,14,30.7,18.1,62,1.4
2001,12,1,28,13.4,47,1.2
2002,1,52,28.4,14.1,70,2.4
2002,2,2,31.7,17.6,47,1.8
2002,3,7,36,21.3,53,1.5
2002,4,21,40.2,26.4,42,1.4
2002,5,35,43.1,30.4,46,1.4
2002,6,181,36.9,27.2,161,1
2002,7,325,32.8,26.9,129,-1.4
2002,8,427,30.3,24.5,101,-1.1
2002,9,160,31.1,24.3,106,-2.3
2002,10,31,31.7,22.4,85,-2.7
2002,11,2,28.5,15.9,56,-2.8
2002,12,0,29.1,14.5,44,-2.9
2003,1,5,28.5,14.3,44,-3.1
2003,2,19,31.6,17.5,47,-2.9
2003,3,42,35.2,20.4,71,-2.1
2003,4,6,40.2,26.5,22,-2.5
2003,5,6,42.9,30.2,17,-3
2003,6,174,39.5,29.7,167,-3.2
2003,7,489,30.8,24.9,102,-2.6
2003,8,391,30.5,24.7,103,-1.8
2003,9,234,30.6,23.8,95,-1.8
2003,10,188,31,21.8,95,3.2
2003,11,1,29.2,16.6,61,3
2003,12,22,27.7,14.5,57,3.6
2004,1,44,27.5,13.2,64,4.6
2004,2,9,29.7,15.6,56,4.3
2004,3,1,36.4,21.6,65,4.1
2004,4,34,39.4,25.6,59,4.3
2004,5,18,42.6,29.8,33,3.6
2004,6,202,37.2,27.5,177,3.1
2004,7,347,30.8,24.8,118,2
2004,8,337,30.7,24.9,114,1.4
2004,9,183,31.6,24.9,113,-2.3
2004,10,84,30.7,21.4,98,-1.6
2004,11,1,28.8,16.2,59,-1.4
2004,12,0,27.9,13.4,47,-1.3
2005,1,24,28.6,14.3,53,-0.7
2005,2,15,32.5,18.3,57,-0.6
2005,3,23,36.7,21.9,68,0.2
2005,4,16,39.6,25.8,36,-0.1
2005,5,37,42.5,29.8,48,1
2005,6,166,40.4,30.6,162,-0.8
2005,7,353,31.1,25.1,120,-1.7
2005,8,268,31.2,25.4,128,-2.9
2005,9,455,31.9,24.1,111,2.5
2005,10,122,31.5,22.3,93,3.6
2005,11,1,28,15.4,61,3.3
2005,12,1,27,12.4,49,3.2
2006,1,0,28.1,13.8,48,2.7
2006,2,0,32.9,18.8,48,1.9
2006,3,42,34.9,20.2,75,2.5
2006,4,38,38.7,25,59,2.8
2006,5,53,40.3,27.5,63,3.4
2006,6,192,37.3,27.6,163,2.9
2006,7,532,31.4,25.4,117,3.4
2006,8,477,30.4,24.6,109,4.3
2006,9,345,31.3,24.5,108,5
2006,10,15,32.2,23,81,3.5
2006,11,14,30,17.4,55,3.1
2006,12,0,29.2,14.6,45,2.4
2007,1,0,29,14.7,41,1.5
2007,2,46,31.4,17.2,67,2
2007,3,3,35.5,20.8,37,1.2
2007,4,14,39.6,25.8,31,0.8
2007,5,24,41.4,28.6,34,0.7
2007,6,215,37.7,28,170,0.6
2007,7,273,31.7,25.8,123,-2.4
2007,8,400,31,25.2,111,-2.5
2007,9,354,30.8,24.1,96,-0.9
2007,10,46,31.1,21.9,87,-1.1
2007,11,2,29.2,16.6,58,-1.2
2007,12,2,28.7,14.2,47,-1.3
2008,1,25,28.7,14.4,56,-0.9
2008,2,25,29.8,15.6,55,-0.6
2008,3,12,35.7,21,51,-0.6
2008,4,20,39,25.3,39,0
2008,5,38,42.5,29.7,48,0.8
2008,6,372,36.3,26.6,154,3
2008,7,374,31.1,25.1,121,3.6
2008,8,335,30.6,24.8,105,3.2
2008,9,375,30.8,24.1,106,4.4
2008,10,10,31.9,22.7,75,2.9
2008,11,1,29.9,17.3,51,2.1
2008,12,0,29.8,15.2,41,1.4
2009,1,1,30.6,16.3,41,0.6
2009,2,0,33.4,19.3,40,-3
2009,3,7,36.6,21.8,30,-3.4
2009,4,1,40.5,26.8,15,-3.8
2009,5,52,41.6,28.9,59,-2.7
2009,6,89,39.7,30,91,-4.3
2009,7,546,30.9,24.9,115,-3.2
2009,8,301,31.4,25.6,118,-3.3
2009,9,213,32.1,25.3,119,-3.7
2009,10,44,30.9,21.6,89,-3.7
2009,11,5,29.7,17.1,53,-3.4
2009,12,0,28.6,14,43,-3.3
2010,1,18,27.6,13.3,51,-2.8
2010,2,4,32.2,18,45,-3
2010,3,12,38,23.3,47,-3.1
2010,4,12,42,28.2,30,-3.3
2010,5,59,42.2,29.4,68,-2
2010,6,212,38.7,28.9,176,-1.9
2010,7,444,31.2,25.3,116,-1.6
2010,8,387,31.1,25.3,115,-1
2010,9,387,31.6,24.8,104,2.7
2010,10,84,31.9,22.7,96,2.9
2010,11,17,31.2,18.6,60,3.3
2010,12,20,27.6,13.1,56,3.8
2011,1,0,27.2,12.9,49,3.4
2011,2,20,31,16.8,55,3.4
2011,3,1,36.4,21.6,55,2.9
2011,4,26,37.2,23.4,49,3.1
2011,5,64,42.2,29.4,75,4
2011,6,205,36.8,27,168,3.5
2011,7,352,31.6,25.6,119,2.5
2011,8,378,30.7,24.9,103,2.5
2011,9,361,30.9,24.2,101,3.6
2011,10,12,31.9,22.6,81,2.2
2011,11,0,29.5,16.9,54,1.3
2011,12,0,28.6,14,42,0.6
2012,1,40,28.3,14.1,59,1.1
2012,2,0,31.7,17.5,40,-1.8
2012,3,1,36.2,21.5,29,-2.6
2012,4,48,40.1,26.4,62,-1.6
2012,5,21,42.9,30.2,30,-1.7
2012,6,173,40.2,30.5,169,-2.3
2012,7,596,31.2,25.3,114,-0.9
2012,8,420,30.7,24.8,107,1.8
2012,9,296,31.2,24.4,102,2.1
2012,10,25,32.4,21.3,84,1.2
2012,11,18,29,16.4,59,1.2
2012,12,0,28.7,14.1,45,0.8
2013,1,1,28.8,14.5,41,-1.2
2013,2,5,31.2,17.1,41,-1.6
2013,3,3,36,21.3,32,-2.2
2013,4,39,39,25.4,53,-1.4
2013,5,24,41.6,30.5,33,-1.5
2013,6,375,36,25.9,153,2.5
2013,7,351,30.8,24.5,102,3.1
2013,8,228,30.8,24.4,108,1.8
2013,9,256,31.7,24.9,108,1.6
2013,10,157,30.7,22.9,97,3.4
2013,11,1,30.2,15.1,64,3.2
2013,12,0,28,13.9,52,3
2014,1,8,27.7,15,49,2.7
2014,2,19,30.4,16.8,56,2.6
2014,3,48,35.2,19.9,79,3.4
2014,4,35,39.9,25,61,3.7
2014,5,66,41.6,27.7,78,4.6
2014,6,126,38.8,28.5,130,2.9
2014,7,442,31.4,25.4,110,2.4
2014,8,259,31.6,25.3,111,1.4
2014,9,477,31.3,24.6,107,4.1
2014,10,55,32.4,21.9,92,3.5
2014,11,0,29.4,17.2,58,2.9
2014,12,0,27.4,13.3,44,2.3
2015,1,9,27,13.8,46,2
2015,2,10,31.1,17.7,46,1.5
2015,3,43,35.1,20.2,74,1.9
2015,4,56,37.2,24.8,72,2.9
2015,5,38,42,29,47,3
2015,6,272,36.9,26.8,157,3.6
2015,7,238,31.8,25.2,118,2.2
2015,8,370,31.4,25.3,113,1.6
2015,9,340,32.2,24.8,114,2.4
2015,10,19,32.9,22.9,81,1.3
2015,11,5,31,17.4,56,0.7
2015,12,4,30.4,15.8,42,-1.5
2016,1,7,28.6,14.2,43,-1.9
2016,2,17,33.3,19.2,47,-2.1
2016,3,48,37,22.2,77,-2.7
2016,4,15,40.8,27,31,-3.2
2016,5,37,41.6,28.8,46,-3
2016,6,316,37.4,27.6,153,-2.6
2016,7,430,31.1,25.2,106,-3.3
2016,8,315,31,25.2,112,-4.3
2016,9,300,31.4,24.7,91,-3.4
2016,10,72,31.6,22.3,98,-2.8
2016,11,3,29,16.4,62,-2.6
2016,12,1,28.3,13.7,49,-2.6
2017,1,6,28.3,13.9,46,-2.7
2017,2,4,32.1,17.8,47,-3.2
2017,3,14,35.7,21,45,-3.7
2017,4,17,40,26.4,34,-4.2
2017,5,28,42.3,29.5,38,-4.4
2017,6,194,37.4,27.5,154,-3.6
2017,7,489,31,25.1,120,-3.9
2017,8,360,31.3,25.4,116,-4.6
2017,9,269,32.1,25.3,108,-5
2017,10,84,32.3,23.2,96,-4
2017,11,5,29.9,17.2,61,-3.4
2017,12,9,28.6,14,53,-3
2018,1,3,28.1,13.7,46,-3
2018,2,5,32.3,18.1,47,-3
2018,3,5,36.5,21.7,47,-2.8
2018,4,33,38.9,25.1,51,-0.8
2018,5,49,41.5,28.7,59,3.5
2018,6,195,37.2,27.4,158,3.6
2018,7,524,30.8,24.9,106,5.7
2018,8,396,30.8,24.8,98,8.1
2018,9,345,31.3,24.5,110,6.9
2018,10,42,31.7,22.5,85,6.6
2018,11,2,29.9,17.1,53,6
2018,12,7,27.9,13.3,45,7.4
2019,1,22,26.4,12.1,52,2
2019,2,4,30.8,16.7,42,1.4
2019,3,7,36.1,21.4,48,1.1
2019,4,14,39.4,25.7,34,0.8
2019,5,15,42,29.2,27,-1
2019,6,125,38.9,29.2,127,-2.3
2019,7,363,31.7,25.7,126,-3.1
2019,8,401,31,25.2,109,-2.8
2019,9,404,31.5,24.7,94,-0.6
2019,10,190,32.1,22.8,102,4.3
2019,11,0,30,17.4,62,4
2019,12,4,29.1,14.6,50,3.9
