Product: Historical Climate - TerraClimate(http://www.climatologylab.org/terraclimate.html) 
Location (Lat/Lon of 4-km Grid Cell Center): 22.3125 North,73.1875 East 
Data Source: NW Climate Toolbox(https://climatetoolbox.org/tool/point-data-download)
Download Date: 07/24/2020
Variable List: 
ppt: ppt (Precipitation)
tmax: tmax (Maximum Temperature)
tmin: tmin (Minimum Temperature)
aet: aet (Actual Evapotranspiration)
PDSI: pdsi (Palmer Drought Severity Index (PDSI))
********************************************************
Year,Month,ppt(mm),tmax(degC),tmin(degC),aet(mm),PDSI(unitless)
1958,1,0,30.9,13.7,42,2.8
1958,2,0,32.4,14.3,34,2.6
1958,3,0,36.9,18.5,18,2.2
1958,4,0,40.1,23.6,11,2
1958,5,0,40.6,26.9,8,1.8
1958,6,83,37.8,27.7,84,1.3
1958,7,312,31.6,25.8,132,1.1
1958,8,249,31.9,25.6,117,1
1958,9,529,31,24.2,111,3.6
1958,10,80,33.9,21.1,118,5.3
1958,11,2,33.3,16.4,73,5.8
1958,12,0,30.7,13.9,44,5.8
1959,1,0,28.9,13,43,5.9
1959,2,0,32.1,13.9,34,5.8
1959,3,0,37.3,18.4,17,5.3
1959,4,0,40,23.3,11,4.9
1959,5,0,40.8,27.1,8,4.4
1959,6,83,36.7,27.2,84,3.7
1959,7,723,31.1,24.5,129,5.7
1959,8,217,30.2,24.5,114,5.4
1959,9,462,31.1,23.8,109,7.1
1959,10,77,33.5,21.5,115,8.3
1959,11,3,32.8,15.9,72,8.5
1959,12,0,31.1,13.2,49,8.3
1960,1,1,28.8,11.7,46,8.2
1960,2,0,35.2,14.1,31,7.7
1960,3,0,34.4,17.5,17,7
1960,4,0,39.3,22.1,10,6.4
1960,5,2,40.1,25.8,10,5.9
1960,6,157,36.1,26.5,154,6.5
1960,7,210,32.4,25.7,141,5.2
1960,8,147,30.3,24.3,115,3.5
1960,9,132,32.8,24.5,125,2.8
1960,10,6,34.5,20.9,45,1.5
1960,11,0,33.5,15.3,19,-4
1960,12,0,31.5,14,12,-4.5
1961,1,0,29.8,12.7,8,-4.7
1961,2,5,30.8,12.6,10,-4.4
1961,3,0,37.1,18.9,4,-4.4
1961,4,0,39.3,22.2,3,-4.1
1961,5,1,40,26.1,3,-3.8
1961,6,79,36,26,78,-3.7
1961,7,479,31.1,25,121,-2.4
1961,8,224,31.3,25.1,121,-1.9
1961,9,327,31.1,23.7,106,2.3
1961,10,19,33.3,20.4,97,2.8
1961,11,0,32.7,16.2,64,2.9
1961,12,0,29.9,11.9,47,2.9
1962,1,0,28.9,10,35,2.8
1962,2,0,33.5,13.7,21,2.6
1962,3,36,35.6,17.6,46,4
1962,4,0,39.1,22.5,8,3.6
1962,5,2,40.7,26.2,8,3.3
1962,6,46,37,26.9,49,1.9
1962,7,294,32,25.3,135,1.6
1962,8,138,31.4,24.8,125,-2
1962,9,302,32,24,122,-1
1962,10,0,34.4,18.9,106,-0.6
1962,11,3,33.6,15.8,59,0.1
1962,12,5,30.1,13.9,38,1.1
1963,1,8,30.4,12,44,1.2
1963,2,0,34.7,14.4,18,1
1963,3,18,36.4,17.9,28,1.6
1963,4,0,38.9,22.1,8,1.4
1963,5,1,40,25.7,6,1.2
1963,6,37,36.9,26.7,39,-1.1
1963,7,315,32.7,25.4,134,-1.1
1963,8,402,30.9,24.5,118,1.4
1963,9,272,32,23.4,134,2
1963,10,29,34.7,21.2,106,2.8
1963,11,17,33.4,17.2,69,3.4
1963,12,0,31.4,13.3,50,3.5
1964,1,0,28.1,10.3,42,3.5
1964,2,0,32.7,13,23,3.2
1964,3,0,37.4,18.4,13,2.8
1964,4,0,40.2,23.2,9,2.5
1964,5,2,40,25.9,8,2.3
1964,6,61,36.5,26.1,63,1.5
1964,7,506,32.2,25,130,2.4
1964,8,246,31,24.4,112,2.7
1964,9,187,32.3,23.8,113,2.7
1964,10,0,34.3,20.6,91,2.7
1964,11,0,32.7,14.7,69,2.6
1964,12,0,30.6,11.9,41,2.4
1965,1,8,30.9,13.6,38,2.4
1965,2,0,32.9,14,18,2
1965,3,1,35.6,17.4,12,1.6
1965,4,0,38.6,21.9,8,1.5
1965,5,0,40,25.7,6,1.2
1965,6,2,37.2,26.8,7,-2.1
1965,7,496,32,25.4,126,-0.8
1965,8,156,31.9,24.8,120,-1.1
1965,9,23,32.6,23.9,91,-1.8
1965,10,0,35.9,20.9,88,-2.1
1965,11,1,34.6,15.8,56,-2.7
1965,12,0,31.1,13,28,-3.2
1966,1,1,30.5,12.8,16,-3.5
1966,2,0,34.6,15.3,10,-3.5
1966,3,0,35.8,16.9,7,-3.5
1966,4,0,38.9,22,5,-3.3
1966,5,1,39.8,25.6,4,-3.1
1966,6,74,36.6,27.1,74,-3.2
1966,7,389,33.2,26,139,-2.6
1966,8,39,31.6,25.1,87,-3.8
1966,9,218,33,23.9,132,-3.3
1966,10,0,36.5,21.5,92,-2.9
1966,11,0,33.4,17.8,62,-2.8
1966,12,0,30.7,12.6,39,-2.8
1967,1,0,28.8,10.6,23,-2.8
1967,2,0,34.6,14,13,-2.6
1967,3,11,35.1,18.5,19,-2
1967,4,0,39.1,21.9,6,-1.8
1967,5,0,40.4,25.8,5,-1.7
1967,6,129,36.1,26.2,126,-0.8
1967,7,508,31.8,25.5,127,1.9
1967,8,209,30.7,24.8,112,1.9
1967,9,131,31.8,23.9,115,1.6
1967,10,0,35.4,20.7,90,1.7
1967,11,0,34,16,52,1.7
1967,12,8,29.9,15.2,42,2.1
1968,1,0,27.8,11.6,34,2.3
1968,2,2,30.7,12.7,31,2.5
1968,3,3,36,17.4,19,2.4
1968,4,0,39.2,21.4,10,2.4
1968,5,0,39.4,25,7,2.1
1968,6,25,37.5,27.3,28,0.6
1968,7,213,32.9,25.8,129,-1.8
1968,8,275,30.6,24.5,121,-1.8
1968,9,58,33.9,24.3,99,-2.3
1968,10,8,35.9,20.4,71,-2.5
1968,11,0,34.2,15.5,41,-2.7
1968,12,0,30.7,12.8,25,-2.6
1969,1,0,29.9,13.1,17,-2.6
1969,2,0,32.3,14.4,11,-2.5
1969,3,0,37.3,19.7,7,-2.5
1969,4,0,40.4,23,5,-2.3
1969,5,0,40.5,26.7,4,-2.2
1969,6,89,37.4,27.2,88,-2.1
1969,7,284,33,25.8,133,-2.1
1969,8,116,31.3,24.4,110,-3
1969,9,216,31.9,24.5,126,-2.5
1969,10,0,35.9,20.8,75,-2.3
1969,11,3,35.2,18.4,48,-2.1
1969,12,3,32.4,12.9,32,-1.8
1970,1,0,29.7,12.5,26,-1.4
1970,2,1,32.1,14.5,16,-1.2
1970,3,15,35.4,18.2,24,0.6
1970,4,0,39.7,23.5,7,0.9
1970,5,4,40.7,27.1,9,1
1970,6,242,35.5,26.1,161,3.8
1970,7,291,32.4,25.4,137,3.5
1970,8,385,31,24.9,114,4.7
1970,9,491,31.6,24,107,6.7
1970,10,7,35,21.3,84,6.4
1970,11,0,33.1,13.9,54,6.1
1970,12,0,30.8,10.5,34,5.8
1971,1,0,28.2,11.8,36,5.7
1971,2,0,33,12.6,33,5.7
1971,3,0,36.8,17,17,5.3
1971,4,0,40.5,23.6,11,5
1971,5,6,39.4,26.1,13,4.9
1971,6,148,33.9,26.6,144,5.6
1971,7,257,31,25.6,126,4.7
1971,8,223,30.6,25.1,118,3.8
1971,9,171,32.5,24.3,122,3.4
1971,10,6,33.3,20.8,89,3.3
1971,11,0,32.4,14.9,49,3.2
1971,12,0,30.4,11.5,42,3.1
1972,1,0,30.2,11.3,29,3.1
1972,2,1,29.6,12.2,23,3.1
1972,3,0,36.8,18.4,13,2.8
1972,4,0,38.9,21.9,9,2.6
1972,5,0,40.3,25.8,6,2.3
1972,6,44,37.5,27.3,46,1
1972,7,217,32.7,25.8,141,-1.6
1972,8,150,31.5,25.2,135,-2.7
1972,9,20,33.5,23.8,51,-3.5
1972,10,0,36.2,21.3,17,-5.2
1972,11,0,33.8,15.3,11,-6.2
1972,12,0,30.9,13.4,7,-6.6
1973,1,5,28.6,11.3,10,-6.3
1973,2,3,33.2,14.6,7,-6
1973,3,0,36.3,18.2,3,-5.8
1973,4,0,40.8,24.1,3,-5.4
1973,5,2,40.5,27.3,4,-5
1973,6,81,36.5,27.4,79,-4.8
1973,7,323,31.5,24.7,129,-4.3
1973,8,266,30.8,24.4,115,-3.7
1973,9,446,30.5,23.6,101,-1.1
1973,10,7,34.1,20.9,90,-0.6
1973,11,0,33.2,14.4,59,2.5
1973,12,0,29.8,12.6,45,2.6
1974,1,0,29.5,10.9,35,2.6
1974,2,0,31.5,12.5,23,2.4
1974,3,0,37.4,18.7,13,2.1
1974,4,0,40,23.4,9,2
1974,5,12,39.5,25.7,18,2.5
1974,6,26,36.7,27.1,30,1
1974,7,147,32.7,26.4,133,-2.1
1974,8,64,32,25.3,67,-3.9
1974,9,80,34.2,25.1,79,-4.2
1974,10,25,34.3,22.6,27,-5.5
1974,11,0,32.8,14.1,3,-6.5
1974,12,5,29.6,12.4,7,-6.9
1975,1,0,28.3,10.7,2,-6.8
1975,2,0,32,13.4,2,-6.7
1975,3,0,35,17,1,-6.5
1975,4,0,39.7,22.7,1,-6.1
1975,5,0,39.9,26.2,1,-5.8
1975,6,127,35.9,26.3,122,-4.7
1975,7,162,31.9,25.3,132,-5.2
1975,8,352,30.7,24.7,124,-4.5
1975,9,403,31.4,23.9,131,-2.5
1975,10,86,33.1,21.7,114,3.7
1975,11,0,31.6,14.1,66,4.3
1975,12,0,30.8,11.1,49,4.7
1976,1,8,29.4,12.1,49,5.3
1976,2,0,32.4,13.9,39,5.6
1976,3,1,36.6,17.9,21,5.3
1976,4,0,38.5,22.2,12,5.1
1976,5,0,39.4,25.7,8,4.6
1976,6,251,35.7,26.3,181,7
1976,7,480,32.3,25.4,135,7.4
1976,8,364,30.9,24.3,119,8.4
1976,9,167,31.7,23.3,120,7.6
1976,10,0,35.8,21.2,97,7.1
1976,11,37,34.4,18.8,80,7.6
1976,12,0,30.8,14.1,40,7.1
1977,1,7,28.8,12.1,40,7
1977,2,0,32.8,14.9,27,6.5
1977,3,0,38.2,19.8,15,5.8
1977,4,0,39.1,23.8,10,5.3
1977,5,5,39.3,26.5,12,5
1977,6,144,36.3,26.5,141,5.5
1977,7,528,31.7,25.2,133,6.1
1977,8,166,30.9,25,115,5.3
1977,9,172,31.7,24,129,4.8
1977,10,0,36.2,21.7,93,4.6
1977,11,4,33.7,19.3,57,4.4
1977,12,0,30.9,13.7,39,4.1
1978,1,0,28.6,12,35,4
1978,2,3,31.4,14.6,26,3.8
1978,3,0,34.2,17.8,14,3.4
1978,4,0,39.2,23.3,9,3.1
1978,5,0,40.4,26.9,6,2.7
1978,6,151,36,26.6,146,3.7
1978,7,231,31.4,25,122,2.9
1978,8,291,30.5,25,117,2.6
1978,9,55,32,24.5,99,1.7
1978,10,13,34.9,21.3,81,1.6
1978,11,14,33.5,18.3,57,1.7
1978,12,9,30.2,13.7,37,1.8
1979,1,0,29.2,14,32,1.7
1979,2,9,30.6,13.4,26,1.9
1979,3,0,35,17.2,11,1.5
1979,4,0,39,22.3,7,1.4
1979,5,1,39.6,25.4,6,1.2
1979,6,99,37.6,28,98,1.1
1979,7,131,32.4,26.3,127,-1.2
1979,8,348,30.7,24.6,120,-1
1979,9,78,33.7,24.8,111,-1.5
1979,10,11,34.5,22.6,75,-1.7
1979,11,55,32.6,19.6,71,1.2
1979,12,0,30.4,14.9,32,1
1980,1,1,28.8,13.7,23,0.7
1980,2,2,32.7,15.1,15,-0.1
1980,3,0,35.4,19.2,9,-0.5
1980,4,0,38.9,23.1,6,-0.5
1980,5,0,40.8,26.7,5,-0.6
1980,6,193,35.8,25.4,166,2
1980,7,280,31.5,25.9,125,1.7
1980,8,235,30.9,24.7,124,1.3
1980,9,35,32.9,24.4,99,-1.1
1980,10,0,35.1,22.3,79,-1.4
1980,11,2,33.5,17.6,47,-1.7
1980,12,17,30,13.3,40,-1.4
1981,1,2,28.3,12.7,20,-1.6
1981,2,0,32.6,14.3,11,-1.7
1981,3,7,35.5,18.5,14,-1.5
1981,4,0,39.4,23.1,6,-1.4
1981,5,0,39.9,26.4,4,-1.4
1981,6,91,37.5,28.1,90,-1.6
1981,7,406,31.5,25.7,136,-1
1981,8,347,30.6,24.6,119,1.7
1981,9,164,33.1,24.7,122,1.6
1981,10,63,34.7,21.7,112,3.1
1981,11,8,31,14.9,72,3.8
1981,12,0,29.8,13.2,46,4.1
1982,1,3,28.4,14.2,44,4.4
1982,2,0,30.7,15,33,4.5
1982,3,1,34.4,17.4,18,4.2
1982,4,0,37.8,22.6,11,3.9
1982,5,11,38.7,25.7,17,4.3
1982,6,22,36.8,27.5,27,2.5
1982,7,256,32.9,26.3,143,1.8
1982,8,175,30.9,25.1,127,0.7
1982,9,16,32.9,24.3,69,-3.2
1982,10,8,35.6,22.4,48,-4.1
1982,11,44,31.6,18,59,-3.5
1982,12,0,30.8,14.5,13,-3.9
1983,1,1,28.6,12.1,9,-4.1
1983,2,0,30.1,13.6,6,-4.1
1983,3,0,34,18.2,5,-4
1983,4,0,37.1,21.4,4,-3.8
1983,5,0,39.7,26.5,3,-3.6
1983,6,132,36.7,27.7,128,-2.6
1983,7,531,32.9,25.9,137,-1.2
1983,8,353,30.9,25.4,118,3.1
1983,9,163,32.3,24.8,115,2.9
1983,10,52,32.7,21,105,4
1983,11,0,31.6,13.8,68,4.3
1983,12,0,29,12.6,44,4.4
1984,1,0,27.7,12,41,4.6
1984,2,0,30.2,12.7,29,4.4
1984,3,0,37.2,18.8,16,3.9
1984,4,0,39.8,23.6,10,3.6
1984,5,0,40.3,26.8,7,3.2
1984,6,55,36.3,26.9,58,2.1
1984,7,284,31.5,25.2,143,1.6
1984,8,328,29.9,23.9,118,2
1984,9,145,31.2,23.3,126,1.6
1984,10,2,33.7,21,94,1.8
1984,11,0,32.8,15,62,1.8
1984,12,0,31,12.6,42,1.7
1985,1,0,28.9,12.5,36,1.5
1985,2,0,32,13.7,18,1.3
1985,3,0,37.6,19.2,12,1
1985,4,0,38.8,22.6,8,0.9
1985,5,2,40,26.6,8,0.8
1985,6,13,36.3,27.1,17,-1.8
1985,7,291,31.9,25.7,145,-1.9
1985,8,189,30.8,24.5,131,-2.4
1985,9,40,33,24.4,93,-3.1
1985,10,54,33.5,20.4,89,-2.6
1985,11,1,33.6,15.4,39,-3
1985,12,0,31.2,14,19,-3.2
1986,1,0,29.4,13.2,12,-3.3
1986,2,1,31.6,14.8,8,-3.3
1986,3,0,36.1,18.7,6,-3.3
1986,4,0,39.7,23.2,4,-3.1
1986,5,2,40.1,26.6,5,-2.9
1986,6,213,36.8,26.7,193,2.1
1986,7,157,32.2,25.5,146,1
1986,8,164,31,24.1,126,-2
1986,9,22,33.4,24.5,36,-3
1986,10,1,35.4,21.3,11,-5.2
1986,11,1,34.2,17,8,-6.3
1986,12,1,30.4,12.1,6,-6.8
1987,1,1,29.7,13.4,5,-6.8
1987,2,2,33,15,5,-6.6
1987,3,2,36.4,19,5,-6.2
1987,4,0,39.9,23.1,2,-5.9
1987,5,2,40.1,25.8,3,-5.4
1987,6,40,37.9,27.5,40,-6
1987,7,99,34.4,26.4,95,-6.8
1987,8,229,33,25.8,142,-7.2
1987,9,8,34,25.3,33,-7.8
1987,10,8,36.3,22.6,21,-9.1
1987,11,1,34.5,17.6,11,-9.8
1987,12,11,31,13.9,17,-9.5
1988,1,0,30.8,14.3,5,-9.2
1988,2,0,33.8,16.1,4,-8.8
1988,3,0,35.6,18.8,3,-8.4
1988,4,0,40.1,24.1,3,-7.7
1988,5,0,40.7,27.3,2,-7.2
1988,6,72,37.4,27.6,71,-7
1988,7,478,32.4,25.2,116,-5.3
1988,8,187,31.9,25.3,114,-4.8
1988,9,227,33.6,25,111,-3.7
1988,10,14,34.9,20.7,97,-2.8
1988,11,0,33.1,15.7,64,-2.1
1988,12,0,31.2,13.2,43,-1.7
1989,1,3,29,11.4,38,-1.2
1989,2,0,32.7,13.1,21,-1.1
1989,3,10,35,18.1,22,2.1
1989,4,0,39.2,22,8,1.9
1989,5,0,40.4,26.2,6,1.6
1989,6,116,36.1,26.3,115,2
1989,7,264,32.5,25.2,128,1.5
1989,8,291,31,24.4,111,1.5
1989,9,63,32.9,24.4,101,0.8
1989,10,2,35.4,20.9,91,0.7
1989,11,0,34.3,17.1,53,-0.3
1989,12,0,30.5,13.3,34,-0.9
1990,1,0,32,12.7,25,-1.1
1990,2,3,32.1,14.8,17,-1.1
1990,3,0,34.1,17.9,9,-1.2
1990,4,0,39.2,22.8,7,-1.1
1990,5,7,39.5,26.6,12,-0.6
1990,6,47,36,26.8,48,-1.4
1990,7,288,31.6,25.4,129,-1.5
1990,8,505,30.7,24.5,99,2.5
1990,9,192,31.8,24.1,106,2.5
1990,10,16,34.3,21.4,91,2.9
1990,11,1,33.1,17,63,3
1990,12,11,30.5,13.7,50,3.5
1991,1,0,28.7,11.2,39,3.6
1991,2,0,32.1,14.2,26,3.4
1991,3,0,35.9,18.6,15,3
1991,4,0,39,23.1,9,2.8
1991,5,0,40.1,26.9,7,2.5
1991,6,46,36.8,27.6,49,1.3
1991,7,437,32.2,25.4,141,1.7
1991,8,110,31,24.6,120,0.7
1991,9,21,32.4,24.1,94,-1.9
1991,10,0,34.8,20.2,77,-2.4
1991,11,2,33.4,16.6,44,-2.7
1991,12,0,30.6,13,29,-3
1992,1,1,29.6,12.1,17,-3.2
1992,2,0,30.3,13.2,10,-3.2
1992,3,0,35.8,18.3,7,-3.2
1992,4,0,38.1,22.3,5,-3
1992,5,1,39.9,26.7,5,-2.8
1992,6,35,37.8,28.6,36,-3.8
1992,7,270,33.2,26.4,141,-3.7
1992,8,190,30.9,25.2,124,-4.1
1992,9,285,31.9,23.5,130,-3
1992,10,8,34.1,21.7,91,-2.2
1992,11,1,32.9,16.4,63,-1.7
1992,12,0,31.5,13.6,40,-1.3
1993,1,0,30.1,12.9,37,-0.9
1993,2,1,33.5,14.2,23,-0.7
1993,3,1,34.9,18.4,14,-0.7
1993,4,0,38.9,22.9,9,-0.6
1993,5,0,40.4,27.4,6,-0.6
1993,6,40,37.4,28.5,43,-1.5
1993,7,534,32,26,140,1.2
1993,8,99,32.3,25.7,128,-1
1993,9,196,32.3,25.1,134,-0.8
1993,10,16,35,22.9,89,0.6
1993,11,4,33.6,17.6,64,1.2
1993,12,1,31.6,13.6,44,1.5
1994,1,8,30.1,13.9,43,2.1
1994,2,0,31.5,14.1,28,2.1
1994,3,0,37.4,19.2,15,1.9
1994,4,0,38.6,22.8,10,1.8
1994,5,0,40.5,27,7,1.6
1994,6,114,35.8,27,113,1.9
1994,7,423,30.8,24.9,127,2.3
1994,8,304,30.8,25.2,118,3.1
1994,9,545,32.2,24.1,123,5.6
1994,10,2,35.1,21.3,94,5.3
1994,11,0,33.4,16.7,61,5
1994,12,0,30.9,12.1,40,4.6
1995,1,2,28.3,11.4,36,4.3
1995,2,0,32.2,14.9,20,3.9
1995,3,12,34.8,18.2,24,4
1995,4,0,39.1,22.2,8,3.6
1995,5,1,40.1,26.9,7,3.2
1995,6,27,38.5,28.8,30,1.4
1995,7,342,32.8,26.4,143,1.3
1995,8,107,32.2,26,120,-2.4
1995,9,143,33.1,24.9,135,-2.4
1995,10,7,35.8,22.7,70,-2.5
1995,11,2,33.7,15.8,43,-2.8
1995,12,2,31.9,13.8,26,-2.8
1996,1,2,29.7,13.8,16,-2.9
1996,2,0,33.5,15.4,9,-2.9
1996,3,2,37.6,20.4,9,-2.8
1996,4,0,39.5,23,5,-2.6
1996,5,0,40.1,26.8,4,-2.5
1996,6,82,36.9,27.4,81,-2.5
1996,7,477,32.9,26.1,140,-1.4
1996,8,226,30.7,24.7,133,-1
1996,9,145,32.2,24.3,130,-1.1
1996,10,51,34,21.3,106,2.1
1996,11,0,33,15.1,63,2.5
1996,12,0,31.5,12.8,48,2.9
1997,1,8,29.1,11.6,46,3.4
1997,2,0,32.5,13,30,3.4
1997,3,0,36.7,18.7,16,3.1
1997,4,0,37.9,21.9,10,3
1997,5,3,39.3,25.7,10,2.8
1997,6,120,35.2,25.9,119,3.2
1997,7,217,32.4,26,139,2.2
1997,8,297,31.3,25.1,127,1.9
1997,9,149,32.5,24.5,121,1.6
1997,10,3,35,20.4,84,1.6
1997,11,5,33.2,18.9,53,1.7
1997,12,3,28.7,14.4,40,1.8
1998,1,0,29.4,13.1,35,1.9
1998,2,1,32.3,14.2,19,1.8
1998,3,2,35.8,18.2,13,1.6
1998,4,0,39.9,24.2,8,1.5
1998,5,0,41.4,28,6,1.3
1998,6,95,37.7,28.3,95,1.1
1998,7,482,32.5,26.3,141,1.8
1998,8,230,32.4,25.9,132,1.9
1998,9,273,32.5,25.2,126,2.5
1998,10,48,35.4,23.1,105,3.6
1998,11,2,32.9,17.1,65,4
1998,12,0,31.1,12.9,48,4.1
1999,1,0,29.1,11.9,40,4.3
1999,2,2,33.3,15.8,31,4.3
1999,3,0,36.7,18.7,16,3.8
1999,4,0,40,23.7,10,3.5
1999,5,1,39.6,26.5,8,3.2
1999,6,157,35.7,26.7,154,4
1999,7,310,32.4,25.8,141,3.5
1999,8,54,31.4,25,93,1.3
1999,9,115,32.7,24.8,120,0.7
1999,10,76,34.7,21.3,93,1.2
1999,11,0,33.9,16.2,36,-1.9
1999,12,0,31.4,12.3,18,-2.4
2000,1,0,30.4,13,11,-2.6
2000,2,0,31.3,13.6,8,-2.7
2000,3,0,36.3,17.5,6,-2.7
2000,4,0,39.8,24.2,4,-2.6
2000,5,1,39,26.1,4,-2.4
2000,6,107,36.6,27.2,105,-2.1
2000,7,478,31.4,25.3,134,-1
2000,8,146,31.9,25.6,133,-1.5
2000,9,22,33.4,24.6,98,-2.2
2000,10,3,36,22.8,80,-2.4
2000,11,0,34.8,16.7,47,-2.8
2000,12,1,32.3,12.5,31,-2.9
2001,1,0,29.5,12.7,19,-3.1
2001,2,0,32.9,15,11,-3
2001,3,2,35.9,18.4,9,-2.9
2001,4,0,39.7,23.5,6,-2.7
2001,5,8,39.9,26.5,12,-2.1
2001,6,203,35.6,26.2,176,2.4
2001,7,285,31.2,24.7,130,2
2001,8,158,31.3,25.1,130,1
2001,9,12,33.2,25,73,-1.9
2001,10,31,35,21.8,70,-2
2001,11,0,33.5,16.7,32,-2.6
2001,12,0,31.7,14,17,-2.9
2002,1,0,29,12.2,11,-3.2
2002,2,1,32.8,14.8,8,-3.2
2002,3,3,36.7,19.1,9,-3
2002,4,0,40.1,23.8,4,-2.8
2002,5,0,41,27.5,3,-2.7
2002,6,140,36.5,27.1,136,-1.5
2002,7,64,33.4,26.9,63,-3
2002,8,178,31.3,25,124,-3.9
2002,9,104,32.8,24.6,106,-4.1
2002,10,1,36.2,23,12,-5.9
2002,11,1,34.4,17.6,8,-6.8
2002,12,0,32.2,14.6,6,-7.1
2003,1,0,30.9,14.1,4,-7.2
2003,2,9,33.3,15.4,12,-6.6
2003,3,0,36.2,18.7,3,-6.4
2003,4,0,39.8,23.6,2,-6
2003,5,0,40.5,27,2,-5.7
2003,6,82,36.7,27.3,79,-5.3
2003,7,401,32,25.6,129,-4.4
2003,8,377,31.4,25.2,120,-2.3
2003,9,100,32,23.9,111,-2.5
2003,10,2,34.4,21.1,90,-1.9
2003,11,0,34.7,18,53,-1.7
2003,12,0,31.1,13.5,39,-1.4
2004,1,1,29.6,12.8,35,-1.1
2004,2,0,32.8,14.8,19,-1
2004,3,0,38.1,20.5,12,-1.1
2004,4,0,39.8,23.5,8,-1
2004,5,3,40.1,26.6,9,-0.7
2004,6,111,36.4,26.9,110,1.2
2004,7,247,32.7,26.2,140,0.6
2004,8,451,30.6,24.4,112,2.1
2004,9,156,33.6,25.4,129,1.9
2004,10,18,33.7,20.5,91,2.3
2004,11,1,34.3,17.5,59,2.6
2004,12,0,31.5,13.9,44,2.7
2005,1,1,28.3,11.5,39,3
2005,2,0,31.9,13.9,27,2.9
2005,3,3,36.3,18.8,18,2.7
2005,4,0,39.4,23.1,10,2.6
2005,5,0,40.5,27,7,2.3
2005,6,196,37.2,27.8,186,3.9
2005,7,450,32.5,26.1,130,4.3
2005,8,220,31.2,25,127,4.1
2005,9,528,32.4,24.2,112,6.4
2005,10,2,34.3,21.1,90,6
2005,11,0,32.7,15.9,56,5.6
2005,12,0,29.4,11.8,41,5.3
2006,1,0,29.8,13,37,5
2006,2,0,35.2,17.3,22,4.6
2006,3,36,36,18.4,47,5.8
2006,4,0,39,22.7,9,5.3
2006,5,2,40.5,27,8,4.7
2006,6,117,36.1,26.7,116,4.8
2006,7,398,31.9,25.4,124,4.7
2006,8,433,30.4,24.2,110,6.5
2006,9,238,32.7,24.6,118,6.5
2006,10,7,34.9,21.6,90,6.2
2006,11,1,33.4,16.7,59,5.9
2006,12,0,31.6,14,41,5.6
2007,1,0,30.2,13.4,37,5.4
2007,2,1,33.4,15.5,26,5.1
2007,3,1,36.3,18.7,14,4.5
2007,4,0,40.5,24.2,9,4.1
2007,5,2,40.3,26.8,8,3.7
2007,6,95,37,27.5,95,3.4
2007,7,547,32.4,25.9,135,4.4
2007,8,337,31.5,25.3,110,5.4
2007,9,183,33,24.8,115,5.1
2007,10,0,34.1,20.9,92,4.8
2007,11,0,34,17.3,55,4.5
2007,12,0,30.9,13.3,42,4.3
2008,1,0,28.6,11.8,37,4
2008,2,0,30.3,12.4,21,3.7
2008,3,1,36.9,19.3,14,3.3
2008,4,0,39.2,22.9,8,3
2008,5,0,39.6,26.1,6,2.6
2008,6,53,36,26.5,55,1.6
2008,7,293,32.1,25.7,132,1.3
2008,8,234,31,24.8,116,0.9
2008,9,238,32.6,24.4,112,1.4
2008,10,2,35,21.8,88,1.6
2008,11,2,33.7,17,62,1.7
2008,12,1,32.7,15.1,41,1.8
2009,1,0,31.1,14.3,37,1.9
2009,2,0,34,16.1,22,1.7
2009,3,3,37.3,19.8,16,1.6
2009,4,0,40.7,24.5,9,1.5
2009,5,2,40,26.6,8,1.3
2009,6,39,37.8,28.4,42,-1.2
2009,7,420,32.4,25.9,128,0.6
2009,8,156,32.5,26.2,133,-0.5
2009,9,65,34.3,26.1,115,-1.1
2009,10,14,35,21.8,89,-0.9
2009,11,9,33.6,16.8,55,-0.7
2009,12,2,32,14.3,35,-0.6
2010,1,1,30.3,13.5,31,-0.6
2010,2,0,33.7,15.8,16,-0.6
2010,3,1,37.7,20.2,11,-0.7
2010,4,0,40.9,24.6,7,-0.7
2010,5,0,42.3,28.8,5,-0.8
2010,6,72,37.4,28,72,-1.1
2010,7,463,32.4,25.9,126,0.8
2010,8,510,31.5,25.3,109,3.9
2010,9,218,33,24.8,121,4
2010,10,16,35.9,22.7,95,4.2
2010,11,25,34.5,17.7,68,4.8
2010,12,1,29.8,12.2,44,4.8
2011,1,0,28.6,11.8,41,4.9
2011,2,0,32.8,14.8,30,4.8
2011,3,0,36.5,18.9,16,4.3
2011,4,0,39.9,23.7,10,4.1
2011,5,0,40.1,26.6,7,3.6
2011,6,73,36.9,27.4,75,2.8
2011,7,350,32.3,25.8,118,2.8
2011,8,356,31.3,25.1,107,3.9
2011,9,148,32.2,24.1,113,3.4
2011,10,3,35.4,22.2,91,3.4
2011,11,0,35.2,18.4,60,3.3
2011,12,0,31.9,14.2,40,3.1
2012,1,0,28.2,11.4,36,3
2012,2,0,31.6,13.6,21,2.7
2012,3,0,35.4,17.9,13,2.3
2012,4,0,39.2,22.9,8,2.1
2012,5,1,39.8,26.3,7,1.9
2012,6,35,36.7,27.2,38,-1.2
2012,7,161,33.2,26.7,142,-2
2012,8,220,31.7,25.5,126,-2.7
2012,9,358,32.4,24.2,112,-1.3
2012,10,3,34.8,21.6,88,-0.8
2012,11,0,32.4,15.7,60,1.5
2012,12,0,31.7,14.1,41,1.6
2013,1,0,28.7,11.9,38,1.7
2013,2,1,33,15.1,23,1.6
2013,3,4,36.3,18.8,17,1.6
2013,4,0,38.5,22.2,9,1.5
2013,5,0,40.8,27.3,7,1.2
2013,6,142,35.5,26,138,2.3
2013,7,556,31.3,24.9,119,3.5
2013,8,186,31,24.8,118,3.1
2013,9,269,33.1,24.9,120,3.6
2013,10,80,34.3,21.1,109,5.2
2013,11,1,32.8,16.1,69,5.7
2013,12,1,30.4,12.8,47,6
2014,1,5,35.2,18.4,53,6.5
2014,2,0,31.3,13.3,36,6.4
2014,3,2,35.4,17.9,20,6
2014,4,0,39.3,23,11,5.6
2014,5,0,40.1,26.7,8,5
2014,6,7,38.3,28.8,12,2.7
2014,7,613,33.5,27,140,4
2014,8,164,32.1,25.9,126,3.3
2014,9,317,32.7,24.5,117,4.2
2014,10,19,36.1,22.9,95,4.4
2014,11,1,35.4,18.6,58,4.4
2014,12,1,30.5,12.9,47,4.4
2015,1,7,28.9,12,42,4.6
2015,2,0,33.4,15.5,26,4.3
2015,3,32,35.9,18.4,45,5.5
2015,4,0,39,22.8,9,5
2015,5,1,41.9,28.4,8,4.5
2015,6,148,36.6,27.2,145,5.2
2015,7,400,33.5,27,153,4.9
2015,8,71,32.4,26.1,106,3.1
2015,9,145,33.1,24.9,132,2.6
2015,10,2,36.3,23,75,2
2015,11,3,35,18.2,47,1.5
2015,12,0,30.7,13,32,1.1
2016,1,0,30.2,13.6,19,0.7
2016,2,0,33.3,16,12,-1.9
2016,3,63,37,20.7,68,-1.6
2016,4,0,38.4,23.5,6,-1.5
2016,5,1,40.5,28.3,6,-1.4
2016,6,48,37.5,28.1,49,-2.2
2016,7,295,31.5,25.9,120,-1.3
2016,8,310,30.1,24.9,106,1.8
2016,9,145,31.9,24.7,125,1.8
2016,10,25,31.3,21.2,85,2.8
2016,11,0,33.3,15.4,62,3.2
2016,12,0,32.3,13.9,46,3.6
2017,1,0,29.9,13.8,41,3.8
2017,2,0,34.2,16.4,29,3.9
2017,3,1,37,19.7,16,3.5
2017,4,0,39.5,23.3,10,3.3
2017,5,1,41.2,28.2,8,3
2017,6,113,36.2,27.7,112,2.8
2017,7,684,30,25.4,112,4.1
2017,8,192,31.1,25.1,120,4.5
2017,9,167,31.9,24.5,126,4
2017,10,3,35.7,22.8,92,4
2017,11,0,33.1,17.1,59,3.7
2017,12,9,30.6,15.5,47,3.8
2018,1,0,30.7,14.1,33,3.7
2018,2,0,34.2,16.9,24,3.5
2018,3,0,37.9,20.6,14,3.1
2018,4,0,40.2,24.4,9,2.8
2018,5,0,42,28.2,7,2.4
2018,6,47,38.3,28.3,49,1
2018,7,332,30.9,25.8,125,1.3
2018,8,185,31.5,25.1,127,0.6
2018,9,84,32.2,24,106,-1.8
2018,10,1,35.7,23.2,72,-1.2
2018,11,0,34.6,18.5,48,-1
2018,12,0,29.7,12.9,33,-0.8
2019,1,0,28.6,11.7,26,-1.6
2019,2,0,32,14,15,-1.5
2019,3,0,36.1,18.5,9,-1.6
2019,4,0,40.8,24.5,7,-1.4
2019,5,0,40.9,27.5,5,-1.4
2019,6,136,37.9,28.5,133,0.7
2019,7,293,33.7,27.2,142,-0.2
2019,8,587,31.8,25.5,112,3.4
2019,9,565,32.5,24.3,91,5.8
2019,10,46,35,21.8,103,6.5
2019,11,7,35.2,18.4,58,6.7
2019,12,0,31.2,13.6,51,6.7
