Product: Historical Climate - TerraClimate(http://www.climatologylab.org/terraclimate.html) 
Location (Lat/Lon of 4-km Grid Cell Center): 19.1875 North,84.1875 East 
Data Source: NW Climate Toolbox(https://climatetoolbox.org/tool/point-data-download)
Download Date: 07/24/2020
Variable List: 
ppt: ppt (Precipitation)
tmax: tmax (Maximum Temperature)
tmin: tmin (Minimum Temperature)
aet: aet (Actual Evapotranspiration)
PDSI: pdsi (Palmer Drought Severity Index (PDSI))
********************************************************
Year,Month,ppt(mm),tmax(degC),tmin(degC),aet(mm),PDSI(unitless)
1958,1,24,25.3,12.6,60,0.2
1958,2,14,26.4,15.1,56,-0.2
1958,3,12,30.4,17.3,62,-0.6
1958,4,154,31.3,21.6,150,1.1
1958,5,40,31.5,23.7,65,-0.9
1958,6,105,31.4,23.7,107,-1.9
1958,7,636,25.3,20.4,89,-1.2
1958,8,322,25.9,20.7,96,-1.4
1958,9,372,26.5,20,98,-0.8
1958,10,448,26.1,19,99,1.4
1958,11,151,24.6,14.9,92,2.7
1958,12,0,23.8,12.3,53,2.3
1959,1,29,24.3,12.8,60,2.4
1959,2,39,26.6,14.5,69,2.6
1959,3,0,29.3,17.8,63,1.9
1959,4,42,30.8,21.4,70,1.4
1959,5,66,31.4,23.4,78,0.7
1959,6,231,28.3,22.1,128,0.7
1959,7,515,24.6,20.3,91,1.1
1959,8,249,25.1,20.3,92,-1.1
1959,9,224,25.6,20.3,93,-1.7
1959,10,354,25.2,19.6,92,-1
1959,11,0,23.8,13.3,56,-1.5
1959,12,7,22.7,11.4,46,-1.6
1960,1,0,24.4,11.9,42,-1.9
1960,2,0,27.1,13.4,39,-2.4
1960,3,29,27.9,17.3,60,-2.6
1960,4,9,31.5,21.1,24,-3.2
1960,5,72,30.9,23.5,78,-3.2
1960,6,219,29,22.4,121,-2.8
1960,7,540,24.7,20.6,90,-2
1960,8,331,26,21.4,99,-2.1
1960,9,270,25.8,20.9,91,-2.2
1960,10,196,26,18.4,102,-2.1
1960,11,2,24.2,13.2,57,-2.5
1960,12,21,24.7,11.5,52,-2.2
1961,1,36,24.4,12.7,60,-1.7
1961,2,79,24.4,14.1,83,1.4
1961,3,16,29,20,71,1.1
1961,4,13,31.3,21.7,46,-0.7
1961,5,103,30.9,23.1,111,0.1
1961,6,237,27.6,21.5,124,0.2
1961,7,387,24.5,19.9,82,-0.1
1961,8,435,25.7,20.9,93,0.6
1961,9,379,25.4,19.9,92,1.1
1961,10,325,25.8,18,98,1.4
1961,11,22,23.4,12.6,65,0.9
1961,12,2,22.4,9.5,48,-0.3
1962,1,17,23.3,9.8,51,-0.6
1962,2,15,25.5,13.3,49,-0.8
1962,3,33,29.8,16.6,68,-1
1962,4,79,30,20.8,94,-0.8
1962,5,78,30.5,22.6,88,-1
1962,6,133,28.1,21.9,125,-1.7
1962,7,614,25.5,20.3,95,-1.1
1962,8,250,25.6,20.4,93,-1.7
1962,9,489,26.2,20.2,96,1.4
1962,10,521,25.3,18.3,101,2.4
1962,11,12,24.2,12.6,60,1.7
1962,12,14,23.6,11.2,54,1.4
1963,1,0,23.5,10.2,43,0.9
1963,2,0,26.7,13.2,40,-1.4
1963,3,13,29.3,17,48,-2
1963,4,228,29.6,19.6,148,2.1
1963,5,105,30.2,22.2,121,2.5
1963,6,193,28.1,21.7,126,2.2
1963,7,341,25,20.5,95,1.7
1963,8,351,25.7,20.4,93,1.4
1963,9,310,26.7,20.4,99,1.2
1963,10,558,26,18.9,99,2.4
1963,11,3,24.6,14.4,58,1.6
1963,12,0,23.5,12.1,46,0.9
1964,1,1,24.6,13,42,-1.4
1964,2,22,26.5,15.5,51,-1.5
1964,3,6,30,18.7,40,-2.2
1964,4,73,30.5,21.9,86,-2
1964,5,102,31.2,23.2,108,-1.9
1964,6,179,28.7,22,124,-2.1
1964,7,423,24.7,20.2,103,-2.1
1964,8,501,25,20,93,-1
1964,9,440,25.8,20,93,1.8
1964,10,164,25.5,19.4,103,1.4
1964,11,21,23.6,14,65,0.9
1964,12,4,23.2,11.4,49,-0.3
1965,1,12,24.2,12.7,50,-0.9
1965,2,5,26.5,14.1,45,-1.4
1965,3,57,28.8,16.7,81,-1.2
1965,4,65,29.7,20.9,84,-1.2
1965,5,45,31.1,23.1,55,-1.8
1965,6,69,30,23,74,-3.1
1965,7,654,25.4,20.6,94,-2.2
1965,8,354,26.1,20.9,108,-2.2
1965,9,284,26.3,20.4,97,-2.2
1965,10,124,26.4,19,109,-2.4
1965,11,3,25.2,14,58,-2.8
1965,12,44,23.2,13.2,68,-2
1966,1,130,23.7,12.6,88,2.7
1966,2,9,27.4,14.7,60,2.5
1966,3,1,30,18,69,1.9
1966,4,16,31.5,21.5,54,1.1
1966,5,47,32.2,23.6,63,-1.6
1966,6,220,28.9,22.3,123,-1.3
1966,7,359,26.4,20.9,93,-1.5
1966,8,293,26.3,20.7,99,-1.9
1966,9,257,26.4,20.1,101,-2.2
1966,10,160,26.3,18.1,108,-2.2
1966,11,141,25.1,15.1,92,-0.7
1966,12,8,22.8,11.1,56,-0.6
1967,1,55,23.3,13.3,74,2
1967,2,0,27.1,14.6,53,1.6
1967,3,212,27.2,17.5,132,4.2
1967,4,63,30.6,20,109,4.7
1967,5,9,31.5,23.2,85,3.5
1967,6,239,29.7,22.4,129,3.4
1967,7,490,25.7,20.7,99,3.5
1967,8,281,25.4,20.7,98,2.5
1967,9,267,26,20.7,99,1.9
1967,10,39,26.1,18.1,83,1
1967,11,1,24.7,12.3,51,-2
1967,12,97,24.5,13.2,84,1.4
1968,1,46,23.6,11.7,67,1.8
1968,2,24,26.2,14.4,56,1.6
1968,3,40,28.7,17.5,77,1.4
1968,4,45,29.5,20.1,72,1.1
1968,5,29,31.2,22.6,43,-1.2
1968,6,308,28,22.4,125,0.9
1968,7,477,25.1,21,101,1.3
1968,8,101,26.4,21.1,103,-1.8
1968,9,313,26.7,20.4,101,-1.7
1968,10,438,25.5,18.1,99,-0.7
1968,11,77,24,14.3,84,1.2
1968,12,4,24.1,11.9,54,0.9
1969,1,0,24.5,11.5,49,0.6
1969,2,0,27.1,15.4,46,-0.5
1969,3,44,30.1,19.5,80,-0.9
1969,4,7,31.6,21.9,30,-1.8
1969,5,186,30.1,21.4,152,1.2
1969,6,150,28.9,22.6,134,-0.6
1969,7,579,24.9,20.5,91,0.9
1969,8,252,25.5,20.7,97,-0.8
1969,9,296,25.8,20.4,95,-0.8
1969,10,135,25.9,18.5,110,-1.1
1969,11,127,25,14.5,88,1.1
1969,12,37,23.1,11.2,67,1.7
1970,1,2,23.6,12.7,51,1.5
1970,2,22,27,15.2,62,1.4
1970,3,180,28.3,19.2,136,3.6
1970,4,43,30.4,21.7,100,3.6
1970,5,207,31.4,23.1,159,4.9
1970,6,375,27,20.6,125,6.3
1970,7,347,25.3,20.2,96,6
1970,8,486,25.4,20.3,93,6.1
1970,9,142,25.6,20.7,96,4.2
1970,10,150,25.5,18.8,102,3.5
1970,11,7,23.5,13.2,64,2.5
1970,12,0,22.4,9.8,46,1.8
1971,1,4,23.1,13,43,1.1
1971,2,78,25.9,15,84,1.9
1971,3,23,28.6,16.6,66,1.3
1971,4,168,27.8,20.4,146,2.5
1971,5,122,28.6,21.1,125,2.8
1971,6,255,26,20.6,118,3
1971,7,227,24.6,20.5,98,2
1971,8,364,24.9,20.6,93,1.8
1971,9,341,26.1,20.2,99,1.8
1971,10,244,25.3,18.7,100,1.7
1971,11,0,22.7,12.7,59,0.9
1971,12,0,22.6,10.3,45,-1.3
1972,1,0,23.4,10.9,41,-1.7
1972,2,44,24.6,13.7,64,-1.3
1972,3,0,28.9,18.3,39,-2
1972,4,51,30.6,21.2,67,-2.1
1972,5,18,32,23.8,28,-3.1
1972,6,117,31.1,23.1,115,-3.9
1972,7,318,26.4,21,108,-4.4
1972,8,298,26,21,106,-4.8
1972,9,379,27.2,20,99,-3.8
1972,10,204,26.4,17.8,109,-3.6
1972,11,46,24.6,13.9,76,-3.2
1972,12,1,25.3,12,52,-3.2
1973,1,0,25.7,12.9,45,-3.3
1973,2,0,27.6,15.6,45,-3.6
1973,3,58,29.3,17.9,81,-3.3
1973,4,24,31.9,22.7,44,-3.6
1973,5,110,31.4,23.7,116,-3.2
1973,6,121,29.2,22.3,118,-3.9
1973,7,434,25.2,20.7,92,-3.9
1973,8,402,25.6,20.6,94,-3.3
1973,9,165,26,21,97,-4.1
1973,10,349,25.4,19.3,98,-3.2
1973,11,17,22.5,14.7,65,-3.3
1973,12,41,22.2,12.6,63,-2.4
1974,1,0,23.2,11.4,45,-2.5
1974,2,7,26.7,13.8,49,-2.6
1974,3,129,29.1,19.3,127,-1.2
1974,4,16,30.2,22.6,56,-1.7
1974,5,48,30.5,22.9,64,-2.2
1974,6,202,29.2,22.2,134,-2.1
1974,7,249,25.6,21.1,94,-2.8
1974,8,354,25.9,20.9,94,-2.8
1974,9,304,26.5,20.5,98,-2.6
1974,10,337,25.8,19.1,99,-1.9
1974,11,26,23.5,14.5,70,-2
1974,12,0,22.1,10.4,49,-2.2
1975,1,1,23,11.3,42,-2.4
1975,2,10,26.2,14.9,45,-2.6
1975,3,11,29.7,18.3,46,-3.2
1975,4,17,31.5,21.5,33,-3.6
1975,5,104,32.3,23.4,110,-3.4
1975,6,414,28.2,21.5,130,-1.2
1975,7,351,24.9,20.3,101,-0.8
1975,8,429,25.8,20.6,104,2
1975,9,319,25.4,19.7,94,1.9
1975,10,421,26,19.5,99,2.5
1975,11,46,22.7,13.4,76,2.2
1975,12,0,22.5,9.9,49,1.7
1976,1,0,23.1,10.9,45,1.1
1976,2,9,25.7,14.8,45,0.6
1976,3,16,28.9,19,56,-1.5
1976,4,143,30.7,20.9,142,0.9
1976,5,91,31,22.6,103,-0.1
1976,6,101,29.3,21.9,100,-1.1
1976,7,572,25.4,19.9,100,-0.8
1976,8,558,25.5,20.1,97,1.4
1976,9,222,26.5,20,96,0.6
1976,10,127,27.3,18.7,96,-0.4
1976,11,183,25.5,15.9,95,2
1976,12,3,24.4,11.7,55,1.7
1977,1,3,24,11.8,50,1.4
1977,2,0,26.9,14.3,48,0.8
1977,3,1,29.9,19.3,52,-1.4
1977,4,107,29.6,21.4,113,-0.7
1977,5,146,29.4,21.6,143,1.1
1977,6,201,28.4,22,131,0.8
1977,7,432,25.2,20.8,100,0.6
1977,8,408,25.9,20.7,100,0.8
1977,9,377,26.3,20.4,105,1.2
1977,10,160,25.9,18.4,110,0.7
1977,11,127,24.6,16.3,86,1.8
1977,12,9,22.5,11.5,54,1.6
1978,1,42,23.2,11.6,67,2.2
1978,2,37,25.2,14.3,66,2.5
1978,3,38,28.5,17,86,2.5
1978,4,77,30.5,20.8,102,2.6
1978,5,89,31.9,23.5,106,2.3
1978,6,261,28.7,22.2,131,2.4
1978,7,520,25.2,20,93,2.8
1978,8,454,25,20.2,93,3.1
1978,9,311,25.8,20.6,97,2.8
1978,10,182,25.9,19.4,109,2.3
1978,11,36,25.3,15.4,68,1.9
1978,12,62,23.2,12.1,73,2.8
1979,1,19,24.1,13,59,2.7
1979,2,78,25.2,15,84,3.7
1979,3,2,28.7,17.7,70,3.1
1979,4,79,30.8,21.6,101,3
1979,5,169,31.6,22.5,160,3.7
1979,6,197,29.6,22.7,138,3.1
1979,7,289,26.8,21.5,117,1.9
1979,8,203,26.3,21.3,117,-2.1
1979,9,344,26.8,20.7,101,-1.7
1979,10,111,26.9,19,111,-2
1979,11,75,25.4,16.2,82,-1.4
1979,12,23,22.9,13.4,61,-1
1980,1,20,24.2,13.7,58,-0.6
1980,2,15,26.2,16.2,58,-0.6
1980,3,15,28.6,19.4,64,-0.9
1980,4,28,31,22.5,54,-1.3
1980,5,67,31.6,23.3,79,-1.6
1980,6,407,27.7,21.9,107,1.9
1980,7,495,25,20.8,100,2.7
1980,8,374,25.5,20.8,102,2.4
1980,9,325,26.2,20.7,95,2.3
1980,10,183,25.9,18.9,110,1.9
1980,11,31,24.8,14.1,71,1.4
1980,12,14,23.2,12.7,51,1.3
1981,1,27,22.4,12.9,58,1.3
1981,2,2,25.5,15.8,47,0.7
1981,3,109,27.4,18.5,113,1.6
1981,4,56,29.1,22,85,1.4
1981,5,99,29.7,22.8,109,1.4
1981,6,166,28.8,22.8,135,0.7
1981,7,335,25.1,21,103,-1.2
1981,8,393,25.7,20.7,104,-1
1981,9,537,26.1,20.6,93,1.9
1981,10,70,27,18.4,96,1.1
1981,11,5,24.8,13.2,61,-1.2
1981,12,18,22.4,12.8,50,-1.3
1982,1,0,24.7,13.3,38,-1.8
1982,2,15,25.5,16.4,44,-2
1982,3,30,27.8,18.8,56,-2.3
1982,4,101,29.9,21.5,107,-1.7
1982,5,44,31.3,22.3,52,-2.3
1982,6,175,29.2,22.2,140,-2.6
1982,7,497,26.6,21.5,110,-2.4
1982,8,331,25.3,20.7,97,-2.4
1982,9,311,26.8,20.3,109,-2.3
1982,10,305,26.9,18.2,111,-1.8
1982,11,33,24.5,14.5,68,-1.8
1982,12,0,23.9,11.7,49,-1.9
1983,1,1,23.7,12.7,46,-2.1
1983,2,89,25.7,16.4,87,-0.7
1983,3,19,28.5,19.9,70,-0.9
1983,4,20,30.7,21.5,48,-1.4
1983,5,85,31.1,22.5,96,-1.5
1983,6,271,30.4,23,134,-0.9
1983,7,370,26.3,21.1,104,-1
1983,8,490,25.9,21.1,98,0.8
1983,9,269,26,20.5,93,-0.3
1983,10,196,25.6,18.9,103,-0.1
1983,11,10,24.3,13.5,66,-0.9
1983,12,24,23.1,11.5,57,-0.8
1984,1,14,24.1,13.4,48,-0.8
1984,2,39,24.9,14.9,61,0.2
1984,3,3,29.6,17.4,52,-0.7
1984,4,28,30.7,21.3,47,-1.1
1984,5,109,31.3,24,116,-1
1984,6,249,27.6,22,120,-0.6
1984,7,466,25.1,20.4,106,0.2
1984,8,432,25.9,20.8,105,0.8
1984,9,221,26.4,20.1,114,-0.8
1984,10,77,26.3,18.8,94,-1.3
1984,11,7,24.2,12.1,62,-1.7
1984,12,5,24,12.1,46,-2.1
1985,1,48,24.1,13.9,63,-1.4
1985,2,22,26.4,14.6,52,-1.5
1985,3,4,29.5,19.7,43,-2.2
1985,4,16,31.5,22.3,34,-2.7
1985,5,39,31.4,22.8,48,-3.3
1985,6,259,28.9,21.9,129,-2.6
1985,7,335,24.9,20.1,97,-2.7
1985,8,492,26.1,20.6,100,-1.6
1985,9,313,26.2,20.3,97,-1.4
1985,10,463,25.8,17.7,103,1.6
1985,11,15,24.5,13.1,64,1
1985,12,3,24.2,12.1,49,-0.4
1986,1,60,23.2,12.3,73,1.2
1986,2,34,26.2,14.5,59,1.3
1986,3,11,29.8,17.8,63,0.7
1986,4,91,30.6,21,105,0.9
1986,5,92,31.3,22.4,103,0.7
1986,6,270,28.5,21.6,117,1.2
1986,7,401,25.8,20.4,106,1.1
1986,8,608,26.5,20.2,110,2.5
1986,9,288,27,20.5,106,2
1986,10,153,26.3,18.6,107,1.4
1986,11,214,23.8,15.2,85,3.7
1986,12,47,23.5,13.4,68,4.2
1987,1,6,23.8,12.6,56,3.9
1987,2,0,25.7,14.2,53,3.2
1987,3,25,28.1,17.7,71,2.7
1987,4,48,30.4,21.6,80,2.2
1987,5,107,30.2,21.6,115,2.1
1987,6,87,30.4,23.1,94,-1.8
1987,7,257,26.2,21.2,116,-2.7
1987,8,265,26.7,20.7,110,-4
1987,9,129,27.6,21.2,113,-5.1
1987,10,202,27.2,18.6,111,-4.7
1987,11,68,24.4,15.2,78,-3.9
1987,12,9,23.8,13,58,-3.5
1988,1,0,24.6,13,48,-3.4
1988,2,12,26.7,15.5,51,-3.3
1988,3,15,29,19.3,60,-3.5
1988,4,76,30.4,21.3,90,-3
1988,5,140,30.7,24.2,139,-2.1
1988,6,131,28.6,22.8,125,-2.7
1988,7,644,25.1,20.5,96,-1.9
1988,8,214,25.9,20.9,101,-2.8
1988,9,487,26.8,20.3,91,-1.1
1988,10,150,26,18.6,113,-1.3
1988,11,12,24.1,14.1,68,-1.7
1988,12,3,23.4,13.6,48,-2
1989,1,0,23.6,11.9,43,-2.3
1989,2,0,26.1,14.9,41,-2.9
1989,3,88,28.5,17.5,98,-2.2
1989,4,8,31.3,21.6,28,-2.8
1989,5,203,31.4,23.4,159,-1.2
1989,6,239,27.9,21.5,120,-0.7
1989,7,717,25.4,20.5,92,3.1
1989,8,477,26.1,20.8,96,3.5
1989,9,300,26.2,20.5,98,3
1989,10,50,26.2,19.6,85,2.1
1989,11,0,24.5,14.6,57,1.1
1989,12,1,23,11.5,42,-1.9
1990,1,2,24.6,12.8,40,-2.4
1990,2,125,25.5,16,95,1.7
1990,3,157,26.8,18.6,116,3.5
1990,4,62,29.2,22.2,95,3.7
1990,5,104,28.6,21.3,106,4
1990,6,206,27.5,21.3,98,3.9
1990,7,352,24.8,20.2,88,3.5
1990,8,592,26.1,20.8,100,4.6
1990,9,241,26.6,20.7,96,3.6
1990,10,294,25.4,18.6,93,3.5
1990,11,47,24.7,15.7,72,3.1
1990,12,42,24.1,12.7,69,3.5
1991,1,65,23.4,14,72,4.2
1991,2,0,26.9,16.4,56,3.6
1991,3,24,28.8,19.9,70,3.2
1991,4,30,30.1,22.1,64,2.6
1991,5,57,30.4,23.8,73,1.7
1991,6,276,27.8,21.3,115,2.2
1991,7,557,25.9,20.9,90,2.9
1991,8,308,26.1,20.8,99,2.1
1991,9,374,26.8,20.5,108,2.3
1991,10,226,25.8,19.1,97,2.1
1991,11,150,23.4,13.7,88,3.3
1991,12,4,22.5,11.5,54,2.9
1992,1,20,22,12,58,2.8
1992,2,16,24.5,15.5,56,2.5
1992,3,0,28.9,19,61,1.7
1992,4,13,31.3,21.2,38,0.9
1992,5,232,30.6,22.3,155,2.5
1992,6,184,29.1,21.9,134,2.2
1992,7,507,26.1,21,109,2.4
1992,8,446,25.7,20.3,102,2.6
1992,9,336,26.5,20.3,108,2.5
1992,10,217,26.5,18.7,109,2.1
1992,11,96,24.9,14.7,91,2.6
1992,12,0,22.7,10.8,55,2.1
1993,1,5,24,13.2,53,1.8
1993,2,0,25.3,15.4,50,1.1
1993,3,15,28.4,17.6,58,-1.2
1993,4,115,29.7,21.2,117,0.7
1993,5,90,30.2,22.8,103,-0.1
1993,6,229,29,22.9,128,0.5
1993,7,331,26,21,101,0
1993,8,391,26.1,21.2,107,0
1993,9,320,26.4,20.2,105,0
1993,10,239,26.7,19,101,0
1993,11,8,24.2,14.2,62,-0.5
1993,12,0,22.8,11.3,49,-0.9
1994,1,1,24.3,12.9,44,-1.4
1994,2,22,24.6,15.9,48,-1.5
1994,3,0,29.5,19.5,35,-2.3
1994,4,75,30.4,21.2,86,-1.9
1994,5,89,31.4,23,96,-1.9
1994,6,134,28.1,22.1,119,-2.4
1994,7,543,24.9,20.3,90,-2
1994,8,407,25.2,20.3,92,-1.5
1994,9,276,27,19.9,102,-1.7
1994,10,224,26.8,18.4,100,-1.5
1994,11,32,23.6,14.2,66,-1.5
1994,12,0,23.2,10.9,50,-1.7
1995,1,71,22.4,11.8,75,1.1
1995,2,7,25.5,15,50,0.7
1995,3,64,28.9,18.1,88,1.1
1995,4,29,30.7,20.9,66,0.8
1995,5,121,29.3,21.9,121,1.2
1995,6,115,29.7,23.3,115,-1
1995,7,377,25.7,20.1,109,-1.6
1995,8,223,26.8,20.9,110,-2.5
1995,9,332,26.4,20.6,107,-2.1
1995,10,516,26.3,18.7,95,-0.8
1995,11,121,24,15.4,90,2.2
1995,12,0,23.9,12,54,1.8
1996,1,34,24,13.6,60,2.1
1996,2,7,26.1,14.2,55,1.7
1996,3,7,29.1,19.5,64,1
1996,4,80,30.5,20.7,95,1.2
1996,5,42,32,23.2,58,-1.1
1996,6,352,28.9,21.3,126,1.2
1996,7,227,26.4,20.4,108,0.7
1996,8,302,25.8,20,98,-0.5
1996,9,177,26.8,20.7,113,-1.9
1996,10,239,26.9,17.9,104,-1.7
1996,11,13,25.7,13.7,65,-2
1996,12,9,23.8,11,54,-2.1
1997,1,47,23.1,11.4,65,-1.4
1997,2,3,25.1,14.4,46,-1.7
1997,3,105,28.5,19,113,-0.8
1997,4,153,28.5,19.1,133,2
1997,5,47,31,22.1,82,1.5
1997,6,123,30.4,22.8,122,-1.3
1997,7,323,26.7,20.9,107,-2
1997,8,522,26.4,20.8,111,-1.1
1997,9,369,26.9,20.3,109,-0.6
1997,10,37,27.1,18.1,85,-1.2
1997,11,66,25.8,15.9,78,-0.9
1997,12,83,23.6,14.3,76,1.7
1998,1,35,23.2,14.3,59,2.1
1998,2,84,25.7,16.1,84,3.3
1998,3,61,28.4,18.1,93,3.7
1998,4,118,30,21.6,122,4.6
1998,5,82,31.5,23.3,110,4.4
1998,6,219,30.7,22.8,129,4.1
1998,7,507,26.5,20.5,102,4.2
1998,8,317,26.3,21.1,104,3.3
1998,9,431,27.2,20.5,103,3.9
1998,10,436,27.4,19.6,99,4.3
1998,11,139,25,16.4,90,5.2
1998,12,0,23.4,11.2,58,4.4
1999,1,0,23.7,11.2,50,3.7
1999,2,0,27.4,15.4,46,2.8
1999,3,0,30.3,18.9,47,1.7
1999,4,0,31.7,23.1,21,0.6
1999,5,213,30.4,22.3,154,2.1
1999,6,252,28.6,21.5,121,2.4
1999,7,241,26.5,20.4,105,1.7
1999,8,430,25.9,20.7,103,1.9
1999,9,217,26.5,20.2,100,0.9
1999,10,216,27,19.2,100,0.8
1999,11,11,25.6,13.8,64,-1.2
1999,12,0,23.9,11.7,49,-1.6
2000,1,0,24.8,13,44,-2
2000,2,56,24.8,16.3,64,-1.3
2000,3,0,28.4,18.5,44,-1.9
2000,4,19,31.5,22.3,38,-2.4
2000,5,89,30.9,23,96,-2.3
2000,6,358,28,21,107,-0.6
2000,7,304,26,20.5,95,1.4
2000,8,336,26.7,20.2,100,1
2000,9,143,27,20.6,104,-1.6
2000,10,104,27.2,19.9,109,-1.9
2000,11,3,25.3,14.9,60,-2.4
2000,12,0,23.4,11.2,48,-2.7
2001,1,0,23.2,12.1,40,-3
2001,2,0,26.5,15.8,37,-3.5
2001,3,0,28.5,18.3,24,-4
2001,4,43,29.9,21,54,-3.9
2001,5,137,31.4,23.3,135,-3
2001,6,278,27.4,20.6,102,-2
2001,7,287,25.7,20.7,85,-2.1
2001,8,462,26,20.7,96,-1.2
2001,9,259,27,20.9,104,-1.6
2001,10,226,26.9,19.3,101,-1.4
2001,11,104,25,15.1,85,1.4
2001,12,5,23,11.5,55,1.2
2002,1,73,23.4,12.3,79,2.3
2002,2,0,25.7,15.1,52,1.9
2002,3,11,28.8,18.6,67,1.5
2002,4,113,30.7,21.8,121,2.1
2002,5,119,31.9,23.8,128,2.1
2002,6,192,28.7,22,121,1.8
2002,7,356,27.4,22.3,107,1.2
2002,8,454,25.8,20.5,92,1.6
2002,9,166,26.7,20.6,101,-1.1
2002,10,110,26.4,18.9,106,-1.5
2002,11,18,23.8,13.9,63,-1.7
2002,12,0,24,12.5,47,-2
2003,1,18,23.6,12.5,53,-1.9
2003,2,21,26,15.3,49,-1.8
2003,3,101,28.4,18.1,108,-0.9
2003,4,7,31,22,42,-1.4
2003,5,40,32,24,55,-2.1
2003,6,171,29.8,23.1,121,-2.2
2003,7,519,25.4,20.4,84,-1.8
2003,8,434,26.2,20.9,95,-1.2
2003,9,272,26.5,20.4,98,-1.3
2003,10,723,26.1,18.5,86,2.3
2003,11,8,24.2,14.3,60,1.5
2003,12,78,22.6,12.6,79,2.6
2004,1,65,22.8,11.7,74,3.5
2004,2,12,24.6,14,55,3.2
2004,3,1,29,18.7,63,2.5
2004,4,118,30.7,21.7,122,3
2004,5,74,31.4,23.4,94,2.5
2004,6,206,29.2,22.4,129,2.1
2004,7,358,25.4,20.3,98,1.5
2004,8,313,26.1,20.9,103,0.9
2004,9,221,26.9,20.8,106,-1.7
2004,10,319,25.9,18.4,99,-1.2
2004,11,3,24.2,14.3,59,-1.6
2004,12,0,23.5,12,46,-1.9
2005,1,35,24.3,13.2,57,-1.6
2005,2,19,26.5,15.9,54,-1.6
2005,3,57,29.1,18.8,84,-1.5
2005,4,53,30.6,21.7,74,-1.4
2005,5,130,31.4,23.3,132,-0.9
2005,6,163,30.9,24.1,135,-1.5
2005,7,377,25.8,20.8,101,-1.9
2005,8,257,26.2,20.9,113,-2.6
2005,9,610,27.2,20.1,94,2.4
2005,10,491,26.1,18.5,84,3.2
2005,11,7,23.3,13.4,61,2.3
2005,12,0,22.6,11.1,47,1.6
2006,1,0,23.4,12.4,44,1
2006,2,0,26.7,16.1,40,-2
2006,3,74,28.3,18,88,-1.6
2006,4,140,29.7,20.8,135,1.2
2006,5,148,30.2,22.2,142,1.8
2006,6,205,28.9,22.1,120,1.6
2006,7,546,26.4,21.3,96,2
2006,8,530,25.8,20.5,91,2.9
2006,9,442,26.6,20.5,97,3.6
2006,10,87,27,19.4,100,2.7
2006,11,97,24.8,14.9,85,3.1
2006,12,0,24.6,13.1,53,2.6
2007,1,0,24.1,13,50,2.1
2007,2,61,25.4,14.8,76,2.6
2007,3,0,28.5,18.3,56,1.9
2007,4,51,30.5,21.6,75,1.5
2007,5,70,31.3,23.2,81,1.1
2007,6,220,28.9,22.1,120,1.1
2007,7,266,26.4,21.3,101,-1.4
2007,8,428,26.3,21.1,98,-0.9
2007,9,465,26.2,20.2,88,1.6
2007,10,188,26.2,18.6,103,1.3
2007,11,16,24.4,14.5,65,0.7
2007,12,6,24.3,12.9,50,-0.3
2008,1,40,24,12.9,64,0.3
2008,2,44,24.7,14,63,0.7
2008,3,11,28.3,18,55,-0.3
2008,4,66,30.2,21.2,83,0.1
2008,5,133,31.3,23.2,133,0.8
2008,6,367,27.9,21.2,111,2.3
2008,7,389,25.4,20.3,99,2.5
2008,8,359,25.7,20.5,95,2.2
2008,9,530,26.1,20,94,3.7
2008,10,35,26.8,19.3,79,2.7
2008,11,7,24.7,14.8,53,1.8
2008,12,0,24.8,13.3,39,0.9
2009,1,0,25.1,14.1,38,-2.3
2009,2,0,27.5,16.8,34,-3
2009,3,15,29,18.7,33,-3.5
2009,4,3,31,22.1,14,-4
2009,5,180,31.2,23.1,156,-2.6
2009,6,95,30.6,23.9,100,-3.5
2009,7,586,25.6,20.6,85,-2.9
2009,8,347,26.4,21.2,106,-2.8
2009,9,239,27.3,21.2,104,-3.1
2009,10,158,26.1,18.5,109,-3.1
2009,11,30,25,15.1,64,-3
2009,12,0,23.9,12.4,49,-3
2010,1,29,23.5,12.4,58,-2.5
2010,2,5,26.3,15.7,47,-2.7
2010,3,27,30.1,19.9,68,-2.8
2010,4,38,32.2,23.3,58,-3
2010,5,251,31,22.9,153,-0.7
2010,6,232,29.3,22.6,125,2.3
2010,7,462,25.7,20.6,95,2.7
2010,8,412,26.1,20.9,103,2.7
2010,9,456,26.8,20.7,96,3.5
2010,10,336,26.5,18.9,90,3.6
2010,11,113,25.6,15.8,82,4.2
2010,12,70,23,11.5,76,5.2
2011,1,0,22.7,11.6,56,4.7
2011,2,37,25.2,14.6,65,4.8
2011,3,2,28.8,18.5,68,4.1
2011,4,71,29.1,20.2,87,4
2011,5,244,31.2,23.1,152,5.6
2011,6,93,28.6,21.8,104,4.3
2011,7,398,25.9,20.8,99,3.7
2011,8,412,25.8,20.5,93,3.6
2011,9,418,26.7,20.6,95,4.1
2011,10,24,27,19.5,80,2.9
2011,11,0,24.5,14.6,52,1.9
2011,12,0,24,12.6,40,0.8
2012,1,61,23.9,12.8,69,1.2
2012,2,0,26.2,15.6,35,-2
2012,3,1,29.4,19.2,24,-2.9
2012,4,169,30.9,22,144,-1.3
2012,5,77,31.6,23.6,94,-1.3
2012,6,184,30.8,24,133,-1.6
2012,7,617,25.7,20.6,96,-0.8
2012,8,399,26.2,20.9,97,1.2
2012,9,323,26.5,20.4,93,1.2
2012,10,102,27.1,17.8,104,-0.5
2012,11,135,24.1,14.3,87,1.3
2012,12,0,24.1,12.6,55,0.9
2013,1,1,24.1,13,49,0.6
2013,2,7,25.5,14.8,48,-0.3
2013,3,0,28.8,18.6,52,-1.3
2013,4,116,30.3,21.2,118,0.7
2013,5,88,30.7,24.3,102,-0.2
2013,6,387,27.9,20.9,111,2.1
2013,7,343,25.4,20.1,84,2.3
2013,8,186,26.1,20.3,100,0.8
2013,9,307,27,20.9,101,0.6
2013,10,555,25.3,19.3,88,1.9
2013,11,8,25.2,13,62,1.2
2013,12,0,23.2,12.2,49,0.6
2014,1,0,22.9,13.3,42,-1.4
2014,2,6,25,14.8,42,-1.9
2014,3,107,28.3,17.5,109,-0.9
2014,4,127,31.3,21.1,126,1.5
2014,5,234,31.1,21.9,150,3.3
2014,6,124,30.5,23.3,126,2.3
2014,7,485,26,20.9,88,2.3
2014,8,271,26.8,21.3,100,1.4
2014,9,559,26.7,20.7,97,3.2
2014,10,208,27.2,18.5,107,2.8
2014,11,2,24.5,14.8,60,1.9
2014,12,0,23,12.1,46,1.2
2015,1,17,22.5,12.5,49,0.9
2015,2,15,25.7,15.7,48,-1.4
2015,3,85,28.5,17.7,97,-0.8
2015,4,170,28.6,20.8,133,1.9
2015,5,122,31.4,23.1,128,2.4
2015,6,245,28.4,21.3,113,2.7
2015,7,254,26.4,20.9,100,1.8
2015,8,373,26.9,21.4,103,1.6
2015,9,401,27.5,20.9,101,2.1
2015,10,68,27.6,19.5,91,1.3
2015,11,41,25.8,15.2,69,1.1
2015,12,13,25.3,13.9,48,0.9
2016,1,8,23.8,12.6,47,-0.4
2016,2,27,27.9,17.2,55,-1.3
2016,3,108,30,19.8,116,-1.8
2016,4,42,31.9,22.9,75,-2.3
2016,5,136,31,22.9,133,-1.9
2016,6,317,29,22.2,109,-1.5
2016,7,429,25.9,20.9,89,-1.5
2016,8,328,26.3,21.1,101,-2
2016,9,358,26.8,20.8,81,-1.3
2016,10,252,26.5,18.9,105,-1.4
2016,11,23,24.2,14.2,67,-1.7
2016,12,3,23.7,12.2,50,-1.8
2017,1,3,23.7,12.5,46,-2.1
2017,2,5,26.5,15.7,43,-2.5
2017,3,35,28.9,18.6,67,-3
2017,4,54,31.3,22.4,68,-3.4
2017,5,100,31.6,23.6,106,-4
2017,6,187,29.1,22.3,110,-3.4
2017,7,492,25.8,20.7,94,-3.4
2017,8,385,26.6,21.4,104,-3.2
2017,9,345,27.6,21.5,101,-3.5
2017,10,327,27.1,19.7,100,-3.1
2017,11,40,25,15.1,74,-2.3
2017,12,34,24,12.5,65,-2.2
2018,1,3,23.4,12.2,48,-1.7
2018,2,5,26.6,15.9,46,-1.7
2018,3,9,29.6,19.2,54,-1.2
2018,4,103,30.1,21.1,109,2.3
2018,5,196,30.8,22.7,149,3.6
2018,6,196,29.1,22.3,119,4.7
2018,7,575,25.7,20.7,91,7.7
2018,8,420,26,20.7,90,9.7
2018,9,429,26.8,20.7,103,8.7
2018,10,163,26.4,18.8,106,8
2018,11,8,24.9,14.9,58,6.9
2018,12,24,23.4,11.9,55,7.3
2019,1,5,22.9,11.8,47,1.3
2019,2,6,26.4,15.7,46,0.7
2019,3,20,29.1,18.9,57,-1.5
2019,4,37,30.5,21.6,55,-1.8
2019,5,191,30.9,22.8,152,1.2
2019,6,150,29.8,23.1,132,-0.6
2019,7,362,26.2,21.2,100,-1.1
2019,8,439,26.5,21.3,95,0.5
2019,9,585,26.7,20.6,80,2.6
2019,10,586,27,19.5,91,3.6
2019,11,2,25.6,15.7,60,2.6
2019,12,19,24.3,12.8,50,2.3
