Product: Historical Climate - TerraClimate(http://www.climatologylab.org/terraclimate.html) 
Location (Lat/Lon of 4-km Grid Cell Center): 20.6458 North,85.6042 East 
Data Source: NW Climate Toolbox(https://climatetoolbox.org/tool/point-data-download)
Download Date: 07/24/2020
Variable List: 
ppt: ppt (Precipitation)
tmax: tmax (Maximum Temperature)
tmin: tmin (Minimum Temperature)
aet: aet (Actual Evapotranspiration)
PDSI: pdsi (Palmer Drought Severity Index (PDSI))
********************************************************
Year,Month,ppt(mm),tmax(degC),tmin(degC),aet(mm),PDSI(unitless)
1958,1,29,29.3,15.2,62,0.9
1958,2,49,30.7,17.6,72,1.4
1958,3,12,36.3,20.8,53,1.1
1958,4,23,38.5,25.3,40,0.7
1958,5,11,38.5,27.3,20,-1.4
1958,6,124,37.1,27.1,125,-2.1
1958,7,411,31.3,25.1,108,-1.8
1958,8,254,31.2,25.3,112,-2
1958,9,295,31.6,24.7,104,-1.4
1958,10,269,30.6,23.1,106,1.2
1958,11,104,28.8,18.2,103,2.4
1958,12,0,27.6,14.9,52,2.4
1959,1,18,27.8,14.9,55,2.7
1959,2,11,30.3,16.5,51,2.4
1959,3,2,35.1,20.8,32,1.7
1959,4,49,37.8,25.2,61,1.8
1959,5,96,38.2,26.8,100,2
1959,6,164,34.3,25.7,151,1.4
1959,7,316,30.6,25,102,0.7
1959,8,283,30.6,24.8,106,0.6
1959,9,199,30.6,24.6,91,-1.2
1959,10,298,29.3,23.2,93,1.2
1959,11,0,27.9,16.4,56,0.6
1959,12,4,26.4,13.7,43,-0.1
1960,1,0,27.9,13.9,38,-0.8
1960,2,0,32,16.8,31,-1.4
1960,3,32,33.6,20.2,45,-1.2
1960,4,6,39,25.2,14,-1.7
1960,5,39,38,27.1,43,-1.9
1960,6,212,35.1,26.1,143,-1.6
1960,7,456,30.3,24.9,98,1.2
1960,8,298,31.2,25.7,107,1.1
1960,9,188,30.9,25.3,94,-0.5
1960,10,133,30.3,22.3,105,-0.7
1960,11,1,28.1,16.3,56,-1.1
1960,12,5,28,13.8,44,-1
1961,1,44,27.9,14.8,61,0.8
1961,2,76,28.2,16.3,81,2.1
1961,3,2,35.1,23.1,40,1.6
1961,4,2,38.5,25.4,19,0.8
1961,5,104,37.7,26.6,109,1.3
1961,6,217,33.6,25.1,141,1.4
1961,7,346,30.5,24.5,101,1.4
1961,8,408,31.1,25.4,102,2.2
1961,9,437,30.7,24.6,97,3.8
1961,10,164,30.1,22.1,103,3.4
1961,11,2,27.4,15.8,59,2.6
1961,12,0,25.7,11.6,44,2.2
1962,1,7,26.8,12,41,1.7
1962,2,16,30,16.2,43,1.2
1962,3,53,36,19.9,65,1.5
1962,4,73,37.2,24.6,79,2
1962,5,18,37.3,26,23,1.1
1962,6,184,33.9,25.3,136,0.9
1962,7,382,31.5,25.1,112,0.9
1962,8,128,30.8,24.9,107,-1.7
1962,9,282,31.4,24.9,105,-1.3
1962,10,277,29.7,22.1,111,1.1
1962,11,1,28.4,15.9,56,-0.5
1962,12,1,27.2,13.5,46,-0.6
1963,1,0,27.2,12.4,37,-0.9
1963,2,0,31.9,16.6,30,-1.5
1963,3,19,35.3,20.3,33,-1.7
1963,4,67,36.9,23.4,72,-1
1963,5,123,36.8,25.5,122,1.3
1963,6,162,34.1,25.4,141,0.9
1963,7,260,30.9,25.2,106,-1.2
1963,8,339,31.1,25.2,107,-1
1963,9,295,31.9,25,104,0.4
1963,10,324,30.4,22.6,103,1.7
1963,11,8,28.9,17.3,61,1.2
1963,12,0,27.4,14.4,44,0.9
1964,1,1,28.1,14.8,40,-0.4
1964,2,24,31.1,17.9,47,-0.9
1964,3,7,36.2,22.3,22,-1.4
1964,4,50,37.2,25.3,57,-1.1
1964,5,90,37.7,26.3,92,-0.8
1964,6,110,34.8,25.8,109,-1.5
1964,7,502,30.2,24.5,118,-0.6
1964,8,347,30.7,24.9,101,1.1
1964,9,263,31.3,24.9,101,1.1
1964,10,102,29.7,23.3,103,-0.5
1964,11,12,28,17.6,65,-0.7
1964,12,0,27.2,14.1,45,-0.9
1965,1,12,28,14.8,44,-0.9
1965,2,13,30.6,16.8,41,-1.2
1965,3,34,34.5,19.6,46,-1.1
1965,4,46,37,24.6,52,-0.8
1965,5,28,38,26.8,32,-1.3
1965,6,87,35.6,26.5,87,-2.4
1965,7,419,31,25,114,-2.1
1965,8,269,30.9,25.1,119,-2.2
1965,9,247,31.3,24.8,101,-2
1965,10,119,30.5,22.6,110,-2.2
1965,11,0,29.3,17.2,59,-2.4
1965,12,4,26.6,15,50,-2.3
1966,1,87,27.1,14.7,85,1.7
1966,2,21,31.9,17.7,53,1.7
1966,3,1,35.7,21.2,28,1
1966,4,15,38.6,25.4,28,-0.4
1966,5,11,39.1,27.2,19,-1.6
1966,6,219,34.5,25.7,150,-1.2
1966,7,309,31.9,25.3,110,-1.4
1966,8,207,31.3,25.1,109,-1.9
1966,9,269,31.3,24.7,112,-1.7
1966,10,107,30.1,21.7,108,-2
1966,11,101,28.8,18.3,95,1.3
1966,12,2,26.1,13.6,51,1.5
1967,1,57,27,15.2,74,2.8
1967,2,0,31.4,17.4,49,2.6
1967,3,67,32.8,20.6,91,3.6
1967,4,75,37.2,23.3,92,4
1967,5,12,38.1,26.6,22,2.8
1967,6,214,35.6,25.9,155,2.6
1967,7,410,31.5,25.2,117,2.8
1967,8,295,30.8,25,112,2.5
1967,9,282,31,24.9,104,2.5
1967,10,40,30.3,21.8,87,1.3
1967,11,1,28.5,15.5,48,-1.4
1967,12,5,28.1,15.1,39,-1.8
1968,1,28,27.3,14.1,49,-1.6
1968,2,45,30.2,16.5,58,-1.2
1968,3,41,34.9,21,53,-1
1968,4,11,36.9,24.1,19,-1.5
1968,5,9,38.3,26.4,15,-2.3
1968,6,302,33.3,25.3,140,-1.1
1968,7,367,30.7,25.3,117,1.6
1968,8,154,31.5,25.4,124,-1.2
1968,9,289,32.1,25.3,112,-0.8
1968,10,416,29.8,22.1,108,2.5
1968,11,68,28.3,17.5,84,2.9
1968,12,0,27.6,14.3,53,2.9
1969,1,3,27.9,13.6,47,2.5
1969,2,0,31.5,17.9,41,1.7
1969,3,23,35.8,22.6,39,1.2
1969,4,12,38.4,25.4,21,-1.4
1969,5,65,37.4,25.5,68,-1.3
1969,6,107,34.7,26.1,106,-2
1969,7,430,30.8,25.1,111,-1.7
1969,8,334,30.6,24.9,119,-1.3
1969,9,223,31.1,25,104,-1.5
1969,10,84,30.3,22.4,102,-1.9
1969,11,70,29.1,17.7,81,-1
1969,12,3,26.9,13.9,49,-0.7
1970,1,3,27.2,14.8,43,-0.7
1970,2,42,30.9,17.6,64,0.4
1970,3,94,34.3,22.2,109,2.3
1970,4,36,37.7,25.4,49,1.9
1970,5,103,38.4,26.8,106,2.2
1970,6,393,33.5,24.7,143,3.8
1970,7,334,31,24.8,117,4.3
1970,8,354,30.9,25.1,110,4.3
1970,9,133,30.8,25.2,107,2.6
1970,10,168,29.7,22.6,109,2.4
1970,11,15,27.9,16.9,72,1.8
1970,12,0,26.5,12.7,45,1.4
1971,1,12,26.8,15,46,1.1
1971,2,63,29.8,16.9,76,1.6
1971,3,8,34.7,19.8,27,0.9
1971,4,80,34.6,23.4,87,1.5
1971,5,102,35.6,24.6,104,2
1971,6,469,32.2,24.2,135,4.3
1971,7,314,30.2,24.7,113,4.6
1971,8,294,29.9,24.6,112,4.1
1971,9,212,31.3,24.9,109,3.2
1971,10,310,29.7,22.5,107,4.1
1971,11,6,27.1,16.1,64,3.2
1971,12,0,26.7,13,43,2.7
1972,1,0,27.3,13.5,37,2
1972,2,29,28.3,15.6,52,1.7
1972,3,0,34.9,21.5,15,0.7
1972,4,19,37.5,24.5,27,-1.9
1972,5,16,38.9,27.3,21,-2.7
1972,6,113,36.4,26.2,112,-3.4
1972,7,256,32,25.3,133,-4.2
1972,8,324,30.9,24.9,122,-4.4
1972,9,406,32.1,24.5,118,-2.6
1972,10,105,30.6,21.6,110,-2.8
1972,11,15,28.7,17,70,-2.8
1972,12,0,28.4,13.9,46,-2.8
1973,1,0,28.9,14.7,37,-3
1973,2,2,31.7,18.2,24,-3.6
1973,3,59,34.4,20.6,68,-2.8
1973,4,20,38.6,26,26,-3
1973,5,92,37.2,26.2,92,-2.4
1973,6,81,34.6,25.4,81,-3.3
1973,7,413,31,25,107,-3
1973,8,356,31,24.9,107,-2.2
1973,9,187,30.9,25.1,102,-2.6
1973,10,299,29.8,23,104,-1.2
1973,11,30,26.9,18,73,-1.1
1973,12,36,25.6,14.5,61,1.9
1974,1,0,26.7,13.5,44,1.6
1974,2,0,30.5,16,42,1
1974,3,96,34.6,22,107,2.2
1974,4,8,36.8,25.7,19,1.3
1974,5,40,37.2,26.2,45,0.8
1974,6,129,35.1,25.6,128,-1.6
1974,7,243,30.8,25.1,112,-2.5
1974,8,331,31.1,25.2,107,-2.6
1974,9,245,31.3,24.7,104,-2.5
1974,10,251,30.5,23.2,104,-1.5
1974,11,26,28.2,18.2,75,-1.4
1974,12,0,25.6,12.7,48,-1.4
1975,1,3,26.9,13.7,38,-1.5
1975,2,19,30.3,17.3,47,-1.7
1975,3,21,35.7,21.5,36,-1.9
1975,4,16,38.3,25.3,24,-2.2
1975,5,29,38.5,26.6,34,-2.6
1975,6,302,34.2,25.2,153,-1.5
1975,7,254,30.3,24.6,125,-1.7
1975,8,355,31,25,122,-1.1
1975,9,235,30.6,24.4,106,-1.2
1975,10,214,30.3,23.3,106,-0.7
1975,11,47,27.1,16.9,81,1.1
1975,12,0,26.2,12.4,49,1
1976,1,0,27,13.4,42,0.7
1976,2,8,30.1,17.7,40,-0.4
1976,3,20,34.7,22.1,36,-0.8
1976,4,39,37.8,24.6,47,-0.8
1976,5,69,37.3,25.7,72,-0.8
1976,6,96,35,25.4,95,-1.6
1976,7,396,31.2,24.6,118,-1.7
1976,8,545,30.6,24.5,113,1.9
1976,9,159,31.6,24.6,106,0.8
1976,10,80,31.4,22.7,93,-1.5
1976,11,62,29.8,19.4,88,-0.8
1976,12,0,27.6,13.8,46,-0.8
1977,1,2,27.5,13.9,39,-0.9
1977,2,7,30.6,16.8,40,-1.3
1977,3,0,35.7,22.7,15,-1.9
1977,4,49,36.1,24.7,55,-1.5
1977,5,121,35.8,24.7,121,-0.6
1977,6,193,33.8,25.3,155,-0.6
1977,7,435,30.7,25.2,115,1.1
1977,8,344,31.2,25.3,117,1.3
1977,9,303,31.4,24.9,116,1.5
1977,10,98,29.9,22.1,109,0.8
1977,11,86,28.5,19.3,86,1.8
1977,12,4,25.9,13.7,49,1.9
1978,1,4,26.4,13.3,47,1.8
1978,2,17,29.3,16.7,49,1.8
1978,3,49,34.1,20,73,2
1978,4,42,37,24,53,1.9
1978,5,73,37.6,26.3,77,1.8
1978,6,125,34.1,25.5,123,0.9
1978,7,346,30.9,24.5,108,-1.1
1978,8,235,30.8,25,105,-1.5
1978,9,248,30.8,25,106,-1.4
1978,10,206,30.2,23.1,113,-0.9
1978,11,17,29.4,18.6,64,-1.1
1978,12,41,26.9,14.2,62,1.1
1979,1,7,27.8,15.1,47,1.1
1979,2,39,29.1,17.1,62,1.5
1979,3,3,34.6,20.8,31,0.9
1979,4,84,37.7,25,94,1.7
1979,5,29,39.2,26.7,37,0.9
1979,6,123,35.3,26.1,123,-1.3
1979,7,273,32.1,25.7,134,-2.3
1979,8,187,31.4,25.6,131,-3.5
1979,9,198,31.9,25.3,114,-4
1979,10,88,31,22.7,106,-4.2
1979,11,10,29.9,19.9,58,-4.1
1979,12,7,26.4,15.6,46,-3.8
1980,1,34,27.4,15.4,54,-3
1980,2,43,29.9,18.2,61,-2.4
1980,3,30,34.1,22.3,49,-2.1
1980,4,30,38.2,26.1,40,-2
1980,5,60,37.7,26,64,-2
1980,6,353,33.7,25.6,114,1.9
1980,7,380,30.7,25.2,111,3
1980,8,271,30.9,25.4,115,2.5
1980,9,344,31.3,25.3,104,3.1
1980,10,140,29.9,22.5,112,2.5
1980,11,3,28.8,17.3,60,1.8
1980,12,9,27,15.1,45,1.7
1981,1,12,25.9,14.8,45,1.5
1981,2,16,29.4,18.1,44,1.1
1981,3,65,32.9,21.3,80,1.7
1981,4,58,35.1,24.5,65,1.9
1981,5,147,35.9,25.6,146,3
1981,6,136,34.6,26.1,132,2.1
1981,7,267,30.6,25.3,115,0.8
1981,8,264,31.2,25.3,118,-2.1
1981,9,396,31.2,25.1,107,-0.6
1981,10,21,31.2,22.2,81,-1.5
1981,11,0,28.9,16.5,53,-2.2
1981,12,21,25.7,14.6,44,-2.2
1982,1,0,28.1,15.1,25,-2.6
1982,2,50,29.4,18.4,58,-2.1
1982,3,67,33,21.2,74,-1.2
1982,4,30,36.6,24.6,35,-1.3
1982,5,36,38.7,26.3,39,-1.6
1982,6,203,34.8,25.6,160,-1.5
1982,7,209,32.4,26,135,-2.6
1982,8,402,30.5,25,109,-2.2
1982,9,216,31.9,25,123,-2.6
1982,10,61,31.1,22.1,94,-3.1
1982,11,32,28.2,17.5,63,-2.8
1982,12,0,26.9,13.6,41,-2.8
1983,1,1,26.8,14.4,35,-2.8
1983,2,104,29.3,18.1,92,-0.9
1983,3,28,34,22.6,56,-0.6
1983,4,49,37.3,24.7,60,1.8
1983,5,96,37.4,25.7,100,2
1983,6,157,36.1,26.3,151,1.4
1983,7,265,32,25.7,122,-1.5
1983,8,428,31,25.5,108,-0.8
1983,9,261,31.1,25.2,103,-0.6
1983,10,176,29.9,22.8,106,0.1
1983,11,4,28.7,17.3,65,-0.5
1983,12,11,26.3,13.6,49,0
1984,1,11,27.1,14.9,41,-0.1
1984,2,18,28.9,16.9,44,-0.6
1984,3,0,35.6,20.7,18,-1.2
1984,4,28,37.8,24.8,37,-1.3
1984,5,32,37.5,27.1,37,-1.8
1984,6,265,33,24.9,123,-0.8
1984,7,393,30.7,24.8,118,1.5
1984,8,510,31,25.1,115,3
1984,9,199,31.3,24.5,123,2
1984,10,76,30.7,23,96,1.1
1984,11,1,28.4,15.6,59,-1.7
1984,12,0,27.3,14.1,39,-2
1985,1,15,27.5,15.7,40,-2
1985,2,40,30.2,17,56,-1.6
1985,3,3,35.5,23.1,18,-2.2
1985,4,19,38.4,25.9,27,-2.4
1985,5,35,37.6,25.8,39,-2.6
1985,6,160,34.9,25.7,150,-2.7
1985,7,291,30.5,24.6,110,-3.3
1985,8,383,31.3,25.2,113,-2.5
1985,9,297,31.1,24.7,103,-1.8
1985,10,306,30.3,21.8,107,1.9
1985,11,2,28.8,16.6,61,1.2
1985,12,0,27.9,14.5,44,0.8
1986,1,40,27.1,14.6,61,1.3
1986,2,19,30.5,17.2,44,1.2
1986,3,6,35.7,21,26,-0.6
1986,4,70,37.2,24.4,78,0.5
1986,5,85,37.6,25.4,88,0.7
1986,6,297,34.7,25.4,141,1.6
1986,7,442,31.1,24.6,117,2.8
1986,8,326,31.8,24.8,122,2.6
1986,9,257,31.5,24.7,110,2.3
1986,10,176,30.2,22,112,2.2
1986,11,190,28.1,18.5,85,4.9
1986,12,13,27,15.6,56,5.1
1987,1,5,27.4,14.4,53,4.8
1987,2,1,30.5,17.3,47,4.1
1987,3,6,34.1,21,34,3.3
1987,4,35,37.1,24.9,47,2.9
1987,5,60,37.5,25.4,65,2.5
1987,6,69,36.1,26.6,72,0.9
1987,7,292,31.4,25.4,132,-2.7
1987,8,272,31.6,25.3,124,-3.1
1987,9,132,32.1,25.6,117,-4.1
1987,10,122,31.4,22.8,116,-4.1
1987,11,68,28.7,18.6,81,-2.9
1987,12,4,27.5,15.2,56,-2.2
1988,1,0,27.9,14.9,45,-2.1
1988,2,19,30.9,18,50,-1.8
1988,3,27,34.5,22,49,-1.7
1988,4,46,37.6,25.1,57,-1.3
1988,5,83,37.1,27.1,87,-0.9
1988,6,164,34,25.6,133,-1
1988,7,453,31,25.2,113,1.2
1988,8,176,31.1,25.6,113,-0.9
1988,9,333,32.1,25.3,103,0.9
1988,10,103,30.6,22.6,110,-0.5
1988,11,15,28.6,17.9,69,-0.8
1988,12,0,27.3,16.1,44,-1.1
1989,1,0,26.7,13.6,36,-1.4
1989,2,1,30.1,17.5,24,-2.2
1989,3,10,34.6,20.9,22,-2.5
1989,4,7,38.5,25.6,14,-2.8
1989,5,177,38.1,26.8,172,-1
1989,6,306,34,25,141,2.4
1989,7,486,31.3,25.1,111,4
1989,8,330,31.5,25.3,103,3.9
1989,9,244,31.4,25.2,103,3.4
1989,10,61,30.4,23.5,87,2.3
1989,11,2,28.9,17.7,57,1.5
1989,12,2,26.6,13.7,41,0.9
1990,1,0,27.5,15.1,34,-2.1
1990,2,55,29.5,18.8,62,-1.5
1990,3,93,32.1,21.6,97,1.7
1990,4,78,35.9,25.6,84,2.2
1990,5,104,35.9,25.3,105,2.8
1990,6,229,33.8,25.4,117,3
1990,7,372,30.4,24.7,101,3.2
1990,8,359,31.4,25.5,112,3.4
1990,9,195,31.6,25.5,98,2.5
1990,10,150,29.4,22.4,97,2.2
1990,11,30,29,19.2,70,2
1990,12,2,27.4,15.1,51,1.8
1991,1,69,26.4,15.5,72,3.1
1991,2,3,31.3,19,47,2.6
1991,3,23,34.6,23,49,2.4
1991,4,25,36.9,25.4,37,2
1991,5,22,36.9,27,29,1.1
1991,6,157,33.7,24.9,142,0.7
1991,7,551,31.6,25.3,110,1.9
1991,8,333,31.4,25.3,110,2
1991,9,180,31.5,24.7,116,1
1991,10,126,29.9,22.8,99,0.6
1991,11,82,27.6,17.1,85,1.6
1991,12,6,25.9,13.6,53,1.9
1992,1,15,25.4,14,53,2.1
1992,2,37,28.2,17.4,62,2.6
1992,3,0,34.7,22,39,2.1
1992,4,12,38.4,24.9,28,1.5
1992,5,194,37.2,25.5,179,3.3
1992,6,171,34.8,25.3,151,2.8
1992,7,391,31.5,25.1,122,2.6
1992,8,326,31,24.8,111,2.6
1992,9,237,31.5,24.7,113,2.1
1992,10,159,30.5,22.3,116,1.7
1992,11,9,28.9,17.7,65,1.2
1992,12,0,26.2,13,45,0.9
1993,1,3,27.2,14.9,40,-1.1
1993,2,1,30,18.3,29,-1.8
1993,3,12,33.9,20.3,25,-2.1
1993,4,88,36.3,24.3,92,-0.9
1993,5,54,36.5,25.8,57,-1
1993,6,264,34.5,26.1,145,1.2
1993,7,319,31.6,25.4,120,1.1
1993,8,393,30.9,25.2,120,1.6
1993,9,229,31.3,24.6,108,1.2
1993,10,118,30.8,22.7,103,0.7
1993,11,16,28.4,17.5,64,-0.2
1993,12,0,26.7,13.8,47,-0.8
1994,1,3,27.5,14.7,42,-1
1994,2,40,28.4,18.1,56,0.3
1994,3,2,35.1,22.3,22,-0.7
1994,4,64,37.1,24.5,72,0.6
1994,5,32,38.1,26.3,38,-0.5
1994,6,174,33.8,25.5,135,-0.6
1994,7,311,30.7,24.9,109,-1.1
1994,8,413,30.6,24.9,101,1
1994,9,249,32,24.4,110,-0.1
1994,10,139,31,22.2,103,-0.2
1994,11,8,27.9,17.6,58,-0.6
1994,12,0,26.9,13.2,46,-0.7
1995,1,32,25.9,13.9,54,0.5
1995,2,18,30.1,17.9,46,0
1995,3,28,34.7,21.2,48,0
1995,4,9,38.3,25,20,-0.5
1995,5,78,36.9,26.1,81,0.3
1995,6,90,35.3,26.7,90,-1.1
1995,7,253,31.4,24.6,118,-2.1
1995,8,177,31.8,25.1,119,-3.3
1995,9,317,31.3,24.9,112,-2.7
1995,10,346,30.6,22.6,98,-0.9
1995,11,155,28.1,18.6,97,3.9
1995,12,0,27.1,13.9,53,3.8
1996,1,37,27.3,15.4,61,4.4
1996,2,7,30.3,16.7,52,4
1996,3,2,35.2,22.8,38,3.3
1996,4,43,37.5,24.3,57,3.1
1996,5,29,38.6,26.6,37,2.3
1996,6,185,34.5,24.5,150,1.9
1996,7,201,32,24.8,123,-1.8
1996,8,194,30.9,24.4,116,-3.1
1996,9,78,31.9,25.4,101,-4.4
1996,10,110,31,21.6,109,-4.6
1996,11,8,29.8,16.9,54,-4.6
1996,12,0,27.2,13.1,38,-4.7
1997,1,44,26.7,13.5,57,-3.7
1997,2,7,29.1,16.8,26,-4
1997,3,46,34.3,22,54,-3.4
1997,4,130,35.3,22.5,128,-1.3
1997,5,34,37.8,25.6,38,-1.6
1997,6,163,35.9,26,153,-1.8
1997,7,281,31.9,24.9,120,-2.6
1997,8,605,31.4,25.1,120,2
1997,9,310,31.7,24.6,115,2.2
1997,10,37,31,21.6,85,1.1
1997,11,26,29.7,19,60,0.7
1997,12,30,26.5,15.9,52,1.1
1998,1,17,26.1,15.6,42,1
1998,2,45,29.8,18.5,58,1.4
1998,3,68,33.8,20.7,85,2.2
1998,4,102,36.6,24.8,110,3.3
1998,5,54,38.1,26.6,59,2.8
1998,6,224,36.5,26.2,144,2.8
1998,7,346,32,24.8,117,2.5
1998,8,240,31.6,25.6,118,1.7
1998,9,325,32.3,25,110,2.2
1998,10,338,31.9,23.7,104,3.4
1998,11,100,29,19.5,95,4.3
1998,12,0,27.1,13.6,57,4.2
1999,1,0,27.5,13.5,49,3.8
1999,2,0,31.7,18,42,3
1999,3,0,36.1,22,23,2
1999,4,0,38.7,26.6,12,1.1
1999,5,190,37.2,25.8,176,2.8
1999,6,224,34.7,25.2,139,2.9
1999,7,276,32,24.7,119,2.2
1999,8,386,31.1,25.2,115,2.7
1999,9,262,31.4,24.5,109,2.4
1999,10,196,31.2,23,105,2.4
1999,11,15,29.7,16.9,66,1.9
1999,12,0,27.7,14.2,48,1.6
2000,1,1,27.5,14.7,42,1
2000,2,25,28.5,18.3,44,0.9
2000,3,1,33.8,21.5,17,-1.4
2000,4,15,37.5,25.2,23,-1.7
2000,5,81,37.2,26,83,-1.3
2000,6,248,34.3,24.6,132,-0.6
2000,7,249,31.8,25.1,108,-1
2000,8,117,31.8,25,115,-2.3
2000,9,85,31.6,24.8,99,-3.6
2000,10,56,31.1,23.3,90,-4.1
2000,11,5,29.3,18.1,52,-4.4
2000,12,0,26.9,13.4,36,-4.6
2001,1,0,26.4,13.8,25,-5
2001,2,0,30.7,18.4,13,-5.5
2001,3,43,34.2,21.3,48,-4.7
2001,4,18,37.5,25.2,22,-4.6
2001,5,105,37.6,26.3,103,-3.6
2001,6,417,33.1,24,115,-1
2001,7,244,30.7,24.5,95,-0.6
2001,8,329,31.3,25.3,109,2.8
2001,9,184,32.1,25.5,116,1.7
2001,10,159,31.2,23.2,105,1.5
2001,11,56,29.4,18.6,76,1.8
2001,12,0,26.6,13.8,51,1.9
2002,1,50,27,14.4,68,2.8
2002,2,1,30.1,17.7,44,2.3
2002,3,10,34.7,21.8,38,1.8
2002,4,21,37.7,25.4,34,1.4
2002,5,125,38.7,27.4,127,2.1
2002,6,199,34.5,25.4,139,1.9
2002,7,380,32.8,26.6,123,1.8
2002,8,369,31.1,25,102,2.3
2002,9,230,31.1,24.6,99,1.9
2002,10,84,30.6,22.6,99,1.1
2002,11,34,27.8,17,69,1
2002,12,0,27.2,14.4,44,0.8
2003,1,1,26.1,13.6,40,-0.3
2003,2,25,30.2,17.8,44,-0.9
2003,3,44,33.9,21,59,0.3
2003,4,7,38.3,25.9,17,-1
2003,5,23,38.8,27.5,29,-1.6
2003,6,300,35.6,26.5,145,0.9
2003,7,337,31.4,25.1,101,1.4
2003,8,363,31.3,25.3,106,1.8
2003,9,269,31.4,24.8,98,1.8
2003,10,463,30.3,22.3,92,4.2
2003,11,12,28.2,17.4,61,3.5
2003,12,19,26,14.6,54,3.5
2004,1,11,26.3,13.8,45,3.2
2004,2,5,29.3,17,39,2.6
2004,3,2,35.2,22.3,21,1.6
2004,4,110,37.4,25.1,116,2.8
2004,5,47,38.2,26.8,52,2.2
2004,6,147,35.3,26.2,141,1.5
2004,7,209,31.1,24.9,113,-1.9
2004,8,271,31.4,25.3,111,-2.8
2004,9,212,31.8,25.2,108,-3
2004,10,236,30,22.1,104,-2
2004,11,0,28.1,17.3,58,-2.3
2004,12,0,27.3,14.6,43,-2.3
2005,1,17,27.6,15,45,-2.1
2005,2,2,31.3,18.9,34,-2.5
2005,3,59,35.2,22.3,71,-1.8
2005,4,47,37.6,25.3,54,-1.4
2005,5,90,38,26.6,91,-1
2005,6,161,36.8,27.8,154,-1.4
2005,7,298,31.3,25.1,116,-2.1
2005,8,259,31.8,25.8,124,-2.5
2005,9,532,32,24.8,109,2.6
2005,10,263,30.3,22.4,89,3.3
2005,11,1,27.4,16.6,60,2.5
2005,12,0,26.1,13.4,46,2
2006,1,0,26.9,14.4,39,1.4
2006,2,0,31.5,19.1,26,-1.8
2006,3,28,34.4,21.4,40,-1.7
2006,4,48,37.2,24.9,54,-1.3
2006,5,117,36.6,25.3,116,0.8
2006,6,250,34.6,25.5,137,1.4
2006,7,416,31.8,25.6,107,2.1
2006,8,592,30.9,24.9,108,4.2
2006,9,363,31.6,25.1,104,4.8
2006,10,93,31.2,23.3,105,3.7
2006,11,14,29.1,18.2,58,3.1
2006,12,0,27.9,15.1,45,2.5
2007,1,0,27.5,14.9,38,1.8
2007,2,86,29.8,17.5,87,2.9
2007,3,3,34.3,21.3,25,2.1
2007,4,49,37.4,25.1,58,2.1
2007,5,75,37.8,26.4,79,2.2
2007,6,185,34.7,25.7,144,1.9
2007,7,248,31.7,25.5,114,0.7
2007,8,388,31.6,25.5,110,1.1
2007,9,518,31.1,24.5,95,3.6
2007,10,91,30.3,22.4,100,2.7
2007,11,18,28.7,17.9,64,2.2
2007,12,0,27.1,14.3,45,1.8
2008,1,38,27,14.4,59,2.1
2008,2,45,28.3,16,61,2.4
2008,3,9,34.6,21.6,32,1.9
2008,4,64,37.1,24.8,73,2.3
2008,5,129,37.9,26.6,131,3.1
2008,6,435,33.4,24.3,124,5.1
2008,7,250,31.1,24.9,115,4.8
2008,8,331,31.1,25.1,106,4.6
2008,9,507,31.2,24.6,106,6.5
2008,10,40,30.9,22.9,82,5
2008,11,4,28.9,18.1,52,3.9
2008,12,0,28.5,15.8,35,2.9
2009,1,0,29.1,16.5,32,2
2009,2,0,31.9,19.5,17,0.8
2009,3,3,35.4,22.5,13,-3.4
2009,4,0,38.7,26.3,7,-3.8
2009,5,108,37.5,26.1,107,-2.8
2009,6,94,36.5,27.4,93,-3.6
2009,7,459,31.2,25,101,-2.8
2009,8,327,31.9,25.9,115,-2.3
2009,9,228,32,25.4,109,-2.4
2009,10,119,30,22.1,113,-2.5
2009,11,30,29,18.1,65,-2.2
2009,12,0,27.5,14.7,46,-1.9
2010,1,6,26.3,13.7,45,-1.8
2010,2,2,30.8,18.5,37,-2.1
2010,3,6,36.4,23.4,23,-2.5
2010,4,3,39.5,27.2,13,-3.1
2010,5,231,37.4,26,186,2.4
2010,6,235,35.5,26.4,149,2.7
2010,7,278,31.8,25.6,115,2.3
2010,8,277,31.9,25.8,117,1.9
2010,9,328,31.9,25.4,107,2.3
2010,10,179,30.9,22.9,99,2.3
2010,11,46,30.1,19.3,71,2.4
2010,12,32,26.3,13.6,63,3.2
2011,1,0,26.1,13.5,48,2.9
2011,2,44,29.8,17.5,63,3.3
2011,3,3,34.9,21.9,37,2.6
2011,4,43,36.2,23.9,57,2.7
2011,5,160,37.6,26.2,156,3.9
2011,6,254,34.2,25.1,137,4.1
2011,7,361,31.6,25.4,116,4.1
2011,8,410,31,25,101,4.7
2011,9,340,31.2,24.7,99,5.1
2011,10,33,31,23,83,3.6
2011,11,0,28.7,17.9,51,2.5
2011,12,0,27.1,14.4,37,1.5
2012,1,42,27,14.5,55,1.6
2012,2,1,30.1,17.8,20,0.6
2012,3,0,35.4,22.5,11,-3
2012,4,119,37.6,25.3,120,-1.3
2012,5,27,38.5,27.2,30,-1.7
2012,6,204,36.9,27.8,160,-1.6
2012,7,460,31.3,25.1,109,-0.7
2012,8,245,31.3,25.3,109,-1
2012,9,183,31.7,25.1,101,-1.6
2012,10,67,30.6,21.7,94,-2.1
2012,11,124,28.2,17.4,89,1.7
2012,12,1,27.1,14.3,55,1.8
2013,1,2,26.9,14.4,47,1.7
2013,2,5,29.5,17.1,43,1.4
2013,3,1,35,22,30,0.8
2013,4,71,36.7,24.7,82,1.4
2013,5,74,36.7,26.8,79,1.4
2013,6,308,34.3,24.8,134,2.3
2013,7,298,31.4,24.9,107,2.5
2013,8,168,31.1,24.9,114,1.2
2013,9,318,31.9,25.2,103,1.7
2013,10,365,29.3,22.6,91,3.3
2013,11,1,28.3,16.1,61,2.4
2013,12,0,26,14.2,46,1.9
2014,1,3,25.5,14.5,38,1.4
2014,2,39,28.4,16.9,57,1.4
2014,3,70,33.8,20.7,83,2.1
2014,4,102,38.3,24.9,106,3
2014,5,206,37.9,26,184,4.7
2014,6,112,35.5,26,117,3.5
2014,7,405,31.5,25.1,102,3.2
2014,8,220,31.6,25.4,113,2.3
2014,9,397,31.6,24.9,104,3.4
2014,10,131,30.6,22,106,2.8
2014,11,0,28.2,17,58,2
2014,12,0,25.6,14,44,1.6
2015,1,19,25.6,14.3,47,1.5
2015,2,20,29.5,17.7,46,1.2
2015,3,32,33.9,21,48,1.1
2015,4,146,35.4,24,141,3.1
2015,5,61,38,26.4,67,2.7
2015,6,119,34.5,25.3,117,1.8
2015,7,278,31.5,25,107,0.7
2015,8,275,31.7,25.4,116,-1.8
2015,9,149,32.2,25.1,108,-2.7
2015,10,72,31,22.8,91,-3.1
2015,11,42,29.2,17.8,68,-2.5
2015,12,7,28.5,15.8,43,-2.1
2016,1,6,26.3,14,42,-1.9
2016,2,53,31,19.5,65,-1.7
2016,3,22,34.9,22.4,49,-1.9
2016,4,21,38.1,26.3,33,-2.4
2016,5,132,37.4,25.9,134,-1.9
2016,6,268,35.1,25.7,133,-1.8
2016,7,279,31.3,25.1,101,-1.5
2016,8,298,31.7,25.4,107,-1.5
2016,9,253,31.8,25.2,91,-1.1
2016,10,104,30.6,22.6,103,-0.9
2016,11,37,27.9,17.1,72,-1.2
2016,12,0,26.7,14.4,49,-1.2
2017,1,2,26.8,14,42,-1.5
2017,2,0,30.3,17.7,33,-2.1
2017,3,52,33.3,21.1,65,-2.2
2017,4,46,36.9,25.3,53,-2.6
2017,5,55,38.1,26.6,58,-2.8
2017,6,146,34.9,25.5,128,-2
2017,7,419,31.1,25.1,104,-1.2
2017,8,294,31.6,25.4,114,-1.2
2017,9,275,32.2,25.4,105,-1.5
2017,10,239,30.6,23.2,101,-0.8
2017,11,49,29,17.9,76,1.2
2017,12,23,27,15.1,60,1.2
2018,1,0,26.2,13.5,44,1.4
2018,2,1,30.5,18.2,39,1
2018,3,2,34.9,22.1,23,0.6
2018,4,63,36.2,24,71,2.5
2018,5,196,36.6,25.4,169,3
2018,6,225,35,25.4,136,3.3
2018,7,569,31.3,25,103,4.6
2018,8,310,31.5,25.1,107,5
2018,9,367,32.1,25,109,4.6
2018,10,162,30,22.1,108,4.5
2018,11,2,28.6,17.1,57,3.9
2018,12,7,26.2,13.8,47,4
2019,1,3,26,13.4,39,2.5
2019,2,19,30,17.6,45,2
2019,3,16,34.7,21.8,32,1.5
2019,4,31,37.5,25.2,39,1.2
2019,5,292,37.4,26,178,4.1
2019,6,170,35.5,26.5,156,3.9
2019,7,342,32.2,25.9,126,3.7
2019,8,462,31.7,25.7,106,4.6
2019,9,386,31.7,25.2,94,5.5
2019,10,353,31.3,23.3,99,6.4
2019,11,3,29.6,18.8,60,5.3
2019,12,8,27.3,14.6,46,4.8
