Product: Historical Climate - TerraClimate(http://www.climatologylab.org/terraclimate.html) 
Location (Lat/Lon of 4-km Grid Cell Center): 20.8542 North,85.1458 East 
Data Source: NW Climate Toolbox(https://climatetoolbox.org/tool/point-data-download)
Download Date: 07/24/2020
Variable List: 
ppt: ppt (Precipitation)
tmax: tmax (Maximum Temperature)
tmin: tmin (Minimum Temperature)
aet: aet (Actual Evapotranspiration)
PDSI: pdsi (Palmer Drought Severity Index (PDSI))
********************************************************
Year,Month,ppt(mm),tmax(degC),tmin(degC),aet(mm),PDSI(unitless)
1958,1,27,29.9,15,60,1
1958,2,48,31.4,17.2,73,1.5
1958,3,14,37.2,20.4,63,1.2
1958,4,21,40,25.5,41,1
1958,5,9,41,28.2,20,-1
1958,6,119,38.7,27.9,121,-1.9
1958,7,399,31.4,25.3,111,-1.5
1958,8,240,31.3,25.3,114,-1.6
1958,9,280,31.8,24.7,106,-0.9
1958,10,207,31.2,23.1,108,1.5
1958,11,56,29.1,18.2,86,2.4
1958,12,0,27.9,14.6,50,2.4
1959,1,18,28.5,14.7,55,2.5
1959,2,13,31,16.2,54,2.1
1959,3,1,36.1,20.5,40,1.3
1959,4,30,39.3,25.5,47,1.3
1959,5,55,40.7,27.7,64,1.4
1959,6,166,35.9,26.5,159,1
1959,7,308,30.7,25.2,105,-0.5
1959,8,264,30.7,24.9,107,-1.1
1959,9,187,30.9,24.6,90,-1.4
1959,10,217,30.1,23.3,96,1.2
1959,11,0,28.2,16.6,56,0.8
1959,12,3,26.9,13.5,44,0.8
1960,1,0,28.5,13.8,41,-0.2
1960,2,0,32.7,16.4,43,-1
1960,3,33,34.6,19.9,60,-0.9
1960,4,5,40.5,25.3,19,-1.3
1960,5,27,40.4,27.9,35,-1.5
1960,6,207,36.7,26.9,156,-1.2
1960,7,421,30.5,25.1,98,1.1
1960,8,289,31.3,25.8,108,1.1
1960,9,179,31.2,25.3,96,-0.5
1960,10,100,30.9,22.3,102,-0.7
1960,11,1,28.3,16.3,54,-0.9
1960,12,3,28.5,13.5,45,-0.7
1961,1,42,28.5,14.7,61,0.8
1961,2,83,28.9,16,88,2.3
1961,3,5,36.1,22.7,63,2.2
1961,4,2,40,25.6,25,1.5
1961,5,62,40.2,27.5,72,1.8
1961,6,217,35.1,25.8,157,1.9
1961,7,323,30.7,24.7,102,1.8
1961,8,386,31.2,25.5,104,2.6
1961,9,388,30.9,24.6,98,4.2
1961,10,131,30.7,22.1,105,3.9
1961,11,3,27.6,15.8,59,3.3
1961,12,1,26.1,11.3,47,2.9
1962,1,8,27.5,11.9,45,2.5
1962,2,18,30.7,15.9,51,2.1
1962,3,48,37,19.5,77,2.3
1962,4,47,38.7,24.8,61,2.6
1962,5,13,39.8,26.9,22,1.7
1962,6,175,35.5,26.2,148,1.5
1962,7,367,31.6,25.3,115,1.4
1962,8,132,30.9,25,108,-1.5
1962,9,275,31.6,24.9,106,-0.8
1962,10,200,30.2,22,114,1.3
1962,11,1,28.7,16,56,0.9
1962,12,1,27.6,13.3,48,0.8
1963,1,0,27.8,12.2,40,-0.3
1963,2,1,32.6,16.2,41,-1
1963,3,21,36.2,19.9,47,-1.3
1963,4,49,38.4,23.6,61,-0.6
1963,5,76,39.2,26.3,81,1.2
1963,6,157,35.6,26.1,150,0.7
1963,7,248,30.9,25.3,109,-1.3
1963,8,325,31.2,25.2,108,-1.5
1963,9,271,32.1,25,106,-0.9
1963,10,249,31.1,22.7,105,1.9
1963,11,4,29.3,17.5,61,1.5
1963,12,0,27.9,14.2,46,1.3
1964,1,1,28.8,14.7,44,0.8
1964,2,28,31.8,17.4,56,0.8
1964,3,6,37.1,21.9,36,-1
1964,4,35,38.8,25.6,49,-0.8
1964,5,55,40.2,27.1,62,0.2
1964,6,118,36.3,26.5,118,-0.7
1964,7,452,30.3,24.7,118,0.6
1964,8,346,30.8,25,101,1.2
1964,9,253,31.5,24.9,102,1.4
1964,10,79,30.4,23.4,96,0.8
1964,11,10,28.2,17.6,62,0.6
1964,12,0,27.6,13.8,46,-0.2
1965,1,11,28.7,14.7,45,-0.8
1965,2,13,31.3,16.4,48,-1.2
1965,3,34,35.5,19.3,55,-1.1
1965,4,32,38.5,24.7,43,-0.9
1965,5,19,40.6,27.7,26,-1.3
1965,6,82,37.2,27.3,84,-2.5
1965,7,404,31.1,25.2,117,-2.1
1965,8,254,31,25.3,121,-2.1
1965,9,227,31.6,24.8,104,-1.9
1965,10,80,31.2,22.7,99,-2.2
1965,11,0,29.6,17.4,57,-2.4
1965,12,4,26.9,14.6,49,-2.3
1966,1,85,27.8,14.5,84,1.8
1966,2,21,32.6,17.3,57,1.6
1966,3,1,36.8,20.7,38,0.9
1966,4,10,40.2,25.6,27,-0.3
1966,5,8,41.6,28.1,18,-1.5
1966,6,217,36.2,26.6,164,-1.2
1966,7,283,32,25.5,112,-1.5
1966,8,202,31.3,25.1,108,-2
1966,9,241,31.6,24.8,113,-1.8
1966,10,76,30.9,21.9,98,-2.1
1966,11,55,29.2,18.5,78,-0.9
1966,12,2,26.7,13.3,47,-0.7
1967,1,52,27.7,14.9,70,2.1
1967,2,0,32.2,17,47,1.5
1967,3,77,33.7,20.2,97,2.6
1967,4,47,38.7,23.5,69,3
1967,5,7,40.6,27.5,20,2
1967,6,211,37.3,26.8,166,1.9
1967,7,381,31.6,25.4,120,2
1967,8,291,30.9,25,113,2
1967,9,259,31.3,24.9,107,2
1967,10,30,31,21.9,84,0.8
1967,11,1,28.9,15.7,50,-1.6
1967,12,6,28.7,14.9,43,-1.8
1968,1,28,27.9,14,52,-1.5
1968,2,46,30.9,16.1,63,-1.1
1968,3,41,35.7,20.5,63,-1
1968,4,10,38.3,24.3,23,-1.4
1968,5,7,40.7,27.2,15,-2.1
1968,6,288,34.9,26.1,154,-0.9
1968,7,345,30.8,25.5,120,1.5
1968,8,149,31.6,25.4,126,-1
1968,9,263,32.3,25.3,113,-0.7
1968,10,286,30.4,22.1,110,2.4
1968,11,37,28.6,17.6,73,2.7
1968,12,0,28,14,52,2.7
1969,1,3,28.5,13.4,48,2.3
1969,2,1,32.3,17.5,46,1.4
1969,3,22,36.9,22.3,49,0.8
1969,4,7,40,25.6,22,-1.6
1969,5,46,39.8,26.3,53,-1.4
1969,6,108,36.3,26.8,109,-2.2
1969,7,418,30.8,25.2,112,-1.7
1969,8,307,30.7,25,119,-1.2
1969,9,213,31.3,25,106,-1.4
1969,10,60,31,22.5,94,-1.9
1969,11,40,29.4,17.8,69,-1.3
1969,12,4,27.3,13.6,46,-1.1
1970,1,5,27.8,14.7,42,-1.2
1970,2,42,31.6,17.2,67,-0.8
1970,3,96,35.2,21.8,113,1.8
1970,4,24,39.2,25.6,42,1.4
1970,5,66,40.9,27.7,74,1.7
1970,6,383,35,25.4,156,3.5
1970,7,307,31.1,25,119,4.1
1970,8,346,31,25.2,113,4.3
1970,9,133,31,25.2,107,2.7
1970,10,116,30.4,22.7,111,2.3
1970,11,8,28.1,16.8,69,1.9
1970,12,0,26.9,12.4,47,1.6
1971,1,14,27.3,14.7,50,1.4
1971,2,67,30.5,16.3,83,2.2
1971,3,9,35.6,19.4,45,1.5
1971,4,57,36.1,23.6,71,2.1
1971,5,68,37.9,25.3,75,2.5
1971,6,443,33.7,24.9,152,4.8
1971,7,288,30.2,24.8,115,5.3
1971,8,291,29.9,24.6,113,5
1971,9,197,31.6,24.8,110,4
1971,10,213,30.3,22.6,109,4.7
1971,11,3,27.4,16.1,62,3.9
1971,12,0,27.1,12.7,46,3.4
1972,1,1,27.9,13.2,41,2.8
1972,2,36,29,15.2,62,2.7
1972,3,0,35.9,21.1,32,1.6
1972,4,16,39,24.8,31,1.1
1972,5,10,41.5,28.2,19,-2
1972,6,109,38.3,27.3,110,-3
1972,7,249,32.1,25.4,136,-3.9
1972,8,306,31.1,25,123,-4.3
1972,9,360,32.2,24.5,118,-2.6
1972,10,87,31.3,21.5,105,-2.7
1972,11,13,28.9,16.9,67,-2.5
1972,12,0,28.6,13.8,47,-2.6
1973,1,0,29.5,14.5,40,-2.8
1973,2,2,32.4,17.8,39,-3.5
1973,3,54,35.4,20.3,69,-2.8
1973,4,13,40.2,26.3,23,-3.1
1973,5,55,39.9,27.4,59,-2.6
1973,6,88,36.2,26.2,88,-3.5
1973,7,374,31.1,25.2,112,-3.3
1973,8,336,31.1,25,109,-2.4
1973,9,168,31.1,25.1,104,-2.9
1973,10,222,30.4,23,106,-1.4
1973,11,15,27.1,17.9,67,-1.2
1973,12,22,26.1,14.3,56,1.7
1974,1,0,27.2,13.3,44,1.4
1974,2,1,31.1,15.6,47,0.7
1974,3,92,35.7,21.7,108,1.9
1974,4,6,38.5,26.1,24,1.1
1974,5,25,39.7,27.1,35,0.6
1974,6,136,36.7,26.4,136,-1.5
1974,7,234,30.9,25.3,116,-2.5
1974,8,310,31.2,25.3,110,-2.9
1974,9,219,31.6,24.8,106,-2.8
1974,10,184,31.1,23.2,106,-1.8
1974,11,15,28.3,18,70,-1.6
1974,12,0,26,12.4,48,-1.4
1975,1,3,27.4,13.4,42,-1.5
1975,2,19,30.9,16.7,54,-1.6
1975,3,22,36.5,21,50,-1.8
1975,4,11,39.9,25.6,25,-2.1
1975,5,22,41.2,27.7,30,-2.4
1975,6,303,35.8,26,169,-1.2
1975,7,249,30.4,24.7,125,-1.4
1975,8,335,31,25,123,-0.8
1975,9,228,30.9,24.5,108,-0.8
1975,10,168,31,23.5,108,1.2
1975,11,25,27.4,16.9,73,1.4
1975,12,0,26.6,12.1,49,1.3
1976,1,0,27.7,13.2,44,0.9
1976,2,9,30.9,17.3,46,-0.4
1976,3,19,35.7,21.7,47,-0.9
1976,4,31,39.2,24.8,44,-0.8
1976,5,43,39.8,26.6,50,-0.8
1976,6,94,36.6,26.2,96,-1.7
1976,7,380,31.3,24.8,118,-1.6
1976,8,497,30.7,24.6,114,1.8
1976,9,172,31.8,24.6,107,0.8
1976,10,54,32,22.7,86,-1.3
1976,11,36,30.1,19.5,77,-0.9
1976,12,0,28.1,13.6,44,-1
1977,1,3,28.1,13.7,39,-1.2
1977,2,7,31.3,16.4,44,-1.8
1977,3,0,36.7,22.4,21,-2.5
1977,4,37,37.8,25,47,-2.1
1977,5,80,38.2,25.6,84,-1.1
1977,6,188,35.3,26,167,-1.2
1977,7,402,30.7,25.3,117,-0.7
1977,8,331,31.3,25.4,118,1.3
1977,9,280,31.6,24.9,118,1.5
1977,10,74,30.6,22.2,101,0.8
1977,11,53,28.8,19.5,74,1.6
1977,12,3,26.4,13.5,47,1.6
1978,1,8,27,13.1,46,1.4
1978,2,25,29.9,16.3,56,1.3
1978,3,48,35,19.5,79,1.5
1978,4,32,38.6,24.2,47,1.5
1978,5,44,40.3,27.4,52,1.3
1978,6,148,35.8,26.4,144,0.7
1978,7,329,30.9,24.7,111,-0.4
1978,8,245,30.8,25,107,-1.2
1978,9,238,31,25,109,-1
1978,10,142,30.8,23.1,115,-0.7
1978,11,10,29.7,18.8,61,-0.7
1978,12,26,27.2,13.8,57,0.9
1979,1,5,28.4,14.9,48,0.9
1979,2,44,29.7,16.6,69,1.4
1979,3,2,35.5,20.4,46,0.8
1979,4,54,39.2,25.2,71,1.4
1979,5,22,41.4,27.2,32,0.8
1979,6,135,36.9,26.9,135,-1.2
1979,7,260,32.2,25.9,136,-2.2
1979,8,180,31.6,25.8,133,-3.4
1979,9,191,32.1,25.3,116,-4.5
1979,10,65,31.7,22.8,97,-4.7
1979,11,10,30.2,20,55,-4.5
1979,12,5,26.9,15.4,44,-4.3
1980,1,32,28,15.1,53,-3.5
1980,2,42,30.5,17.8,63,-2.9
1980,3,28,35,21.9,52,-2.7
1980,4,20,39.8,26.4,32,-2.6
1980,5,36,40.2,27,43,-2.5
1980,6,351,35.1,26.2,126,1.9
1980,7,364,30.7,25.3,112,3.3
1980,8,264,31,25.4,114,2.9
1980,9,305,31.6,25.3,105,3.4
1980,10,98,30.6,22.6,107,2.8
1980,11,2,29,17.3,58,2.2
1980,12,6,27.3,14.8,44,2
1981,1,13,26.4,14.6,47,1.8
1981,2,17,30.1,17.7,50,1.4
1981,3,67,33.9,21,89,2.1
1981,4,38,36.8,24.9,53,2.2
1981,5,87,38.4,26.4,93,3
1981,6,130,36.1,26.8,129,2
1981,7,258,30.6,25.4,117,0.8
1981,8,255,31.2,25.3,118,-2.4
1981,9,360,31.4,25.1,108,-0.7
1981,10,17,31.7,22.1,80,-1.8
1981,11,0,29.1,16.5,54,-2.5
1981,12,13,26.1,14.3,43,-2.5
1982,1,0,28.8,14.9,30,-2.8
1982,2,49,30.1,18,63,-2.3
1982,3,68,33.9,20.9,85,-1.4
1982,4,26,38.2,24.9,37,-1.3
1982,5,28,41,27.1,34,-1.5
1982,6,192,36.4,26.4,172,-1.5
1982,7,212,32.6,26.2,137,-2.7
1982,8,379,30.6,25.1,109,-2.7
1982,9,204,32.2,25,125,-3
1982,10,57,31.8,22.1,93,-3.4
1982,11,19,28.5,17.6,59,-3.1
1982,12,0,27.3,13.3,43,-3
1983,1,1,27.4,14.2,38,-3.1
1983,2,105,30,17.6,100,-1
1983,3,27,34.9,22.2,65,-0.8
1983,4,33,38.8,24.9,50,1.7
1983,5,60,39.8,26.5,68,2
1983,6,164,37.7,27.1,157,1.4
1983,7,257,32,25.8,124,-1.4
1983,8,393,31.1,25.6,107,-1.1
1983,9,235,31.3,25.2,102,-0.9
1983,10,135,30.4,22.8,107,-0.6
1983,11,2,28.8,17.1,64,-0.9
1983,12,7,26.7,13.3,49,-0.7
1984,1,11,27.7,14.8,44,-0.6
1984,2,24,29.5,16.5,54,0
1984,3,0,36.5,20.3,35,-0.8
1984,4,18,39.3,25.1,34,-0.8
1984,5,23,40.1,28.1,32,-1.3
1984,6,253,34.5,25.6,137,0.8
1984,7,369,30.8,24.9,117,1.5
1984,8,471,31.1,25.1,115,2.9
1984,9,180,31.5,24.5,124,1.7
1984,10,56,31.3,23,89,0.9
1984,11,1,28.6,15.6,58,-1.8
1984,12,0,27.8,13.9,43,-2.1
1985,1,18,28.1,15.6,43,-1.9
1985,2,40,30.8,16.5,61,-1.6
1985,3,3,36.4,22.7,28,-2.3
1985,4,12,39.9,26.1,25,-2.4
1985,5,21,40.1,26.8,29,-2.6
1985,6,163,36.5,26.5,156,-2.8
1985,7,283,30.5,24.7,113,-3.2
1985,8,365,31.4,25.2,113,-2.7
1985,9,268,31.3,24.7,105,-2.1
1985,10,233,30.8,21.7,110,1.8
1985,11,1,29,16.6,61,1.3
1985,12,0,28.3,14.2,47,1.1
1986,1,39,27.6,14.4,62,1.6
1986,2,24,31,16.7,53,1.5
1986,3,6,36.6,20.6,44,0.9
1986,4,46,38.8,24.7,62,1.3
1986,5,51,40,26.2,59,1.3
1986,6,284,36.2,26.1,155,2.1
1986,7,406,31.1,24.7,117,3.1
1986,8,323,31.7,24.8,122,3.2
1986,9,230,31.7,24.7,112,2.7
1986,10,121,30.8,22,113,2.4
1986,11,101,28.3,18.5,87,4.4
1986,12,9,27.4,15.3,55,4.7
1987,1,5,28,14.1,54,4.6
1987,2,2,31.1,16.9,53,3.8
1987,3,8,35,20.6,55,3.2
1987,4,22,38.7,25.1,42,2.8
1987,5,38,39.9,26.2,48,2.5
1987,6,70,37.6,27.3,74,0.8
1987,7,272,31.4,25.5,134,-2.7
1987,8,266,31.6,25.3,122,-3.3
1987,9,140,32.3,25.6,115,-4.2
1987,10,90,32,22.8,105,-4.2
1987,11,38,29,18.7,68,-3.1
1987,12,3,27.9,14.9,52,-2.7
1988,1,0,28.5,14.8,43,-2.6
1988,2,21,31.5,17.6,53,-2.5
1988,3,29,35.4,21.7,58,-2.3
1988,4,31,39.1,25.4,45,-1.9
1988,5,53,39.6,28.1,60,-1.5
1988,6,164,35.6,26.4,146,-1.6
1988,7,421,31,25.4,115,-0.9
1988,8,171,31.1,25.6,112,-1.5
1988,9,301,32.3,25.3,104,-0.6
1988,10,75,31.1,22.5,102,-1.1
1988,11,8,28.7,17.8,64,-1.3
1988,12,1,27.6,15.8,44,-1.5
1989,1,0,27.3,13.4,38,-1.9
1989,2,1,30.7,17,36,-2.7
1989,3,15,35.5,20.4,31,-3
1989,4,4,40,25.7,14,-3.4
1989,5,108,40.6,27.7,110,-1.7
1989,6,295,35.6,25.8,152,2.2
1989,7,448,31.2,25.2,113,3.7
1989,8,319,31.5,25.3,103,3.8
1989,9,225,31.6,25.2,104,3.3
1989,10,46,31,23.5,84,2.2
1989,11,2,29.1,17.8,56,1.5
1989,12,2,26.9,13.4,44,0.9
1990,1,0,28.1,14.9,39,-2
1990,2,66,30.1,18.4,74,-1.1
1990,3,92,32.9,21.1,101,2
1990,4,49,37.4,25.8,65,2.4
1990,5,66,38.3,26.1,73,2.9
1990,6,232,35.4,26.2,127,3.2
1990,7,360,30.4,24.8,101,3.6
1990,8,351,31.5,25.5,112,3.9
1990,9,185,31.7,25.4,96,3
1990,10,119,30,22.4,95,2.9
1990,11,16,29.2,19.2,65,2.6
1990,12,1,27.8,14.8,51,2.4
1991,1,65,27,15.3,70,3.7
1991,2,3,31.9,18.5,52,3
1991,3,27,35.5,22.5,65,2.9
1991,4,17,38.3,25.6,36,2.5
1991,5,16,39.4,27.9,26,1.7
1991,6,164,35.3,25.6,154,1.2
1991,7,502,31.6,25.5,113,2.4
1991,8,323,31.4,25.3,109,2.6
1991,9,177,31.8,24.8,117,1.5
1991,10,93,30.5,22.8,97,1.1
1991,11,47,27.9,17.2,72,1.9
1991,12,5,26.4,13.4,51,2.1
1992,1,14,26,13.8,52,2.2
1992,2,36,28.8,17,64,2.4
1992,3,0,35.8,21.9,46,1.8
1992,4,8,39.9,25.1,27,1.3
1992,5,115,39.6,26.4,121,2.8
1992,6,165,36.3,26,158,2.1
1992,7,362,31.6,25.4,125,1.7
1992,8,308,31,24.8,109,1.8
1992,9,215,31.7,24.7,115,1.3
1992,10,115,31.2,22.4,115,1
1992,11,7,29.2,17.8,64,0.7
1992,12,0,26.7,12.8,46,0.6
1993,1,3,27.9,14.8,44,-0.3
1993,2,1,30.7,17.9,43,-1.6
1993,3,13,34.8,19.9,34,-2
1993,4,57,37.7,24.4,67,-1.1
1993,5,35,39.1,26.8,41,-1.1
1993,6,248,36.1,26.9,159,0.5
1993,7,300,31.7,25.6,122,-0.2
1993,8,363,31,25.3,121,1.3
1993,9,218,31.5,24.7,108,0.9
1993,10,94,31.4,22.7,99,0.6
1993,11,10,28.7,17.5,60,-0.1
1993,12,0,27,13.5,48,0
1994,1,4,28.2,14.5,45,-0.6
1994,2,41,29.1,17.6,62,0.4
1994,3,2,36.2,22.2,35,-0.9
1994,4,41,38.5,24.6,56,0.5
1994,5,22,40.6,27.2,31,-0.7
1994,6,180,35.3,26.2,146,-0.7
1994,7,305,30.7,25,111,-1
1994,8,389,30.7,24.9,100,0.9
1994,9,222,32.3,24.5,110,-0.2
1994,10,108,31.6,22.2,104,-0.1
1994,11,5,28.2,17.7,57,-0.2
1994,12,0,27.4,13.1,49,0
1995,1,33,26.5,13.6,57,0.8
1995,2,18,30.8,17.5,53,0.6
1995,3,32,35.6,20.7,68,0.8
1995,4,7,39.6,25,24,-0.4
1995,5,51,39.2,26.9,59,0.3
1995,6,88,37,27.5,91,-1.1
1995,7,244,31.6,24.9,119,-2.1
1995,8,174,31.9,25.2,119,-3.3
1995,9,290,31.5,24.9,112,-3.2
1995,10,246,31.3,22.7,100,-1.3
1995,11,80,28.4,18.7,89,3.1
1995,12,0,27.7,13.8,53,3.2
1996,1,35,28.1,15.4,61,3.9
1996,2,8,31,16.4,57,3.4
1996,3,2,36.2,22.6,53,2.8
1996,4,29,38.9,24.5,49,2.7
1996,5,18,41.2,27.5,29,1.9
1996,6,195,36.1,25.3,160,1.7
1996,7,195,32.1,24.9,125,-1.7
1996,8,197,31,24.4,116,-2.9
1996,9,79,32.3,25.6,99,-4.7
1996,10,80,31.6,21.6,95,-4.6
1996,11,5,30,17,45,-5
1996,12,0,27.5,12.7,33,-5.3
1997,1,42,27.3,13.3,53,-4.4
1997,2,7,29.7,16.3,25,-4.9
1997,3,44,35.3,21.7,53,-4.4
1997,4,84,36.8,22.6,87,-2.6
1997,5,24,40.1,26.3,28,-2.7
1997,6,151,37.6,26.9,146,-3
1997,7,261,32.1,25.1,120,-3.7
1997,8,558,31.5,25.1,120,-2
1997,9,278,31.9,24.6,115,-1.4
1997,10,27,31.7,21.7,82,-2.3
1997,11,19,30,19.1,57,-2.3
1997,12,21,27,15.7,48,-1.7
1998,1,15,26.7,15.4,42,-1.6
1998,2,50,30.5,18.2,65,-0.8
1998,3,63,34.6,20.3,87,1.7
1998,4,66,38.1,25,83,2.6
1998,5,38,40.6,27.5,48,2.3
1998,6,211,38.1,27,154,2.3
1998,7,324,32.1,25,118,2
1998,8,229,31.7,25.7,116,1.4
1998,9,296,32.6,25,110,1.9
1998,10,251,32.5,23.7,104,3.3
1998,11,57,29.2,19.5,79,4
1998,12,0,27.4,13.2,54,4
1999,1,0,27.9,13.2,48,3.5
1999,2,1,32.3,17.6,46,2.6
1999,3,1,37.1,21.6,33,1.6
1999,4,0,40.2,26.8,16,0.7
1999,5,116,39.7,26.7,120,2.3
1999,6,220,36.2,25.9,151,2.4
1999,7,256,32.1,24.8,122,1.5
1999,8,368,31.1,25.2,113,1.8
1999,9,234,31.6,24.5,107,1.6
1999,10,137,31.8,23,106,1.6
1999,11,8,30,17.1,64,1.3
1999,12,0,28.1,13.9,50,1.1
2000,1,0,28.2,14.7,45,0.7
2000,2,30,29.2,18,53,0.7
2000,3,0,34.7,21.2,32,-1.1
2000,4,10,39.1,25.6,26,-1.4
2000,5,49,39.6,26.8,56,-1
2000,6,253,35.7,25.2,141,0.7
2000,7,230,31.8,25.2,108,-0.5
2000,8,121,31.9,25.1,118,-1.7
2000,9,86,31.8,24.8,99,-3.2
2000,10,40,31.9,23.6,83,-3.8
2000,11,3,29.8,18.3,49,-4.2
2000,12,0,27.4,13.2,37,-4.6
2001,1,0,27.4,13.9,30,-4.9
2001,2,0,31.6,18.1,19,-5.6
2001,3,46,35.2,20.9,55,-4.9
2001,4,13,39,25.3,20,-4.8
2001,5,63,40.1,27.1,65,-3.9
2001,6,393,34.5,24.7,127,-1.2
2001,7,249,30.8,24.7,96,3.2
2001,8,320,31.4,25.4,110,3.3
2001,9,165,32.4,25.7,117,2
2001,10,117,31.9,23.4,107,1.8
2001,11,31,30,18.9,68,2.1
2001,12,0,27.2,13.8,51,2.1
2002,1,49,27.8,14.3,68,3
2002,2,1,31,17.5,48,2.3
2002,3,10,35.8,21.5,51,1.9
2002,4,16,39.4,25.7,34,1.5
2002,5,73,41.6,28.6,81,1.9
2002,6,186,36,26.2,147,1.8
2002,7,338,32.8,26.7,125,1.4
2002,8,353,31.1,25.1,101,2
2002,9,205,31.4,24.7,99,1.6
2002,10,64,31.3,22.7,93,0.8
2002,11,18,28.2,17.1,61,0.6
2002,12,0,27.8,14.3,44,-0.2
2003,1,2,27.1,13.6,41,-1.3
2003,2,27,31,17.5,49,-1.2
2003,3,47,34.9,20.6,70,-0.8
2003,4,6,40,26.3,19,-1.2
2003,5,14,41.4,28.5,22,-1.7
2003,6,274,37.5,27.7,155,-0.7
2003,7,318,31.4,25.3,101,1.2
2003,8,340,31.3,25.4,105,1.7
2003,9,248,31.6,24.9,97,1.8
2003,10,341,30.9,22.4,93,4.3
2003,11,6,28.6,17.6,59,3.7
2003,12,13,26.5,14.4,52,3.7
2004,1,13,27,13.5,48,3.5
2004,2,6,30,16.4,47,2.8
2004,3,2,36.4,22.1,35,1.8
2004,4,71,39.1,25.4,84,2.7
2004,5,29,40.8,27.8,37,2.2
2004,6,146,36.6,26.8,142,1.4
2004,7,201,31.2,25.1,114,-2.1
2004,8,272,31.4,25.4,112,-3
2004,9,189,32.1,25.3,109,-3.3
2004,10,174,30.6,22.1,105,-2.3
2004,11,0,28.4,17.4,59,-2.4
2004,12,0,27.7,14.3,46,-2.2
2005,1,18,28.2,14.8,49,-1.9
2005,2,4,32,18.5,48,-2.2
2005,3,58,36.3,22,82,-1.5
2005,4,31,39.2,25.5,43,-1.3
2005,5,57,40.6,27.6,63,-0.9
2005,6,157,38.6,28.7,152,-1.3
2005,7,277,31.4,25.2,117,-2
2005,8,249,31.9,25.9,126,-2.8
2005,9,476,32.2,24.8,110,2.7
2005,10,189,31,22.5,89,3.4
2005,11,1,27.7,16.7,60,2.8
2005,12,1,26.7,13.2,48,2.4
2006,1,0,27.7,14.3,43,1.8
2006,2,0,32.5,18.9,43,0.8
2006,3,34,35.3,21,54,0.7
2006,4,34,38.6,25,45,0.8
2006,5,78,39,26,83,1.5
2006,6,240,36.2,26.3,147,1.9
2006,7,392,31.7,25.6,108,2.6
2006,8,552,31,25,109,4.5
2006,9,325,31.9,25.2,105,5.1
2006,10,63,31.9,23.4,96,3.9
2006,11,10,29.4,18.4,55,3.3
2006,12,0,28.4,14.9,45,2.6
2007,1,0,28.3,14.8,39,1.8
2007,2,94,30.7,17.1,95,3
2007,3,4,35.3,21,37,2.2
2007,4,31,39.1,25.4,46,2.1
2007,5,46,40.3,27.4,54,2.1
2007,6,182,36.4,26.6,153,1.8
2007,7,235,31.8,25.7,116,0.6
2007,8,368,31.6,25.6,110,0.6
2007,9,459,31.4,24.7,95,3.3
2007,10,66,31,22.5,93,2.4
2007,11,10,29,18,59,1.9
2007,12,0,27.7,14.3,45,1.4
2008,1,37,27.9,14.4,60,1.7
2008,2,47,29.2,15.6,66,2
2008,3,12,35.7,21.5,44,1.6
2008,4,41,38.8,25.1,56,1.8
2008,5,80,40.7,27.7,86,2.5
2008,6,425,34.9,25.1,135,4.8
2008,7,238,31.2,25.1,116,4.9
2008,8,314,31.1,25.1,104,4.8
2008,9,442,31.5,24.7,107,6.7
2008,10,28,31.5,23,78,5
2008,11,2,29.3,18.3,51,3.9
2008,12,0,29,15.6,38,3
2009,1,1,29.9,16.4,37,2.1
2009,2,0,32.7,19.2,31,0.8
2009,3,4,36.5,22.2,19,-3.6
2009,4,0,40.4,26.7,10,-4
2009,5,69,40.1,27.2,73,-3
2009,6,89,38.2,28.4,90,-3.9
2009,7,426,31.3,25.2,105,-3.1
2009,8,303,32.1,26.1,115,-2.5
2009,9,213,32.4,25.6,112,-2.6
2009,10,87,30.7,22.1,103,-2.7
2009,11,17,29.3,18.3,59,-2.4
2009,12,0,28,14.5,45,-2.2
2010,1,7,27,13.6,44,-2.1
2010,2,2,31.7,18.1,42,-2.5
2010,3,7,37.6,23.3,32,-3
2010,4,3,41.3,27.7,17,-3.4
2010,5,137,39.9,27,139,-1
2010,6,224,37.1,27.3,159,-0.7
2010,7,266,31.9,25.8,116,-1.1
2010,8,266,31.9,25.9,116,-1.4
2010,9,309,32.2,25.5,108,1.6
2010,10,132,31.6,23.1,101,1.6
2010,11,27,30.5,19.5,64,1.8
2010,12,21,26.9,13.4,58,2.5
2011,1,0,26.8,13.3,49,2.2
2011,2,45,30.7,17.2,67,2.6
2011,3,3,36,21.7,49,2
2011,4,31,37.6,23.9,49,2.1
2011,5,98,40.3,27.4,105,3.2
2011,6,270,35.8,26,149,3.7
2011,7,330,31.7,25.6,116,3.8
2011,8,384,31.1,25.1,101,4.4
2011,9,317,31.5,24.8,99,5
2011,10,28,31.6,23.1,82,3.4
2011,11,0,29.1,18,53,2.3
2011,12,0,27.6,14.2,40,1.5
2012,1,42,27.5,14.1,58,1.8
2012,2,1,30.9,17.3,36,0.7
2012,3,0,36.3,22,17,-2.9
2012,4,78,39.1,25.5,84,-1.5
2012,5,18,41.2,28.2,24,-1.9
2012,6,196,38.9,29.1,175,-1.9
2012,7,435,31.4,25.3,110,-1
2012,8,254,31.3,25.3,107,-0.9
2012,9,181,31.8,25.1,101,-1.4
2012,10,48,31.2,21.7,87,-2
2012,11,68,28.5,17.4,79,-0.6
2012,12,1,27.6,14.1,49,1.1
2013,1,2,27.7,14.2,42,0.8
2013,2,6,30.3,16.7,42,-0.5
2013,3,2,35.9,21.6,30,-1.3
2013,4,49,38.2,24.9,61,-0.6
2013,5,46,39.5,27.9,53,0
2013,6,302,35.6,25.3,143,1.7
2013,7,278,31.5,25,107,1.8
2013,8,172,31.1,24.9,112,0.9
2013,9,290,32.2,25.3,104,1.5
2013,10,289,30.1,22.8,93,3.4
2013,11,1,28.7,16.2,60,2.8
2013,12,0,26.6,14,49,2.4
2014,1,6,26.3,14.6,44,2
2014,2,48,29.1,16.5,69,2.2
2014,3,72,34.7,20.3,91,3.1
2014,4,65,39.7,25.1,84,3.8
2014,5,129,40.3,26.8,135,5.3
2014,6,110,37.2,26.9,113,3.8
2014,7,370,31.7,25.4,104,3.4
2014,8,213,31.7,25.5,113,2.6
2014,9,376,31.9,24.9,104,4
2014,10,98,31.3,22.1,102,3.4
2014,11,0,28.5,17.2,58,2.7
2014,12,0,26.1,13.8,45,2.3
2015,1,18,26.2,14.2,49,2.2
2015,2,19,30.2,17.4,51,1.8
2015,3,35,34.7,20.6,64,1.8
2015,4,98,36.9,24.3,108,3.4
2015,5,41,40.5,27.3,49,3.1
2015,6,129,36,25.9,126,2.2
2015,7,252,31.7,25.2,110,1
2015,8,268,31.9,25.6,115,-2.2
2015,9,147,32.4,25.1,110,-3
2015,10,53,31.7,22.9,86,-3.4
2015,11,23,29.5,18,61,-3
2015,12,5,28.9,15.4,43,-2.7
2016,1,7,27.3,14,44,-2.6
2016,2,52,31.8,19.1,67,-2.6
2016,3,32,35.9,22.1,66,-2.9
2016,4,16,39.7,26.5,32,-3.3
2016,5,81,39.9,26.9,87,-2.9
2016,6,280,36.7,26.5,144,-2.7
2016,7,285,31.5,25.3,103,-2.5
2016,8,270,31.7,25.5,108,-2.4
2016,9,250,32,25.2,92,-2.1
2016,10,84,31.4,22.7,98,-1.5
2016,11,15,28.3,17.3,64,-1.6
2016,12,0,27.1,14.1,47,-1.5
2017,1,5,27.5,13.9,43,-1.7
2017,2,1,31,17.4,39,-2.3
2017,3,41,34.5,21,61,-2.6
2017,4,32,38.6,25.6,43,-3
2017,5,35,40.5,27.5,41,-3.2
2017,6,146,36.5,26.3,137,-2.2
2017,7,401,31.3,25.3,109,-1.5
2017,8,277,31.7,25.5,115,-1.4
2017,9,252,32.6,25.6,105,-1.4
2017,10,162,31.4,23.4,102,1.5
2017,11,23,29.3,18.1,67,1.4
2017,12,14,27.4,14.7,56,1.4
2018,1,0,26.9,13.3,44,1.2
2018,2,3,31.2,17.7,44,-0.5
2018,3,3,35.9,21.8,34,-0.9
2018,4,41,37.8,24.3,55,1.8
2018,5,118,39.2,26.4,122,2.6
2018,6,207,36.5,26.2,145,3
2018,7,532,31.4,25.1,104,4.4
2018,8,308,31.6,25.3,106,5
2018,9,351,32.3,25.1,109,4.7
2018,10,112,30.8,22.4,108,4.9
2018,11,1,29,17.3,55,4.3
2018,12,5,26.8,13.6,47,4.6
2019,1,7,26.6,13.2,44,2.9
2019,2,23,30.9,17.4,54,2.6
2019,3,14,35.5,21.3,49,2
2019,4,16,39.1,25.4,33,1.6
2019,5,128,39.9,27,132,3.2
2019,6,167,37.3,27.4,159,2.5
2019,7,336,32.2,26.1,125,1.9
2019,8,406,31.8,25.8,107,2.5
2019,9,344,31.9,25.2,93,3.6
2019,10,290,31.9,23.3,99,5.3
2019,11,1,29.8,18.8,60,4.4
2019,12,6,27.9,14.4,48,4.1
