Product: Historical Climate - TerraClimate(http://www.climatologylab.org/terraclimate.html) 
Location (Lat/Lon of 4-km Grid Cell Center): 21.4792 North,86.8958 East 
Data Source: NW Climate Toolbox(https://climatetoolbox.org/tool/point-data-download)
Download Date: 07/24/2020
Variable List: 
ppt: ppt (Precipitation)
tmax: tmax (Maximum Temperature)
tmin: tmin (Minimum Temperature)
aet: aet (Actual Evapotranspiration)
PDSI: pdsi (Palmer Drought Severity Index (PDSI))
********************************************************
Year,Month,ppt(mm),tmax(degC),tmin(degC),aet(mm),PDSI(unitless)
1958,1,26,29.2,15,62,0.6
1958,2,55,30.2,17.5,76,1
1958,3,10,35.5,20.7,43,-0.4
1958,4,27,37.2,25.1,41,-0.9
1958,5,35,36.9,27.4,42,-1.7
1958,6,123,36.1,27.3,123,-2.7
1958,7,293,31.9,26.4,114,-3.1
1958,8,271,31.3,26.1,115,-3.6
1958,9,286,31.7,25.6,101,-3.2
1958,10,209,31.2,24.2,101,-2.6
1958,11,65,29.2,18.5,88,-1.7
1958,12,0,27.8,15.1,51,-1.3
1959,1,32,27.3,14.3,59,-0.6
1959,2,14,29.4,16,53,-0.7
1959,3,11,34,20.4,39,-1
1959,4,61,36.3,24.9,73,-0.7
1959,5,130,36.3,26.5,132,1.2
1959,6,211,33.6,26.2,151,0.8
1959,7,242,31.2,26.2,108,-0.7
1959,8,342,31.1,26.1,110,0.3
1959,9,357,30.4,25.2,89,1
1959,10,410,29.4,23.7,90,3
1959,11,0,28.2,16.7,58,2.1
1959,12,3,26.7,13.9,46,1.8
1960,1,0,27,13,40,1.1
1960,2,0,32.3,17.3,30,-1.8
1960,3,40,32.6,19.8,53,-1.6
1960,4,4,37.9,25.2,13,-2.4
1960,5,62,36.4,27.1,65,-2.5
1960,6,177,34.5,26.7,145,-2.8
1960,7,434,30.6,25.8,107,-1.7
1960,8,293,31.3,26.6,107,-1.5
1960,9,271,30.7,25.9,93,-1.4
1960,10,137,30.7,23.2,107,-1.6
1960,11,6,28.2,16.4,61,-1.8
1960,12,2,27.8,13.6,45,-1.8
1961,1,44,27.5,14.4,62,-0.9
1961,2,75,27.3,15.7,82,1.7
1961,3,5,34.2,23.1,43,1.2
1961,4,8,37.1,25.1,25,-1
1961,5,124,36,26.6,127,0.5
1961,6,256,33,25.6,129,0.7
1961,7,215,31.2,25.9,111,-0.5
1961,8,394,31.3,26.4,102,1.3
1961,9,395,30.9,25.6,91,2.2
1961,10,161,30.6,23,102,1.9
1961,11,0,28,16.2,61,1.2
1961,12,0,25.6,11.5,46,0.8
1962,1,12,26.5,11.7,45,-0.2
1962,2,17,30.1,16.6,45,-1.3
1962,3,39,35.2,19.8,53,-1.2
1962,4,76,36,24.5,82,-0.6
1962,5,37,35.5,25.8,42,-1.3
1962,6,217,33.4,26,119,-1.1
1962,7,263,32.4,26.6,119,-1.4
1962,8,181,31.1,26,111,-2.5
1962,9,266,31.6,25.8,105,-2.5
1962,10,261,29.9,22.9,109,-1.5
1962,11,0,28.9,16.4,57,-1.9
1962,12,0,27.2,13.5,48,-1.9
1963,1,0,27.1,12.2,39,-2.2
1963,2,0,32.3,17.3,29,-2.9
1963,3,21,34.6,20.2,34,-3
1963,4,69,35.6,23.2,74,-2.4
1963,5,123,34.6,24.9,122,-1.6
1963,6,240,33.3,25.8,140,-1.5
1963,7,241,31.4,26.4,109,-1.8
1963,8,285,31.6,26.4,114,-1.8
1963,9,362,31.9,25.7,105,-0.9
1963,10,290,30.6,23.3,102,1.6
1963,11,15,29.3,17.7,65,1.2
1963,12,0,27.6,14.6,48,0.9
1964,1,1,27.1,13.8,42,-0.4
1964,2,23,30.7,17.7,50,-1
1964,3,15,35.5,22.3,31,-1.4
1964,4,77,35.4,24.6,83,-0.9
1964,5,105,35.7,25.9,106,-0.6
1964,6,117,34.1,26.3,115,-1.7
1964,7,440,30.3,25.3,124,-1
1964,8,291,31.3,26.3,111,-1
1964,9,239,31.5,25.9,104,-1.4
1964,10,172,30,24.1,103,-1.2
1964,11,28,28.7,18.3,74,-1.1
1964,12,0,27.6,14.5,50,-1.1
1965,1,8,27.6,14.4,45,-1.3
1965,2,25,30,16.6,52,-1.4
1965,3,44,33.3,19.2,60,-1.1
1965,4,47,35.5,24.2,55,-1.1
1965,5,43,36.4,26.8,48,-1.7
1965,6,193,34.5,26.6,153,-2
1965,7,297,31.3,25.9,116,-2.2
1965,8,347,30.5,25.6,117,-1.5
1965,9,320,31.2,25.5,102,-1.1
1965,10,152,30.5,23,107,-1.2
1965,11,0,29.7,17.6,63,-1.6
1965,12,2,26.3,14.6,51,-1.7
1966,1,73,26.6,14.2,78,1.2
1966,2,16,31.9,17.9,49,0.9
1966,3,4,34.6,20.8,27,-0.6
1966,4,15,37.2,25,27,-1.4
1966,5,21,37.4,27.1,28,-2.3
1966,6,269,33.7,26.1,144,-1.8
1966,7,205,32.2,26.2,119,-2.3
1966,8,242,31.3,25.9,116,-2.8
1966,9,249,31,25.2,110,-3
1966,10,122,29.9,22,111,-3.1
1966,11,74,29.1,18.5,86,-2
1966,12,3,26.3,13.7,54,-1.4
1967,1,56,26.6,14.7,73,2.2
1967,2,1,31.2,17.5,50,1.8
1967,3,64,32,20.5,87,2.3
1967,4,81,35.3,22.5,96,2.8
1967,5,33,36.1,26.2,42,1.7
1967,6,213,34.8,26.3,154,1.2
1967,7,298,31.9,26.2,120,0.8
1967,8,315,31,25.9,110,0.9
1967,9,321,30.7,25.4,97,1.2
1967,10,94,30.5,22.5,104,-1.1
1967,11,1,28.6,15.5,55,-1.5
1967,12,1,27.7,14.8,41,-1.6
1968,1,19,26.8,13.6,49,-1.5
1968,2,44,29.2,15.9,61,-1.1
1968,3,43,34.1,20.9,61,-1
1968,4,14,35.6,24,25,-1.6
1968,5,21,36.6,26.3,27,-2.5
1968,6,409,31.8,25,127,-0.6
1968,7,351,30.9,26.1,117,2.9
1968,8,288,31.3,25.9,118,2.4
1968,9,238,32.2,26.2,115,1.6
1968,10,334,30,22.8,107,2.7
1968,11,68,28.7,17.9,83,3.2
1968,12,0,27.7,14.4,56,3.1
1969,1,10,27.1,12.7,52,2.8
1969,2,2,31,17.7,44,2
1969,3,39,34.7,22.2,57,1.7
1969,4,46,36.4,24.5,55,1.4
1969,5,71,36.1,25.8,75,0.9
1969,6,129,34,26.5,125,-1.8
1969,7,288,31.3,26.3,116,-2.3
1969,8,408,30.3,25.4,117,-1.5
1969,9,344,31.1,25.7,103,-0.8
1969,10,102,30.4,23,107,-1.4
1969,11,54,29.4,17.9,77,-0.8
1969,12,1,27.2,14.1,52,-0.6
1970,1,8,26.5,14.1,46,-0.6
1970,2,35,30.1,17.1,59,0.2
1970,3,86,33.2,21.8,101,1.7
1970,4,33,36.3,25.1,47,1.2
1970,5,92,36.8,26.8,97,1
1970,6,416,33,25.4,136,2.5
1970,7,303,31.4,25.8,122,3.2
1970,8,307,31.2,26.2,111,3
1970,9,314,30.6,25.7,102,2.9
1970,10,265,29.9,23.3,106,3.3
1970,11,23,28.5,17.4,76,2.8
1970,12,0,26.9,13,49,2.3
1971,1,34,26.1,14.4,58,2.4
1971,2,54,28.7,16,71,2.6
1971,3,6,33.8,19.5,31,1.7
1971,4,106,33,22.8,114,2.7
1971,5,116,34,24.5,118,2.9
1971,6,463,31.7,24.9,121,4.8
1971,7,357,30.2,25.4,112,5.8
1971,8,365,29.7,25.2,107,6
1971,9,233,31.3,25.6,107,4.8
1971,10,291,30,23.3,104,5.3
1971,11,28,27.8,16.7,72,4.7
1971,12,0,27.1,13.4,48,4.1
1972,1,1,27.1,13.3,41,3.3
1972,2,43,27.2,14.8,63,3.2
1972,3,1,33.9,21.1,23,2.1
1972,4,15,35.8,24,26,1.3
1972,5,22,37.3,27.2,28,-2.5
1972,6,122,35.3,26.3,121,-3.4
1972,7,199,32.2,26.2,132,-4.5
1972,8,384,30.6,25.4,112,-4.7
1972,9,345,32.1,25.4,119,-3.9
1972,10,98,30.9,22.5,106,-4.1
1972,11,7,29.2,17.4,65,-4.2
1972,12,0,27.8,13.3,46,-4.2
1973,1,0,28,13.9,37,-4.3
1973,2,9,31.2,18,31,-4.7
1973,3,66,33,19.8,75,-3.8
1973,4,23,36.7,25.2,29,-4
1973,5,143,34.3,24.9,141,-2.8
1973,6,152,33.2,25.3,136,-3.3
1973,7,290,31.5,26.2,111,-3.5
1973,8,328,31.1,25.8,107,-3.1
1973,9,265,30.6,25.6,97,-3
1973,10,275,30,23.7,101,-1.8
1973,11,48,27.6,18.5,80,-1.3
1973,12,35,25.6,14.5,64,2.1
1974,1,1,26.1,12.9,46,1.8
1974,2,0,29.6,15.5,45,1.2
1974,3,131,33.2,21.2,131,2.8
1974,4,17,34.7,24.6,36,2.1
1974,5,82,35.1,25.7,89,1.8
1974,6,130,34.1,25.8,127,0.6
1974,7,276,30.6,25.5,110,-2
1974,8,332,31.2,26.1,106,-1.9
1974,9,323,31.1,25.3,99,-1.4
1974,10,292,31,24.1,103,1.3
1974,11,15,29.1,19,72,0.8
1974,12,0,25.7,12.7,49,-0.2
1975,1,8,26.6,13.4,42,-0.8
1975,2,25,29.8,17,51,-1
1975,3,16,34.7,21.2,31,-1.5
1975,4,15,36.6,24.6,24,-2.1
1975,5,52,36.2,25.9,55,-2.5
1975,6,263,33.8,26,148,-2.1
1975,7,303,30.5,25.4,127,-1.8
1975,8,320,31.1,25.9,120,-1.5
1975,9,238,30.7,25.4,109,-1.9
1975,10,242,30.7,24.2,107,-1.1
1975,11,52,27.9,17.5,85,-0.6
1975,12,0,26.3,12.5,52,0.1
1976,1,0,27.2,13.6,43,-0.3
1976,2,41,30.1,18,62,0.6
1976,3,17,34,22.1,40,0.1
1976,4,43,36.2,24.2,53,-0.2
1976,5,115,35.2,25.3,117,0.3
1976,6,125,34,25.6,122,-1
1976,7,329,31.8,25.8,128,-1.4
1976,8,440,30.8,25.4,113,1.3
1976,9,215,31.4,25.2,104,-0.7
1976,10,68,31.4,23.2,89,-1.4
1976,11,34,30.2,19.6,78,-1.3
1976,12,0,27.2,13.4,44,-1.6
1977,1,5,26.9,13.3,38,-1.8
1977,2,35,30,16.4,57,-1.8
1977,3,1,34.9,22.6,15,-2.5
1977,4,63,34.3,24,69,-2
1977,5,147,33.7,24.3,144,-0.9
1977,6,300,32.7,25.4,146,1.4
1977,7,410,31,26.2,115,2.7
1977,8,307,31.4,26.3,119,2.5
1977,9,281,31.6,25.9,113,2
1977,10,98,30.2,22.9,107,1.2
1977,11,58,28.8,19.6,76,1.6
1977,12,15,26.1,13.9,53,2
1978,1,1,25.8,12.7,46,1.7
1978,2,18,29,16.7,50,1.4
1978,3,62,33.1,19.6,83,1.7
1978,4,51,35.3,23.4,61,1.5
1978,5,117,35.3,25.5,119,1.8
1978,6,157,32.9,25.5,137,0.9
1978,7,281,31.4,25.7,112,-1.2
1978,8,272,31.4,26.4,112,-1.7
1978,9,504,30.7,25.7,102,2
1978,10,225,30.7,24,112,2.2
1978,11,23,30,19.1,66,1.9
1978,12,23,27.2,14.4,59,2.3
1979,1,31,27.6,14.9,59,2.5
1979,2,32,28.3,16.6,60,2.5
1979,3,7,33.8,20.7,37,1.8
1979,4,73,36.1,24.5,84,2.1
1979,5,30,37.8,26.9,37,0.9
1979,6,150,34.7,26.7,145,-1.8
1979,7,262,32.3,26.6,138,-2.6
1979,8,258,31.3,26.4,126,-3.9
1979,9,218,31.7,25.9,118,-4.3
1979,10,108,31.3,23.6,112,-4.5
1979,11,2,30.7,20.6,57,-4.5
1979,12,16,26.6,15.8,53,-3.9
1980,1,35,26.7,14.7,57,-3
1980,2,79,29.2,17.9,85,-1.6
1980,3,68,33,21.9,91,2.4
1980,4,25,36.9,26,43,1.8
1980,5,87,35.3,25.2,94,1.6
1980,6,341,33.3,26.4,110,2.6
1980,7,317,31.2,26.4,113,3.4
1980,8,280,31.2,26.4,119,2.8
1980,9,305,31.5,26.3,108,2.6
1980,10,159,30.3,23.4,109,2.2
1980,11,0,29.3,17.7,63,1.4
1980,12,5,27.1,15.2,46,1.1
1981,1,23,25.8,14.7,51,1.1
1981,2,57,28.9,17.9,70,1.6
1981,3,90,31.9,20.9,102,2.5
1981,4,116,32.6,23,122,3.7
1981,5,194,33.6,24.9,153,5
1981,6,142,33.8,26.5,138,3.8
1981,7,309,30.8,26.2,117,3.2
1981,8,269,31.6,26.6,121,2.5
1981,9,363,31,25.8,109,2.9
1981,10,13,31.6,23.1,78,1.4
1981,11,0,29.7,17.2,55,-2.3
1981,12,31,25.6,14.4,52,-2.1
1982,1,1,27.6,14.5,27,-2.6
1982,2,57,28.5,17.9,63,-2
1982,3,73,31.3,20.2,81,-1.2
1982,4,55,34.8,23.9,60,-1
1982,5,40,37.4,26.7,43,-1.7
1982,6,209,33.7,25.7,147,-1.8
1982,7,146,32.7,27,139,-3.1
1982,8,406,30.7,26,110,-3.3
1982,9,205,32,25.9,125,-4
1982,10,23,31.6,23.1,81,-4.7
1982,11,34,28.4,17.6,63,-4.3
1982,12,0,26.7,13.4,39,-4.4
1983,1,14,26.2,13.7,39,-4.2
1983,2,99,28.1,17.2,94,-2.5
1983,3,49,32.6,21.9,69,-2
1983,4,57,35.2,23.7,67,-1.6
1983,5,147,35.2,25.1,145,-0.6
1983,6,172,35.2,26.6,155,-1.2
1983,7,211,32.3,26.7,128,-2.3
1983,8,423,31.2,26.4,111,-1.9
1983,9,279,31.3,26.2,106,-1.9
1983,10,238,30.3,23.7,108,-1.2
1983,11,3,29.7,18.2,67,-1.6
1983,12,8,26.4,13.7,49,-1.5
1984,1,38,26,13.8,57,-0.9
1984,2,8,28.1,16.4,41,-1.1
1984,3,0,34.8,20.5,20,-1.8
1984,4,42,36.4,24.6,51,-1.8
1984,5,67,35.4,26.5,71,-2
1984,6,399,32.1,25.2,113,1.7
1984,7,314,31.1,25.9,124,2.5
1984,8,515,31.2,26,117,4.5
1984,9,201,31.2,25.2,122,3
1984,10,105,31.2,24,106,2.1
1984,11,2,29.5,16.7,66,1.3
1984,12,1,27.3,14,44,0.8
1985,1,19,26.9,15.2,45,0.7
1985,2,31,29.8,16.8,54,0.6
1985,3,9,34.7,23,27,-2.3
1985,4,29,36.7,25.3,38,-2.4
1985,5,59,35.3,25.2,63,-2.6
1985,6,202,34.3,26.3,143,-2.7
1985,7,248,30.7,25.5,113,-3.1
1985,8,341,31.6,26.2,118,-2.6
1985,9,303,31.2,25.6,104,-2.3
1985,10,257,31.2,23.2,109,-1.4
1985,11,4,29.7,17.5,64,-1.7
1985,12,0,28.4,14.9,46,-1.8
1986,1,38,27.1,14.6,60,-1.3
1986,2,11,30.2,17.2,41,-1.5
1986,3,6,35,21,25,-2.1
1986,4,74,35.7,23.8,81,-1.4
1986,5,114,35.4,24.7,115,-0.9
1986,6,288,34.5,26.4,139,1
1986,7,368,31.3,25.5,119,1.9
1986,8,254,32.2,26,124,1.2
1986,9,487,31,25,105,2.9
1986,10,225,30.3,22.6,109,3
1986,11,191,28.9,19.3,87,5.8
1986,12,7,27.2,15.7,57,5.7
1987,1,4,27.3,14.2,55,5.2
1987,2,3,30.7,17.9,48,4.3
1987,3,13,33.6,21.2,40,3.5
1987,4,64,35.5,24.4,75,3.4
1987,5,69,36.4,25.9,74,2.7
1987,6,132,35.4,27,131,1.3
1987,7,314,31.5,26.1,128,-2.2
1987,8,392,31.6,26,122,-1.5
1987,9,170,31.7,26,116,-2.6
1987,10,118,32,23.8,116,-2.9
1987,11,47,29.6,19.5,77,-2.3
1987,12,5,27.8,15.5,56,-1.8
1988,1,1,27.6,14.6,44,-1.9
1988,2,41,30.6,18,63,-1.6
1988,3,43,33.3,21.7,63,-1.3
1988,4,50,36.4,25,60,-1.1
1988,5,110,35.1,26.8,112,-0.7
1988,6,334,32.8,25.6,120,1.6
1988,7,311,31.5,26.5,118,2.4
1988,8,253,31.5,26.7,113,1.7
1988,9,298,32.2,26.2,107,1.5
1988,10,113,31.3,23.8,113,0.8
1988,11,74,29.8,19,93,1.5
1988,12,0,27.9,16.8,55,1.5
1989,1,1,26,13,44,1.1
1989,2,5,30,17.6,44,-0.6
1989,3,5,33.9,20.8,22,-1.4
1989,4,12,37.3,25.4,22,-2
1989,5,182,36.4,26.7,173,1.3
1989,6,286,33.4,25.6,138,1.6
1989,7,340,31.6,26.2,114,2.4
1989,8,267,31.8,26.4,106,1.9
1989,9,285,31.4,26,102,1.6
1989,10,179,30.6,24.2,101,1.5
1989,11,1,29.6,18.4,63,0.8
1989,12,2,26.8,14,49,-0.3
1990,1,0,27.1,14.6,40,-1.3
1990,2,64,29.2,18.7,70,0.6
1990,3,106,31.2,21.2,107,2.1
1990,4,71,34.1,24.7,86,2.4
1990,5,158,34.5,25.6,140,3.4
1990,6,255,33.6,26.4,118,3.5
1990,7,422,30.9,25.9,106,4.9
1990,8,277,31.6,26.5,114,4.1
1990,9,273,31.6,26.3,101,3.6
1990,10,171,29.7,23.2,100,3.2
1990,11,50,29.8,19.8,79,3.3
1990,12,2,27.4,15.1,55,3.1
1991,1,65,25.5,14.5,72,4
1991,2,18,31.1,19.1,57,3.7
1991,3,31,33.9,22.8,63,3.4
1991,4,30,35.3,24.9,45,2.9
1991,5,35,35.2,26.7,42,1.8
1991,6,234,33,25.4,134,1.6
1991,7,378,32,26.6,119,2.2
1991,8,335,31.4,26.3,109,2.4
1991,9,250,31.4,25.5,115,1.7
1991,10,176,30.3,23.6,100,1.5
1991,11,45,28.5,17.6,75,1.7
1991,12,14,26.1,13.9,55,2
1992,1,20,25.2,13.6,53,2.1
1992,2,66,27.6,16.9,77,2.9
1992,3,0,33.7,21.6,43,2.3
1992,4,10,37.1,24.8,27,1.5
1992,5,191,35.2,25.4,168,2.8
1992,6,231,34.2,26,144,2.6
1992,7,329,31.6,26.1,125,2.7
1992,8,285,31.3,25.9,113,2.3
1992,9,247,31.4,25.5,112,1.6
1992,10,133,30.7,23.2,115,1
1992,11,2,29.3,18,63,-1.4
1992,12,0,26.3,13.2,48,-1.5
1993,1,15,26.5,14.4,46,-1.5
1993,2,16,30.1,18.6,46,-1.9
1993,3,42,32.6,19.9,55,-1.7
1993,4,99,34.3,23.5,103,-0.6
1993,5,84,34.5,25.3,86,0
1993,6,299,33.5,26.3,135,1.3
1993,7,281,31.9,26.3,124,1.4
1993,8,370,30.9,26,117,2
1993,9,321,31,25.2,102,2.1
1993,10,152,30.9,23.4,102,1.7
1993,11,24,29,18,66,1.5
1993,12,0,27,14.3,49,1.3
1994,1,9,27,14.2,48,1
1994,2,55,27.9,17.7,67,1.4
1994,3,10,33.8,21.9,37,0.8
1994,4,74,35.4,24,84,1.3
1994,5,61,36.1,26.2,67,0.8
1994,6,213,33.2,26.1,128,0.6
1994,7,266,31.3,26.1,111,-0.3
1994,8,380,31.1,26,107,0.9
1994,9,222,32,25.3,114,-0.7
1994,10,132,31.3,23,105,-1
1994,11,10,28.4,18.1,61,-1.2
1994,12,0,26.9,13.5,49,-1.3
1995,1,31,25.6,13.6,56,-0.8
1995,2,42,29.7,18,62,0.3
1995,3,26,33.8,21.1,51,-0.1
1995,4,11,36.9,24.8,24,-0.7
1995,5,93,35.7,26.5,97,0.2
1995,6,143,34.5,27.1,137,-1.2
1995,7,256,31.7,25.8,117,-2
1995,8,233,31.9,26.1,119,-3.3
1995,9,416,31.2,25.7,108,-1.8
1995,10,275,30.9,23.4,99,-0.8
1995,11,165,28.6,18.9,100,4.2
1995,12,0,27,14,56,4.1
1996,1,32,26.8,14.9,61,4.4
1996,2,13,30,16.7,55,4
1996,3,6,34.3,22.6,43,3.2
1996,4,53,35.9,23.9,67,3.1
1996,5,42,36.7,26.5,50,2
1996,6,235,33.7,25,137,1.9
1996,7,171,32.2,25.9,122,0.6
1996,8,301,31,25.4,114,-2.2
1996,9,139,31.3,26.3,117,-3.5
1996,10,193,31.1,22.5,111,-3.1
1996,11,5,30.2,17.4,64,-3.2
1996,12,0,27.4,13.3,51,-3.2
1997,1,49,26.3,13.2,64,-2.2
1997,2,21,28.5,16.7,52,-2.1
1997,3,60,33.4,21.8,78,-1.5
1997,4,127,33.5,22.2,127,2.3
1997,5,67,36,25.6,72,1.8
1997,6,163,34.9,26.4,147,0.9
1997,7,318,31.9,25.7,115,-1.3
1997,8,541,31.5,26,114,2.5
1997,9,360,31.4,25.3,113,2.8
1997,10,52,31.2,22.4,90,1.6
1997,11,17,30.1,19.3,60,1.1
1997,12,21,26.1,15.4,51,1.1
1998,1,40,25.4,14.6,56,1.4
1998,2,71,29.4,18.3,76,2.2
1998,3,109,32.6,20.3,113,3.7
1998,4,92,34.8,24.3,108,4.4
1998,5,68,36.2,26.4,79,3.8
1998,6,201,35.8,27,141,3.1
1998,7,278,32.1,25.9,120,2.3
1998,8,240,31,26.9,120,1.4
1998,9,325,32.2,25.8,108,1.5
1998,10,346,32.2,24.7,102,2.8
1998,11,125,29.4,19.7,99,4.3
1998,12,0,27.3,14,62,4.2
1999,1,0,27.2,13.4,52,3.6
1999,2,0,31.4,18,44,2.7
1999,3,2,35.2,21.9,23,1.7
1999,4,3,37.2,26.1,14,0.6
1999,5,189,35.2,25.6,161,2
1999,6,233,33.9,25.8,131,2
1999,7,277,32.1,25.7,115,1.9
1999,8,408,30.8,26.4,116,2.8
1999,9,415,31.2,25.1,109,3.6
1999,10,258,31.2,23.8,105,3.9
1999,11,20,29.9,17.5,70,3.3
1999,12,0,27.7,14.6,51,2.8
2000,1,6,26.8,14,45,2.2
2000,2,35,27.9,17.7,53,2
2000,3,5,32.7,21.2,24,1.2
2000,4,45,35.6,24.4,53,0.9
2000,5,128,35,25.4,128,1.5
2000,6,232,33.7,25.2,132,1.3
2000,7,250,32.1,26.1,114,0.7
2000,8,180,31.9,25.9,122,-2
2000,9,192,31.4,25.4,110,-2.8
2000,10,112,31.1,23.8,109,-3
2000,11,9,29.8,18.5,62,-3.1
2000,12,0,27,13.5,50,-3
2001,1,0,27.7,13.3,42,-3.2
2001,2,3,31.2,17.3,29,-3.7
2001,3,70,34.3,21.4,80,-2.8
2001,4,24,35.6,24.8,31,-2.9
2001,5,143,35.5,26.4,141,-1.8
2001,6,433,32.6,24.9,111,2.7
2001,7,184,31.5,25.9,106,2.4
2001,8,294,31.1,27,113,2.1
2001,9,175,32,27.1,117,0.7
2001,10,213,31.2,24.7,105,0.9
2001,11,44,30.7,19.7,73,1.1
2001,12,0,27.7,14.3,55,1.1
2002,1,50,27,15,69,1.9
2002,2,1,30.7,17.6,44,1.3
2002,3,12,34.6,21.9,37,0.7
2002,4,44,35.6,24.4,55,-0.1
2002,5,128,36,26.8,130,0.5
2002,6,251,33.8,26.4,136,0.6
2002,7,349,31.2,27.1,122,1.1
2002,8,397,30.9,26.3,103,2.2
2002,9,287,31.3,26.3,100,1.9
2002,10,94,31.5,23.7,103,1.1
2002,11,90,30,18.2,94,2.1
2002,12,0,28,15.2,52,2.1
2003,1,0,27.1,12.5,48,1.7
2003,2,18,30.5,18.2,46,1.5
2003,3,50,32.7,21.2,72,1.7
2003,4,23,36.3,25.3,35,1.1
2003,5,66,35.9,27,71,0.6
2003,6,326,34.3,27.4,139,1.3
2003,7,273,31.6,26.8,107,1.7
2003,8,285,31.9,26.6,112,1.4
2003,9,256,31.7,26.4,103,0.9
2003,10,482,31.2,24,97,3.4
2003,11,35,29.7,18.8,71,3.2
2003,12,17,25.8,14.4,58,3.4
2004,1,5,26.4,13.7,47,2.9
2004,2,3,29.8,16.9,40,2.2
2004,3,16,35.4,21.8,35,1.4
2004,4,112,35.5,24.8,118,2.4
2004,5,46,36.1,27.1,51,1.5
2004,6,192,33,26.4,137,1
2004,7,170,31.2,26.8,116,-2
2004,8,318,31.4,26.1,105,-2.7
2004,9,350,32.1,25.8,107,-1.9
2004,10,346,30.4,23.1,107,1.9
2004,11,0,29,18.6,60,1.1
2004,12,0,28.6,14.8,47,0.7
2005,1,26,26.8,15.1,52,0.8
2005,2,0,30.7,18.8,34,-1.3
2005,3,85,34.6,22.1,97,0.8
2005,4,75,35.9,24.5,80,1.2
2005,5,99,35.6,26.3,100,1.1
2005,6,191,35,27.6,155,-0.6
2005,7,258,31,26.6,119,-1.2
2005,8,281,31.3,27,120,-1.9
2005,9,433,31.9,25.5,113,1.3
2005,10,260,29.6,24.5,92,1.9
2005,11,0,29.4,17.3,63,1.2
2005,12,0,27.7,14.6,50,0.7
2006,1,0,28.8,13.3,41,-1.4
2006,2,0,33.3,18.7,23,-2.3
2006,3,20,34.3,21.8,31,-2.5
2006,4,37,35.1,24.9,43,-2.5
2006,5,131,35.2,26.2,130,-1.6
2006,6,215,33.6,26.3,137,-1.6
2006,7,400,31.6,26,105,-0.6
2006,8,501,31.1,26.2,113,3.2
2006,9,461,31.9,26.3,107,4.5
2006,10,139,31.1,24.7,113,3.7
2006,11,15,29.1,20.1,62,3
2006,12,0,28.5,15.3,51,2.6
2007,1,0,27.9,13.5,43,1.9
2007,2,87,29.3,17.9,87,2.8
2007,3,14,33.6,20.2,41,2.2
2007,4,49,36.3,24.3,60,2
2007,5,117,35.7,26.1,119,2.4
2007,6,210,34,26.1,142,1.9
2007,7,364,31.1,26.7,114,2.1
2007,8,416,31.6,27.2,112,3.2
2007,9,534,31.4,26.6,101,5.2
2007,10,106,31.1,24.3,106,4
2007,11,17,29.9,18.7,69,3.4
2007,12,0,28.1,14.5,50,2.8
2008,1,44,27.2,14.9,64,3.1
2008,2,38,28.7,16.2,59,3
2008,3,8,34.4,21.7,31,2.3
2008,4,75,35.5,25.1,83,2.6
2008,5,135,35.4,26.7,135,3
2008,6,495,32,25.5,120,5.2
2008,7,227,30.8,26,114,4.9
2008,8,325,30.8,27,111,4.7
2008,9,446,31.4,26.4,108,5.7
2008,10,102,31.3,23.7,105,4.5
2008,11,2,30.1,19.2,62,3.5
2008,12,0,28.4,16,42,2.8
2009,1,0,29.3,15.4,38,2
2009,2,0,32.2,18.7,27,0.9
2009,3,19,34.9,21.5,31,-2.6
2009,4,0,37.5,25.8,8,-3.3
2009,5,152,35.5,26.7,149,-2
2009,6,97,34.8,27.9,97,-3.2
2009,7,352,31.8,26.5,109,-3.1
2009,8,318,31.5,27.1,116,-2.6
2009,9,334,32.1,26.7,107,-2
2009,10,102,31.1,23.8,108,-2.4
2009,11,66,30.9,19.1,83,-1.5
2009,12,0,27.7,15.3,49,-1.2
2010,1,3,27,12.6,49,-1.2
2010,2,9,31.9,17.2,44,-1.5
2010,3,8,35.9,22.8,27,-2
2010,4,8,37.9,25.7,19,-2.7
2010,5,225,35.8,26.8,178,-0.6
2010,6,260,33.8,27.2,144,2
2010,7,221,31.7,27.5,123,1.5
2010,8,266,31.5,27.7,121,1
2010,9,379,31.4,26.8,108,1.7
2010,10,166,31.1,25,103,1.5
2010,11,24,30.7,20.6,67,1.2
2010,12,23,27,14.6,62,1.7
2011,1,0,26.7,13.1,46,1.2
2011,2,38,31.5,16.7,61,1.2
2011,3,15,33.9,21.9,37,0.6
2011,4,50,34.9,24.5,59,0.7
2011,5,151,35.2,26.3,147,1.6
2011,6,337,33.3,26.4,131,2.3
2011,7,256,31.3,27.2,122,2.5
2011,8,416,31.2,26.6,101,3.6
2011,9,365,31.4,26.2,97,4
2011,10,37,31.5,24.3,82,2.6
2011,11,0,29.5,19.1,53,1.5
2011,12,0,27.7,14.5,42,0.6
2012,1,53,25.2,13.3,62,1.1
2012,2,6,29.3,16.9,29,-2.1
2012,3,0,34.8,21.3,12,-2.8
2012,4,123,34.7,24.1,125,-1.2
2012,5,40,36.4,26.8,44,-1.8
2012,6,199,34.6,27.7,154,-2.1
2012,7,312,31.2,26.4,115,-2.2
2012,8,245,31.2,26.5,113,-2.5
2012,9,262,31.1,25.9,102,-2.5
2012,10,113,30.7,22.3,111,-2.8
2012,11,86,29.9,17.1,89,-1.4
2012,12,10,27.7,13.8,59,-0.7
2013,1,7,26.9,12.8,50,1.6
2013,2,10,29.4,16.5,47,1.3
2013,3,3,34,20.8,33,0.7
2013,4,60,35.1,24.1,72,0.9
2013,5,104,34.3,25.9,108,1.1
2013,6,313,33.9,25.5,130,1.7
2013,7,257,31.9,26.1,117,1.8
2013,8,333,31.2,25.8,115,2
2013,9,353,31.6,25.7,101,2.4
2013,10,252,29.5,23.2,88,2.9
2013,11,0,28.6,16.2,64,2
2013,12,0,25.7,13.8,46,1.5
2014,1,3,24.4,13.3,39,0.9
2014,2,53,27.8,16.6,66,1.1
2014,3,52,32.9,20.4,69,1.3
2014,4,68,37,24.6,76,1.6
2014,5,187,36.5,26.2,178,2.7
2014,6,166,34.2,26,151,1.8
2014,7,323,32,26.3,109,1.4
2014,8,237,31.5,26.1,117,-1.4
2014,9,374,31.6,25.7,107,0.8
2014,10,110,30.9,22.7,105,-0.5
2014,11,0,28.5,17.2,59,-1
2014,12,0,25.6,13.9,46,-1.1
2015,1,15,25.2,13.8,45,-1.1
2015,2,31,28.9,17.4,54,-1
2015,3,40,33,20.7,58,-0.8
2015,4,141,33.9,23.6,137,1.9
2015,5,57,36.2,26.2,64,1.3
2015,6,182,34,26,140,0.7
2015,7,384,31.6,25.7,110,1.1
2015,8,311,31.7,26.2,121,1
2015,9,202,32,25.7,111,-1.1
2015,10,95,31.1,23.3,98,-1.6
2015,11,23,29.5,18,63,-1.5
2015,12,5,26.7,14.3,44,-1.3
2016,1,6,24.8,13.6,42,-0.6
2016,2,69,30.1,19.4,74,1
2016,3,23,33.6,22.3,57,1.1
2016,4,24,36.2,25.5,38,-0.6
2016,5,150,35.4,25.6,146,0.4
2016,6,245,34.5,26,136,-0.3
2016,7,264,31.5,26,109,0.1
2016,8,428,31.9,26.2,113,0.6
2016,9,254,31.6,25.8,95,1
2016,10,119,31.1,23.5,105,0.7
2016,11,61,28.3,17.5,80,-0.3
2016,12,0,26.6,14.6,54,-0.7
2017,1,2,26.2,13.5,47,-1
2017,2,3,29.7,17.4,41,-1.7
2017,3,76,31.4,20.8,90,-1.8
2017,4,52,34.4,24.6,61,-2.1
2017,5,68,36.2,26.3,72,-2.3
2017,6,181,34.3,25.9,135,-1.9
2017,7,422,31.3,26,106,-1
2017,8,323,31.7,26.1,117,-0.6
2017,9,269,31.9,25.8,107,-0.9
2017,10,315,30.5,23.8,101,1.6
2017,11,53,29.4,18.4,80,1.5
2017,12,18,26.9,15.5,60,1.5
2018,1,1,25.4,13.1,46,1.8
2018,2,4,29.7,18.1,42,1.2
2018,3,6,33.7,21.9,28,0.8
2018,4,86,34.3,23.3,94,2.6
2018,5,176,34.5,24.9,162,2.5
2018,6,257,34.4,25.7,141,2
2018,7,400,31.7,25.9,114,2
2018,8,276,31.8,26,114,2.7
2018,9,311,32.1,25.6,112,2.5
2018,10,146,30,22.5,108,2.8
2018,11,7,29,17,60,2.4
2018,12,6,25.9,13.8,50,2.4
2019,1,2,25.4,12.8,41,0.9
2019,2,76,29,16.9,80,1.7
2019,3,48,32.7,20.5,70,2
2019,4,50,35.4,24.2,63,2
2019,5,130,36,26.2,133,2.4
2019,6,254,34.8,26.9,147,2.2
2019,7,151,32.7,27.2,137,0.9
2019,8,451,31.9,26.8,114,1.3
2019,9,423,31.8,26.1,101,2.4
2019,10,288,31.2,23.8,97,3.2
2019,11,75,29.7,18.8,85,3.7
2019,12,11,27,14.3,54,3.9
