Product: Historical Climate - TerraClimate(http://www.climatologylab.org/terraclimate.html) 
Location (Lat/Lon of 4-km Grid Cell Center): 22.1042 North,84.0625 East 
Data Source: NW Climate Toolbox(https://climatetoolbox.org/tool/point-data-download)
Download Date: 07/24/2020
Variable List: 
ppt: ppt (Precipitation)
tmax: tmax (Maximum Temperature)
tmin: tmin (Minimum Temperature)
aet: aet (Actual Evapotranspiration)
PDSI: pdsi (Palmer Drought Severity Index (PDSI))
********************************************************
Year,Month,ppt(mm),tmax(degC),tmin(degC),aet(mm),PDSI(unitless)
1958,1,25,29.4,13.2,55,0.3
1958,2,23,31,15.5,53,0.5
1958,3,26,37.6,19.1,54,0.6
1958,4,12,40.9,24.5,26,-0.1
1958,5,6,42.6,28.2,15,-0.8
1958,6,113,40.1,28.3,114,-1.9
1958,7,532,31.3,24.8,105,-1.4
1958,8,365,30.8,24.7,109,-1.8
1958,9,328,31,23.7,103,-0.8
1958,10,124,31.2,21.8,114,2
1958,11,6,29.3,16.2,66,2.3
1958,12,0,27.8,12.7,45,2.3
1959,1,24,27.9,12.9,53,2.5
1959,2,4,30.5,14.3,44,2.1
1959,3,2,36.6,19.5,27,1.3
1959,4,13,39.9,24.3,26,1.2
1959,5,28,42.2,27.5,36,1.1
1959,6,156,37.1,26.8,152,-1.1
1959,7,396,30.6,24.7,105,-1.5
1959,8,391,30.3,24.4,105,-1.6
1959,9,235,30.2,23.8,92,-1.8
1959,10,135,30.4,22.4,102,1.6
1959,11,0,28.6,14.8,56,1.7
1959,12,2,27,11.8,44,1.9
1960,1,3,27.9,11.8,41,1.6
1960,2,0,32.5,14.8,39,1.1
1960,3,45,34.9,18.7,68,1.7
1960,4,6,41,23.6,19,1.2
1960,5,12,41.8,27.6,20,0.7
1960,6,194,37.9,27.2,172,-0.3
1960,7,498,30.3,24.6,102,0.3
1960,8,460,30.5,24.9,102,0.8
1960,9,206,30.6,24.5,99,-0.9
1960,10,56,31,21.1,91,-0.9
1960,11,0,28.5,14.2,51,-0.9
1960,12,2,28.1,11.4,39,-0.9
1961,1,37,28.2,13,55,0.7
1961,2,56,28.5,14.2,69,2
1961,3,6,36.4,21.4,38,1.6
1961,4,1,40.6,24.1,17,1.1
1961,5,26,41.8,27.4,34,1.1
1961,6,285,36,25.8,166,1.5
1961,7,369,30.5,24.2,102,1.4
1961,8,508,30.6,24.8,102,2.2
1961,9,378,30.2,23.6,93,3.7
1961,10,87,30.6,20.8,99,3.8
1961,11,1,27.9,14,54,3.7
1961,12,3,25.9,9.5,44,3.5
1962,1,11,26.8,10.1,44,3.2
1962,2,16,30.2,14,44,3
1962,3,26,37,18,50,2.9
1962,4,17,39.4,23.5,30,2.8
1962,5,7,41.3,26.8,15,1.9
1962,6,197,37.1,26.8,161,1.5
1962,7,402,31.5,24.8,119,1.1
1962,8,278,30.3,24.3,104,-2.2
1962,9,318,30.7,23.7,107,-1.3
1962,10,63,30.2,20.7,96,-1.3
1962,11,0,29.1,14.2,51,-1.2
1962,12,4,27.6,11.4,41,-1.1
1963,1,2,27.1,10.2,37,-1.4
1963,2,4,32.2,14.2,34,-1.7
1963,3,35,36.2,18.4,51,-1.3
1963,4,16,38.9,22.3,26,-1.1
1963,5,52,40.5,26,57,1.1
1963,6,188,36.3,25.9,171,0.6
1963,7,338,30.6,24.5,114,-1.1
1963,8,498,30.6,24.5,103,0.8
1963,9,309,31.2,23.8,106,1.2
1963,10,160,31.4,21.7,111,3.1
1963,11,1,30,16,61,3.1
1963,12,0,27.7,12.2,45,3
1964,1,1,28.1,12.5,44,2.4
1964,2,21,31.3,15.3,48,2.4
1964,3,3,37.4,20.6,28,1.6
1964,4,18,39.7,24.7,30,1.6
1964,5,31,41.5,26.9,38,1.5
1964,6,212,37.3,26.6,164,1.3
1964,7,494,29.8,23.8,116,1.5
1964,8,517,30.3,24.4,98,2.4
1964,9,275,30.7,23.9,102,2.2
1964,10,59,30.7,22.4,92,1.9
1964,11,6,28.4,15.4,59,1.9
1964,12,0,27.5,11.9,42,1.5
1965,1,7,28.3,12.8,39,1.1
1965,2,6,30.9,14.5,37,-1
1965,3,26,35.8,17.9,41,-0.9
1965,4,21,38.8,23.2,30,-0.6
1965,5,10,42.1,27.5,16,-1
1965,6,89,38.5,27.8,89,-2.3
1965,7,442,31,24.7,116,-2.4
1965,8,311,30.8,24.9,118,-3.3
1965,9,254,30.7,23.8,107,-3.2
1965,10,37,31.6,21.7,88,-3.5
1965,11,0,29.9,15.5,53,-3.5
1965,12,3,26.8,12.4,41,-3.5
1966,1,63,27.2,12.5,70,-1.7
1966,2,10,32.4,15.5,42,-1.9
1966,3,1,37.1,19.4,20,-2.4
1966,4,4,40.9,24.3,15,-2.5
1966,5,6,42.8,27.8,13,-3
1966,6,279,37.3,26.8,179,-2.3
1966,7,242,32.1,25.1,118,-2.9
1966,8,269,30.7,24.5,109,-4.2
1966,9,191,31.2,24.1,114,-5.1
1966,10,24,31.5,21.3,83,-5.4
1966,11,9,29.8,16.7,55,-5.1
1966,12,7,26.8,11.5,41,-4.7
1967,1,30,27.2,12.9,51,-3.9
1967,2,0,32.2,15.1,30,-4.2
1967,3,75,34.1,18.8,87,-2.4
1967,4,19,39.3,22.1,28,-2
1967,5,8,42.1,27.4,14,-2.4
1967,6,206,38.6,27.2,178,-2.4
1967,7,413,31.4,24.8,122,-2.5
1967,8,583,30.2,24.2,104,-0.6
1967,9,326,30.5,23.9,106,2.2
1967,10,18,31.4,21.1,81,1
1967,11,0,29.5,14.1,49,-1.4
1967,12,9,28.6,13.1,41,-1.4
1968,1,29,27.2,11.8,51,-1
1968,2,22,30.3,14,43,-0.9
1968,3,21,35.8,19,38,-1.1
1968,4,5,38.7,22.8,15,-1.3
1968,5,4,42.1,27,11,-2
1968,6,267,35.9,26.2,165,-1.4
1968,7,372,30.4,24.7,119,-1.4
1968,8,313,30.8,24.6,115,-2.3
1968,9,222,31.6,24.4,112,-2.9
1968,10,97,30.6,21,109,-2
1968,11,4,29,15.7,59,-1.4
1968,12,2,28,12.2,46,-1.1
1969,1,6,28.1,11.4,42,-1.2
1969,2,4,32,15.5,38,-1.5
1969,3,10,37.7,21.2,28,-1.9
1969,4,7,40.7,24.3,18,-2
1969,5,36,41,25.9,42,-1.5
1969,6,135,37.6,27.1,133,-2.2
1969,7,547,30.5,24.5,111,-1.6
1969,8,449,30.1,24.3,107,-1.1
1969,9,270,30.4,23.8,105,-1.1
1969,10,22,31.3,21.4,81,-1.8
1969,11,9,30,16.3,54,-1.8
1969,12,4,27.2,11.6,37,-1.9
1970,1,21,27.4,12.8,46,-1.6
1970,2,28,30.8,15,49,-1.3
1970,3,54,35.3,20,70,0.8
1970,4,8,40.1,24.3,18,-0.3
1970,5,33,42.3,27.4,39,0.6
1970,6,377,35.4,25,169,1.9
1970,7,390,30.8,24.3,117,2.3
1970,8,440,30.5,24.6,110,2.3
1970,9,308,30.1,24,105,2.5
1970,10,53,30.8,21.7,92,2
1970,11,1,28.3,14.7,58,1.6
1970,12,0,27,10.5,37,1.2
1971,1,34,26.8,12.6,54,1.6
1971,2,29,29.9,14.1,50,1.8
1971,3,6,35.6,17.9,28,1.1
1971,4,31,36.8,22.7,42,1.7
1971,5,59,39.1,25,64,2.7
1971,6,558,34,24.5,157,5.5
1971,7,472,29.6,23.7,114,6.2
1971,8,559,29.4,24,106,7
1971,9,198,30.8,23.8,109,5.1
1971,10,109,30.4,21.3,110,5.6
1971,11,0,27.8,14.3,59,5.3
1971,12,0,27,10.7,44,5
1972,1,6,27.3,11.2,40,4.4
1972,2,46,28.4,13.2,64,5
1972,3,1,36.1,19.6,32,4.2
1972,4,15,39.8,23.2,30,4
1972,5,4,42.7,27.7,13,2.8
1972,6,99,39.5,27.6,101,1.2
1972,7,333,31.8,24.9,129,-2.8
1972,8,454,30.4,24.3,117,-2.6
1972,9,299,31.3,23.2,116,-2.1
1972,10,85,31.4,20.3,103,-1.5
1972,11,7,29.1,14.7,59,-0.9
1972,12,0,28.4,12,46,-0.7
1973,1,4,28.9,12.6,41,-1
1973,2,6,32,15.9,38,-1.3
1973,3,24,35.8,19,41,-1.2
1973,4,4,41.1,25.2,14,-1.6
1973,5,20,41.8,27.7,26,-1.7
1973,6,162,37.1,26.3,157,-2.1
1973,7,372,31,24.6,115,-2.6
1973,8,452,30.5,24.3,106,-2
1973,9,269,30.2,24,102,-1.8
1973,10,140,30.4,21.7,110,1.9
1973,11,2,27.2,15.8,59,2.1
1973,12,13,26,12.3,50,2.7
1974,1,0,26.7,11.3,42,2.2
1974,2,3,30.6,13.5,40,1.8
1974,3,39,36.2,20.7,63,2.1
1974,4,2,39.3,25,16,1.4
1974,5,15,41.1,26.9,23,0.9
1974,6,133,37.8,26.6,132,-1.5
1974,7,440,30.7,24.5,117,-1.7
1974,8,366,30.6,24.4,106,-2
1974,9,213,31.2,23.9,103,-2.6
1974,10,94,31.4,22.1,104,-1.7
1974,11,3,28.3,15.6,62,-1.2
1974,12,0,26,10.4,43,-1
1975,1,16,26.7,11.3,46,-0.8
1975,2,14,30.3,14.7,45,-0.7
1975,3,34,36.7,19.5,55,0.2
1975,4,4,40.8,24.3,16,-0.4
1975,5,13,42.7,27.6,20,-0.8
1975,6,251,36.8,26.1,183,-0.6
1975,7,472,30,24.1,123,0.3
1975,8,330,30.5,24.3,117,-1.2
1975,9,318,30.3,23.4,111,0.6
1975,10,87,31.3,22.5,102,1
1975,11,4,27.7,14.9,62,1.2
1975,12,0,26.6,10.3,42,1.1
1976,1,1,27.3,11.4,39,0.6
1976,2,7,30.6,15.6,38,-0.4
1976,3,7,36,20.4,25,-1.2
1976,4,19,39.6,23.3,29,-1
1976,5,20,41.2,26.5,26,-1.1
1976,6,101,37.6,26.4,101,-2.1
1976,7,462,31.2,24.2,119,-2.1
1976,8,485,30.3,24.1,107,-1.2
1976,9,417,30.9,23.4,104,2.7
1976,10,16,32.2,21.6,75,1.4
1976,11,4,30.8,17.7,58,0.9
1976,12,0,28.2,11.9,36,-1.7
1977,1,16,27.5,11.8,40,-1.6
1977,2,7,31.1,14.7,32,-2.2
1977,3,1,37.2,21.3,14,-2.8
1977,4,28,38.6,24,35,-2.1
1977,5,76,39.7,25.4,79,2
1977,6,231,36.4,26.2,189,1.7
1977,7,595,30.4,24.6,115,2.4
1977,8,445,30.7,24.7,111,2.4
1977,9,311,30.7,23.7,114,2.5
1977,10,57,30.8,21.2,97,2.1
1977,11,15,29.3,17.7,58,2.2
1977,12,6,26.4,11.7,43,2.1
1978,1,9,26.6,11.1,41,1.8
1978,2,47,29.4,14.4,63,2.5
1978,3,47,34.9,18.1,70,3
1978,4,27,39.3,23.2,39,3.2
1978,5,19,41.9,27.5,27,2.7
1978,6,337,36.7,26.4,168,3.4
1978,7,359,30.5,23.9,111,3.3
1978,8,406,30.2,24.3,104,2.9
1978,9,381,30.2,23.9,108,4.1
1978,10,72,30.9,21.8,100,3.8
1978,11,2,30.1,17,53,3.4
1978,12,21,26.9,11.8,51,3.9
1979,1,10,27.9,13,44,3.4
1979,2,20,29,14.4,48,3.3
1979,3,2,35.3,19,26,2.4
1979,4,21,39.7,24.1,33,2.5
1979,5,6,42.2,26.3,14,1.5
1979,6,182,37.9,26.9,174,0.9
1979,7,383,31.8,25.1,133,-1.9
1979,8,254,31.1,25.1,126,-3.4
1979,9,191,31.6,24.5,120,-4.5
1979,10,34,32.1,22.1,90,-4.7
1979,11,7,30.9,18.3,52,-4.4
1979,12,6,26.9,13.7,42,-4.1
1980,1,27,27.5,13.3,49,-3.4
1980,2,22,30.4,16.2,48,-3.1
1980,3,22,35.3,20.7,38,-2.9
1980,4,8,40.5,25.4,19,-2.9
1980,5,15,42.2,27.4,21,-3
1980,6,363,35.8,26,139,-1.3
1980,7,465,30.3,24.5,105,2.5
1980,8,385,30.2,24.5,101,2
1980,9,247,30.9,24.4,106,1.4
1980,10,34,31,21.8,89,0.6
1980,11,0,29.6,15.5,52,-1.6
1980,12,4,27.1,12.8,37,-1.6
1981,1,20,25.9,12.7,43,-1.4
1981,2,12,29.8,15.9,40,-1.6
1981,3,55,34.2,19.7,68,-0.7
1981,4,16,37.7,24,25,-0.6
1981,5,41,39.8,26.3,45,1.1
1981,6,116,37.3,27,115,-1
1981,7,443,30.3,24.7,116,-1.3
1981,8,314,30.6,24.6,111,-2.2
1981,9,311,30.8,24.1,109,-1.5
1981,10,7,31.9,21,80,-2.6
1981,11,1,29.2,14.4,52,-3.1
1981,12,8,26.1,12.5,39,-3.1
1982,1,6,28.4,13.3,31,-3.3
1982,2,25,29.5,16,44,-3.1
1982,3,82,33.8,19.2,90,-1.4
1982,4,28,38.7,23.6,34,-0.8
1982,5,45,41.9,26.4,49,2.1
1982,6,184,37.2,26.3,175,1.5
1982,7,224,32.6,25.9,136,-1.6
1982,8,555,30.1,24.5,100,-1.5
1982,9,264,31.3,23.8,125,-1.8
1982,10,42,32,21.2,89,-2.1
1982,11,6,28.9,15.8,54,-1.9
1982,12,2,27.6,11.8,41,-2
1983,1,6,26.8,12.2,38,-2.1
1983,2,35,29.6,15.7,52,-1.6
1983,3,15,35.1,20.6,32,-1.8
1983,4,33,39.1,23.3,43,-0.9
1983,5,44,41,26.2,49,1.2
1983,6,161,38.8,27.3,156,-0.7
1983,7,344,31.6,25,124,-1.5
1983,8,394,30.8,25.1,107,-1.8
1983,9,252,30.7,24.3,100,-1.8
1983,10,113,30.3,21.5,109,-0.6
1983,11,0,28.6,14.7,63,1.2
1983,12,6,26.7,11.5,44,1.5
1984,1,28,27.1,12.8,50,2
1984,2,37,29,14.4,58,2.8
1984,3,0,36.7,19.1,39,2.3
1984,4,9,40,23.9,26,2.1
1984,5,10,41.9,28.3,20,1.4
1984,6,280,35.3,25.5,151,1.9
1984,7,426,30.5,24.2,113,2.1
1984,8,589,30.4,24.3,105,3.6
1984,9,184,30.6,23.3,123,1.7
1984,10,32,31.4,21.7,80,0.9
1984,11,0,28.7,13.6,55,-2.1
1984,12,0,27.8,12.1,40,-2.3
1985,1,28,27.7,13.6,46,-1.8
1985,2,16,30.5,14.7,44,-1.9
1985,3,2,37,21.6,18,-2.5
1985,4,6,40.5,24.8,15,-2.6
1985,5,11,41.8,26.8,17,-2.9
1985,6,166,37.6,26.7,161,-3.2
1985,7,442,30.2,23.9,112,-3.2
1985,8,472,30.8,24.5,105,-2.3
1985,9,260,30.6,23.7,109,-2.3
1985,10,163,30.8,20.4,116,2.3
1985,11,0,29.3,14.7,62,2.4
1985,12,0,28.5,12.6,46,2.3
1986,1,25,27.1,12.5,54,2.6
1986,2,28,30.7,14.8,51,2.9
1986,3,4,36.7,19.1,36,2.2
1986,4,20,39.5,23.8,35,2.3
1986,5,28,41.1,25.8,36,2.2
1986,6,280,37.1,26.1,167,2.5
1986,7,469,30.6,23.8,110,2.8
1986,8,449,30.9,23.8,114,2.8
1986,9,222,31.1,23.8,114,1.6
1986,10,45,31,20.9,90,1.1
1986,11,12,28.7,16.6,55,1.2
1986,12,9,27.2,13.3,41,1.3
1987,1,4,27.2,12.2,39,0.8
1987,2,7,30.8,15.2,37,-1.1
1987,3,11,35.2,19.5,29,-1.4
1987,4,9,39.5,24.2,20,-1.5
1987,5,20,41.1,25.8,26,-1.5
1987,6,74,38.9,27.7,76,-2.9
1987,7,380,31.1,24.8,130,-3.4
1987,8,486,30.9,24.6,115,-2.4
1987,9,390,31.5,24.6,108,-0.6
1987,10,46,32.1,21.7,91,-0.9
1987,11,8,29.4,16.7,54,-0.8
1987,12,3,27.6,12.8,41,-0.8
1988,1,3,28.3,13.1,37,-1.2
1988,2,17,31.2,15.8,42,-1.3
1988,3,50,35.6,20.5,64,-0.6
1988,4,13,39.9,24.4,22,-0.6
1988,5,30,41.4,28.4,35,0.1
1988,6,263,36.2,26.2,159,1
1988,7,421,30.6,24.5,113,1.1
1988,8,281,30.4,24.9,105,-1.3
1988,9,257,31.6,24.4,107,-1.4
1988,10,37,31.2,21.3,91,-1.9
1988,11,1,29,15.7,55,-2.2
1988,12,4,27.5,13.8,40,-2.2
1989,1,2,26.7,11.6,35,-2.6
1989,2,0,30.4,15.1,23,-3.4
1989,3,14,35.6,19,26,-3.5
1989,4,1,40.5,24.2,9,-3.8
1989,5,55,42,27.5,58,-2.6
1989,6,321,36,25.5,159,-1.4
1989,7,451,30.8,24.4,110,2.2
1989,8,413,30.8,24.6,99,2.1
1989,9,237,30.8,24.2,101,1.4
1989,10,38,31.2,22.3,87,0.7
1989,11,3,29.4,16.1,53,-1.1
1989,12,11,26.9,11.7,44,-0.9
1990,1,1,27.8,13.3,39,-1.4
1990,2,51,29.7,16.5,62,0.8
1990,3,55,33.3,19.9,71,1.6
1990,4,15,38.3,24.9,25,1.5
1990,5,42,39.7,26,47,1.9
1990,6,374,36,25.9,140,3.2
1990,7,592,29.8,23.8,92,5
1990,8,431,30.9,24.8,106,4.7
1990,9,234,30.8,24.2,91,3.8
1990,10,72,30.3,21.4,86,3.8
1990,11,2,29.6,17.2,60,3.7
1990,12,0,27.7,12.8,43,3.3
1991,1,57,26.3,13.2,67,4.4
1991,2,6,31.5,16.6,43,3.8
1991,3,46,35.7,21.2,71,4.3
1991,4,11,38.9,24.2,25,3.8
1991,5,13,41.5,28.3,22,3.1
1991,6,261,36.1,25.5,165,3.1
1991,7,475,31.5,25,110,3.3
1991,8,575,30.5,24.3,99,4.6
1991,9,195,31.2,23.9,115,2.9
1991,10,45,30.9,21.9,89,2.2
1991,11,8,28.6,15.6,54,2
1991,12,12,26.7,11.8,45,2.1
1992,1,15,25.7,12.1,46,1.9
1992,2,22,28.3,15,48,1.8
1992,3,0,36.3,20.8,21,0.9
1992,4,4,40.7,24,15,-1.6
1992,5,40,41.2,26.3,46,-0.9
1992,6,134,37.6,26.4,132,-1.7
1992,7,338,31.7,25.1,126,-2.5
1992,8,311,30.5,24.2,107,-3.6
1992,9,184,30.8,23.5,116,-4.6
1992,10,52,31.4,21.3,96,-4.5
1992,11,1,29.6,15.9,54,-4.3
1992,12,0,27.1,11.3,39,-4.2
1993,1,2,27.5,13,38,-4.4
1993,2,1,30.6,16.3,25,-4.9
1993,3,20,34.8,18.4,33,-4.7
1993,4,17,38.6,23.4,24,-4.1
1993,5,22,40.8,26.9,26,-3.8
1993,6,177,37.5,27.4,169,-3.9
1993,7,352,31.6,25.1,122,-4.3
1993,8,379,30.4,24.6,112,-4.4
1993,9,286,30.6,23.5,100,-3.7
1993,10,64,31.6,21.6,91,-3.2
1993,11,5,29.1,15.7,56,-2.7
1993,12,0,27,11.7,43,-2.5
1994,1,20,27.9,12.8,49,-2.1
1994,2,22,28.8,15.9,47,-1.7
1994,3,1,36.7,21.1,23,-2.2
1994,4,18,39,23.1,30,-1.8
1994,5,12,41.9,27,20,-2
1994,6,347,36.2,26.2,151,-0.6
1994,7,403,30,23.9,106,1.8
1994,8,497,30.1,24.2,96,2.5
1994,9,162,31.5,23.4,110,0.6
1994,10,82,31.9,21.2,99,1
1994,11,1,28.6,15.9,54,1.1
1994,12,0,27.6,11.5,44,1
1995,1,32,25.6,11.3,55,1.5
1995,2,13,30.4,15.6,44,1.4
1995,3,39,35.5,19,63,1.9
1995,4,3,39.9,23.5,17,1.3
1995,5,25,40.7,26.8,32,1.2
1995,6,85,38.4,28,87,-1.5
1995,7,318,31.5,24.3,117,-2.3
1995,8,271,31.3,24.6,111,-3.9
1995,9,306,30.8,23.9,108,-3.1
1995,10,80,31.7,21.8,98,-2.4
1995,11,8,28.7,16.7,62,-1.7
1995,12,0,28.3,12.5,44,-1.5
1996,1,36,27.7,13.6,57,-0.6
1996,2,10,30.6,14.5,44,-0.6
1996,3,3,36.6,21.4,27,-1.1
1996,4,9,39.7,23.3,22,-1.1
1996,5,7,42.6,27.3,15,-1.6
1996,6,289,37.2,25.5,171,-0.9
1996,7,302,31.8,24.3,117,-1.3
1996,8,372,30.3,23.6,106,-1.5
1996,9,113,31.3,24.4,112,-3.8
1996,10,58,31.9,20.6,95,-3.6
1996,11,0,30.4,15,56,-3.4
1996,12,0,27.6,11,41,-3.3
1997,1,27,26.7,11.4,49,-2.7
1997,2,3,29.3,14.3,33,-3.2
1997,3,16,35.6,20.5,31,-3.2
1997,4,24,37.6,21.6,32,-2.5
1997,5,35,41.4,26,40,-1.9
1997,6,110,38.6,27,109,-2.9
1997,7,303,31.6,24.3,106,-3.5
1997,8,642,31,24.5,108,-1.5
1997,9,229,31.3,23.7,110,-2
1997,10,18,31.8,20.5,76,-2.7
1997,11,9,30.2,17,51,-2.5
1997,12,16,26.7,13.5,43,-1.9
1998,1,8,26,13.3,37,-1.8
1998,2,25,30,16.2,46,-1.3
1998,3,33,34.7,18.8,55,-0.9
1998,4,23,39,24,34,1.1
1998,5,42,42.2,27.4,48,1.5
1998,6,153,39.4,27.4,149,0.7
1998,7,326,31.8,24.3,113,-1.5
1998,8,313,31.2,25.2,106,-2.6
1998,9,273,32,24.2,104,-2.3
1998,10,145,32.8,22.7,105,1.8
1998,11,13,29.6,17.6,63,2.4
1998,12,0,27.6,11.6,49,2.5
1999,1,0,27.3,11.2,43,2
1999,2,5,31.8,15.6,40,1.6
1999,3,0,37.2,20.2,24,0.7
1999,4,0,41,25.6,13,-1.6
1999,5,47,41.3,26.7,53,-0.7
1999,6,222,37,25.8,163,-0.6
1999,7,356,31.7,24.1,115,-1
1999,8,463,30.6,24.6,101,0.5
1999,9,225,30.8,23.4,100,-0.6
1999,10,53,32,21.9,89,-0.8
1999,11,1,30.8,15.5,58,-0.8
1999,12,0,28.2,12.2,39,-1
2000,1,0,27.8,13.1,38,-1.5
2000,2,22,28.8,16.1,41,-1.4
2000,3,0,35,20,17,-2.1
2000,4,8,40,25,18,-2.2
2000,5,20,40.9,26.6,26,-2.2
2000,6,275,36.3,25,152,-1.4
2000,7,231,31.4,24.6,105,-2
2000,8,173,31.5,24.7,117,-4.3
2000,9,196,30.9,23.8,106,-5
2000,10,12,32.4,22.8,82,-5.6
2000,11,0,30.3,16.6,51,-5.8
2000,12,0,27.7,11.7,38,-5.9
2001,1,0,27.6,12.5,32,-6.2
2001,2,0,31.2,15.7,17,-6.7
2001,3,59,36.3,20.1,66,-5.3
2001,4,9,39.4,23.7,15,-5.1
2001,5,22,41.8,27.1,26,-4.7
2001,6,374,35.3,24.7,138,-2.7
2001,7,387,30.5,24.1,94,-1.6
2001,8,433,31,25,106,-1.2
2001,9,112,32,25.1,114,-3.5
2001,10,72,32.3,22.6,96,-3.1
2001,11,3,30.8,17.4,56,-2.7
2001,12,0,28,12.7,42,-2.6
2002,1,30,27.9,12.8,55,-1.9
2002,2,7,31.3,15.8,38,-2
2002,3,10,36.9,20.7,28,-2.3
2002,4,4,40.3,24.6,15,-2.4
2002,5,23,42.8,28.2,29,-2.3
2002,6,120,37.4,26.8,119,-3
2002,7,291,32.3,25.9,123,-3.7
2002,8,457,30.5,24.5,92,-3.6
2002,9,226,31.1,24.2,102,-3.8
2002,10,55,31.9,22.2,93,-3.7
2002,11,2,29.6,16.1,56,-3.4
2002,12,0,28.6,13.4,41,-3.3
2003,1,3,27.3,12.2,38,-3.5
2003,2,22,31.4,15.9,42,-3.2
2003,3,36,35.7,19.5,51,-2.7
2003,4,6,40.7,25,16,-2.8
2003,5,4,42.5,27.9,10,-3.2
2003,6,197,38.9,28.3,168,-3.2
2003,7,298,31.3,24.9,102,-3.7
2003,8,364,31.1,25,102,-3.9
2003,9,309,30.8,23.9,92,-2.8
2003,10,165,31.6,21.9,101,2.9
2003,11,1,30,16.5,61,2.9
2003,12,8,26.6,13.2,47,3.1
2004,1,20,26.8,11.7,50,3.2
2004,2,5,30.4,14.9,43,2.8
2004,3,1,37.4,21.2,29,1.9
2004,4,23,40.4,24.7,37,2.2
2004,5,9,42,27.4,17,1.4
2004,6,167,36.4,25.8,160,0.8
2004,7,231,31.3,25,119,-2.2
2004,8,521,30.6,24.6,104,-2.1
2004,9,194,31.6,24.7,109,-3.1
2004,10,83,31.2,21.4,99,-2.4
2004,11,0,29.5,16,58,-1.9
2004,12,0,28.3,13,43,-1.8
2005,1,21,28.2,13,48,-1.4
2005,2,10,31.7,16.3,44,-1.5
2005,3,46,37,20.8,64,-0.8
2005,4,10,39.7,24,21,-0.9
2005,5,33,41.8,27.2,39,-0.6
2005,6,156,39,28.4,152,-1.2
2005,7,294,30.9,24.5,116,-2.1
2005,8,381,31.2,25.2,118,-3
2005,9,324,31.5,23.8,114,-2.1
2005,10,57,31.5,21.7,82,-1.8
2005,11,0,28.9,15.4,58,-1.6
2005,12,4,27.4,12.2,44,-1.4
2006,1,0,28.1,13,40,-1.8
2006,2,0,32.7,17.2,30,-2.5
2006,3,56,35.7,19.6,68,-1.4
2006,4,15,39.4,23.7,24,-1.3
2006,5,74,41.1,26.5,77,2.3
2006,6,235,37,26.4,158,2.2
2006,7,470,30.6,24.3,101,2.4
2006,8,595,30.5,24.5,102,3.9
2006,9,239,31.4,24.5,106,3
2006,10,15,32.3,22.6,82,1.6
2006,11,2,30.2,16.8,49,0.9
2006,12,0,28.7,13.4,38,-2.3
2007,1,0,27.9,12.8,32,-2.9
2007,2,84,30.9,15.5,85,-1
2007,3,19,35.6,19.4,36,-1.1
2007,4,8,40.1,24.5,18,-1.3
2007,5,30,41.6,26.9,35,-1
2007,6,181,37.1,26.5,166,-1.3
2007,7,317,31.1,24.8,111,-2
2007,8,480,31.2,25.2,103,-1.4
2007,9,379,31.4,24.5,98,2
2007,10,22,31.6,21.9,80,0.9
2007,11,1,29.9,16.4,51,-1.3
2007,12,0,28.2,13,39,-1.6
2008,1,36,28.2,13.1,56,-1
2008,2,19,29.6,14.1,42,-1.1
2008,3,25,36.8,20.7,39,-1.1
2008,4,15,39.7,24,23,-1
2008,5,47,41.9,27.3,51,0.6
2008,6,515,35.3,24.7,141,3.4
2008,7,292,30.3,23.9,112,3.3
2008,8,427,30.8,24.8,99,3.2
2008,9,248,31.1,24.2,112,2.4
2008,10,8,31.9,22.1,76,0.9
2008,11,0,30.4,17,49,-2.1
2008,12,0,29.2,14,35,-2.4
2009,1,4,29.5,14.4,35,-2.8
2009,2,0,32.6,17.1,21,-3.6
2009,3,4,36.9,20.7,16,-4
2009,4,0,41,25.3,8,-4.3
2009,5,45,41.9,27.3,48,-3.3
2009,6,66,38.9,28.3,67,-4.5
2009,7,422,31.2,24.9,108,-4.4
2009,8,302,31.6,25.5,113,-5.1
2009,9,283,31.8,24.8,117,-4.6
2009,10,44,31.4,21.7,92,-4.7
2009,11,4,30.4,16.9,52,-4.3
2009,12,1,28.4,13.1,38,-4.1
2010,1,6,26.5,11.4,39,-4
2010,2,4,31.6,16.2,33,-4.3
2010,3,4,38,21.8,19,-4.6
2010,4,2,41.8,26.1,11,-4.7
2010,5,47,42.3,27.7,51,-3.6
2010,6,174,37.9,27.3,166,-3.7
2010,7,294,31.8,25.4,116,-4.4
2010,8,298,31.5,25.5,114,-5.8
2010,9,321,31.5,24.6,108,-4.5
2010,10,55,32.2,22.5,90,-4.2
2010,11,4,31.2,17.8,53,-3.8
2010,12,17,27.5,12.3,50,-2.8
2011,1,0,26.9,11.8,40,-2.9
2011,2,17,31.3,15.8,42,-2.7
2011,3,1,36.7,20.5,20,-3.2
2011,4,21,38.8,23.1,32,-2.5
2011,5,40,41.7,27.1,46,-1.8
2011,6,491,36.5,25.8,161,3.1
2011,7,318,31.4,25,115,3.2
2011,8,456,31,24.9,96,3.4
2011,9,380,31.1,24.2,95,4.7
2011,10,36,32,22.3,88,3.6
2011,11,0,30,16.6,54,2.8
2011,12,0,27.8,12.5,38,2
2012,1,56,26.8,11.7,66,3
2012,2,0,30.8,15.3,34,2
2012,3,0,36.4,20.2,17,1
2012,4,20,39.6,23.9,29,1.1
2012,5,7,42.5,27.9,13,-1.6
2012,6,185,39.1,28.4,177,-1.9
2012,7,524,30.9,24.6,106,-1.4
2012,8,514,30.6,24.6,102,1.3
2012,9,268,31,24.1,102,1.1
2012,10,18,31.6,20.7,80,-1
2012,11,10,29,15.6,53,-1
2012,12,1,27.9,12.6,39,-1.3
2013,1,1,27.4,12.3,34,-1.8
2013,2,15,30.5,15,37,-2
2013,3,12,36,19.8,25,-2.3
2013,4,22,38.7,24.1,29,-1.8
2013,5,22,41.2,28.3,27,-1.8
2013,6,282,36.3,25.1,154,-1
2013,7,357,31.1,24.3,107,-0.9
2013,8,412,30.6,24.2,104,-0.8
2013,9,314,31.7,24.4,106,0.5
2013,10,156,30.3,21.7,98,3
2013,11,0,29.1,14.1,59,3
2013,12,0,26.5,12.4,46,2.9
2014,1,41,25.5,13,61,3.7
2014,2,58,28.7,15,71,4.9
2014,3,56,34.8,19.1,86,6
2014,4,15,40.2,23.8,38,5.8
2014,5,75,41.7,26.3,84,6.9
2014,6,133,38.3,27,134,5.3
2014,7,346,31.5,24.8,107,4
2014,8,315,31.3,25,108,2.5
2014,9,452,31.2,23.9,105,4.8
2014,10,54,31.7,21.1,90,4.1
2014,11,0,29.2,15.6,56,3.5
2014,12,0,26,12.2,38,2.9
2015,1,15,25.3,12.1,43,2.6
2015,2,12,29.8,15.9,39,2.1
2015,3,38,34.6,19.4,54,2.3
2015,4,44,37.3,23.3,53,3.2
2015,5,28,42.1,27.2,34,3
2015,6,214,37.3,26.3,159,2.6
2015,7,318,31.6,24.5,108,1.7
2015,8,405,31.2,24.9,109,1.4
2015,9,159,31.9,24.1,115,-2.4
2015,10,32,32.3,22.1,85,-2.9
2015,11,2,30.2,16.4,52,-2.9
2015,12,4,28.2,12.9,39,-2.8
2016,1,19,27.2,12.4,45,-3
2016,2,28,31.6,17.1,47,-3
2016,3,24,36.4,20.9,42,-3.3
2016,4,11,40.6,25.1,21,-3.6
2016,5,39,41.5,26.9,44,-3.2
2016,6,292,37.8,26.8,164,-3.2
2016,7,434,30.9,24.3,101,-3.4
2016,8,381,31.1,24.8,100,-2.9
2016,9,314,31.3,24.3,93,-2.1
2016,10,54,31.6,21.7,92,-1.4
2016,11,2,28.8,15.4,58,-1.1
2016,12,1,27.2,12.2,41,-1
2017,1,24,27.1,12.1,49,-1.3
2017,2,9,30.7,15.6,39,-1.9
2017,3,18,34.9,19.7,33,-2.5
2017,4,16,39.5,24.5,24,-2.9
2017,5,16,41.9,27.4,22,-3
2017,6,176,37.6,26.6,155,-2.2
2017,7,571,30.8,24.4,108,-1.8
2017,8,350,31.2,25,111,-2.6
2017,9,210,31.8,24.6,106,-2.6
2017,10,56,31.7,22.2,87,-1.8
2017,11,3,29.6,16.1,55,-1.4
2017,12,6,27.4,12.6,44,-1.1
2018,1,4,26.4,11.6,41,-1.4
2018,2,11,31,16,39,-1.8
2018,3,6,36.3,20.6,23,-2.3
2018,4,14,38.5,23.2,23,1.6
2018,5,40,40.9,26.5,45,2.7
2018,6,209,37.3,26.2,155,2.8
2018,7,548,31,24.4,104,3.2
2018,8,432,30.9,24.6,97,3.9
2018,9,352,31.3,23.8,106,3.1
2018,10,45,31.3,21.5,88,2.9
2018,11,1,29.5,15.7,51,2.6
2018,12,3,26.7,11.6,40,4.1
2019,1,7,26,11.2,36,-0.3
2019,2,21,30.2,15.3,42,0.1
2019,3,22,35.4,19.6,40,-0.7
2019,4,8,39.7,24.3,19,-0.8
2019,5,7,42.8,28.2,14,-1.3
2019,6,98,39.5,28.7,99,-2.5
2019,7,294,31.9,25.4,123,-3.2
2019,8,466,31.3,25.1,105,-3.2
2019,9,482,31.3,24.2,92,3
2019,10,165,31.7,21.8,96,5
2019,11,0,30.1,16.7,59,4.8
2019,12,4,28,12.7,46,4.7
