Product: Historical Climate - TerraClimate(http://www.climatologylab.org/terraclimate.html) 
Location (Lat/Lon of 4-km Grid Cell Center): 20.1042 North,85.1042 East 
Data Source: NW Climate Toolbox(https://climatetoolbox.org/tool/point-data-download)
Download Date: 07/24/2020
Variable List: 
ppt: ppt (Precipitation)
tmax: tmax (Maximum Temperature)
tmin: tmin (Minimum Temperature)
aet: aet (Actual Evapotranspiration)
PDSI: pdsi (Palmer Drought Severity Index (PDSI))
********************************************************
Year,Month,ppt(mm),tmax(degC),tmin(degC),aet(mm),PDSI(unitless)
1958,1,29,29.4,16,65,0.9
1958,2,40,30.4,18.6,70,1.2
1958,3,11,34.8,21.4,60,0.9
1958,4,41,36.7,26,59,0.8
1958,5,13,37.8,28.6,23,-1
1958,6,121,37.2,28.5,123,-1.8
1958,7,401,30.9,25.3,108,-1.2
1958,8,210,31,25.5,113,-1.3
1958,9,289,31.4,24.6,108,-0.7
1958,10,290,30.6,22.9,108,1.6
1958,11,115,29.1,18.8,107,2.8
1958,12,0,27.9,15.8,55,2.8
1959,1,20,28.1,15.9,60,3
1959,2,20,30.1,17.6,58,2.8
1959,3,0,33.7,21.5,42,2.2
1959,4,37,35.9,25.9,54,2
1959,5,69,37.5,28.1,76,2
1959,6,184,34.3,27,156,1.6
1959,7,311,30.3,25.2,105,1.3
1959,8,210,30.4,25,106,1
1959,9,175,30.5,24.7,96,-0.5
1959,10,274,29.6,23.2,97,1
1959,11,0,28.1,17.1,58,-0.5
1959,12,5,26.9,14.7,46,-0.5
1960,1,0,28,14.8,40,-0.8
1960,2,0,31.5,17.4,38,-1.4
1960,3,29,32.2,20.8,45,-1.3
1960,4,6,37,25.7,16,-1.8
1960,5,38,37.1,28.2,43,-1.9
1960,6,214,35.1,27.4,145,-1.5
1960,7,386,30.1,25.2,100,1.1
1960,8,245,31,25.9,111,1.1
1960,9,180,30.8,25.3,95,-0.4
1960,10,137,30.4,22.2,107,-0.6
1960,11,1,28.3,17,57,-1
1960,12,7,28.4,14.7,47,-0.9
1961,1,44,28.2,15.9,64,0.7
1961,2,82,28,17.4,85,2
1961,3,6,33.6,23.7,53,1.8
1961,4,4,36.7,26.1,23,1
1961,5,79,37,28,86,1.4
1961,6,215,33.6,26.4,148,1.4
1961,7,304,30.1,24.7,102,1.4
1961,8,327,30.9,25.6,105,2.1
1961,9,383,30.5,24.5,100,3.4
1961,10,181,30.2,22,105,3.2
1961,11,8,27.7,16.5,63,2.5
1961,12,1,26.3,12.6,48,2.1
1962,1,9,27,13.1,45,1.7
1962,2,18,29.5,16.9,48,1.3
1962,3,46,34.3,20.3,65,1.4
1962,4,64,35.4,25.3,73,1.8
1962,5,23,36.6,27.3,29,1
1962,6,167,33.9,26.6,144,0.7
1962,7,378,31.1,25.3,112,1
1962,8,121,30.7,25.2,109,-1.2
1962,9,310,31.2,24.8,107,0.7
1962,10,308,29.8,22,111,1.8
1962,11,4,28.6,16.6,59,1.2
1962,12,3,27.6,14.5,49,0.9
1963,1,0,27.4,13.4,39,-0.3
1963,2,0,31.3,17.1,36,-1.4
1963,3,16,33.8,20.8,33,-1.7
1963,4,89,35,24,95,-0.5
1963,5,92,36.1,26.8,94,1.5
1963,6,161,34.1,26.7,145,1
1963,7,234,30.5,25.4,109,-1.1
1963,8,273,30.9,25.3,108,-1.3
1963,9,263,31.8,25,107,-0.9
1963,10,348,30.6,22.6,105,1.7
1963,11,4,29.3,18.1,62,1.1
1963,12,0,27.8,15.3,46,0.8
1964,1,1,28.4,16,43,-0.4
1964,2,26,30.8,18.8,50,-1
1964,3,6,34.5,22.7,25,-1.5
1964,4,48,35.5,26.1,56,-1.3
1964,5,71,37.2,27.8,75,-1
1964,6,128,34.8,27.1,126,-1.5
1964,7,394,30,24.9,120,-1.2
1964,8,310,30.4,25,103,0.7
1964,9,286,31,24.7,102,1.3
1964,10,103,29.9,23.3,105,0.7
1964,11,11,28.2,18.2,65,-0.3
1964,12,1,27.5,14.9,48,-0.9
1965,1,13,28.2,15.8,48,-0.9
1965,2,10,30.2,17.7,43,-1.3
1965,3,36,33,20.3,51,-1.2
1965,4,42,35.1,25.2,50,-1
1965,5,23,37.2,28,29,-1.4
1965,6,73,35.6,27.8,74,-2.6
1965,7,404,30.8,25.3,116,-2
1965,8,223,30.9,25.5,121,-2
1965,9,231,31.2,24.8,104,-1.8
1965,10,104,30.8,22.6,108,-2.1
1965,11,1,29.6,18,59,-2.4
1965,12,10,27.2,16,54,-2.2
1966,1,103,27.4,15.8,92,2
1966,2,20,31.5,18.5,57,1.9
1966,3,1,34.1,21.8,37,1.4
1966,4,13,36.7,25.9,29,0.8
1966,5,15,38.3,28.5,24,-1.4
1966,6,213,34.6,27.1,151,-1.1
1966,7,273,31.7,25.6,110,-1.3
1966,8,181,31.2,25.4,109,-1.6
1966,9,248,31.2,24.7,113,-1.4
1966,10,110,30.4,21.8,111,-1.7
1966,11,109,29.2,19,99,1.3
1966,12,2,26.6,14.6,54,1.5
1967,1,59,27.2,16.2,77,2.8
1967,2,0,31.1,18.2,52,2.5
1967,3,88,31.4,21.3,105,3.9
1967,4,58,35.5,24.1,89,4.3
1967,5,7,37.4,27.9,22,3
1967,6,219,35.6,27.2,156,2.9
1967,7,357,31.2,25.5,120,3.1
1967,8,230,30.6,25.2,117,2.7
1967,9,256,31,25,110,2.5
1967,10,31,30.6,21.9,86,1.4
1967,11,2,28.9,16.2,51,-1.5
1967,12,18,28.6,16.2,49,-1.6
1968,1,34,27.4,15,55,-1.3
1968,2,41,30,17.6,58,-1.1
1968,3,42,33.3,21.4,57,-0.9
1968,4,17,34.9,24.7,26,-1.3
1968,5,11,37.5,27.5,17,-2
1968,6,296,33.5,26.8,147,-0.9
1968,7,324,30.5,25.6,120,1.6
1968,8,98,31.4,25.7,114,-1.2
1968,9,277,31.9,25.2,114,-1
1968,10,394,29.9,22,109,2.1
1968,11,69,28.5,18.1,86,2.5
1968,12,0,28.1,15.2,55,2.5
1969,1,1,28.2,14.6,49,2.1
1969,2,0,31.2,18.8,44,1.4
1969,3,25,34.5,23.4,47,0.9
1969,4,6,36.7,26.2,18,-1.5
1969,5,70,36.4,26.5,74,-1.1
1969,6,118,34.7,27.3,117,-1.8
1969,7,402,30.4,25.3,112,-1.3
1969,8,241,30.5,25.2,121,-1.2
1969,9,215,30.9,24.9,106,-1.3
1969,10,84,30.4,22.3,103,-1.7
1969,11,83,29.4,18.4,88,-0.7
1969,12,9,27.2,14.7,55,1.1
1970,1,2,27.5,15.9,46,0.9
1970,2,38,30.6,18.5,66,1.2
1970,3,104,32.7,22.7,115,2.6
1970,4,33,35.8,26,52,2.3
1970,5,100,37.6,28,107,2.8
1970,6,385,33.3,25.8,149,4.3
1970,7,276,30.7,25,119,4.8
1970,8,315,30.6,25.2,111,5
1970,9,99,30.6,25.1,104,3.2
1970,10,137,29.9,22.6,111,2.6
1970,11,11,28,17.4,72,2
1970,12,0,26.6,13.3,48,1.5
1971,1,7,26.9,16,46,1
1971,2,70,29.7,18,81,1.6
1971,3,10,33.1,20.3,34,0.9
1971,4,81,32.8,24.3,90,1.7
1971,5,81,34.8,25.8,85,2
1971,6,402,32,25.4,142,3.7
1971,7,222,30,25.1,120,3.7
1971,8,238,29.9,25,116,3.3
1971,9,220,31.2,24.8,111,2.8
1971,10,271,29.7,22.4,109,3.4
1971,11,2,27.2,16.7,64,2.5
1971,12,0,26.9,13.8,45,2
1972,1,0,27.3,14.3,40,1.4
1972,2,34,28.3,16.8,57,1.2
1972,3,0,33.4,22,20,-1.7
1972,4,22,35.8,25.4,32,-1.9
1972,5,12,38.3,28.7,19,-2.7
1972,6,109,36.9,27.9,109,-3.5
1972,7,230,31.8,25.7,137,-4.3
1972,8,251,30.9,25.3,127,-4.8
1972,9,367,32,24.6,119,-3.3
1972,10,115,30.8,21.7,114,-3.4
1972,11,22,29,17.6,76,-3.2
1972,12,0,29,15,49,-3.1
1973,1,0,29.2,15.8,42,-3.2
1973,2,1,31.4,19.1,32,-3.8
1973,3,54,33.1,21.4,67,-3.1
1973,4,18,37,26.9,26,-3.3
1973,5,72,37,28,75,-2.7
1973,6,85,34.8,26.9,86,-3.6
1973,7,353,30.8,25.4,114,-3.4
1973,8,294,30.9,25.2,109,-2.5
1973,9,151,30.9,25.2,107,-3.1
1973,10,287,29.9,22.9,105,-1.7
1973,11,23,27.1,18.6,72,-1.7
1973,12,37,26.2,15.6,63,-0.6
1974,1,0,26.8,14.5,46,-0.7
1974,2,3,30.3,17.1,46,-1.1
1974,3,92,33.4,22.8,105,1.8
1974,4,8,35.2,26.6,22,1
1974,5,31,36.5,27.6,38,-1
1974,6,154,35.1,26.9,149,-1.4
1974,7,194,30.8,25.7,119,-2.6
1974,8,275,31,25.5,110,-3.1
1974,9,226,31.3,24.8,108,-2.9
1974,10,239,30.5,23,106,-1.9
1974,11,28,28.1,18.5,76,-1.8
1974,12,0,26.1,13.7,50,-1.8
1975,1,1,26.9,14.5,40,-1.9
1975,2,18,30.1,18.2,49,-2
1975,3,16,34.2,22.1,36,-2.3
1975,4,15,36.6,26,25,-2.6
1975,5,36,38,28.1,42,-2.8
1975,6,340,34.2,26.5,156,-1.2
1975,7,218,30.1,25,128,-1.2
1975,8,300,30.9,25.3,126,-0.7
1975,9,240,30.4,24.4,106,-0.6
1975,10,241,30.5,23.3,107,1.8
1975,11,44,27.2,17.4,81,1.8
1975,12,0,26.6,13.3,50,1.6
1976,1,0,27.1,14.2,44,1.2
1976,2,6,29.8,18.5,41,0.7
1976,3,19,33.3,22.8,40,-0.3
1976,4,52,35.9,25.3,61,0.2
1976,5,55,36.6,27.1,60,-0.7
1976,6,96,35.1,26.8,97,-1.5
1976,7,365,30.8,24.8,117,-1.4
1976,8,448,30.6,24.8,117,1.8
1976,9,151,31.3,24.5,109,0.8
1976,10,84,31.5,22.6,95,-1.3
1976,11,88,30,20,99,1
1976,12,1,28.2,14.9,52,1.1
1977,1,2,27.7,14.9,45,0.8
1977,2,2,30.4,17.8,44,-0.4
1977,3,0,34.3,23.3,23,-1.3
1977,4,51,34.6,25.6,61,-0.9
1977,5,96,35.2,26.2,99,0.7
1977,6,180,34,26.7,159,-0.2
1977,7,351,30.5,25.5,119,0.5
1977,8,288,31,25.5,119,0.9
1977,9,293,31.3,24.9,119,1.2
1977,10,103,30.2,22.2,112,0.6
1977,11,98,28.9,20.1,93,1.6
1977,12,3,26.4,14.7,53,1.8
1978,1,15,26.7,14.4,56,2
1978,2,22,29.1,17.7,57,2
1978,3,40,32.7,20.7,76,2.2
1978,4,43,35.5,24.9,58,2.1
1978,5,58,37.3,27.9,66,2
1978,6,161,34.3,27,154,1.4
1978,7,327,30.6,24.7,110,1
1978,8,225,30.4,25,108,0.8
1978,9,215,30.7,25.1,109,-0.2
1978,10,175,30.4,23.1,116,0.1
1978,11,20,29.7,19.3,67,-0.8
1978,12,48,27.4,15.1,68,1.2
1979,1,7,28.1,16.1,52,1.1
1979,2,55,28.8,18.1,73,1.9
1979,3,2,33.1,21.4,43,1.4
1979,4,73,35.9,25.7,87,2
1979,5,47,37.9,27.4,55,1.6
1979,6,146,35.4,27.5,143,0.8
1979,7,228,32.1,26.2,137,-1.9
1979,8,146,31.3,25.9,134,-3.1
1979,9,215,31.7,25.3,113,-3.8
1979,10,85,31.3,22.9,105,-4
1979,11,24,30,20.4,62,-3.9
1979,12,8,26.9,16.6,45,-3.7
1980,1,29,27.8,16.6,51,-3.2
1980,2,33,29.8,19.4,55,-2.8
1980,3,21,32.8,23.1,36,-2.8
1980,4,24,36.4,26.8,33,-2.8
1980,5,47,37.4,27.7,51,-2.8
1980,6,373,33.5,26.8,119,-0.6
1980,7,343,30.5,25.6,115,3.3
1980,8,238,30.7,25.6,118,2.9
1980,9,311,31.2,25.4,106,3.3
1980,10,135,30.2,22.6,116,2.7
1980,11,9,29.1,17.9,64,2.1
1980,12,10,27.3,16,48,2
1981,1,14,26.1,15.8,50,1.8
1981,2,9,29.1,19,44,1.3
1981,3,66,31.5,22,85,1.9
1981,4,46,33.8,25.7,56,1.8
1981,5,104,35.4,27.1,107,2.5
1981,6,144,34.7,27.5,139,1.7
1981,7,222,30.4,25.7,119,-1.6
1981,8,237,31,25.5,121,-2.4
1981,9,399,31.1,25.1,106,-0.7
1981,10,30,31.4,22.2,85,-1.5
1981,11,1,29.1,17.1,57,-2.2
1981,12,21,26.2,15.6,47,-2.1
1982,1,0,28.5,16.2,30,-2.5
1982,2,41,29.2,19.4,55,-2.3
1982,3,51,31.7,22,62,-1.7
1982,4,36,35.1,25.6,43,-1.6
1982,5,28,37.7,27.3,32,-2
1982,6,197,34.9,27,167,-1.9
1982,7,238,32.1,26.4,136,-2.7
1982,8,304,30.4,25.3,114,-2.6
1982,9,222,31.8,24.9,124,-2.6
1982,10,107,31.4,22.2,112,-2.8
1982,11,30,28.5,18.2,67,-2.5
1982,12,0,27.6,14.8,48,-2.3
1983,1,1,27.2,15.5,43,-2.4
1983,2,109,29.2,19.3,93,1.9
1983,3,23,32.7,23.4,68,2
1983,4,35,35.7,25.6,53,1.9
1983,5,70,36.8,27.1,78,2
1983,6,187,36.1,27.6,162,1.6
1983,7,244,31.6,25.9,125,0.6
1983,8,355,30.9,25.7,111,1
1983,9,237,30.9,25.1,105,0.9
1983,10,157,30,22.8,108,0.8
1983,11,5,28.6,17.6,67,-0.5
1983,12,13,26.8,14.6,52,0.1
1984,1,9,27.5,16.1,43,-0.7
1984,2,27,28.6,17.9,52,-0.6
1984,3,1,34,21.2,25,-1.2
1984,4,22,35.9,25.5,34,-1.3
1984,5,39,37.1,28.7,45,-1.6
1984,6,252,33.2,26.5,134,-0.8
1984,7,351,30.5,25.1,123,1.3
1984,8,385,30.9,25.3,119,2.4
1984,9,190,31.2,24.6,126,1.5
1984,10,64,30.8,22.9,94,0.7
1984,11,2,28.5,16.2,60,-1.8
1984,12,1,27.9,15.2,42,-2.1
1985,1,23,27.8,16.8,47,-1.9
1985,2,39,29.9,17.8,57,-1.7
1985,3,3,33.9,23.6,21,-2.3
1985,4,15,36.6,26.6,25,-2.5
1985,5,27,37.2,27.4,32,-2.8
1985,6,183,34.9,27,154,-2.7
1985,7,257,30.3,24.9,114,-3
1985,8,335,31.2,25.4,114,-2.3
1985,9,279,31,24.8,105,-1.7
1985,10,311,30.3,21.6,110,1.9
1985,11,3,28.9,17.1,63,1.2
1985,12,0,28.2,15.3,47,0.9
1986,1,47,27.1,15.5,66,1.4
1986,2,25,30.1,17.9,51,1.4
1986,3,6,34.1,21.5,35,0.7
1986,4,65,35.7,25.4,76,1.2
1986,5,66,37,26.8,72,1.2
1986,6,296,34.6,26.6,143,2
1986,7,364,31,25.1,124,2.9
1986,8,312,31.5,24.9,126,3.2
1986,9,226,31.6,24.9,114,2.7
1986,10,153,30.5,22.1,115,2.3
1986,11,194,28.3,19.1,89,4.9
1986,12,18,27.5,16.5,61,5.1
1987,1,6,27.6,15.3,55,4.9
1987,2,1,29.9,17.9,50,4.1
1987,3,8,32.5,21.5,44,3.4
1987,4,29,35.5,25.8,45,2.9
1987,5,55,36.5,26.4,63,2.6
1987,6,70,36.2,28,73,1
1987,7,231,31.3,25.8,138,-2.8
1987,8,208,31.6,25.6,128,-3.7
1987,9,112,32.1,25.7,114,-4.7
1987,10,127,31.5,22.7,119,-4.6
1987,11,69,28.9,19.2,79,-3.6
1987,12,5,27.9,16.1,48,-3.3
1988,1,0,28.2,15.9,36,-3.4
1988,2,15,30.5,18.8,40,-3.4
1988,3,18,33.1,22.8,31,-3.5
1988,4,46,35.8,25.8,52,-2.9
1988,5,75,36.6,28.6,77,-2.4
1988,6,132,34.2,27.1,127,-2.7
1988,7,421,30.7,25.4,117,-1.9
1988,8,138,30.9,25.7,116,-2.6
1988,9,338,31.8,25.1,103,-1.3
1988,10,102,30.7,22.5,113,-1.7
1988,11,7,28.5,18.2,68,-2
1988,12,0,27.6,16.9,45,-2.2
1989,1,0,27.1,14.8,38,-2.5
1989,2,0,29.8,18.3,27,-3.2
1989,3,24,33,21.3,36,-3.2
1989,4,6,36.6,26.1,14,-3.5
1989,5,147,37.3,28,145,-1.7
1989,6,294,34,26.3,144,-0.5
1989,7,453,30.9,25.4,114,4
1989,8,295,31.3,25.5,107,4.2
1989,9,225,31.1,25.1,107,3.6
1989,10,42,30.5,23.4,83,2.4
1989,11,1,29.1,18.4,57,1.5
1989,12,1,27,14.7,41,0.7
1990,1,1,27.8,16.1,35,-2.5
1990,2,75,29.2,19.7,79,-1.5
1990,3,97,30.7,22.3,101,2
1990,4,68,34.2,26.3,77,2.4
1990,5,82,34.9,26.4,85,2.9
1990,6,219,33.6,26.5,119,3
1990,7,295,30.1,25,105,2.9
1990,8,339,31.2,25.7,115,3.5
1990,9,180,31.4,25.4,102,2.6
1990,10,157,29.6,22.4,99,2.4
1990,11,31,29.1,19.9,72,2.2
1990,12,6,27.9,16.1,55,2
1991,1,71,26.8,16.8,75,3.2
1991,2,1,31,19.9,50,2.6
1991,3,22,33.1,23.6,54,2.4
1991,4,23,35.2,26.2,37,2
1991,5,23,36.4,28.5,31,1.2
1991,6,173,33.7,26.1,146,0.9
1991,7,477,31.3,25.7,112,2.2
1991,8,263,31.2,25.5,115,2.2
1991,9,198,31.6,24.9,119,1.4
1991,10,126,30.1,22.8,102,1.1
1991,11,99,27.9,17.7,92,2.2
1991,12,5,26.5,14.7,57,2.3
1992,1,17,25.8,15.1,58,2.5
1992,2,30,28.2,18.6,61,2.7
1992,3,0,33.2,22.7,46,2.1
1992,4,11,36.6,25.7,30,1.6
1992,5,166,36.6,27,161,3.4
1992,6,170,34.9,26.7,158,2.7
1992,7,356,31.5,25.8,127,2.5
1992,8,290,30.8,25,114,2.7
1992,9,234,31.4,24.7,117,2.3
1992,10,160,30.8,22.4,118,2
1992,11,22,29.1,18.4,71,1.6
1992,12,0,26.7,14,49,1.3
1993,1,2,27.6,16.1,45,0.8
1993,2,0,29.6,19.1,37,-1.5
1993,3,10,32.5,21.1,26,-1.9
1993,4,84,34.6,25.2,90,-0.8
1993,5,47,36,27.3,51,-0.8
1993,6,265,34.7,27.6,152,1.2
1993,7,272,31.4,25.7,122,1
1993,8,321,30.9,25.6,124,1.5
1993,9,220,31.2,24.6,114,1.1
1993,10,127,30.9,22.6,105,0.8
1993,11,13,28.6,18.1,65,-0.3
1993,12,0,27,14.7,49,-0.8
1994,1,1,27.9,15.8,44,-1.1
1994,2,37,28.2,19.1,56,-0.8
1994,3,1,33.6,23,24,-1.4
1994,4,54,35.4,25.3,64,-0.9
1994,5,32,37.4,27.7,39,-1.2
1994,6,161,33.9,26.9,143,-1.3
1994,7,299,30.3,25.1,111,-1.6
1994,8,338,30.4,25,103,-0.6
1994,9,243,31.9,24.4,112,-0.5
1994,10,144,31.2,22.2,106,-0.6
1994,11,11,28,18.2,61,-0.8
1994,12,0,27.3,14.2,49,-0.9
1995,1,42,26.1,14.8,62,0.7
1995,2,14,29.4,18.5,48,-0.1
1995,3,33,33.2,21.8,61,0.6
1995,4,11,36.2,25.4,25,-0.4
1995,5,67,35.8,27,73,0.5
1995,6,95,35.5,28.1,97,-0.5
1995,7,226,31.2,24.9,123,-1.6
1995,8,149,31.8,25.5,123,-2.8
1995,9,280,31.3,25,116,-2.9
1995,10,358,30.8,22.6,100,-0.9
1995,11,154,28.3,19.3,99,3.6
1995,12,0,27.8,15.1,56,3.5
1996,1,41,27.7,16.6,65,4.1
1996,2,7,30,17.7,55,3.7
1996,3,2,33.6,23.4,47,3
1996,4,43,35.7,25.1,59,2.9
1996,5,25,38,28,35,2.1
1996,6,215,34.7,26,154,2.1
1996,7,176,31.7,25.1,127,0.7
1996,8,160,30.8,24.6,118,-2.5
1996,9,84,31.9,25.5,102,-3.9
1996,10,116,31.2,21.6,112,-3.9
1996,11,11,30,17.5,49,-4.1
1996,12,1,27.7,14,33,-4.5
1997,1,48,26.9,14.6,58,-3.7
1997,2,5,28.9,17.8,19,-4.2
1997,3,50,32.9,22.7,57,-3.6
1997,4,120,33.6,23.3,119,-1.6
1997,5,25,37.1,26.9,28,-2
1997,6,159,36.1,27.5,152,-2.2
1997,7,233,31.9,25.5,127,-3.1
1997,8,475,31.3,25.3,126,-1.7
1997,9,296,31.7,24.7,119,-1.1
1997,10,32,31.3,21.7,87,-1.9
1997,11,33,30,19.7,65,-1.9
1997,12,41,27.2,17,59,-1.1
1998,1,18,26.6,17,46,-0.9
1998,2,53,29.5,19.4,65,1.3
1998,3,63,32.5,21.6,84,2.1
1998,4,97,35,25.7,107,3.2
1998,5,46,37.5,28,55,2.7
1998,6,227,36.7,27.7,151,2.7
1998,7,322,31.9,25.2,122,2.6
1998,8,204,31.4,25.8,120,2
1998,9,320,32.2,25,113,2.5
1998,10,326,32,23.6,106,3.6
1998,11,105,29,20,96,4.5
1998,12,0,27.5,14.5,59,4.3
1999,1,0,27.6,14.4,51,3.8
1999,2,0,31.3,18.9,45,3.1
1999,3,0,34.6,22.6,30,2.1
1999,4,0,36.9,27.3,15,1.1
1999,5,161,36.6,27.1,156,2.8
1999,6,231,34.6,26.4,143,2.9
1999,7,219,31.8,25.1,125,2
1999,8,310,31,25.4,118,2.1
1999,9,215,31.3,24.5,111,1.6
1999,10,172,31.4,23,106,1.5
1999,11,14,29.9,17.6,67,1.1
1999,12,0,28.1,15.1,51,0.8
2000,1,0,27.9,15.9,44,-1.1
2000,2,34,28.4,19.5,52,-0.8
2000,3,0,32.4,22.3,23,-1.5
2000,4,10,36.1,26.2,22,-1.9
2000,5,64,36.7,27.4,69,-1.5
2000,6,284,34.1,25.7,132,1.1
2000,7,228,31.4,25.3,110,0.9
2000,8,120,31.6,25.2,117,-1.1
2000,9,82,31.7,24.9,100,-2.5
2000,10,56,31.4,23.5,93,-3
2000,11,4,29.6,18.8,53,-3.4
2000,12,0,27.5,14.5,39,-3.8
2001,1,0,26.7,14.9,31,-4.2
2001,2,0,30.4,19.3,15,-4.9
2001,3,24,32.7,21.9,32,-4.6
2001,4,19,35.6,25.8,24,-4.5
2001,5,87,37.1,27.7,87,-3.5
2001,6,394,33.1,25.4,121,-1.1
2001,7,215,30.7,25.1,100,2.8
2001,8,286,31.1,25.5,111,2.9
2001,9,184,31.9,25.5,117,2
2001,10,153,31.4,23.2,108,1.8
2001,11,66,29.5,19.1,80,2.2
2001,12,1,27,14.7,54,2.2
2002,1,58,27.1,15.3,74,3.2
2002,2,0,29.7,18.5,48,2.7
2002,3,10,33.2,22.3,49,2.3
2002,4,28,35.9,26,44,2
2002,5,100,38.1,28.7,106,2.5
2002,6,197,34.5,26.7,143,2.3
2002,7,318,32.7,27,125,2
2002,8,308,30.9,25.3,107,2.5
2002,9,199,31.2,24.7,104,1.9
2002,10,79,30.7,22.6,100,1.1
2002,11,28,28,17.5,67,0.9
2002,12,0,27.7,15.5,46,-1.1
2003,1,4,26.7,14.9,43,-1.3
2003,2,26,29.9,18.7,47,-1.2
2003,3,49,32.5,21.7,67,-0.8
2003,4,5,36.4,26.6,16,-1.2
2003,5,19,38.1,28.8,25,-1.8
2003,6,277,35.6,27.8,147,-0.9
2003,7,316,31,25.3,103,1.4
2003,8,309,31.1,25.5,109,1.9
2003,9,250,31.3,24.9,102,1.8
2003,10,469,30.4,22.2,93,4.2
2003,11,10,28.4,18,62,3.5
2003,12,27,26.4,15.7,59,3.7
2004,1,19,26.5,14.7,52,3.5
2004,2,6,28.8,17.6,44,2.9
2004,3,1,33.6,22.7,28,2
2004,4,101,35.7,25.9,110,3
2004,5,41,37.5,28.1,48,2.5
2004,6,154,35.3,27.5,148,1.8
2004,7,196,30.8,25.1,115,-1.8
2004,8,220,31.3,25.7,117,-2.6
2004,9,168,31.9,25.4,114,-3.4
2004,10,225,30.2,22.1,106,-2.5
2004,11,1,28.4,18,60,-2.7
2004,12,0,27.7,15.4,46,-2.7
2005,1,19,27.9,16.1,49,-2.4
2005,2,5,30.8,19.6,43,-2.7
2005,3,55,33.6,22.8,71,-2.1
2005,4,42,35.9,26,51,-1.8
2005,5,76,37.4,28,80,-1.3
2005,6,161,36.9,29.2,155,-1.6
2005,7,263,31.1,25.5,119,-2.3
2005,8,201,31.6,26,129,-3.1
2005,9,518,31.9,24.8,109,2.6
2005,10,277,30.4,22.2,89,3.4
2005,11,3,27.5,17.1,61,2.6
2005,12,0,26.5,14.3,48,2.1
2006,1,0,27.2,15.4,42,1.4
2006,2,0,30.9,19.8,33,-1.7
2006,3,32,32.8,21.9,46,-1.6
2006,4,62,35.3,25.4,68,-1
2006,5,95,36,26.7,97,1.2
2006,6,247,34.6,26.8,141,1.6
2006,7,366,31.8,26.1,112,2.2
2006,8,480,30.8,25.2,110,4.2
2006,9,345,31.5,25.1,107,4.8
2006,10,84,31.4,23.3,104,3.7
2006,11,24,29.2,18.8,62,3.2
2006,12,0,28.5,16.2,47,2.6
2007,1,0,27.8,16,41,1.9
2007,2,86,29.5,18.3,88,2.8
2007,3,1,32.9,22,28,2
2007,4,44,35.7,25.8,56,2
2007,5,54,37.3,28,60,1.9
2007,6,190,34.8,27,147,1.6
2007,7,201,31.7,26,118,-1.1
2007,8,318,31.4,25.8,113,-1
2007,9,477,30.9,24.5,97,2.4
2007,10,97,30.5,22.3,104,1.7
2007,11,19,28.8,18.4,67,1.3
2007,12,1,27.9,15.6,48,0.9
2008,1,40,27.5,15.7,63,1.4
2008,2,48,28.2,17,65,1.8
2008,3,9,33,22.1,40,1.4
2008,4,58,35.4,25.6,70,1.8
2008,5,105,37.3,28,109,2.5
2008,6,422,33.6,25.8,129,4.5
2008,7,228,30.8,25.2,118,4.5
2008,8,271,30.8,25.1,107,4.4
2008,9,483,31,24.5,106,6.3
2008,10,34,31.2,23,81,4.8
2008,11,5,29,18.6,52,3.7
2008,12,0,29,16.7,38,2.7
2009,1,0,29.2,17.4,36,1.8
2009,2,0,31.5,20.4,21,0.6
2009,3,3,33.8,22.9,15,-3.5
2009,4,0,36.6,26.8,8,-3.9
2009,5,92,37,27.6,93,-2.9
2009,6,95,36.5,28.7,94,-3.7
2009,7,411,31,25.3,104,-2.8
2009,8,269,31.7,26,118,-2.3
2009,9,206,31.9,25.5,113,-2.4
2009,10,119,30.2,22.1,115,-2.5
2009,11,27,29.2,18.7,65,-2.3
2009,12,0,27.9,15.7,49,-2.1
2010,1,10,26.8,15,48,-1.9
2010,2,2,30.4,19.3,41,-2.1
2010,3,8,34.8,23.9,30,-2.6
2010,4,5,37.6,27.7,17,-3
2010,5,191,36.7,27.3,176,2.3
2010,6,236,35.3,27.5,151,2.5
2010,7,260,31.4,25.8,116,2.1
2010,8,242,31.4,25.8,117,1.9
2010,9,317,31.7,25.3,108,2.4
2010,10,190,31,22.8,99,2.5
2010,11,57,30.1,19.7,75,2.7
2010,12,41,26.8,14.5,68,3.7
2011,1,0,26.2,14.5,53,3.4
2011,2,46,29.3,18.1,67,3.8
2011,3,2,33.3,22.5,49,3.3
2011,4,41,34.5,24.6,58,3.3
2011,5,140,37.1,27.7,140,4.5
2011,6,186,34.4,26.6,142,4
2011,7,317,31.3,25.7,117,3.5
2011,8,334,30.8,25.2,106,4.1
2011,9,325,31.3,24.8,104,4.5
2011,10,28,31.2,23,85,3.1
2011,11,0,28.9,18.5,53,2
2011,12,0,27.7,15.4,39,1
2012,1,46,27.3,15.5,60,1.3
2012,2,0,30,18.9,24,-2.4
2012,3,0,33.9,23.1,13,-3
2012,4,114,36.1,26.3,116,-1.3
2012,5,26,37.9,28.6,30,-1.7
2012,6,203,37.3,29.5,164,-1.7
2012,7,418,31.1,25.5,111,-0.6
2012,8,214,31.1,25.5,111,-0.7
2012,9,182,31.4,25,103,-1.2
2012,10,63,30.9,21.7,94,-1.8
2012,11,132,28.3,17.9,91,1.7
2012,12,1,27.7,15.5,58,1.8
2013,1,1,27.4,15.6,49,1.6
2013,2,4,29.1,18,45,1.2
2013,3,1,33.4,22.5,35,0.6
2013,4,70,35.1,25.5,82,1.3
2013,5,60,36.3,28.4,67,1.2
2013,6,324,34.1,26,137,2.4
2013,7,254,31,25.1,106,2.6
2013,8,122,30.9,25.1,116,1.3
2013,9,292,31.8,25.2,107,1.7
2013,10,390,29.7,22.8,94,3.4
2013,11,2,28.8,16.8,63,2.6
2013,12,0,26.6,15.3,49,2
2014,1,2,26.1,15.9,41,1.4
2014,2,28,28.3,18,52,1.1
2014,3,73,32.4,21.3,86,1.8
2014,4,98,36.4,25.6,105,2.8
2014,5,171,37.1,27.1,165,4.5
2014,6,111,35.8,27.6,112,3.1
2014,7,356,31.4,25.6,105,2.8
2014,8,183,31.6,25.7,115,2
2014,9,393,31.6,25,107,3.3
2014,10,135,31,22.1,111,2.8
2014,11,0,28.6,17.9,60,2
2014,12,0,26.2,15.1,47,1.5
2015,1,21,26.1,15.5,51,1.5
2015,2,19,29.2,18.7,48,1.1
2015,3,36,32.5,21.7,56,1.1
2015,4,136,33.8,24.9,133,3
2015,5,61,37.4,27.8,69,2.8
2015,6,133,34.3,26.4,128,2.1
2015,7,216,31.4,25.5,113,0.8
2015,8,230,31.7,25.8,118,-2.3
2015,9,168,32.1,25.1,110,-2.8
2015,10,66,31.4,22.9,91,-3.2
2015,11,46,29.6,18.6,71,-2.7
2015,12,9,29.1,16.9,46,-2.3
2016,1,6,27.1,15.3,45,-2.1
2016,2,41,31,20.4,61,-2.1
2016,3,47,33.7,23,73,-2.4
2016,4,24,36.5,27,37,-2.8
2016,5,108,36.8,27.3,112,-2.3
2016,6,306,35,27,133,-1.9
2016,7,267,31.2,25.6,104,-1.5
2016,8,216,31.5,25.7,112,-1.6
2016,9,259,31.6,25.2,92,-1
2016,10,127,30.9,22.7,110,-1.1
2016,11,21,28.4,17.9,69,-1.3
2016,12,0,27.3,15.3,50,-1.4
2017,1,0,27.3,15.3,42,-1.6
2017,2,0,30.1,18.7,37,-2.2
2017,3,34,32.3,21.9,50,-2.4
2017,4,45,35.6,26,53,-2.8
2017,5,55,37.4,28,59,-3.1
2017,6,153,34.9,26.9,129,-2.2
2017,7,349,31,25.5,109,-1.5
2017,8,250,31.5,25.8,117,-1.3
2017,9,283,32.3,25.6,108,-1.5
2017,10,235,31,23.2,104,-1.1
2017,11,42,29.4,18.7,76,1.3
2017,12,28,27.6,15.8,65,1.4
2018,1,0,26.7,14.7,45,1.7
2018,2,0,30.3,19.1,41,1.3
2018,3,2,33.6,22.8,28,1
2018,4,63,34.7,24.7,73,2.3
2018,5,171,36.1,26.8,163,2.7
2018,6,204,35,26.8,138,3.4
2018,7,512,31,25.3,104,6.4
2018,8,277,31.3,25.4,109,7.1
2018,9,368,32,25.2,113,6.6
2018,10,154,30.5,22.4,111,6.5
2018,11,1,29.1,18.1,56,5.6
2018,12,10,27,14.9,50,5.8
2019,1,4,26.4,14.6,42,2.6
2019,2,15,29.7,18.6,47,2.1
2019,3,19,33.3,22.5,40,1.6
2019,4,18,35.7,25.8,30,1.1
2019,5,220,36.8,27.4,172,3.6
2019,6,117,35.6,27.8,126,2.5
2019,7,289,31.8,26.2,127,1.7
2019,8,365,31.6,25.9,109,2.4
2019,9,399,31.6,25.1,95,3.7
2019,10,387,31.4,23.2,100,5.1
2019,11,1,29.8,19.4,62,4.1
2019,12,10,27.9,15.6,49,3.7
