Product: Historical Climate - TerraClimate(http://www.climatologylab.org/terraclimate.html) 
Location (Lat/Lon of 4-km Grid Cell Center): 11.6875 North,75.5625 East 
Data Source: NW Climate Toolbox(https://climatetoolbox.org/tool/point-data-download)
Download Date: 07/24/2020
Variable List: 
ppt: ppt (Precipitation)
tmax: tmax (Maximum Temperature)
tmin: tmin (Minimum Temperature)
aet: aet (Actual Evapotranspiration)
PDSI: pdsi (Palmer Drought Severity Index (PDSI))
********************************************************
Year,Month,ppt(mm),tmax(degC),tmin(degC),aet(mm),PDSI(unitless)
1958,1,3,31.3,21.7,85,0.8
1958,2,7,31.1,23.3,72,0.9
1958,3,30,32.3,24.6,89,1.5
1958,4,83,32.2,25.5,107,1.7
1958,5,279,31.2,25.2,143,1.6
1958,6,421,29.3,23.9,114,1.4
1958,7,1085,27.3,23.2,94,1.3
1958,8,621,27.2,23.1,100,1.5
1958,9,137,29.1,23,113,0.7
1958,10,121,29.3,23.5,115,-1.7
1958,11,167,30.7,23.1,115,1.1
1958,12,7,31.3,21.5,88,-0.6
1959,1,0,31.8,21.7,84,-0.6
1959,2,1,31.7,22.6,71,-0.7
1959,3,0,33.1,23.2,76,-1.3
1959,4,98,32.6,25.2,116,-0.6
1959,5,104,32.2,25.3,115,-0.8
1959,6,2891,28,23.5,102,-0.7
1959,7,1003,26.6,22.8,88,-0.6
1959,8,587,28.2,22.9,97,0.2
1959,9,507,28.8,23.3,109,1.3
1959,10,152,29.7,23.7,116,-0.8
1959,11,103,30.4,22.7,111,-0.8
1959,12,19,31.2,21.5,89,-0.9
1960,1,4,31.3,21.8,84,-0.8
1960,2,0,30.6,22.3,69,-0.9
1960,3,41,32.3,23.8,93,1
1960,4,157,32.2,25.1,151,2.9
1960,5,160,32,24.6,148,2.5
1960,6,526,28.9,23.4,101,2.3
1960,7,1226,27,23.2,99,2
1960,8,421,28.4,23.3,101,1.2
1960,9,378,27.9,23.1,102,1.5
1960,10,216,29.7,23.1,118,1.2
1960,11,262,30.6,22.8,121,3.8
1960,12,9,31.3,21.3,87,2.9
1961,1,8,30.8,22.4,87,2.9
1961,2,21,30.7,22.8,80,3.4
1961,3,9,33.4,24.4,85,3
1961,4,83,33,25.3,110,2.9
1961,5,616,31.2,25,143,3.2
1961,6,2308,27.7,22.9,102,2.9
1961,7,1666,26.4,22.5,90,2.6
1961,8,477,27.5,23.1,96,2
1961,9,565,28.8,22.7,105,3
1961,10,322,29.8,22.8,115,3.7
1961,11,64,30.5,22.5,99,2.6
1961,12,19,30.9,21.7,89,1.9
1962,1,28,30.5,21.3,91,2.5
1962,2,33,30.6,22.6,83,3.5
1962,3,5,32,23.5,78,2.8
1962,4,84,31.9,24.9,108,2.8
1962,5,199,31.3,24.7,137,2.5
1962,6,860,29.4,23.2,116,2.2
1962,7,684,27.2,22.9,94,2
1962,8,736,27.5,23.2,102,2.7
1962,9,331,28.4,23.1,105,2.6
1962,10,483,28.8,23.7,111,5.3
1962,11,17,30.6,22,84,3.1
1962,12,68,31.2,21.3,107,3.7
1963,1,16,30.1,21.8,85,3.6
1963,2,14,30.9,21.6,75,3.5
1963,3,28,31.9,23.8,85,3.5
1963,4,81,31.9,24.5,106,3.4
1963,5,55,32.4,25,87,2.8
1963,6,443,28.6,23.4,107,2.5
1963,7,1201,27.7,23,103,2.2
1963,8,795,27.9,23,102,3.2
1963,9,221,29.4,23.2,114,2.5
1963,10,243,29.9,23.2,117,2.5
1963,11,35,30.4,23.1,90,0.9
1963,12,34,31.3,21.7,94,0.7
1964,1,0,31.8,20.5,80,-1.8
1964,2,0,32,22.1,67,-2.3
1964,3,27,32.8,24.2,83,-2
1964,4,49,33.5,25.4,86,-2.4
1964,5,96,33,25.6,111,-2.4
1964,6,346,29.6,23.3,113,-2.2
1964,7,1759,27.3,22.8,102,-1.9
1964,8,690,27.6,22.7,101,-1.1
1964,9,393,28.4,22.5,106,1.1
1964,10,251,30.1,22.6,116,1.2
1964,11,128,30,21.8,118,1.4
1964,12,19,31.2,20.4,93,1.1
1965,1,6,31.3,20.8,86,1.3
1965,2,0,30.5,22.5,70,1.1
1965,3,4,32,23.5,77,0.6
1965,4,53,32,24.7,89,-0.4
1965,5,52,31.9,24.9,82,-1
1965,6,347,29.4,22.9,105,-0.9
1965,7,851,28.2,22.3,112,-0.8
1965,8,429,27.8,22.9,115,-1.4
1965,9,185,29.5,23.2,117,-1.7
1965,10,96,30.6,23.6,116,-3.1
1965,11,72,31.1,23.4,103,-3.5
1965,12,119,30.9,22.3,127,2.7
1966,1,3,31.3,22.3,83,2.7
1966,2,0,31.9,23.1,72,2.5
1966,3,15,32.8,24.4,82,2.3
1966,4,57,33.1,25.2,95,1.7
1966,5,58,32.5,24.8,88,1.3
1966,6,361,29.2,23,108,1.1
1966,7,929,27.6,23.1,93,1
1966,8,254,28.7,23.4,104,-1.9
1966,9,324,28.7,23.2,115,-1.6
1966,10,408,29.7,23.1,123,2.1
1966,11,233,30.8,22.7,113,4.1
1966,12,34,31.1,21.7,96,4
1967,1,11,31.3,20.9,88,4.3
1967,2,0,31.6,21.2,73,4
1967,3,6,32.4,23.5,80,3.4
1967,4,26,33.4,25,76,2
1967,5,79,32.3,25.4,99,1.5
1967,6,1958,28.9,23.5,121,1.4
1967,7,627,27.3,22.2,95,1.2
1967,8,715,27.8,22.5,99,1.9
1967,9,131,28.7,22.8,116,1
1967,10,150,28.9,22.9,123,-1.6
1967,11,69,30.3,21.5,101,-2.2
1967,12,34,31.2,22.2,89,-1.8
1968,1,0,31,21.2,80,-1.8
1968,2,13,31.2,21.8,73,-1.3
1968,3,61,31.7,23.9,102,2
1968,4,150,31.8,24.5,147,3.7
1968,5,289,32.3,25.1,155,3.4
1968,6,1964,28.8,23.4,114,3.1
1968,7,688,26.7,22.7,91,2.8
1968,8,524,28.3,22.9,104,2.3
1968,9,315,28.6,23,116,2.2
1968,10,114,29.8,22.8,116,0.7
1968,11,55,30.2,22.9,94,-2.1
1968,12,7,31.1,21.6,82,-2.7
1969,1,1,31.1,21,76,-3.1
1969,2,0,31.5,22.3,64,-3.3
1969,3,8,33.3,24.2,73,-3.6
1969,4,137,33.3,25.4,140,-1.9
1969,5,85,32.5,25.3,103,-1.9
1969,6,1205,29.5,23.6,111,-1.7
1969,7,684,27.6,22.8,93,-1.5
1969,8,485,28,23.3,120,-1.8
1969,9,308,29.2,22.7,119,-1.6
1969,10,245,29.6,23.2,117,-1.2
1969,11,136,30.9,22.8,121,-0.7
1969,12,49,30.4,22.4,97,1.7
1970,1,10,31.2,21.8,85,2.3
1970,2,1,31.4,22.6,75,2.4
1970,3,32,32.6,23.9,95,3.1
1970,4,109,32.5,25.7,125,3.8
1970,5,143,31.6,25.2,140,3.3
1970,6,333,28.5,23.3,109,3
1970,7,1022,27.5,22.6,101,2.7
1970,8,689,27.4,22.7,102,3.1
1970,9,208,28.6,22.7,112,2.4
1970,10,234,29.4,23.1,119,2.2
1970,11,75,29.6,23.2,99,1.4
1970,12,2,30.8,19.9,83,-1.5
1971,1,4,30.7,21.5,77,-1.7
1971,2,6,31.1,21.6,68,-1.7
1971,3,25,31.9,23.4,84,-1.3
1971,4,62,32.9,24.6,93,-1.4
1971,5,423,31.6,24.7,156,-1
1971,6,367,27.2,22.7,108,-0.9
1971,7,917,27.3,22.5,104,-0.8
1971,8,677,27.6,22.3,111,0.6
1971,9,380,28.4,22.9,116,1
1971,10,179,29.3,22.5,116,-0.5
1971,11,19,30.3,21.3,82,-2
1971,12,26,29.7,20.9,88,-2.2
1972,1,0,30.7,20,77,-2.7
1972,2,3,31.2,21.4,66,-2.9
1972,3,0,32.7,22.3,70,-3.6
1972,4,51,32.9,25,84,-3.9
1972,5,206,31.2,24.8,136,-3.6
1972,6,592,30.2,23.8,124,-3.2
1972,7,1083,28.2,22.8,103,-2.9
1972,8,432,28.9,23,108,-3.2
1972,9,220,29.4,23.9,124,-3.2
1972,10,320,29.8,23.7,115,-1.8
1972,11,89,31,22.7,106,-2
1972,12,85,31.3,22.7,114,2.5
1973,1,0,32.6,20.6,88,2.7
1973,2,0,32.6,22.6,75,2.5
1973,3,1,33.2,23.7,80,1.9
1973,4,90,33.7,25.9,113,2.1
1973,5,124,33.4,25.3,129,1.7
1973,6,706,29.2,23.7,115,1.5
1973,7,1257,27.7,23.5,107,1.4
1973,8,674,27.3,22.6,103,1.8
1973,9,87,29.2,23.1,104,0.8
1973,10,200,29.6,23.5,118,-1.4
1973,11,60,30.8,22.4,99,-2.2
1973,12,14,30.5,21.4,85,-2.5
1974,1,0,31.2,20.4,79,-2.8
1974,2,0,31.9,20.9,66,-3
1974,3,3,33.1,23.6,73,-3.5
1974,4,89,33.3,25.3,109,-2.9
1974,5,90,32,24.4,104,-2.8
1974,6,1342,29.3,23,114,-2.5
1974,7,798,27.9,22.4,106,-2.3
1974,8,663,28.1,22.6,103,-1.5
1974,9,538,28.5,22.8,116,1.5
1974,10,144,29.9,22.3,117,-0.9
1974,11,33,30.8,21.6,91,-2.2
1974,12,1,31.8,20.2,79,-3.1
1975,1,1,31.4,20.5,75,-3.7
1975,2,5,31.9,22.3,68,-4
1975,3,52,32.1,23.8,96,-2.7
1975,4,82,33.5,24.9,106,-2.3
1975,5,641,32.2,24.8,154,-1.5
1975,6,400,28.2,23.1,120,-1.3
1975,7,1617,27.3,22,94,-1.2
1975,8,729,27.3,23,104,1.9
1975,9,585,28.1,22.6,105,3
1975,10,275,29.1,22.8,118,3.2
1975,11,103,29.6,21.9,114,2.7
1975,12,4,30.7,20.1,85,1.7
1976,1,0,31,20.9,82,1.2
1976,2,0,31.6,22,69,0.7
1976,3,6,33.1,23.1,73,-1.8
1976,4,109,32.5,24.6,125,-0.8
1976,5,54,32.6,25.1,82,-1
1976,6,538,29.9,23.2,110,-0.9
1976,7,721,28,22.6,105,-0.8
1976,8,514,28,22.7,104,-0.9
1976,9,178,29.2,23.4,110,-1.3
1976,10,181,30.2,23.7,117,-1.7
1976,11,208,30,23.8,121,1.7
1976,12,18,31.6,21.8,93,1.3
1977,1,0,32.2,20.4,84,1.2
1977,2,3,31.6,22.7,74,1
1977,3,24,33.2,24.2,90,1.2
1977,4,90,32.8,25.8,114,1.5
1977,5,139,31.3,25,140,1.2
1977,6,2238,29,23.6,119,1.1
1977,7,440,28.1,22.8,99,1
1977,8,363,28.7,23,115,-1.1
1977,9,266,29.8,23.3,120,-1.1
1977,10,383,28.9,23.8,118,1.7
1977,11,353,30.5,23.6,112,6
1977,12,1,31.5,21.5,86,4.6
1978,1,9,31.7,21.4,85,4.4
1978,2,8,31.2,23,72,4.1
1978,3,3,32.6,24,77,3.3
1978,4,33,32.9,26,77,2.1
1978,5,473,32.3,25.1,149,2.2
1978,6,1569,28.3,23.2,109,1.9
1978,7,868,27,22.6,95,1.7
1978,8,593,27.3,23.2,115,1.7
1978,9,178,28.8,23.2,114,1
1978,10,125,29.9,23.7,120,-2.1
1978,11,260,31,23.1,118,2.7
1978,12,51,30.5,23.5,103,3.3
1979,1,1,31.4,22.6,85,3.3
1979,2,32,31.1,23.8,84,4.6
1979,3,12,32.2,24.8,85,4.4
1979,4,71,33.2,26.2,106,4
1979,5,61,32.3,25.9,95,3.3
1979,6,1429,29.1,24.3,121,3
1979,7,778,27.4,23.2,102,2.7
1979,8,603,28.2,23.7,120,2.6
1979,9,311,28.4,23.9,117,2.4
1979,10,161,30.3,23.6,131,1.3
1979,11,238,29.8,24.1,110,3.5
1979,12,18,31.3,22.9,90,3
1980,1,0,32,21.2,87,2.7
1980,2,2,31.9,22.8,74,2.3
1980,3,11,32.5,24.7,81,1.9
1980,4,109,32.9,26.3,124,2.5
1980,5,863,33.3,26.3,161,3.2
1980,6,1132,28.7,23.7,99,2.8
1980,7,665,28.1,23,97,2.5
1980,8,456,28.1,23,108,1.8
1980,9,221,29.6,23.7,123,1.2
1980,10,217,30.2,23.8,124,0.9
1980,11,144,31.1,23.4,122,1.4
1980,12,25,31.6,22.2,94,1.3
1981,1,6,30.8,22.3,83,1.5
1981,2,1,31.7,22.4,75,1.4
1981,3,25,32.8,24.5,87,1.7
1981,4,54,33,25.9,93,1.1
1981,5,475,32.6,25.8,158,1.3
1981,6,442,28,23.7,101,1.2
1981,7,1244,28.2,23.4,108,1.1
1981,8,628,28.8,23.5,116,1.3
1981,9,464,28.4,23.6,116,1.9
1981,10,231,29.5,24.2,116,1.7
1981,11,95,30.4,23,110,1.3
1981,12,30,31,22,94,1.3
1982,1,0,31.5,21.3,80,1.1
1982,2,0,31.7,22.6,72,0.7
1982,3,3,32.7,24.4,75,-0.5
1982,4,22,33,25.8,71,-2
1982,5,79,32.2,26,96,-2.1
1982,6,449,28.9,23.7,113,-1.8
1982,7,1000,28.2,23,102,-1.7
1982,8,716,28.6,23.3,109,-0.7
1982,9,110,29.9,23.3,122,-1.5
1982,10,159,30.8,23.9,127,-2.4
1982,11,114,30.4,23.9,114,-2.1
1982,12,3,31.3,22.2,88,-2.6
1983,1,0,31.8,21.6,84,-2.6
1983,2,0,32.4,23.4,72,-2.7
1983,3,0,33.2,24.2,73,-3.2
1983,4,6,33.6,25.5,61,-4.6
1983,5,63,33.1,26.3,86,-4.4
1983,6,723,30.5,24.5,122,-4
1983,7,1679,28.7,23.6,102,-3.6
1983,8,584,28.1,23.6,100,-3
1983,9,415,29,23.1,108,-2.2
1983,10,185,30.4,23.5,121,-2.4
1983,11,62,31,21.9,101,-3.1
1983,12,54,31.9,22.5,95,-1.9
1984,1,11,30.2,23.4,76,-1.4
1984,2,29,32.4,22.8,81,2.3
1984,3,64,31.3,25.1,106,4.3
1984,4,176,32.2,25.6,148,6.5
1984,5,158,33.5,25.7,157,5.8
1984,6,595,29,23.2,104,5.2
1984,7,958,27.6,22.1,101,4.7
1984,8,447,29,22.9,118,3.6
1984,9,227,29.3,23,122,2.9
1984,10,309,30,22.6,118,3.5
1984,11,48,30.8,22.6,95,2
1984,12,42,31.9,21.5,98,2.1
1985,1,46,31.2,22.8,92,3.5
1985,2,11,32.1,22.8,76,3.6
1985,3,42,33.5,24.8,97,4.4
1985,4,32,33.4,26.2,80,3.1
1985,5,429,33.1,25.5,161,3.1
1985,6,340,28.4,22.9,104,2.7
1985,7,899,27.9,22.4,105,2.5
1985,8,485,28.6,22.9,116,1.8
1985,9,133,29.8,23.3,125,0.9
1985,10,226,30.2,22.8,127,0.7
1985,11,77,30.2,22.6,104,-1.8
1985,12,18,31.5,22.5,88,-1.9
1986,1,10,30.7,22.3,81,-1.7
1986,2,5,31.2,22.7,70,-1.5
1986,3,3,32.4,25.1,73,-1.9
1986,4,32,33.9,25.8,78,-2.7
1986,5,752,33.3,25.5,163,-1.7
1986,6,389,29.4,23.8,122,-1.5
1986,7,729,28.7,23.2,111,-1.4
1986,8,413,28,23.1,118,-2
1986,9,480,29.4,23.7,120,-1
1986,10,112,31,23.5,119,-2.2
1986,11,266,31.3,22.6,122,2.7
1986,12,4,31.2,23.2,84,1.8
1987,1,0,32,22.1,85,1.5
1987,2,0,31.8,22.2,71,1.1
1987,3,7,32.6,24.3,79,0.6
1987,4,44,33.3,26.1,86,-1.8
1987,5,90,32.9,26,108,-1.9
1987,6,652,30.4,23.6,123,-1.7
1987,7,658,29,23.9,121,-1.5
1987,8,550,29.2,23.1,109,-1.4
1987,9,181,30.6,24,124,-1.8
1987,10,367,30.3,23.8,121,1.5
1987,11,37,31.6,23.5,90,-1.3
1987,12,72,31.1,23.2,106,1.3
1988,1,0,31.9,22,83,1
1988,2,0,32.9,23.2,70,0.6
1988,3,15,33.3,25.4,81,-0.1
1988,4,165,32.5,26.1,153,2.5
1988,5,111,33.7,25.8,126,2.1
1988,6,601,30.1,23.4,114,1.9
1988,7,1474,28.2,23,100,1.7
1988,8,679,28.2,23.5,106,2.1
1988,9,508,29.2,23.1,116,2.8
1988,10,54,31.1,23.6,100,0.6
1988,11,63,30.6,23.1,100,-2.7
1988,12,13,32.6,21.2,85,-3.5
1989,1,1,31.9,21.4,75,-4.3
1989,2,0,32.4,21.1,65,-5
1989,3,14,32.4,24.1,69,-5.1
1989,4,63,33.4,25.5,89,-5.1
1989,5,83,33.4,25.1,100,-4.8
1989,6,627,28.9,22.8,99,-4.3
1989,7,1124,27.5,22.6,97,-3.9
1989,8,365,29,22.5,108,-4.4
1989,9,329,29.5,23,115,-3.8
1989,10,301,30.4,23.5,114,-2.6
1989,11,43,30.9,23.2,96,-3.5
1989,12,4,32,22,82,-4.2
1990,1,5,31.4,21.9,80,-4.4
1990,2,0,32.2,23.3,69,-4.7
1990,3,3,32.9,25.3,68,-5.2
1990,4,9,33.9,26,57,-6.4
1990,5,187,31.6,25.4,133,-5.8
1990,6,433,29.4,23.3,103,-5.2
1990,7,1243,28.3,22.4,94,-4.7
1990,8,333,28.6,23.3,102,-5.3
1990,9,146,30.2,23.5,126,-5.4
1990,10,219,30.4,23.6,120,-5
1990,11,117,31.2,23,118,-4.4
1990,12,4,31.8,22.5,88,-4.6
1991,1,1,32,22.6,82,-4.3
1991,2,2,32,23.1,74,-4.1
1991,3,7,33.7,24.5,75,-4.1
1991,4,80,33.6,25.8,102,-3.4
1991,5,712,33.6,26,158,-2.4
1991,6,728,28.7,23.8,102,-2.1
1991,7,1357,27.7,23,97,-1.9
1991,8,587,28.3,23,113,-1.6
1991,9,88,30.4,23.7,115,-2.4
1991,10,251,29.8,23.6,121,-2.4
1991,11,108,30.8,22.9,115,-2.2
1991,12,1,31.7,21.6,87,-2.7
1992,1,0,31.5,21,84,-2.8
1992,2,0,32.5,21.9,69,-2.9
1992,3,0,33.5,23.2,74,-3.5
1992,4,78,33.8,25.2,103,-3.1
1992,5,113,32.9,25.1,121,-3
1992,6,808,29.6,23.6,112,-2.7
1992,7,1464,28,22.8,104,-2.4
1992,8,574,28.6,22.7,110,-2.1
1992,9,270,29.8,23.1,119,-2
1992,10,297,30.6,22.9,122,-1.1
1992,11,179,30.7,23.8,116,1.9
1992,12,3,31.6,21.2,91,1
1993,1,0,32.1,20.9,85,0.7
1993,2,0,32.5,21.9,72,-1.1
1993,3,8,33.2,24,74,-1.4
1993,4,28,33.8,25.1,74,-2.4
1993,5,86,33.7,25.5,102,-2.4
1993,6,748,30.2,23.4,113,-2.1
1993,7,1219,28.2,22.3,96,-1.9
1993,8,385,29.4,22.7,118,-2.6
1993,9,118,30,22.7,118,-3.1
1993,10,328,30.2,23.2,114,-1.7
1993,11,139,30.4,23.3,118,-1
1993,12,48,30.4,22.3,98,2.2
1994,1,0,32.4,21.6,84,2.4
1994,2,1,32.2,22.6,73,2.4
1994,3,36,33.7,23.7,96,3.2
1994,4,149,33.1,25.6,144,4.9
1994,5,742,33.6,25.1,160,5.1
1994,6,3472,29.7,23.4,107,4.6
1994,7,432,27.9,22.7,104,4.1
1994,8,487,29,22.9,117,3.3
1994,9,196,30.3,23,130,2.5
1994,10,394,30.1,23,118,4.1
1994,11,75,30.4,22.7,103,3
1994,12,11,30.9,21.5,88,2.1
1995,1,10,31.9,21.6,82,1.8
1995,2,0,32.7,22.7,69,1.2
1995,3,8,33.3,23.9,75,0.6
1995,4,72,33.3,25.4,99,-1.7
1995,5,119,32,25,124,-1.7
1995,6,728,30.4,23.7,118,-1.5
1995,7,1251,28,23,103,-1.3
1995,8,661,28.8,23.3,115,-0.7
1995,9,274,30,23.3,125,-0.8
1995,10,183,30.9,23,122,-1.2
1995,11,48,31.2,23.1,91,-2.2
1995,12,0,31.1,21.6,84,-3
1996,1,1,32.6,21.3,78,-3.5
1996,2,1,32.9,22,66,-3.9
1996,3,38,34.6,23.2,90,-3.1
1996,4,65,33.4,25,93,-3
1996,5,90,34.1,25.4,109,-2.9
1996,6,880,29.3,23.5,116,-2.6
1996,7,1301,27.4,23.5,102,-2.4
1996,8,526,28.4,23.3,114,-2.3
1996,9,326,29.1,23.7,121,-2
1996,10,243,30.5,22.5,123,-1.6
1996,11,19,31,23,83,-3
1996,12,61,31.5,21.5,103,-1.9
1997,1,4,32,21.5,80,-2
1997,2,0,32.4,22,69,-2.2
1997,3,20,33.8,23.7,80,-2.1
1997,4,34,32.1,25.3,75,-2.7
1997,5,61,33.3,25.5,88,-2.7
1997,6,3201,30.4,23.9,124,-2.5
1997,7,756,28.5,23.6,101,-2.2
1997,8,697,29,23.5,114,-1.3
1997,9,287,30.1,23.5,129,-1.3
1997,10,314,31.3,23.4,133,1.2
1997,11,201,31.2,24,114,2.8
1997,12,47,32,23.7,95,3.3
1998,1,1,33.3,22.8,89,3.4
1998,2,20,33.7,23.1,86,4.1
1998,3,10,35.2,23.7,87,3.7
1998,4,41,33.6,26,82,2.7
1998,5,356,34,25.8,155,2.6
1998,6,234,30.7,24.1,113,2.3
1998,7,1527,28.4,23.5,103,2.1
1998,8,683,28.8,23.7,115,2.4
1998,9,517,29.5,23.4,116,3.1
1998,10,360,30.6,23.1,120,4.3
1998,11,67,31.3,22.9,98,3.1
1998,12,72,31.2,22.4,107,4.2
1999,1,0,32.6,20.8,85,3.9
1999,2,12,32.9,22.6,78,3.9
1999,3,24,34.6,23.8,87,3.9
1999,4,77,33.4,25.1,106,3.7
1999,5,196,31.3,24.4,132,3.3
1999,6,578,29.2,22.9,114,2.9
1999,7,1148,27.4,23.1,98,2.6
1999,8,307,28.8,23.4,118,1.1
1999,9,104,30.6,23.2,119,-2
1999,10,405,30,23.6,111,1.8
1999,11,57,31.4,22.7,101,0.6
1999,12,7,32.4,21.1,84,-1.7
2000,1,2,32.1,22.2,77,-2.2
2000,2,10,31.7,23.3,67,-2.2
2000,3,1,33.4,23.8,70,-2.8
2000,4,78,33.7,25.4,101,-2.4
2000,5,97,32.7,25,109,-2.4
2000,6,533,28.6,23.6,102,-2.1
2000,7,829,28.2,22.7,113,-1.9
2000,8,736,27.6,23.5,105,-0.8
2000,9,240,29.4,23.7,120,-1
2000,10,270,30.6,23.3,124,0.4
2000,11,106,31.9,22.8,118,-0.2
2000,12,69,31,21.6,109,2
2001,1,32,32.2,22.1,95,3.5
2001,2,11,32,22.5,79,4
2001,3,0,33.1,24.2,79,3.5
2001,4,214,32.5,24.9,149,6.7
2001,5,80,32.2,24.8,110,5.8
2001,6,392,28.7,22.9,102,5.2
2001,7,1133,27.8,22.8,105,4.7
2001,8,449,28,22.7,109,3.7
2001,9,228,29.5,23.3,125,2.9
2001,10,256,29.8,23,116,3
2001,11,58,30.7,22.9,92,1.9
2001,12,5,31.4,22,84,0.9
2002,1,0,31.8,21.7,78,-2.3
2002,2,0,32.4,22.9,66,-2.6
2002,3,5,33.3,24.4,71,-3
2002,4,24,32.7,25.1,64,-3.8
2002,5,160,32.5,25.2,137,-3.5
2002,6,659,29.1,23.3,109,-3.2
2002,7,576,28.3,23.3,105,-2.8
2002,8,442,28.4,23.1,112,-3.1
2002,9,146,29.3,23.1,122,-3.5
2002,10,493,30.2,23.3,114,3
2002,11,109,30.8,23,113,2.7
2002,12,1,31.3,21.8,85,1.6
2003,1,0,32.4,22.3,81,1.2
2003,2,11,32.6,23.1,72,1.2
2003,3,4,33.4,24.4,72,0.7
2003,4,168,32.9,25.3,147,2.9
2003,5,21,32.9,25.5,71,2.3
2003,6,683,30,24.2,115,2.1
2003,7,1022,28.4,23.4,104,1.9
2003,8,328,29.2,24,119,-1.4
2003,9,179,29.7,23.6,127,-1.8
2003,10,239,30,23.2,114,-1.4
2003,11,85,31.1,23.3,110,-1.8
2003,12,1,31.4,22,85,-2.5
2004,1,5,31.8,21.7,80,-2.6
2004,2,0,32.3,22.8,68,-2.9
2004,3,3,33.5,24.5,70,-3.3
2004,4,87,33.2,25.6,105,-2.6
2004,5,206,31.2,23.8,130,-2.4
2004,6,571,29.1,23.3,111,-2.1
2004,7,1015,27.8,22.8,103,-1.9
2004,8,474,28.3,23,111,-2.1
2004,9,227,29.3,23.1,120,-2.2
2004,10,284,30.4,23.5,127,-1.5
2004,11,95,31,23.2,113,-1.7
2004,12,0,31.7,22.2,89,-2.4
2005,1,23,32.1,22,86,-1.6
2005,2,2,32.5,23,72,-1.8
2005,3,3,33,24,72,-2.2
2005,4,71,32.9,25.3,96,-2
2005,5,63,32.9,25.5,91,-2
2005,6,614,29.8,24,117,-1.8
2005,7,1182,28.2,23.2,101,-1.6
2005,8,356,28.8,23.5,123,-2.5
2005,9,384,29.2,23,112,-1.9
2005,10,189,30,23.2,115,-2.1
2005,11,137,30.3,22.6,118,-1.4
2005,12,18,30.8,21.4,87,-1.4
2006,1,1,31.8,21.7,85,-1.1
2006,2,0,31.9,22.4,75,-1.1
2006,3,37,32.7,23.7,91,1
2006,4,27,32.6,24.9,74,-1
2006,5,156,31.9,24.5,144,-1
2006,6,778,29.3,23.5,117,-0.9
2006,7,992,28.4,23.4,109,-0.8
2006,8,557,28.8,23.6,120,-0.7
2006,9,721,29.4,23.2,110,1.9
2006,10,299,30,23.2,120,2.4
2006,11,81,31,23.2,100,1.8
2006,12,0,31.2,21.8,85,0.7
2007,1,0,32,21.9,81,-1.6
2007,2,0,32.1,22.5,68,-2
2007,3,9,33,24.1,73,-2.3
2007,4,101,33.1,25.5,114,-1.4
2007,5,570,32.7,25.3,149,-0.8
2007,6,284,29.5,23.7,109,-0.7
2007,7,488,28.1,23.1,98,-0.6
2007,8,738,28.5,23.3,110,1.7
2007,9,731,29.1,23,109,3.4
2007,10,316,29.9,23.1,113,4.1
2007,11,105,30.7,22.9,116,3.5
2007,12,8,31.5,22,87,2.6
2008,1,0,31.6,21.5,82,2
2008,2,22,32.2,22.6,78,2.4
2008,3,94,32.5,23.6,115,5.2
2008,4,124,32.6,25,131,6.1
2008,5,44,32.2,24.9,81,5.2
2008,6,566,29.3,23.5,108,4.7
2008,7,1174,28.1,23.1,104,4.2
2008,8,485,28.6,23.3,113,3.4
2008,9,446,29.6,23.5,119,3.6
2008,10,528,30.4,23.6,120,6.6
2008,11,27,30.8,23,85,4.5
2008,12,4,31.7,22.2,81,3
2009,1,0,32,21.9,77,1.7
2009,2,0,32.5,23,67,0.7
2009,3,30,32.7,23.8,78,0.7
2009,4,27,32.9,25.3,66,-3.8
2009,5,87,32.2,24.9,99,-3.6
2009,6,2718,29.5,23.7,109,-3.3
2009,7,754,28.2,23.1,94,-2.9
2009,8,334,29.4,24.1,116,-3.8
2009,9,454,29.7,23.6,111,-2.7
2009,10,167,30.2,23.3,121,-3.1
2009,11,263,31.2,23.4,113,2.8
2009,12,48,32.1,22.7,96,3.3
2010,1,1,32.3,22.2,83,3.5
2010,2,3,32.6,23,77,3.5
2010,3,1,33.7,24.7,78,2.8
2010,4,151,33.4,25.8,148,4.5
2010,5,310,33.3,26,148,4.1
2010,6,285,29.5,23.7,105,3.7
2010,7,1300,28,23,94,3.3
2010,8,370,28.4,23.1,103,2.1
2010,9,342,29.7,23.6,115,2.1
2010,10,405,29.9,23,109,3.9
2010,11,211,30.8,23,109,5.4
2010,12,18,31,21.6,86,4.7
2011,1,0,31.7,21.6,85,4.4
2011,2,9,31.7,22.2,76,4.2
2011,3,3,33.2,24.2,76,3.4
2011,4,95,32.4,24.8,111,3.7
2011,5,68,32.4,25,94,3.1
2011,6,588,29.2,23.4,102,2.8
2011,7,1243,28,23,92,2.5
2011,8,697,28.5,23.2,98,3
2011,9,547,29,22.9,108,3.8
2011,10,214,30.6,23.8,121,3.2
2011,11,94,31.1,23.4,112,2.5
2011,12,5,31.6,22.2,85,1.6
2012,1,0,31.8,21.7,80,1
2012,2,14,32.7,23.2,78,1.1
2012,3,2,33,24.1,71,-1.7
2012,4,94,32.7,25.1,108,-0.9
2012,5,59,32.5,25.1,88,-1.1
2012,6,391,29.1,23.3,104,-1
2012,7,697,28.3,23.3,100,-0.9
2012,8,578,28.5,23.2,102,-0.6
2012,9,236,29.4,23.2,113,-0.8
2012,10,137,30.5,23.6,126,-1.8
2012,11,128,30.8,23,122,-1.4
2012,12,6,32.3,22.9,90,-1.8
2013,1,0,32.7,22.6,86,-1.8
2013,2,6,32.7,23.1,72,-1.7
2013,3,22,33.4,24.4,83,-1.4
2013,4,7,33.6,26,63,-2.8
2013,5,229,32.7,25.4,153,-2.5
2013,6,472,28.5,22.7,93,-2.3
2013,7,1568,27.7,22.6,87,-2
2013,8,368,28.5,23.3,112,-2.8
2013,9,262,29.3,23.2,112,-2.6
2013,10,157,30,23.1,114,-3.1
2013,11,130,30.9,23.2,119,-2.4
2013,12,8,31.3,21.9,89,-2.7
2014,1,0,32.5,22.4,85,-2.5
2014,2,0,32.3,22.7,70,-2.5
2014,3,3,33.6,24.7,76,-2.8
2014,4,75,33.2,25.6,101,-2.4
2014,5,67,33.3,26,93,-2.4
2014,6,566,30.5,24.7,125,-2.2
2014,7,1593,28.4,23.4,97,-2
2014,8,849,29.1,23.8,110,1.4
2014,9,798,29.7,23.5,113,3.4
2014,10,394,30.6,23.7,119,4.9
2014,11,82,30.7,22.9,105,3.9
2014,12,4,31.7,22.3,78,2.8
2015,1,4,31.7,21.6,79,2.4
2015,2,0,32.6,23.1,72,1.7
2015,3,49,33.4,24.4,96,2.7
2015,4,120,32.9,25.3,126,3.6
2015,5,367,33.2,25.9,149,3.5
2015,6,428,30.1,24.3,110,3.1
2015,7,1059,29,23.9,112,2.8
2015,8,393,29.7,24.4,121,1.6
2015,9,290,30.9,24.7,132,1.4
2015,10,297,31.3,24.4,126,1.9
2015,11,205,31.4,23.6,115,3.5
2015,12,10,32.7,23.2,87,2.7
2016,1,5,33,22.8,86,2.5
2016,2,0,33,23.7,73,2.1
2016,3,30,33.8,25.4,89,1.5
2016,4,26,33.2,26.7,73,-2
2016,5,162,33,26.2,151,-1.8
2016,6,1093,29.5,23.7,109,-1.6
2016,7,1460,28.2,23.4,101,-1.4
2016,8,277,28.7,23.2,113,-3
2016,9,51,29.4,23.6,93,-3.4
2016,10,24,30.3,23.7,82,-5
2016,11,2,31.6,23,71,-6.3
2016,12,53,31.8,22.2,92,-6.7
2017,1,0,32.4,22.9,66,-7.5
2017,2,0,32.9,23,57,-8.1
2017,3,44,32.2,24.3,77,-8.3
2017,4,65,32.4,26.4,85,-8.5
2017,5,228,32.5,26,145,-7.7
2017,6,376,29.3,23.8,104,-6.9
2017,7,774,28.3,23.5,101,-6.2
2017,8,875,28.7,23.5,106,-6
2017,9,607,30,24,116,-5.2
2017,10,341,30.3,24,112,-5.4
2017,11,53,31.4,24,98,-6
2017,12,23,31.2,22.4,89,-6.2
2018,1,0,32.4,21.4,74,-6.1
2018,2,8,33.2,21.7,71,-5.8
2018,3,32,33.2,23.6,82,-4.3
2018,4,95,32.8,25.2,109,4.2
2018,5,261,32.1,25.1,131,4.4
2018,6,717,28.7,23,90,4
2018,7,1311,27.8,22.8,93,3.6
2018,8,748,27.9,22.6,99,3.8
2018,9,148,30.9,22.8,140,2.6
2018,10,224,31.2,23.3,121,2.9
2018,11,42,32.4,23.2,92,2
2018,12,12,31.2,22,74,3.3
2019,1,0,31.2,21.1,80,-2.6
2019,2,2,32.4,22.8,68,-2.9
2019,3,7,33.2,24.2,72,-3.2
2019,4,70,33.6,26,96,-3
2019,5,106,33.7,26.4,119,-3
2019,6,730,30.7,24.9,125,-2.7
2019,7,1125,28.7,23.7,102,-2.4
2019,8,1133,28.7,23.5,92,2.3
2019,9,357,30.3,24.1,114,2.3
2019,10,493,30.7,23.9,111,5
2019,11,102,31.9,24.1,114,4.2
2019,12,38,32.5,23.1,93,4.3
