Product: Historical Climate - TerraClimate(http://www.climatologylab.org/terraclimate.html) 
Location (Lat/Lon of 4-km Grid Cell Center): 31.6458 North,74.8542 East 
Data Source: NW Climate Toolbox(https://climatetoolbox.org/tool/point-data-download)
Download Date: 07/24/2020
Variable List: 
ppt: ppt (Precipitation)
tmax: tmax (Maximum Temperature)
tmin: tmin (Minimum Temperature)
aet: aet (Actual Evapotranspiration)
PDSI: pdsi (Palmer Drought Severity Index (PDSI))
********************************************************
Year,Month,ppt(mm),tmax(degC),tmin(degC),aet(mm),PDSI(unitless)
1958,1,10,20,6.8,22,-0.9
1958,2,3,22.6,6.9,11,-1.5
1958,3,10,28.4,13.1,14,-2.1
1958,4,4,36.4,19.4,8,-2.4
1958,5,3,38.8,21.9,5,-2.7
1958,6,37,40.8,25.7,37,-2.6
1958,7,178,35.2,27.4,147,-2.5
1958,8,76,34.2,26.1,82,-3.4
1958,9,224,32.9,23.5,119,-1.4
1958,10,30,31.4,17.3,69,2.5
1958,11,1,26.7,9.7,31,2.9
1958,12,44,21.3,6.1,41,3.7
1959,1,57,18,4.2,46,4.5
1959,2,19,20.7,5.4,35,4.5
1959,3,15,28.4,12.5,25,3.7
1959,4,3,34.4,17.9,8,2.9
1959,5,20,37.5,22.1,23,2.7
1959,6,14,41.2,26.4,16,1.7
1959,7,267,34.3,26.1,148,2.4
1959,8,223,34.2,26.3,133,3.2
1959,9,102,33.7,24.4,110,3.5
1959,10,24,33,18.8,71,4.3
1959,11,19,26.2,8.9,38,4.9
1959,12,2,21.3,4.9,11,4.2
1960,1,26,18,4.1,29,3.8
1960,2,0,25.4,8.8,4,2.6
1960,3,37,25.9,11.1,38,2.4
1960,4,11,32.4,15.9,13,1.9
1960,5,3,39.5,22.5,5,1.2
1960,6,30,41.5,25.9,30,0.7
1960,7,189,35.2,26.4,141,0.7
1960,8,128,34.5,26.8,126,-1.6
1960,9,37,34.6,24.1,50,-2.2
1960,10,1,32,16.9,8,-2.9
1960,11,0,26.5,8.2,4,-2.9
1960,12,17,20.8,4.4,19,-2.6
1961,1,86,19.1,5.4,45,-0.7
1961,2,25,20,5.2,37,2.2
1961,3,11,27.7,12.5,22,1.4
1961,4,25,33.1,16,30,1.6
1961,5,10,38.9,22.1,13,1.2
1961,6,27,40.6,25.8,28,0.7
1961,7,218,35.1,26.3,137,1.1
1961,8,168,33.9,25.9,119,1.2
1961,9,113,34.4,24.6,115,1.9
1961,10,33,31.3,16.9,73,3
1961,11,2,24.1,8.5,29,3.4
1961,12,10,19.3,3.4,18,3.1
1962,1,42,18,4.1,41,3.5
1962,2,30,23.1,7.7,36,3.5
1962,3,29,27,11.9,32,3.1
1962,4,4,34.5,17.7,6,2.5
1962,5,7,38.5,22.1,9,1.9
1962,6,16,40.7,25.4,17,1.1
1962,7,169,35.6,26.8,147,0.7
1962,8,134,34.5,25.9,130,-1.6
1962,9,293,32.2,22.6,123,2.7
1962,10,1,31.5,16.8,66,3.1
1962,11,15,25.4,9,33,3.6
1962,12,13,19.8,4.6,20,3.3
1963,1,1,18.6,3.4,5,2.3
1963,2,12,24.5,7.9,15,1.6
1963,3,33,27.1,11.8,34,1.3
1963,4,16,32.9,16.7,17,1.1
1963,5,22,36.9,20.3,22,1.1
1963,6,15,40.8,26.1,15,-1.5
1963,7,108,36.7,27.2,103,-2.8
1963,8,107,33.7,26,103,-3.3
1963,9,73,33.7,23.1,70,-3.5
1963,10,1,32.9,18,2,-4
1963,11,11,26.6,10.5,11,-3.7
1963,12,19,21.4,4.3,19,-3.3
1964,1,34,16.1,2.9,32,-2.8
1964,2,6,21.4,6.2,6,-3.2
1964,3,9,28.8,13,8,-3.7
1964,4,18,34.3,17.5,17,-3.4
1964,5,21,37.8,20.2,20,-3.1
1964,6,33,39.9,25.2,32,-3.1
1964,7,315,33.9,25.2,154,-1.4
1964,8,230,34.6,25.8,149,2.2
1964,9,93,33.3,23.6,115,2.5
1964,10,0,31.5,16.5,48,2.7
1964,11,1,26.2,7.2,13,2.3
1964,12,11,20.3,4.5,17,1.9
1965,1,18,20.2,5.5,21,1.4
1965,2,23,21.6,6.8,25,1.1
1965,3,19,27.3,11.4,20,-1.1
1965,4,43,31,14.6,43,0.8
1965,5,27,37,20.4,27,1
1965,6,3,40.9,25.9,4,-1
1965,7,185,35,25.4,155,-1
1965,8,88,33.9,24.6,91,-2.1
1965,9,9,34.4,23.1,13,-3.4
1965,10,21,32.8,17.7,23,-3.6
1965,11,9,27.7,10.4,11,-3.4
1965,12,1,20.7,3.2,3,-3.6
1966,1,0,20.7,3.9,1,-4
1966,2,48,24.7,8.7,47,-3.2
1966,3,22,27.4,11.8,22,-3.3
1966,4,13,32.9,16.6,13,-3.2
1966,5,30,39.1,21.1,29,-2.5
1966,6,75,40.3,24.9,71,-1.6
1966,7,137,36.1,25.2,131,-2.3
1966,8,152,34.2,25.9,145,-2.4
1966,9,142,33.1,22,131,-1.6
1966,10,27,31.7,16.2,27,-1.4
1966,11,0,26.2,8.5,1,-1.7
1966,12,4,20.5,3.3,5,-2
1967,1,0,17.8,3.3,1,-2.5
1967,2,20,24.7,7.9,20,-2.6
1967,3,78,26.4,10.8,74,-1.3
1967,4,7,33.2,15.9,7,-1.5
1967,5,5,37.9,20.6,5,-1.8
1967,6,10,41.5,25.7,10,-2.4
1967,7,139,36.1,26.1,132,-2.8
1967,8,231,33.5,25.4,137,-2
1967,9,67,34,23,94,-1.8
1967,10,29,31.2,15.6,50,-1.4
1967,11,3,26.1,9.1,12,-1.2
1967,12,65,20.8,4.8,42,2.2
1968,1,31,17,3.5,33,2.6
1968,2,29,20.1,4.3,36,3
1968,3,22,27.7,11.7,30,2.5
1968,4,4,33.8,17,8,1.8
1968,5,6,37.3,20.4,9,1.3
1968,6,30,41.3,25.7,31,0.8
1968,7,199,35.6,25.6,149,0.8
1968,8,180,34.3,25.1,137,0.9
1968,9,2,36.1,23.6,50,-1.6
1968,10,30,31.1,15.7,41,-1.5
1968,11,1,27.2,8.1,8,-1.7
1968,12,12,20.8,4.7,15,-1.6
1969,1,11,18.1,4.6,13,-1.9
1969,2,22,21.7,6.9,23,-1.9
1969,3,37,31.3,12.9,37,-1.8
1969,4,28,33.2,17.3,28,-1.3
1969,5,22,37.4,20.4,22,-1
1969,6,13,40.7,25.5,13,-1.6
1969,7,193,36.4,26,162,-1.5
1969,8,94,35,25.9,97,-2.2
1969,9,56,34,23.4,58,-2.7
1969,10,5,32.9,17.7,8,-3.2
1969,11,0,28.1,9.8,2,-3.3
1969,12,0,22.3,4.7,2,-3.5
1970,1,23,19.1,5,23,-3.2
1970,2,20,22.7,6.5,20,-3.1
1970,3,16,27,11.8,16,-3.3
1970,4,1,36.1,18.4,2,-3.5
1970,5,8,40.3,23.2,8,-3.5
1970,6,103,40,24.7,99,-1.8
1970,7,85,37,26,82,-3.1
1970,8,183,34.7,25.5,133,-2.7
1970,9,85,34.6,23.7,94,-2.4
1970,10,10,33.4,17.6,18,-2.7
1970,11,0,27.5,7.7,5,-2.7
1970,12,0,21.7,4.5,4,-2.8
1971,1,4,18.3,3.7,6,-3.1
1971,2,25,23.3,6.5,25,-2.9
1971,3,5,28.8,12.6,6,-3.4
1971,4,14,36.2,18.1,14,-3.2
1971,5,28,39,22.4,28,-2.5
1971,6,82,39.3,25.2,79,-1.3
1971,7,151,35,25.6,143,-1.6
1971,8,209,34.1,25.2,131,-1.1
1971,9,28,33.9,22.3,63,-1.6
1971,10,4,31.8,16.2,15,-2
1971,11,4,27.6,9.3,10,-2
1971,12,0,22.6,4.7,4,-2.3
1972,1,15,19.3,4.9,17,-2.4
1972,2,18,20.6,5,19,-2.4
1972,3,16,28.3,12.1,17,-2.6
1972,4,10,33.3,15.6,10,-2.6
1972,5,2,39.9,21.6,2,-2.9
1972,6,36,41.3,25.5,35,-2.8
1972,7,117,36.4,25.3,112,-3.6
1972,8,101,34.2,25.3,96,-4.3
1972,9,68,33.8,22,65,-4.4
1972,10,15,31.3,15.9,15,-4.5
1972,11,13,27.2,10.2,13,-4
1972,12,17,21.1,5.2,17,-3.6
1973,1,26,18.3,4.7,25,-3.3
1973,2,15,24.2,7.4,15,-3.4
1973,3,21,27,11.3,20,-3.5
1973,4,3,36.2,17.8,3,-3.7
1973,5,24,40.3,22.3,23,-3.2
1973,6,65,41.2,26.2,62,-2.5
1973,7,254,35.6,25.6,155,-1.6
1973,8,265,33.9,24.9,136,2.5
1973,9,45,35.3,23.9,99,2.1
1973,10,4,31.6,16.6,28,1.6
1973,11,0,27.2,8.3,10,1.2
1973,12,39,20,3.4,40,1.8
1974,1,10,18.2,4.3,14,1.2
1974,2,9,20.7,5.3,12,0.6
1974,3,5,29,13.5,7,-1.6
1974,4,3,36.4,18,4,-2
1974,5,10,39.2,21.8,11,-2.1
1974,6,55,39.3,24.3,53,-1.7
1974,7,172,35.6,25.7,154,-1.8
1974,8,106,35.2,25.8,103,-2.5
1974,9,15,35.1,23,17,-3.5
1974,10,2,31.1,16,4,-4
1974,11,0,26.3,8,1,-4.1
1974,12,12,19.3,3.8,13,-3.9
1975,1,23,17.9,4.3,23,-3.6
1975,2,29,20.8,5.2,29,-3.3
1975,3,34,26.2,10.7,33,-3.1
1975,4,6,33.5,16.8,6,-3.2
1975,5,8,39.4,21.9,8,-3.3
1975,6,86,38.9,24.5,82,-2.1
1975,7,208,34.3,24.5,164,-1.9
1975,8,176,33.6,25.2,143,-1.7
1975,9,145,32.8,23.4,137,-0.8
1975,10,2,32.5,17.6,30,1.4
1975,11,0,25.8,7.5,10,1
1975,12,1,21.7,4.7,6,-0.6
1976,1,34,19.2,5.3,36,0.2
1976,2,37,21.7,6.9,38,0.2
1976,3,30,25.6,11.4,30,-0.5
1976,4,14,33.3,16.2,15,-0.6
1976,5,12,39.2,21.5,12,-0.8
1976,6,71,38.1,24.2,68,0.6
1976,7,202,35.7,26.1,156,0
1976,8,306,32.6,24.1,136,2.3
1976,9,132,34.2,21.7,124,3.1
1976,10,22,32.6,16.5,71,3.8
1976,11,0,27.5,9.3,29,4
1976,12,0,21.1,4.7,11,3.3
1977,1,48,18,4.8,46,3.7
1977,2,1,23.3,6.2,7,2.7
1977,3,2,30.1,12.9,6,1.6
1977,4,42,34.1,17.1,42,2.2
1977,5,33,37.1,20.4,33,2.6
1977,6,89,39,24.9,86,3.4
1977,7,185,34.6,25.8,157,2.8
1977,8,132,34.1,25.3,128,2.1
1977,9,56,33.3,23.2,59,1.3
1977,10,27,32.7,17.5,30,0.9
1977,11,1,28.5,11,3,-1.5
1977,12,14,21.7,6.1,15,-1.5
1978,1,11,17.9,3.8,12,-1.8
1978,2,25,21.7,6.7,25,-1.7
1978,3,94,24.9,10.3,90,1.4
1978,4,12,34.7,16.8,12,1.1
1978,5,1,42.4,24.2,2,-0.6
1978,6,60,41,26.1,58,0.4
1978,7,295,33.9,25,145,1.6
1978,8,218,34,25.8,139,2.4
1978,9,85,33.7,23.5,108,2.6
1978,10,1,32.2,16.8,49,2.8
1978,11,7,25.6,10.3,19,2.7
1978,12,1,22,5,7,2
1979,1,26,19.4,5.1,29,1.9
1979,2,45,21.9,6.6,45,2.2
1979,3,57,25,10.4,57,2.6
1979,4,11,35.2,18.4,12,2.1
1979,5,19,36.8,20.2,20,2
1979,6,50,40.6,25.2,49,1.9
1979,7,158,36.2,25.9,151,1.1
1979,8,69,35.2,25.5,67,-2.2
1979,9,73,33.5,21.7,70,-2.4
1979,10,12,32.4,17.1,12,-2.9
1979,11,10,26.6,10.9,10,-2.7
1979,12,4,21.9,6.1,4,-2.9
1980,1,22,18.7,4.8,21,-2.7
1980,2,14,23,7.4,14,-2.9
1980,3,31,26,11.1,29,-2.7
1980,4,11,36.4,18.4,10,-2.8
1980,5,4,40.7,23.4,4,-3
1980,6,78,40.5,25.6,74,-2
1980,7,357,34.9,26.1,148,2.7
1980,8,183,34.3,25.1,151,2.7
1980,9,58,33.8,22.7,105,2.5
1980,10,17,32,17.4,45,2.4
1980,11,10,27.1,9.2,20,2.3
1980,12,25,21.3,5.1,29,2.4
1981,1,91,18.6,5.7,42,4
1981,2,26,23.4,7.4,41,4.4
1981,3,61,26.2,11.4,70,4.9
1981,4,1,34.8,17.2,13,4
1981,5,9,39.8,22.6,14,3.4
1981,6,9,40.4,25.6,12,2.3
1981,7,341,34.2,25.5,139,4
1981,8,93,34.3,25.4,123,2.9
1981,9,13,34.7,22.9,53,1.6
1981,10,11,31.1,15.7,22,0.8
1981,11,21,24.9,8.9,26,1.1
1981,12,0,20.7,4.4,4,-1.8
1982,1,34,18.8,5.6,34,-1.4
1982,2,25,20.2,5.5,26,-1.2
1982,3,116,24.1,9.7,82,2.3
1982,4,57,32.8,15.9,68,4.3
1982,5,37,35.9,19.8,42,4.6
1982,6,27,39.8,24.9,30,3.8
1982,7,78,37,26.5,77,1.5
1982,8,208,34,25.2,138,1.7
1982,9,8,34.4,22.5,44,-2.7
1982,10,15,31.7,17.3,26,-2.9
1982,11,14,25.8,10,20,-2.4
1982,12,23,20.7,5.5,26,-1.9
1983,1,47,18.2,4.6,45,-1.1
1983,2,31,21.7,5.9,32,-0.7
1983,3,44,25,10.3,44,1.2
1983,4,46,30.6,14.2,46,2.1
1983,5,69,36.6,20.2,67,3.7
1983,6,20,38.6,24.3,20,2.9
1983,7,147,35.2,25.3,140,1.9
1983,8,196,34.1,25.3,124,2
1983,9,54,34.5,23.6,83,1.5
1983,10,42,30.8,16.1,51,1.5
1983,11,0,27.1,8.5,7,1.1
1983,12,1,21,5.3,5,-1.2
1984,1,1,17.9,4.3,4,-1.7
1984,2,53,20.5,5.1,52,-0.8
1984,3,27,29.3,13.1,28,-1.1
1984,4,20,34,16.9,20,-0.9
1984,5,4,41.4,23.7,5,-1.3
1984,6,41,41.4,26.3,40,-1.3
1984,7,311,33.9,25.5,151,1.4
1984,8,220,34.7,25,115,2.6
1984,9,104,32.1,22,114,2.9
1984,10,3,31.2,15.2,61,3.3
1984,11,3,26.1,8.6,16,3.1
1984,12,18,20.3,4.7,23,2.9
1985,1,5,18.8,4.8,9,2.1
1985,2,3,24.5,6.9,6,1.2
1985,3,8,29.2,13.4,10,-1.8
1985,4,38,34.5,17,38,-1
1985,5,13,39.6,22,13,-1.1
1985,6,38,40.3,24.8,37,-1.1
1985,7,248,34.8,25.2,147,0.6
1985,8,163,34.3,25.4,147,-0.1
1985,9,60,34.6,23.3,103,0.6
1985,10,41,30.2,15.7,63,1.2
1985,11,1,26.2,9.6,11,1.2
1985,12,36,21.5,5.7,37,1.7
1986,1,4,17.6,3.4,8,1.1
1986,2,41,21.9,6.3,41,1.4
1986,3,36,25.8,10.9,37,1.3
1986,4,23,33.1,16.1,24,1.4
1986,5,23,36.9,19.7,23,1.5
1986,6,51,39.5,24.8,49,1.5
1986,7,201,34,25,157,1.3
1986,8,176,34.1,25,141,1.2
1986,9,66,34,22.3,94,0.9
1986,10,17,31.3,17,27,0.6
1986,11,7,26.5,10.2,13,0
1986,12,15,19.9,4.2,18,0
1987,1,29,19.4,4.6,30,0.1
1987,2,31,23.6,7.8,31,0.1
1987,3,31,27.3,12.1,31,0
1987,4,15,34.2,17.3,15,-0.1
1987,5,54,34.6,18.4,53,1.4
1987,6,38,39.3,24.3,37,1.1
1987,7,88,36.4,26.4,85,-1.9
1987,8,78,35.7,25.9,74,-3.2
1987,9,11,35.9,24.2,11,-4.4
1987,10,48,31.6,17.2,46,-3.9
1987,11,0,27.8,8.6,0,-4
1987,12,3,21.2,5.5,3,-4.1
1988,1,12,20.1,6.2,12,-4.1
1988,2,15,23.9,8,14,-4.1
1988,3,58,26.3,11.6,55,-3.2
1988,4,5,35.5,18.3,5,-3.3
1988,5,2,41,23.7,2,-3.6
1988,6,58,40.2,25.1,55,-2.9
1988,7,261,34.6,25.8,138,-1.8
1988,8,169,33.4,24.8,141,-1.4
1988,9,234,33.5,23.2,123,3.6
1988,10,6,31.4,16.4,67,4
1988,11,1,27.4,9.4,22,4
1988,12,42,21.7,5.5,42,4.5
1989,1,38,17.8,4.3,39,4.6
1989,2,7,21.3,6.2,14,3.7
1989,3,31,26.2,11.3,33,3.4
1989,4,6,32.3,15.2,9,2.7
1989,5,7,38.2,21.6,9,2
1989,6,25,38.5,24.7,26,1.4
1989,7,281,35.1,25,159,2.2
1989,8,133,33.1,24.1,134,1.7
1989,9,58,34.3,22.6,104,1.6
1989,10,2,31.8,16.4,26,1.2
1989,11,10,26.2,9.5,19,1.2
1989,12,22,20.7,5.4,25,1.3
1990,1,10,20.3,6.6,14,0.8
1990,2,67,21.7,7.6,56,1.8
1990,3,76,25.3,10.6,76,2.9
1990,4,19,33,16.4,22,2.7
1990,5,10,39.8,23.3,12,2.2
1990,6,25,40,25.9,25,1.5
1990,7,243,35.1,25.7,158,1.9
1990,8,247,33.8,25,127,3
1990,9,169,33.9,24.2,117,4.2
1990,10,4,30.5,15.9,67,4.5
1990,11,5,27.6,9.9,23,4.5
1990,12,47,20.6,5.6,45,5.1
1991,1,2,17.5,4.4,10,4.2
1991,2,39,21.3,6.9,41,4.2
1991,3,20,26.3,11.5,22,3.4
1991,4,49,31.7,15.3,49,4.1
1991,5,18,37.5,21.2,19,3.8
1991,6,52,39.6,25,51,3.5
1991,7,114,36.5,26.7,110,1.9
1991,8,148,34.1,25.4,141,1.2
1991,9,72,33.9,23.6,69,0.7
1991,10,7,30.9,15.6,8,-2.4
1991,11,1,26.3,9.2,1,-2.6
1991,12,10,21.5,6.4,10,-2.6
1992,1,61,18.8,6,46,-1.3
1992,2,38,21.9,6.2,39,-0.6
1992,3,43,25.4,12.5,43,1.5
1992,4,11,32.3,16.2,12,1.1
1992,5,31,37.1,20.7,31,1.4
1992,6,29,39.8,25.4,29,0.9
1992,7,95,34.2,25.9,91,-1.6
1992,8,208,33.7,25.3,136,-1.1
1992,9,139,33.2,22.4,124,1
1992,10,11,31.4,16.8,49,1.4
1992,11,13,26.4,9.4,24,1.6
1992,12,5,22.6,6.3,11,1.2
1993,1,13,17.7,5,16,0.8
1993,2,20,24.9,8.9,22,-0.3
1993,3,32,24.9,11.2,33,-0.8
1993,4,21,34.3,16.8,22,-0.6
1993,5,13,39.7,23.5,13,-0.7
1993,6,35,39.7,25.5,34,-0.8
1993,7,223,33.8,25.5,153,0.3
1993,8,29,35.7,26.2,58,-2.1
1993,9,58,33,23.9,66,-2.4
1993,10,0,31.3,17.1,6,-3
1993,11,2,27.2,10.3,5,-3.1
1993,12,0,22.2,5.2,3,-3.3
1994,1,28,18.8,6.7,29,-2.9
1994,2,16,21.6,7.4,17,-2.9
1994,3,10,29.1,13.2,11,-3.3
1994,4,15,31.8,16.1,15,-3.1
1994,5,43,39.5,22.5,41,-1.9
1994,6,33,40.5,25.9,32,-2
1994,7,156,34.6,26.2,130,-2.1
1994,8,163,33.5,25.8,129,-1.9
1994,9,90,32.3,22.6,101,-1.6
1994,10,11,30.7,15.9,20,-1.9
1994,11,1,27.1,10.1,6,-1.9
1994,12,26,20.7,6.1,28,-1.3
1995,1,37,17.3,5,37,-0.8
1995,2,71,22.3,7.1,58,1.9
1995,3,23,25.4,11.7,27,1.7
1995,4,20,31.6,15.8,22,1.6
1995,5,2,39.3,22.9,5,0.9
1995,6,36,41.3,26.5,36,0.6
1995,7,260,35,26.2,153,1.3
1995,8,293,32.4,25.6,126,3.3
1995,9,70,33.3,23.5,106,3.1
1995,10,7,31.6,17.9,44,3.1
1995,11,6,26.6,9.7,17,2.7
1995,12,3,20,6.1,9,2
1996,1,31,17.8,5.6,32,2
1996,2,42,23,8,43,2.1
1996,3,29,27.4,13.7,30,1.7
1996,4,7,34,18.1,8,1.2
1996,5,9,37.2,21.6,10,0.8
1996,6,173,37.8,24.7,164,3.7
1996,7,123,34.9,25.7,118,2.3
1996,8,266,32.7,25,131,3.1
1996,9,48,33.4,24,97,2.7
1996,10,14,30.3,16.7,41,2.5
1996,11,1,25.7,8.9,11,2
1996,12,1,21.2,3.8,6,1.3
1997,1,13,18.1,3.8,16,0.9
1997,2,9,23.1,6.5,11,-1.4
1997,3,24,26.6,12.3,25,-1.5
1997,4,41,32,15.8,41,-0.5
1997,5,28,35.8,19.9,28,1.1
1997,6,69,37.5,24.2,66,1.7
1997,7,251,35.9,26,155,2
1997,8,321,33.4,24.9,137,4.1
1997,9,56,33.9,24.1,99,3.7
1997,10,51,30,14.1,68,4.4
1997,11,18,24.1,10.4,32,4.9
1997,12,6,18.1,5.6,15,4.3
1998,1,4,18.5,5.1,9,3.4
1998,2,38,22.7,7.7,40,3.3
1998,3,17,25.8,11.3,19,2.6
1998,4,32,34.5,18,32,2.8
1998,5,9,39.5,23,10,2.2
1998,6,25,39.5,25.5,25,1.5
1998,7,204,35.3,26.4,152,1.5
1998,8,100,34.4,26.4,113,-1.4
1998,9,64,33.2,24.5,69,-1.8
1998,10,57,30.7,19.1,59,-1.2
1998,11,0,26.3,10.2,4,-1.5
1998,12,0,21.3,4,3,-1.8
1999,1,63,17.8,5.1,44,-0.6
1999,2,7,23.6,7.9,14,-0.6
1999,3,21,27.7,12.9,24,-1
1999,4,1,36.6,19.1,4,-1.5
1999,5,10,39.3,23.7,12,-1.6
1999,6,53,38.9,25,52,-1.2
1999,7,115,35.9,26.2,111,-2.2
1999,8,179,33.8,26.1,147,-2.1
1999,9,57,34.8,24.9,63,-2.4
1999,10,3,32.1,18.6,8,-3
1999,11,2,27.4,10.7,5,-3.1
1999,12,0,22.4,5.2,2,-3.3
2000,1,40,18.5,5.1,40,-2.6
2000,2,19,21.4,6.2,20,-2.6
2000,3,5,27.2,11.7,6,-3.1
2000,4,3,36.4,19.2,4,-3.3
2000,5,17,41,25.2,17,-3.1
2000,6,62,38.9,25.8,60,-2.4
2000,7,245,33.9,26.1,157,-1.6
2000,8,88,34.1,25.9,116,-2.5
2000,9,43,33.7,23.3,60,-3
2000,10,0,33.4,18.1,8,-3.5
2000,11,3,26.9,11.1,8,-3.3
2000,12,1,22.2,6,4,-3.5
2001,1,6,17.9,4.4,8,-3.7
2001,2,4,24,8.2,5,-4.1
2001,3,19,28.4,12.9,19,-4.2
2001,4,11,34.3,17.9,11,-4
2001,5,38,40.3,24.2,37,-2.9
2001,6,98,37.5,25.2,94,-1.2
2001,7,310,34,25.9,148,3.1
2001,8,45,34.6,26.3,110,1.5
2001,9,52,33.5,23.6,67,0.6
2001,10,4,32.6,18.5,12,-2.4
2001,11,0,27.3,10.5,5,-2.5
2001,12,8,20.9,7.6,11,-2.5
2002,1,6,19.1,5.1,8,-2.8
2002,2,6,22.5,7,8,-3.1
2002,3,14,29.6,12.7,14,-3.4
2002,4,5,35.6,19.4,6,-3.4
2002,5,22,41.3,23.7,22,-3
2002,6,56,39.4,25.6,54,-2.4
2002,7,70,36.6,26.6,68,-4.1
2002,8,132,33.8,27.1,126,-4.3
2002,9,116,31,23.5,111,-3.5
2002,10,9,31.5,18.3,9,-3.9
2002,11,1,27.4,11.1,1,-3.9
2002,12,11,21.2,7.2,11,-3.7
2003,1,12,18.7,3.8,11,-3.7
2003,2,84,22.2,7.3,59,-1.9
2003,3,35,27.1,11.9,38,-1.2
2003,4,8,34.9,18,11,-1.5
2003,5,8,37.7,21.8,10,-1.7
2003,6,74,39.7,26.2,72,-0.9
2003,7,216,34,25.7,142,1.5
2003,8,135,32.9,25.7,131,1
2003,9,56,33.1,23.3,85,0.7
2003,10,10,31.7,16.7,23,-0.4
2003,11,17,25.3,9,23,0.3
2003,12,14,20.9,5.6,17,0
2004,1,51,18.1,5.7,43,1
2004,2,14,25,7,18,0.7
2004,3,1,32,14.4,4,-1.2
2004,4,13,36.4,19.1,15,-1.3
2004,5,46,39.5,22.2,45,0.9
2004,6,58,37.3,24.7,56,1.2
2004,7,120,35.1,26.4,115,-1.2
2004,8,147,33.4,25,138,-1.4
2004,9,18,34.9,22.9,18,-2.5
2004,10,22,29.4,16.2,22,-2.6
2004,11,6,27.2,9.7,7,-2.6
2004,12,13,22.1,5.5,13,-2.5
2005,1,72,18,4.2,43,-0.9
2005,2,49,20.2,6.8,48,2.4
2005,3,44,27.9,12,49,2.9
2005,4,13,33.7,17,17,2.4
2005,5,6,37.2,22.1,9,1.8
2005,6,41,40.1,26.7,41,1.5
2005,7,199,33.8,25.6,148,1.4
2005,8,110,35.1,25.5,122,-1.2
2005,9,94,33.3,24.4,100,-1.2
2005,10,9,31.3,17.8,15,-1.7
2005,11,2,26.6,9.7,6,-1.8
2005,12,0,20.2,4.5,3,-2.1
2006,1,22,17.6,6.4,23,-2
2006,2,8,26.1,10.8,9,-2.4
2006,3,39,27.8,12.3,38,-2.1
2006,4,3,34.7,19.2,4,-2.3
2006,5,16,40.7,24.7,16,-2.2
2006,6,75,37.7,25.1,72,-1.2
2006,7,307,35.5,26,151,2
2006,8,168,32.7,26.5,132,2.1
2006,9,191,32.9,23,123,3.8
2006,10,62,31.6,18.8,84,5.3
2006,11,12,26.4,11.5,41,6.2
2006,12,28,20.7,5.6,35,6.3
2007,1,1,19.5,4.2,18,5.3
2007,2,78,23.3,7.6,57,6.4
2007,3,65,27.2,11,76,7.2
2007,4,1,37,19.8,13,6.3
2007,5,17,38.4,23.1,22,5.8
2007,6,104,39.1,25.1,103,6.7
2007,7,98,34.7,26,96,4.8
2007,8,110,34.3,26.6,106,3.3
2007,9,81,33.2,24.1,78,2.7
2007,10,0,31.3,17.2,1,1.5
2007,11,11,28.4,9.4,11,1.2
2007,12,4,19.9,5.8,4,0.6
2008,1,32,15.3,5.8,31,0.8
2008,2,10,21.5,5.5,10,-2.6
2008,3,1,31.2,14.3,1,-3.3
2008,4,47,34,16.8,45,-2.1
2008,5,25,37.3,22.9,24,-1.6
2008,6,123,38,26.1,117,2.9
2008,7,144,34.5,26.6,137,1.9
2008,8,333,33,25.1,138,3.6
2008,9,57,32.4,23.3,97,3.3
2008,10,23,32.8,18.3,57,3.5
2008,11,1,27.6,10,12,3
2008,12,13,22.5,6.3,19,2.7
2009,1,35,19.7,6.5,35,2.7
2009,2,30,23.9,8.8,31,2.5
2009,3,31,28.7,12.9,32,2.1
2009,4,19,34.7,17.3,20,1.9
2009,5,8,39.4,23.6,9,1.4
2009,6,18,39.4,25.7,19,0.6
2009,7,99,34.9,26.7,95,-2.2
2009,8,116,35.1,26.2,111,-2.8
2009,9,35,33.6,24,34,-3.5
2009,10,6,31.7,18.2,6,-4
2009,11,10,25.6,9.8,10,-3.7
2009,12,1,21.4,6.2,2,-3.8
2010,1,4,20.1,4.4,4,-4
2010,2,11,24,8.1,11,-4.2
2010,3,9,31.9,15.4,9,-4.5
2010,4,3,37.6,20.8,3,-4.6
2010,5,12,39.8,23.9,12,-4.4
2010,6,18,38.2,25.4,17,-4.4
2010,7,242,34.4,26.2,153,-3.5
2010,8,163,32.6,26.3,121,-3
2010,9,98,32,23.9,108,-2.1
2010,10,7,32.2,19,57,-1.2
2010,11,1,27.8,10.3,18,-0.8
2010,12,15,20.8,4.8,22,-0.6
2011,1,2,17.6,3.7,7,-1.1
2011,2,34,22.2,8.1,35,-0.7
2011,3,11,28.4,13.4,12,-1.3
2011,4,20,33.3,16.8,21,-1
2011,5,7,40.4,24.6,8,-1.2
2011,6,94,38.2,26.6,90,1.3
2011,7,188,34.4,26.3,156,1
2011,8,219,33.2,25.8,128,1.5
2011,9,184,32.8,23.8,116,3.2
2011,10,6,31.8,18.3,66,3.6
2011,11,4,28.6,11.4,25,3.7
2011,12,12,21.1,6,21,3.4
2012,1,41,16.8,5,40,3.6
2012,2,7,19.7,7.1,11,2.8
2012,3,6,26.8,12.8,9,1.8
2012,4,40,33.5,17.4,41,2.4
2012,5,3,38.7,22.8,4,1.7
2012,6,8,40.1,27.2,9,0.7
2012,7,84,36.2,27.5,81,-2.9
2012,8,153,33.4,26.1,130,-2.8
2012,9,223,32.7,23.6,119,-0.8
2012,10,25,30.2,17.4,70,2.7
2012,11,1,25.9,10.3,29,3.1
2012,12,22,20.2,6,28,3.2
2013,1,15,18.2,3.9,22,2.7
2013,2,51,23.1,5.3,50,3.2
2013,3,25,26.8,11.1,28,2.8
2013,4,32,34.1,18,33,3
2013,5,4,39.9,23.9,5,2.3
2013,6,122,39.2,26.4,117,3.9
2013,7,191,35.2,27,157,3.4
2013,8,170,32.9,26.1,125,3.1
2013,9,34,33.7,24.7,67,2.3
2013,10,17,32.6,19.5,27,1.8
2013,11,15,25.8,10.3,21,1.9
2013,12,5,21.1,6.2,8,1.4
2014,1,16,18.2,5.7,18,1
2014,2,15,21.2,7.2,16,0.6
2014,3,53,26.1,11.6,52,1
2014,4,48,32.7,16.5,47,1.9
2014,5,25,37.6,22,25,2
2014,6,45,40.3,27.2,43,1.8
2014,7,93,35.3,27.8,89,-1.5
2014,8,84,34.8,26.6,81,-2.8
2014,9,305,33.3,23.1,125,2.7
2014,10,13,31.3,18.3,66,3.3
2014,11,12,26.7,9.7,35,3.9
2014,12,0,19.1,5,11,3.2
2015,1,31,17.6,5.2,33,3.2
2015,2,22,21.8,6.5,25,2.8
2015,3,104,26,11.3,90,4.3
2015,4,22,34.1,17.7,27,4.4
2015,5,20,38.6,23.3,23,4.1
2015,6,64,37.4,26,64,4.3
2015,7,239,33.5,26.1,148,4.4
2015,8,145,32.9,26.4,134,3.8
2015,9,126,33.7,23.6,126,4.2
2015,10,19,31.8,18.3,63,4.6
2015,11,2,26.4,11.3,17,4.5
2015,12,3,20.8,6.5,10,3.7
2016,1,22,19.6,5.7,25,3
2016,2,9,24.5,8.1,12,2.3
2016,3,44,28.2,13.2,44,2.4
2016,4,6,35.1,18.8,8,2
2016,5,25,39.8,23.3,25,1.5
2016,6,91,40.4,26.7,87,1.1
2016,7,225,35.2,26.6,162,-1.4
2016,8,188,33.3,25.6,138,-2.4
2016,9,42,34.8,24.4,91,-2.9
2016,10,1,33,18.5,19,-3.6
2016,11,1,27.2,10.4,9,-3.7
2016,12,2,23,6.7,7,-3.9
2017,1,64,17.9,5.6,43,-2.8
2017,2,9,24.2,8.7,20,-2.8
2017,3,18,28.6,13.3,23,-3.1
2017,4,31,36.1,19.4,33,-2.1
2017,5,14,39.6,23.9,16,-2
2017,6,124,39.4,24.6,120,-0.6
2017,7,181,35,26.5,153,-0.8
2017,8,128,34.4,26.2,128,-1.2
2017,9,64,34.1,24.2,66,-1.9
2017,10,0,33.5,18.9,4,-2.6
2017,11,14,26.1,9.5,16,-2.6
2017,12,14,21.4,6.5,15,-2.6
2018,1,3,20.1,5.9,4,-2.8
2018,2,14,24.5,9.2,15,-2.8
2018,3,10,30.2,14.8,10,-3
2018,4,18,35.7,19.2,18,-2.8
2018,5,9,39.3,23,10,-2.8
2018,6,84,39.6,26.2,80,-1.5
2018,7,229,34.8,26.3,156,-1.5
2018,8,94,34.7,26.7,111,-1.8
2018,9,116,33.7,23.9,113,1.4
2018,10,11,31,17.5,24,1.9
2018,11,7,26.5,10.4,13,2.4
2018,12,4,20.6,5.4,8,2.1
2019,1,40,18.3,4.8,39,-0.9
2019,2,53,22.1,6.5,50,1.3
2019,3,15,25.9,10.9,17,0.8
2019,4,19,35.4,18.4,20,0.8
2019,5,13,38.8,21.9,14,-0.2
2019,6,15,40.3,25.8,15,-1
2019,7,187,35.2,25.8,155,-1
2019,8,148,34.8,26.2,140,-1.2
2019,9,39,35.2,24.5,46,-1.9
2019,10,7,32.2,17.4,11,-2.4
2019,11,25,27.6,10.4,27,-1.6
2019,12,12,19.2,3.3,13,-1.5
