Product: Historical Climate - TerraClimate(http://www.climatologylab.org/terraclimate.html) 
Location (Lat/Lon of 4-km Grid Cell Center): 31.3125 North,75.5625 East 
Data Source: NW Climate Toolbox(https://climatetoolbox.org/tool/point-data-download)
Download Date: 07/24/2020
Variable List: 
ppt: ppt (Precipitation)
tmax: tmax (Maximum Temperature)
tmin: tmin (Minimum Temperature)
aet: aet (Actual Evapotranspiration)
PDSI: pdsi (Palmer Drought Severity Index (PDSI))
********************************************************
Year,Month,ppt(mm),tmax(degC),tmin(degC),aet(mm),PDSI(unitless)
1958,1,16,20.4,7.5,29,0.6
1958,2,3,22.7,7.6,21,-0.6
1958,3,11,28.9,13.7,18,-1.3
1958,4,2,37,20,7,-1.5
1958,5,2,39.3,22.7,5,-1.8
1958,6,20,41.4,26.8,21,-2
1958,7,212,34.9,27.6,145,-1.9
1958,8,100,34,26.1,111,-2.5
1958,9,398,33.1,23.8,117,2.8
1958,10,80,32,17.7,88,4
1958,11,1,27.4,10.2,38,4.5
1958,12,42,21.9,6.8,41,5.2
1959,1,61,18.5,4.9,46,6.1
1959,2,14,20.9,6.4,38,6.3
1959,3,15,28.8,12.9,32,5.7
1959,4,1,34.9,18.7,9,5.1
1959,5,18,38.1,23,22,4.8
1959,6,16,41.5,27.5,18,3.8
1959,7,266,34.2,26.5,147,3.9
1959,8,229,33.8,26.3,127,4.8
1959,9,168,33.7,24.7,115,4.7
1959,10,41,33.4,19.1,81,5
1959,11,16,26.9,9.1,41,5.4
1959,12,1,22.1,5.8,16,4.6
1960,1,32,18.3,4.8,34,4.3
1960,2,0,25.6,9.6,6,3.3
1960,3,34,26.5,11.7,36,3
1960,4,4,33.3,16.8,6,2.5
1960,5,2,40.2,23.5,4,1.8
1960,6,23,42.1,27,24,1.3
1960,7,223,35.1,26.6,139,1.3
1960,8,162,34,26.8,129,1
1960,9,49,34.8,24.3,99,-1.6
1960,10,5,32.5,17.2,28,-2.2
1960,11,0,27.3,7.9,9,-2.4
1960,12,19,21.4,5.4,24,-2
1961,1,89,19.5,6,43,1.8
1961,2,25,20.1,6.1,39,2.6
1961,3,9,28.2,13.2,24,1.9
1961,4,9,34,17.1,16,1.9
1961,5,6,39.2,23,10,1.5
1961,6,26,41.1,26.9,28,1.2
1961,7,222,35.1,26.7,138,1.2
1961,8,183,33.5,26,118,1.5
1961,9,155,34.2,24.7,118,1.6
1961,10,57,32,17.5,84,2.6
1961,11,2,24.5,9,33,2.9
1961,12,12,19.5,4.1,22,2.8
1962,1,58,18.4,4.7,42,3.7
1962,2,19,23.1,8.4,34,4.1
1962,3,32,27.2,12.4,42,4
1962,4,1,35.2,18.5,8,3.5
1962,5,4,38.9,22.8,8,2.8
1962,6,14,41.2,26.5,16,2.1
1962,7,243,35.7,27.2,148,2.1
1962,8,131,34.3,26,128,1.4
1962,9,528,32.7,23.2,124,5.9
1962,10,0,32.4,17.6,67,5.3
1962,11,19,26.3,9.5,34,5.2
1962,12,12,20.4,5.4,19,4.5
1963,1,2,19.1,4.2,6,3.4
1963,2,11,24.5,8.6,14,2.6
1963,3,47,27.5,12.2,47,2.6
1963,4,5,33.5,17.5,7,2.2
1963,5,14,37.5,21.2,15,1.9
1963,6,13,41.1,27,13,1.2
1963,7,141,36.6,27.4,135,-2.4
1963,8,159,33.2,26,131,-2.6
1963,9,128,33.8,23.2,123,-2.3
1963,10,1,33.4,18.3,7,-3
1963,11,11,27,10.9,15,-3
1963,12,18,21.9,5,20,-2.7
1964,1,25,16.8,3.6,26,-2.6
1964,2,5,21.7,7.2,6,-3
1964,3,7,29,13.2,8,-3.5
1964,4,7,34.8,18.2,8,-3.3
1964,5,18,38,20.7,18,-2.9
1964,6,17,40.6,26.5,17,-3.1
1964,7,405,33.8,25.5,154,-0.6
1964,8,237,34.2,25.8,144,3.1
1964,9,176,33.5,23.8,130,3.2
1964,10,0,32,17,66,2.9
1964,11,1,26.7,7.4,17,2.6
1964,12,12,21.1,5.6,19,2.2
1965,1,21,20.9,6.2,24,1.7
1965,2,20,21.8,7.7,22,1.4
1965,3,19,27.7,11.8,20,0.7
1965,4,19,31.8,15.5,20,1.1
1965,5,23,37.5,21.4,23,1.4
1965,6,2,41.5,27.1,3,-0.9
1965,7,211,35.1,25.7,153,-1
1965,8,88,33.8,24.7,107,-2.2
1965,9,18,34.5,23.2,26,-3.4
1965,10,26,33.2,17.9,30,-3.7
1965,11,9,28.3,10.4,12,-3.7
1965,12,1,21.4,4.1,3,-3.9
1966,1,0,21.3,4.3,2,-4.4
1966,2,33,24.9,9.3,33,-3.8
1966,3,21,28,12.1,21,-3.8
1966,4,5,33.8,17.7,5,-3.7
1966,5,22,39.7,21.8,21,-3.1
1966,6,57,40.6,25.7,55,-2
1966,7,136,36.3,25.4,130,-2.9
1966,8,206,33.9,25.8,141,-2.6
1966,9,206,33.4,22.1,132,-1.9
1966,10,54,32.5,16.5,86,-0.6
1966,11,0,26.7,8.8,34,1.9
1966,12,6,21.3,4.2,20,1.5
1967,1,0,18.3,3.9,8,0.8
1967,2,14,25,8.7,18,-0.2
1967,3,84,26.8,11.3,82,1.4
1967,4,2,33.9,16.7,4,1.1
1967,5,4,38.5,21.5,6,0.7
1967,6,10,42,26.7,11,-1
1967,7,200,36,26.3,144,-1.1
1967,8,234,33.3,25.4,132,0.7
1967,9,109,34.2,23.1,114,-0.2
1967,10,57,32.1,16,82,1.5
1967,11,3,26.7,9.2,31,1.9
1967,12,65,21.5,5.6,43,3.5
1968,1,30,17.6,4.3,34,3.8
1968,2,23,20.3,5.2,36,4.3
1968,3,21,28.1,12.1,35,4.1
1968,4,2,34.4,17.6,9,3.6
1968,5,3,38.3,21.5,7,3
1968,6,23,41.8,26.6,25,2.4
1968,7,240,35.5,25.8,148,2.4
1968,8,182,34.1,25.2,135,2.3
1968,9,7,36.3,23.6,78,1
1968,10,69,31.9,16.1,77,1.1
1968,11,1,28.1,8.3,8,-1.3
1968,12,12,21.6,5.6,16,-1.4
1969,1,9,18.8,5.2,11,-1.8
1969,2,15,22,8,17,-1.9
1969,3,33,32.2,12.9,33,-1.9
1969,4,11,33.9,18.1,11,-1.6
1969,5,15,38,21.2,15,-1.4
1969,6,8,41.4,26.7,9,-1.9
1969,7,183,36.2,26.1,163,-2.3
1969,8,102,34.9,26,100,-3
1969,9,104,34.1,23.5,101,-3
1969,10,5,33.6,18.1,7,-3.8
1969,11,0,28.9,9.9,2,-4.1
1969,12,0,22.9,5.5,1,-4.3
1970,1,30,19.7,5.5,29,-3.9
1970,2,13,22.6,7.1,13,-3.8
1970,3,19,27.6,12.4,19,-3.8
1970,4,0,36.6,19,1,-3.9
1970,5,8,40.7,24,8,-3.8
1970,6,71,40,25.4,68,-2.2
1970,7,107,36.9,26.2,102,-3.4
1970,8,203,34.3,25.3,131,-3
1970,9,167,34.8,23.9,121,-2.5
1970,10,15,33.9,17.9,66,-2
1970,11,0,28,7.8,21,-1.7
1970,12,0,22.4,5.3,9,-1.9
1971,1,7,18.7,4.3,12,-2.2
1971,2,24,23.5,7.2,26,-1.9
1971,3,4,28.9,12.9,6,-2.6
1971,4,5,36.6,18.7,6,-2.4
1971,5,24,39,22.7,25,-1.7
1971,6,58,39.6,26.2,56,-0.7
1971,7,174,34.9,25.9,143,-1.1
1971,8,243,33.8,25,125,1.4
1971,9,51,34.2,22.3,99,0.6
1971,10,7,32.4,16.6,33,-1.1
1971,11,9,28,9.5,18,-1
1971,12,0,23.3,5.5,6,-1.6
1972,1,14,20.1,5.5,16,-1.8
1972,2,17,20.7,5.8,19,-1.7
1972,3,16,29,12.6,17,-2
1972,4,6,34,16.3,7,-1.9
1972,5,1,40.7,22.4,2,-2.3
1972,6,24,41.9,26.5,24,-2.2
1972,7,175,36.5,25.6,159,-2.6
1972,8,109,34.1,25.2,107,-3.4
1972,9,93,33.9,22,91,-3.5
1972,10,21,32,16.3,21,-3.9
1972,11,17,27.4,10.3,17,-3.6
1972,12,18,21.8,6.1,18,-3.3
1973,1,35,18.9,5.3,34,-2.9
1973,2,10,24.2,8.1,10,-3.1
1973,3,18,27.5,11.7,18,-3.2
1973,4,1,37,18.5,2,-3.3
1973,5,18,40.8,23,18,-2.9
1973,6,51,41.3,27,49,-2.1
1973,7,254,35.7,25.9,152,-1.6
1973,8,252,33.7,24.9,132,2
1973,9,57,35.4,23.9,102,1.2
1973,10,16,32.1,16.8,44,0.7
1973,11,0,27.6,8.4,10,-1.2
1973,12,39,20.4,4.3,40,0.7
1974,1,9,18.8,4.8,14,-0.5
1974,2,5,21.1,6.2,8,-1
1974,3,5,29.4,13.9,7,-1.7
1974,4,1,36.9,18.5,2,-2
1974,5,8,39.6,22.4,9,-2
1974,6,35,39.7,25.3,34,-1.7
1974,7,156,35.4,25.7,149,-2.3
1974,8,100,34.9,25.6,96,-3.2
1974,9,32,35.2,23,31,-4
1974,10,6,32,16.7,6,-4.7
1974,11,0,26.8,8.1,1,-4.9
1974,12,11,19.9,4.6,11,-4.7
1975,1,26,18,4.7,25,-4.3
1975,2,20,21,6.1,19,-4.1
1975,3,33,26.7,11.2,31,-3.8
1975,4,1,34.1,17.4,2,-3.8
1975,5,5,39.9,22.6,5,-3.8
1975,6,49,39.2,25.3,47,-3
1975,7,197,34.3,24.8,160,-3.1
1975,8,182,33.4,25.3,136,-2.9
1975,9,198,32.8,23.5,136,-2.1
1975,10,11,33,17.9,74,-1.7
1975,11,0,26.4,7.6,18,-1.6
1975,12,0,22.3,5.5,8,-2.1
1976,1,39,19.6,5.9,39,-1.6
1976,2,34,21.9,7.9,36,-1.1
1976,3,26,26.1,12,28,-1.3
1976,4,5,33.7,16.7,7,-1.3
1976,5,7,39.3,22,9,-1.4
1976,6,46,38.4,25.1,45,-0.8
1976,7,228,35.4,26.2,156,-0.8
1976,8,262,32.3,24.2,133,1.5
1976,9,153,34.5,21.6,122,1.6
1976,10,28,33.4,16.5,74,2
1976,11,0,28.3,9.5,29,2.1
1976,12,0,21.7,5.5,11,1.5
1977,1,50,18.7,5.4,46,2.1
1977,2,1,23.3,7,7,1.5
1977,3,2,30.5,13.3,5,-1.2
1977,4,21,34.6,17.7,23,0.6
1977,5,25,37.2,20.9,26,1
1977,6,61,39.1,25.8,59,1.8
1977,7,241,34.3,25.9,154,1.7
1977,8,163,33.9,25.3,133,1.4
1977,9,121,33.3,23.3,127,1.1
1977,10,41,33.2,17.5,74,1.8
1977,11,1,28.9,10.9,26,1.9
1977,12,21,22.3,6.7,27,2
1978,1,9,18.2,4.2,15,1.4
1978,2,21,21.5,7.4,24,1.3
1978,3,79,25.1,10.5,78,2.4
1978,4,6,35.2,17.3,7,2.1
1978,5,1,42.7,24.8,3,1.5
1978,6,51,41.2,27,49,2
1978,7,280,33.9,25.4,144,2.4
1978,8,216,33.6,25.6,133,3.1
1978,9,130,33.7,23.6,123,2.8
1978,10,4,32.9,17.1,63,2.6
1978,11,9,25.8,10.3,28,2.7
1978,12,2,22.2,5.4,11,2.1
1979,1,33,19.5,5.4,34,2.1
1979,2,37,21.4,6.9,39,2.5
1979,3,54,25.2,10.7,54,2.8
1979,4,8,35.6,19,10,2.5
1979,5,14,37.4,21,15,2.4
1979,6,32,41,26.2,31,2.1
1979,7,180,36,26,161,1.3
1979,8,68,35.3,25.6,69,-2.3
1979,9,91,33.7,21.8,89,-2.6
1979,10,13,33,17.5,14,-3.4
1979,11,11,27,11.5,12,-3.4
1979,12,5,22.3,6.7,6,-3.5
1980,1,19,19.2,5.3,19,-3.5
1980,2,9,23.4,8.4,10,-3.7
1980,3,31,26.5,11.6,30,-3.4
1980,4,4,37,19,5,-3.3
1980,5,3,41.3,24.3,4,-3.5
1980,6,45,40.8,26.6,43,-2.8
1980,7,441,34.8,26.2,143,3.1
1980,8,165,34.2,25.1,146,2.8
1980,9,72,34.1,22.9,111,2
1980,10,35,32.5,17.7,67,1.9
1980,11,13,27.5,9.4,23,1.8
1980,12,43,21.8,5.9,42,2.4
1981,1,86,18.9,6.1,42,3.9
1981,2,17,23.5,8.2,36,4.2
1981,3,59,26.4,11.7,68,4.8
1981,4,1,35.3,17.8,9,4.2
1981,5,7,40.1,23.2,12,3.6
1981,6,11,41,26.7,14,2.6
1981,7,321,34.2,25.8,137,3.7
1981,8,109,34.2,25.5,127,2.6
1981,9,26,34.9,23.1,74,1.4
1981,10,12,31.8,16,23,-2.4
1981,11,27,25.1,9,32,-1.9
1981,12,0,21.1,5,4,-2.3
1982,1,38,19.4,6.3,38,-1.8
1982,2,18,20.4,6.6,19,-1.7
1982,3,107,24.4,10.2,85,2.2
1982,4,28,33.3,16.6,34,3.6
1982,5,27,36.2,20.5,30,3.9
1982,6,21,40.3,25.9,23,3.1
1982,7,117,36.9,26.6,113,1.1
1982,8,200,34,25.3,134,1
1982,9,18,34.7,22.6,49,-2.9
1982,10,23,32.5,17.7,33,-3.4
1982,11,12,26.6,10.4,17,-3.2
1982,12,24,21.5,6.5,26,-2.7
1983,1,42,18.7,5.2,41,-2.1
1983,2,18,21.4,6.5,20,-2
1983,3,33,25.7,11,33,-1.8
1983,4,18,31.2,15,19,-1.1
1983,5,48,36.8,20.9,47,2
1983,6,16,39.2,25.5,16,1.4
1983,7,168,35.1,25.5,158,0.6
1983,8,201,34.1,25.5,118,0.7
1983,9,91,34.6,23.7,103,-0.3
1983,10,71,31.4,16.5,85,0.8
1983,11,1,27.4,8.7,19,1
1983,12,3,21.6,6.3,11,-0.4
1984,1,2,18.3,4.8,6,-1
1984,2,44,20.8,5.9,45,0.6
1984,3,20,29.6,13.4,21,-0.5
1984,4,8,34.6,17.6,10,0
1984,5,6,41.8,24.3,7,-0.8
1984,6,33,41.7,27.3,32,-0.6
1984,7,313,33.7,25.9,152,1.1
1984,8,217,34.5,24.9,111,2.2
1984,9,147,32.5,22.3,125,2.2
1984,10,5,31.8,15.4,71,2.1
1984,11,4,26.6,8.8,20,1.9
1984,12,18,21,5.4,24,1.8
1985,1,6,19.1,5.3,10,1.1
1985,2,2,24.5,7.7,5,-1.2
1985,3,7,29.6,13.9,9,-1.9
1985,4,21,35.1,17.7,22,-1.2
1985,5,9,40.1,22.7,10,-1.3
1985,6,26,40.7,25.8,26,-1.3
1985,7,314,34.6,25.4,148,1.1
1985,8,183,34.2,25.4,142,1.3
1985,9,112,34.6,23.4,123,1
1985,10,78,30.8,16,90,2.3
1985,11,2,26.6,10,35,2.8
1985,12,32,22.2,6.5,37,3.2
1986,1,5,18.3,4.2,17,2.6
1986,2,28,22.1,7.3,34,2.7
1986,3,45,26.4,11.5,47,2.9
1986,4,9,33.6,16.8,12,2.8
1986,5,19,37,20.2,20,2.8
1986,6,36,39.8,25.7,35,2.6
1986,7,201,34.1,25.3,157,2.1
1986,8,162,33.9,25,139,1.5
1986,9,92,34.3,22.4,107,0.9
1986,10,32,31.7,17.2,44,0.6
1986,11,6,27,10.5,13,-1.3
1986,12,13,20.2,4.6,16,-1.3
1987,1,37,19.7,5.3,37,-0.9
1987,2,19,23.8,8.7,21,-1
1987,3,26,27.9,12.7,27,-1
1987,4,7,34.8,18,9,-1
1987,5,50,35,19.1,49,1.5
1987,6,23,40,25.5,23,1.1
1987,7,94,36.5,26.5,90,-2.3
1987,8,76,35.3,25.8,73,-3.9
1987,9,17,35.8,24.2,17,-5
1987,10,87,32.5,17.6,83,-4.1
1987,11,0,28.5,8.6,0,-4.4
1987,12,4,21.7,6.2,4,-4.5
1988,1,11,20.5,6.7,11,-4.6
1988,2,11,24.1,8.8,10,-4.6
1988,3,46,26.7,12,44,-3.9
1988,4,2,36.1,18.9,2,-3.9
1988,5,4,41.1,24.3,4,-4
1988,6,50,40.4,26,47,-3.1
1988,7,228,34.5,26.2,139,-2.6
1988,8,192,33.3,24.9,137,-2.2
1988,9,488,33.7,23.5,125,4.8
1988,10,8,32,16.6,71,4.4
1988,11,1,27.5,9.5,19,4.1
1988,12,42,22.1,6.1,42,4.5
1989,1,49,17.9,5,46,4.7
1989,2,6,21.3,7.2,13,4
1989,3,28,26.5,11.9,31,3.5
1989,4,2,32.8,15.9,5,2.9
1989,5,4,38.7,22.5,6,2.2
1989,6,19,38.6,25.4,20,1.6
1989,7,359,35.2,25.2,160,3
1989,8,169,33,24.3,133,2.9
1989,9,105,34.4,22.8,122,2.3
1989,10,6,32.3,16.7,56,2.1
1989,11,10,26.6,9.6,22,1.8
1989,12,22,20.9,5.9,26,1.8
1990,1,8,20.9,7.1,12,1
1990,2,41,21.8,8.4,42,1.5
1990,3,62,25.4,11,61,2.1
1990,4,6,33.5,17.1,8,1.8
1990,5,9,39.6,23.7,10,1.4
1990,6,19,40.2,27,20,0.9
1990,7,291,34.8,25.9,156,1.5
1990,8,249,33.6,25.1,125,2.9
1990,9,209,33.7,24.4,117,3.5
1990,10,4,30.9,16.3,69,3.3
1990,11,7,27.7,10,23,3.1
1990,12,46,21,6.3,45,3.7
1991,1,2,17.6,4.7,9,2.8
1991,2,30,21.5,7.9,33,2.8
1991,3,17,26.9,12.2,19,2.1
1991,4,20,32.4,16.3,21,2.5
1991,5,14,38.2,22.3,15,2.2
1991,6,35,40,26.1,34,2
1991,7,126,36.7,27.1,121,-1.4
1991,8,158,33.9,25.5,142,-1.8
1991,9,112,34,23.9,109,-1.8
1991,10,11,31.6,15.8,12,-2.6
1991,11,2,26.4,9.4,4,-2.9
1991,12,15,21.8,6.8,15,-2.8
1992,1,61,19.3,6.7,47,-1.6
1992,2,29,21.7,6.8,31,-0.9
1992,3,35,25.9,13,36,-0.8
1992,4,5,33,17.2,6,-0.9
1992,5,22,37.6,21.5,22,-0.6
1992,6,20,40.2,26.4,20,-1
1992,7,110,33.9,26.2,105,-2.2
1992,8,210,33.4,25.3,130,-1.9
1992,9,208,33.5,22.5,127,-1.1
1992,10,22,32,17.1,75,1.1
1992,11,17,26.7,9.7,36,1.7
1992,12,4,22.9,6.8,15,1.3
1993,1,15,18.1,5.8,21,0.9
1993,2,15,25,9.6,18,0.6
1993,3,29,25.1,11.5,30,-0.1
1993,4,9,34.5,17.3,10,0
1993,5,10,40,24,11,-0.6
1993,6,29,40.3,26.7,28,-0.6
1993,7,250,33.8,26,153,0.2
1993,8,37,35.3,26,89,-1.9
1993,9,102,32.8,24.1,105,-2
1993,10,0,31.9,17.6,9,-3
1993,11,2,27.9,10.4,7,-3.3
1993,12,0,22.7,5.9,3,-3.6
1994,1,33,19.3,7.3,33,-3.1
1994,2,11,21.6,8.3,13,-3.1
1994,3,8,29.5,13.7,9,-3.6
1994,4,7,32.4,16.9,8,-3.4
1994,5,31,39.9,23.2,31,-2.4
1994,6,23,40.9,27,23,-2.4
1994,7,193,34.4,26.6,132,-2.3
1994,8,169,33.2,25.9,123,-2.1
1994,9,127,32.7,23,126,-2
1994,10,16,31.3,16.3,67,-1.6
1994,11,0,27.4,10.4,13,-1.5
1994,12,25,21.4,7,29,-1
1995,1,45,17.6,5.2,43,1
1995,2,52,22.3,7.8,51,2
1995,3,25,25.9,12.2,28,1.7
1995,4,8,32.4,16.7,10,1.6
1995,5,1,39.8,23.7,3,1
1995,6,24,41.8,27.5,24,0.6
1995,7,273,35,26.7,152,1
1995,8,311,32.1,25.6,122,3.4
1995,9,118,33.6,23.8,123,2.9
1995,10,11,32.3,18.2,69,2.8
1995,11,6,27.1,9.9,20,2.5
1995,12,3,20.6,7.1,10,1.9
1996,1,32,18.3,6.4,33,1.8
1996,2,30,23.1,8.9,32,1.8
1996,3,25,28.1,14.4,26,1.3
1996,4,3,34.5,18.6,5,1
1996,5,7,37.8,22.5,8,0.6
1996,6,118,38.7,26.3,114,3.1
1996,7,140,34.9,26.1,134,1.8
1996,8,261,32.6,25,127,2.3
1996,9,79,33.5,24.2,107,1.7
1996,10,25,31,17.2,65,1.7
1996,11,1,26.3,9.3,12,1.2
1996,12,0,21.9,4.7,7,-1.2
1997,1,14,18.6,4.5,17,-1.4
1997,2,6,23.1,7.3,9,-1.9
1997,3,24,26.9,12.9,25,-1.9
1997,4,19,32.6,16.6,20,-1.2
1997,5,22,36.3,21,23,-0.7
1997,6,50,37.9,25.3,48,1.3
1997,7,257,35.8,26.3,154,1.4
1997,8,309,33.1,25,134,3.5
1997,9,85,33.9,24.2,110,2.7
1997,10,85,30.6,14.5,89,3.9
1997,11,21,24.3,10.6,40,4.7
1997,12,10,18.3,6.3,22,4.4
1998,1,2,18.9,5.4,16,3.5
1998,2,28,22.9,8.4,34,3.5
1998,3,21,26.1,11.6,24,2.9
1998,4,14,35,18.6,16,3
1998,5,7,40.1,23.7,8,2.4
1998,6,21,40.2,26.6,22,1.8
1998,7,225,35.4,26.7,153,1.6
1998,8,107,34.3,26.4,121,-1.4
1998,9,113,33.4,24.8,115,-1.4
1998,10,101,31,19.5,98,1
1998,11,2,26.5,10.5,16,1.1
1998,12,0,22,4.9,7,-0.5
1999,1,66,18.4,5.9,45,1.1
1999,2,5,23.9,9,18,1.2
1999,3,17,28.4,13.7,23,-0.5
1999,4,0,37.1,19.7,4,-0.9
1999,5,9,39.6,24.4,11,-1
1999,6,37,39.3,26,37,-0.7
1999,7,132,36,26.5,127,-1.8
1999,8,170,33.7,26.3,143,-2
1999,9,89,34.8,25,92,-2.2
1999,10,10,32.5,18.9,14,-3
1999,11,2,28.1,11.1,5,-3.4
1999,12,0,22.9,6,2,-3.7
2000,1,43,19.2,5.9,42,-3
2000,2,19,21.1,6.8,20,-2.8
2000,3,8,27.3,12,9,-3.3
2000,4,2,36.7,19.7,2,-3.4
2000,5,13,41,25.6,13,-3.1
2000,6,46,39.1,26.8,44,-2.4
2000,7,274,33.9,26.4,157,-1.7
2000,8,94,33.9,26,124,-2.5
2000,9,63,34,23.7,96,-2.9
2000,10,1,34,18.3,13,-3.8
2000,11,4,27.5,11.5,10,-3.7
2000,12,0,22.9,6.7,4,-4
2001,1,7,18.4,5.3,9,-4.2
2001,2,4,24,9.1,6,-4.5
2001,3,17,28.6,13.3,17,-4.5
2001,4,7,34.7,18.5,8,-4.2
2001,5,31,40.3,24.6,30,-3.1
2001,6,65,37.9,26.4,63,-1.7
2001,7,326,34.2,26.4,149,2.7
2001,8,54,34.5,26.3,111,1
2001,9,75,33.9,23.9,91,-1.9
2001,10,8,33.1,18.9,16,-2.7
2001,11,0,27.8,10.7,5,-3
2001,12,8,21.4,8.4,11,-3.1
2002,1,8,19.6,5.6,10,-3.3
2002,2,7,22.7,7.9,8,-3.5
2002,3,13,29.8,12.8,14,-3.8
2002,4,3,36,20,4,-3.7
2002,5,16,41.5,24.1,17,-3.3
2002,6,37,40,26.8,36,-2.8
2002,7,75,36.7,26.8,72,-4.7
2002,8,132,33.6,27.1,126,-5
2002,9,189,31.2,23.7,122,-4.1
2002,10,14,32,18.7,41,-3.9
2002,11,1,27.6,11.3,11,-3.9
2002,12,14,21.8,8,19,-3.6
2003,1,17,19.4,4.4,20,-3.6
2003,2,60,22.4,8.2,58,-2.1
2003,3,31,27.6,12.3,31,-2.1
2003,4,3,35.6,18.6,5,-2.1
2003,5,6,38.1,22.6,7,-2.2
2003,6,52,40.4,27.5,51,-1.4
2003,7,266,34,26.1,143,-0.8
2003,8,132,33,25.8,127,-1
2003,9,91,33.5,23.6,108,-1.2
2003,10,21,32.4,17.1,69,-0.8
2003,11,18,26,9.4,30,0.3
2003,12,17,21.3,6.3,22,0.8
2004,1,50,18.8,6.3,45,1.4
2004,2,9,25.1,7.7,13,1
2004,3,0,32.5,14.6,4,-1.3
2004,4,6,37,19.8,8,-1.3
2004,5,33,40,22.9,33,0.7
2004,6,40,37.9,26,40,1
2004,7,123,35.3,26.8,118,-1.4
2004,8,152,33.5,25.2,136,-1.9
2004,9,21,35.2,23.1,22,-2.9
2004,10,45,30.3,16.7,45,-2.9
2004,11,7,27.8,9.9,8,-3
2004,12,12,22.9,6.5,13,-3
2005,1,70,18.5,4.8,44,-1.6
2005,2,38,20.6,7.9,41,2.2
2005,3,42,28.6,12.6,47,2.3
2005,4,5,34.3,17.7,9,1.9
2005,5,4,37.5,22.6,7,1.3
2005,6,29,40.5,27.7,29,1.1
2005,7,220,34,26,148,0.9
2005,8,107,35.2,25.7,124,-1.5
2005,9,151,33.5,24.7,129,-1.3
2005,10,15,31.9,18,44,-1.5
2005,11,2,27.1,10.1,12,-1.7
2005,12,0,20.8,5.3,6,-2.1
2006,1,23,18.6,7.5,26,-2.1
2006,2,6,26.4,11.6,8,-2.5
2006,3,39,28.2,12.7,39,-2.1
2006,4,1,35,19.8,3,-2.2
2006,5,13,40.7,25.1,14,-2
2006,6,52,38.2,26.3,51,-1.2
2006,7,335,35.6,26.4,150,1.9
2006,8,164,32.7,26.7,130,1.9
2006,9,291,33.3,23.3,127,3.5
2006,10,103,32.2,19.2,102,5.1
2006,11,13,27,12,47,5.9
2006,12,27,21.4,6.7,36,6.1
2007,1,1,20.1,5,22,5.1
2007,2,56,23.3,8.6,55,6.1
2007,3,67,27.8,11.6,76,6.8
2007,4,1,37.5,20.4,8,6.2
2007,5,15,38.6,23.9,18,5.8
2007,6,70,39.8,26.5,69,6.4
2007,7,102,34.9,26.7,99,4.3
2007,8,119,34.3,26.6,114,2.7
2007,9,125,33.6,24.5,119,2.4
2007,10,0,32.1,17.6,1,0.9
2007,11,11,28.8,9.7,12,-3.2
2007,12,4,20.5,6.5,4,-3.4
2008,1,30,16.1,6.8,29,-3
2008,2,7,21.9,6.3,7,-3.2
2008,3,1,31.4,14.5,1,-3.9
2008,4,21,34.5,17.4,20,-3.1
2008,5,19,37.5,23.7,18,-2.6
2008,6,81,38.2,27,78,-0.7
2008,7,155,34.6,27.1,147,-1.4
2008,8,326,32.9,25.3,132,2.8
2008,9,92,32.8,23.8,110,2.1
2008,10,37,33.5,18.6,73,2.5
2008,11,1,28.2,10.3,21,2.4
2008,12,13,23.2,7.2,21,2
2009,1,34,20.2,7.2,35,2
2009,2,21,24.1,9.7,24,1.7
2009,3,28,29.3,13.5,30,1.4
2009,4,7,35.5,18.1,9,1.2
2009,5,9,39.6,24.3,10,0.9
2009,6,12,40,26.9,12,-1
2009,7,116,35.1,27.2,111,-2.3
2009,8,116,35,26.4,111,-3.1
2009,9,68,33.7,24,65,-3.6
2009,10,11,32.3,18.5,11,-4.3
2009,11,12,26.3,10.4,12,-4.1
2009,12,2,22,7.1,2,-4.3
2010,1,5,20.5,4.8,5,-4.5
2010,2,10,24.1,8.8,10,-4.6
2010,3,8,32.3,15.6,8,-5
2010,4,1,38.1,21.4,2,-4.9
2010,5,9,40.2,24.6,9,-4.6
2010,6,10,39.1,26.9,10,-4.8
2010,7,257,34.7,26.7,154,-4
2010,8,177,32.6,26.6,118,-3.2
2010,9,171,32.3,24.2,115,-2.4
2010,10,13,32.8,19.2,67,-1.9
2010,11,4,28.4,10.7,27,-1.4
2010,12,16,21.3,5.7,24,-1.1
2011,1,3,18.1,4.3,9,-1.6
2011,2,27,22.3,9.1,30,-1.2
2011,3,10,29,13.8,12,-1.7
2011,4,9,33.8,17.6,10,-1.5
2011,5,6,40.5,25.1,7,-1.6
2011,6,65,38.4,27.5,63,1
2011,7,208,34.5,26.7,158,0.7
2011,8,215,33.2,26,126,1.1
2011,9,280,33.4,24.3,121,2.7
2011,10,8,32.4,18.6,71,2.6
2011,11,4,29.3,11.6,22,2.4
2011,12,12,22.1,7.1,20,2
2012,1,41,17.2,5.7,40,2.3
2012,2,5,20.2,8.4,9,1.6
2012,3,7,27.4,13.5,9,0.6
2012,4,17,34.1,18.2,18,1
2012,5,2,39.3,23.7,3,-1.1
2012,6,6,40.8,28.5,7,-1.8
2012,7,92,36.3,27.8,88,-3.4
2012,8,171,33.2,26.1,125,-3.3
2012,9,347,33.1,24,123,-0.8
2012,10,40,30.6,17.9,80,2.7
2012,11,1,26.5,10.7,32,2.9
2012,12,23,20.9,7,30,3
2013,1,19,18.6,4.5,26,2.6
2013,2,39,23.2,5.9,41,3
2013,3,23,27.8,12.2,25,2.5
2013,4,14,34.5,18.7,15,2.6
2013,5,3,40.2,24.5,4,1.9
2013,6,82,39.4,27.4,80,3.3
2013,7,226,35,27.3,155,2.9
2013,8,176,32.9,26.3,122,2.7
2013,9,55,33.7,24.8,98,1.8
2013,10,34,32.9,19.8,61,1.8
2013,11,16,26.3,10.6,26,1.8
2013,12,6,21.8,7.1,11,1.3
2014,1,18,18.5,6.2,21,0.9
2014,2,15,21.2,8,17,0.7
2014,3,49,26.6,12.1,49,1.1
2014,4,19,33.5,17.4,20,1.4
2014,5,20,37.7,22.5,20,1.6
2014,6,31,40.8,28.3,30,1.4
2014,7,106,35.1,27.9,102,-1.6
2014,8,87,34.6,26.5,83,-3.1
2014,9,441,33.6,23.4,129,3
2014,10,23,32,18.6,72,3.2
2014,11,12,27.1,10.7,37,3.5
2014,12,2,20,6.2,12,2.8
2015,1,33,18.1,5.9,34,2.8
2015,2,15,22.6,7.9,19,2.4
2015,3,100,26.6,12,95,3.9
2015,4,10,34.6,18.4,13,3.8
2015,5,14,39.4,24.4,15,3.5
2015,6,45,37.8,27,45,3.6
2015,7,275,33.5,26.6,145,3.8
2015,8,147,33.1,26.6,130,3.4
2015,9,184,34.2,24,136,3.5
2015,10,31,32.6,18.7,78,3.8
2015,11,2,27,11.8,30,3.7
2015,12,2,21.5,7.4,12,3
2016,1,21,20.4,6.5,26,2.3
2016,2,6,25.3,9.4,9,1.7
2016,3,42,29.3,14.3,42,1.7
2016,4,2,35.9,19.9,4,1.3
2016,5,19,40.6,24.5,20,1
2016,6,63,40.8,28,61,0.8
2016,7,241,35,26.9,160,-1.6
2016,8,183,33.3,26.1,134,-2.9
2016,9,62,34.9,24.6,104,-3.4
2016,10,2,33.8,19.2,33,-4.3
2016,11,1,28.1,11.3,12,-4.6
2016,12,1,24.1,8,6,-4.9
2017,1,66,18.7,6.9,45,-3.5
2017,2,6,25,10.2,17,-3.3
2017,3,18,29.3,14,23,-3.6
2017,4,15,36.7,20.1,18,-3
2017,5,13,39.7,24.6,15,-2.9
2017,6,84,39.6,25.4,82,-1.6
2017,7,204,35,27.1,154,-2.3
2017,8,121,34.4,26.4,125,-2.8
2017,9,111,34.4,24.7,115,-2.9
2017,10,0,34,19.2,9,-3.9
2017,11,15,26.7,10.1,20,-4
2017,12,13,22.2,7.8,16,-3.9
2018,1,4,21.1,6.8,6,-3.9
2018,2,9,24.9,10.4,10,-3.8
2018,3,7,30.8,15.3,8,-4.1
2018,4,7,36.1,19.8,7,-3.7
2018,5,8,39.7,24,9,-3.7
2018,6,55,39.8,27.4,53,-3
2018,7,277,34.8,26.9,152,-3
2018,8,99,34.3,26.7,116,-3
2018,9,203,33.7,24.1,114,2.4
2018,10,16,31.4,18.2,71,2.7
2018,11,8,26.9,11,30,3.5
2018,12,8,20.9,6.2,16,3.1
2019,1,43,18.7,5.2,41,1.7
2019,2,53,22.1,7.3,50,2.7
2019,3,12,26.1,11.2,16,2.1
2019,4,12,35.2,18.3,15,2.1
2019,5,12,38.3,21.8,14,1.8
2019,6,13,40.4,26.5,14,1.1
2019,7,196,35.1,26,154,0.7
2019,8,179,34.6,26.1,132,-0.1
2019,9,60,35.2,24.5,94,-1.5
2019,10,7,32.9,17.8,22,-2.1
2019,11,29,28.4,11,35,-1.4
2019,12,18,19.9,4.1,21,-1.1
