Product: Historical Climate - TerraClimate(http://www.climatologylab.org/terraclimate.html) 
Location (Lat/Lon of 4-km Grid Cell Center): 29.9792 North,75.3958 East 
Data Source: NW Climate Toolbox(https://climatetoolbox.org/tool/point-data-download)
Download Date: 07/25/2020
Variable List: 
ppt: ppt (Precipitation)
tmax: tmax (Maximum Temperature)
tmin: tmin (Minimum Temperature)
aet: aet (Actual Evapotranspiration)
PDSI: pdsi (Palmer Drought Severity Index (PDSI))
********************************************************
Year,Month,ppt(mm),tmax(degC),tmin(degC),aet(mm),PDSI(unitless)
1958,1,15,21.6,7,18,0.1
1958,2,2,24.1,7.4,5,-0.6
1958,3,6,31.2,13.9,7,-1
1958,4,1,38.7,20.4,2,-1.1
1958,5,1,40.6,23.3,2,-1.4
1958,6,9,42.3,27.2,10,-1.8
1958,7,133,35.6,27.5,127,-1.4
1958,8,71,35,26.2,68,-2.2
1958,9,288,33.2,23.6,125,3.2
1958,10,39,32.9,17.1,72,5.6
1958,11,1,28.9,10,21,7
1958,12,18,23.3,6.9,25,7.4
1959,1,27,19.8,4.9,29,7.6
1959,2,9,22.9,6.6,11,6.7
1959,3,5,31.5,13.1,7,5.6
1959,4,0,36.6,18.9,2,5
1959,5,11,39.5,23.4,11,4.6
1959,6,11,41.9,27.9,12,3.8
1959,7,144,35.2,26.8,137,3.8
1959,8,156,34.4,26.2,134,4.3
1959,9,159,33.9,24.2,126,5.1
1959,10,19,34.1,18.6,38,5.7
1959,11,4,28.7,9.1,11,5.6
1959,12,0,23.6,5.6,4,4.8
1960,1,14,19.6,4.5,16,4.4
1960,2,0,27.5,9.4,2,3.3
1960,3,16,28.9,12.1,16,3.1
1960,4,1,35.1,17.1,2,2.7
1960,5,1,41.2,23.7,2,2
1960,6,15,42.4,27.4,15,1.6
1960,7,123,36,26.5,118,1.6
1960,8,125,34.6,26.7,119,1.7
1960,9,40,35.5,24,38,-1.5
1960,10,13,33.5,16.7,13,-1.8
1960,11,0,29.3,7.5,0,-1.8
1960,12,9,23,5.4,9,-1.5
1961,1,37,20.4,5.5,35,1.3
1961,2,25,21.6,6.1,24,1.6
1961,3,3,30.4,13.2,3,0.9
1961,4,2,35.6,17.4,2,0.8
1961,5,4,40.2,23.3,4,-0.2
1961,6,19,41.1,26.9,18,-0.6
1961,7,119,35.7,26.7,113,-0.6
1961,8,143,34,25.9,118,0.9
1961,9,121,34.3,24.4,119,1.6
1961,10,36,32.9,16.7,37,2.3
1961,11,1,26.1,8.9,4,2
1961,12,6,21,3.8,7,1.8
1962,1,26,19.4,3.9,26,2.3
1962,2,12,24.5,8.3,13,1.9
1962,3,17,29.5,12.7,17,1.9
1962,4,0,36.9,18.8,1,1.5
1962,5,2,40.2,23.4,3,1
1962,6,7,41.9,26.7,7,-1.1
1962,7,146,36.7,27.3,139,0.5
1962,8,81,35.2,26.1,77,-0.9
1962,9,340,32.8,22.8,130,4.1
1962,10,0,33.3,16.5,52,5.4
1962,11,5,28.3,9,15,5.4
1962,12,8,21.9,5.3,13,5.1
1963,1,1,20.3,3.6,4,4.1
1963,2,8,26.4,8.7,10,3.5
1963,3,17,29.7,12.5,17,3.2
1963,4,2,35.4,18,3,2.9
1963,5,7,38.7,22,8,2.6
1963,6,10,41.4,27.3,10,1.9
1963,7,78,37.9,27.8,75,-2.5
1963,8,122,34,26,116,-2.1
1963,9,102,34.2,22.9,97,-1.8
1963,10,0,34.7,17.9,1,-2.5
1963,11,2,28.8,11.2,3,-2.3
1963,12,8,23.4,5,8,-2
1964,1,9,18.3,3,9,-2.1
1964,2,3,23.4,7.1,3,-2.4
1964,3,3,31.6,13.7,3,-2.8
1964,4,2,36.9,18.8,2,-2.6
1964,5,11,39.3,21.1,10,-2.2
1964,6,9,41.1,26.9,8,-2.5
1964,7,237,34.7,25.7,153,2.7
1964,8,179,34.8,25.9,150,4.5
1964,9,129,33.5,23.3,130,5.3
1964,10,0,33.1,16.4,46,6.5
1964,11,0,28.5,7.2,9,6
1964,12,6,22.5,5.1,10,5.3
1965,1,9,22.2,6.3,11,4.5
1965,2,16,23.8,7.4,17,4.1
1965,3,8,29.8,12,9,3.3
1965,4,6,33.3,16.1,7,3.3
1965,5,10,38.8,22.1,11,3.1
1965,6,2,42.3,27.6,2,1.8
1965,7,126,36.2,26.2,120,1.4
1965,8,57,34.9,24.8,55,-2.9
1965,9,33,34.9,22.9,31,-4
1965,10,14,34.1,17.5,14,-4.1
1965,11,2,29.9,10.2,3,-3.7
1965,12,0,22.5,3.7,1,-3.8
1966,1,1,22.2,4.5,1,-4
1966,2,28,26.6,9.5,27,-3.1
1966,3,7,30.4,12.1,7,-3.3
1966,4,1,35.8,18,2,-3.1
1966,5,14,40.8,22.5,13,-2.5
1966,6,35,40.7,26,33,-1.5
1966,7,72,37.8,26,69,-2.9
1966,8,144,34.7,25.6,137,-2.3
1966,9,124,34,21.9,118,-1.7
1966,10,34,34,16.2,33,-1.4
1966,11,1,27.9,9.3,1,-1.4
1966,12,2,22.7,3.8,2,-1.6
1967,1,0,19.4,3.1,0,-2
1967,2,8,26.8,8.5,8,-2.2
1967,3,48,28.7,11.6,45,1.6
1967,4,1,35.4,17,1,1.3
1967,5,2,39.9,22.1,2,0.8
1967,6,7,42.3,27.1,7,-1.1
1967,7,118,36.7,26.4,112,-1
1967,8,167,33.9,25.3,135,1.2
1967,9,97,34.2,22.6,99,1.5
1967,10,35,33.4,15.6,37,1.6
1967,11,3,28.3,9.3,5,1.5
1967,12,32,22.8,5.4,33,2.8
1968,1,13,18.8,4.3,14,2.6
1968,2,17,22,5.4,17,2.5
1968,3,8,30.3,12.1,9,2
1968,4,0,36.1,17.7,1,1.7
1968,5,2,39.5,22,3,1.2
1968,6,12,42.2,27,12,0.7
1968,7,134,36.5,25.9,128,0.8
1968,8,109,35.1,25.4,104,-0.3
1968,9,5,36.9,23.2,5,-2.8
1968,10,33,33.4,15.8,32,-2.3
1968,11,0,30,8.3,0,-2.2
1968,12,5,23.2,5.4,5,-2.1
1969,1,4,20.1,5,4,-2.3
1969,2,10,23.7,8,10,-2.3
1969,3,14,34.7,12.9,13,-2.2
1969,4,3,35.9,18.8,3,-1.9
1969,5,8,39.1,21.9,8,-1.7
1969,6,7,42.2,27.3,7,-2.1
1969,7,115,37.2,26.4,109,-2.3
1969,8,66,35.6,25.9,63,-3.3
1969,9,81,34.6,23.3,77,-3.3
1969,10,5,35,17.6,5,-3.7
1969,11,0,30.9,9.6,0,-3.5
1969,12,0,24.4,5.2,0,-3.5
1970,1,19,20.7,5.2,18,-2.8
1970,2,23,23.6,7,22,-2.1
1970,3,16,29.6,12.5,15,-1.7
1970,4,0,38.1,19.4,1,-1.7
1970,5,6,41.6,24.4,6,-1.7
1970,6,35,40.2,25.7,34,-0.7
1970,7,60,37.9,26.4,57,-2.5
1970,8,135,34.9,25.5,129,-1.9
1970,9,145,34.9,23.6,124,-0.8
1970,10,6,34.9,17.5,9,-0.6
1970,11,0,29.6,7.7,2,-0.7
1970,12,0,23.8,5.1,1,-1
1971,1,5,19.5,3.9,6,-1.1
1971,2,16,25.1,7.1,16,-0.9
1971,3,1,31,12.7,2,-1.4
1971,4,2,38,19,3,-1.3
1971,5,16,39.6,22.7,16,-0.6
1971,6,37,39.4,26.2,36,1.4
1971,7,103,35.4,25.8,98,0.9
1971,8,162,34.3,24.9,133,1.9
1971,9,60,34.6,22.2,64,1.3
1971,10,6,33.2,16.2,10,0.6
1971,11,3,29.5,9.3,5,0
1971,12,0,24.7,5.4,2,-1.2
1972,1,8,21.1,4.9,9,-1.2
1972,2,13,22.1,5.5,13,-1.1
1972,3,5,31.2,12.8,6,-1.4
1972,4,3,35.6,16.8,3,-1.2
1972,5,0,42,23.1,1,-1.5
1972,6,17,42.6,26.9,16,-1.5
1972,7,110,37.7,26.2,105,-1.9
1972,8,94,34.8,25.3,90,-2.6
1972,9,59,34.7,21.4,56,-3.1
1972,10,12,33.5,15.9,12,-3.2
1972,11,5,29.5,9.9,5,-2.7
1972,12,7,23.3,5.8,7,-2.5
1973,1,17,20.1,4.7,16,-2.1
1973,2,7,25.8,8.3,7,-2.2
1973,3,6,29.8,12,6,-2.4
1973,4,0,38.7,19,0,-2.4
1973,5,9,41.8,23.5,9,-2.1
1973,6,22,41.3,27.2,21,-1.8
1973,7,135,36.8,26.1,128,-1.5
1973,8,183,34.2,25,141,1.6
1973,9,46,35.6,23.4,56,0.8
1973,10,13,33.4,16.5,18,-0.3
1973,11,0,29.3,8.2,3,-0.9
1973,12,17,21.4,4,18,0.5
1974,1,3,20.3,4.1,4,-0.7
1974,2,2,22.8,6.1,3,-1.1
1974,3,2,31.7,13.9,3,-1.6
1974,4,1,38.5,19.1,2,-1.5
1974,5,5,40.5,22.9,5,-1.5
1974,6,18,40.4,25.9,18,-1.4
1974,7,132,36.6,26.1,126,-1.2
1974,8,59,35.9,26,56,-2.6
1974,9,23,36.3,23.2,22,-3.8
1974,10,9,33.1,16.7,9,-3.9
1974,11,0,28.8,8.2,0,-3.7
1974,12,8,21.6,4.5,7,-3.3
1975,1,14,19.1,4.5,13,-2.9
1975,2,12,22.7,6.2,12,-2.7
1975,3,12,29.2,11.7,12,-2.6
1975,4,1,36.3,17.9,1,-2.5
1975,5,2,41.3,23.6,2,-2.7
1975,6,30,39.7,25.6,29,-1.9
1975,7,132,35.3,25.2,126,-1.8
1975,8,115,34.2,25.6,109,-1.9
1975,9,173,33,23.2,143,-0.6
1975,10,13,33.6,17.8,19,1.4
1975,11,0,28.5,7.5,4,1.1
1975,12,1,23.9,5.2,3,-0.4
1976,1,16,20.8,5.8,17,0.1
1976,2,24,23.6,8,25,0.6
1976,3,11,28.5,12.4,11,-0.2
1976,4,2,35.3,17,3,0
1976,5,7,40.4,22.5,8,-0.1
1976,6,31,38.8,25.5,30,0.7
1976,7,147,36.6,26.7,140,0.9
1976,8,166,33.1,24.5,147,1.8
1976,9,109,35.2,21.2,106,2.1
1976,10,10,35.1,16.1,12,1.5
1976,11,1,30.2,9.4,2,1.2
1976,12,0,23.2,5.4,2,0.7
1977,1,24,19.9,4.7,23,1.1
1977,2,1,25,7.4,2,-0.7
1977,3,0,32.9,13.5,1,-1.5
1977,4,8,36,18,8,-0.9
1977,5,13,38.2,21.5,13,0.3
1977,6,40,39.4,26.1,39,1.6
1977,7,177,34.9,26,164,2.4
1977,8,98,34.6,25.3,94,1.9
1977,9,142,33.5,22.8,136,2.5
1977,10,19,34.5,17.1,19,2.1
1977,11,1,30.5,11.2,1,1.8
1977,12,9,24.1,6.6,9,1.7
1978,1,3,19.6,3.9,4,1.1
1978,2,19,22.9,7.2,19,1.2
1978,3,31,27.3,11,30,1.9
1978,4,2,36.7,17.9,3,1.7
1978,5,0,43.8,25.4,1,1.1
1978,6,32,41.3,27.1,30,1.7
1978,7,181,34.7,25.7,143,3
1978,8,131,34.2,25.6,129,3.4
1978,9,110,33.9,23.3,112,3.6
1978,10,2,34.1,16.7,7,2.7
1978,11,2,27.7,11,5,2.6
1978,12,2,23.8,5.4,4,2.1
1979,1,19,20.9,5.5,19,2.2
1979,2,38,22.9,7.3,37,3.1
1979,3,23,27.5,10.9,23,3.2
1979,4,3,37.3,19,4,2.9
1979,5,9,38.8,21.7,9,2.7
1979,6,17,41.7,26.7,17,2.3
1979,7,94,37.1,26.6,90,0.9
1979,8,44,36,25.7,42,-3.5
1979,9,60,35,22.1,57,-4
1979,10,10,34.3,17.4,10,-4.3
1979,11,3,28.3,12.3,3,-3.8
1979,12,5,23.6,6.9,5,-3.6
1980,1,7,20.4,4.8,7,-3.6
1980,2,6,25.4,8.6,6,-3.7
1980,3,18,28.7,12,17,-3.2
1980,4,1,38.7,19.5,1,-3
1980,5,2,42.9,25.2,2,-3.1
1980,6,24,41.2,26.8,23,-2.6
1980,7,246,35.5,26.4,154,3
1980,8,92,35.3,25.3,130,2.9
1980,9,47,35.2,22.8,60,1.8
1980,10,19,34.1,17.6,24,1.4
1980,11,4,29.1,9.7,8,1.5
1980,12,22,23.1,6,24,2.2
1981,1,35,20,5.8,35,3.1
1981,2,12,25.3,8.2,13,2.7
1981,3,29,28.4,12.2,28,3.2
1981,4,0,37,18.3,1,2.7
1981,5,5,41,23.4,5,2.2
1981,6,14,41.8,27.2,14,1.7
1981,7,183,35.1,26.2,152,2.9
1981,8,69,35.2,25.8,74,1.7
1981,9,27,35.8,23.3,30,-2.3
1981,10,5,33.3,16.1,7,-2.9
1981,11,11,27,9.3,12,-2
1981,12,0,22.7,5.2,2,-2.3
1982,1,21,20.2,6.1,21,-1.6
1982,2,12,21.8,6.9,12,-1.5
1982,3,48,26.5,10.5,46,2
1982,4,11,34.8,17.1,11,2.5
1982,5,19,36.9,20.9,18,3
1982,6,16,40.9,26.3,16,2.5
1982,7,120,38.2,27.2,115,1.5
1982,8,144,34.9,25.5,137,1.9
1982,9,11,35.8,22.6,11,-2.1
1982,10,24,33.9,17.7,23,-2.1
1982,11,4,28.2,10.9,4,-1.8
1982,12,12,23,6.4,12,-1.5
1983,1,20,19.7,4.8,19,-1
1983,2,13,22.9,6.8,13,-1
1983,3,12,28.3,11.6,12,-1
1983,4,7,32.7,15.5,7,-0.6
1983,5,28,37.9,21.4,27,1.7
1983,6,12,39.7,25.9,12,1.3
1983,7,126,36.5,26.1,120,0.9
1983,8,146,34.6,25.5,129,1.7
1983,9,80,35,23.5,78,1.5
1983,10,38,32.6,16.3,38,1.6
1983,11,0,29.3,8.6,1,1.2
1983,12,2,22.8,6.1,3,0.7
1984,1,1,19.2,4.4,1,-1.1
1984,2,28,22.4,5.6,27,0.6
1984,3,6,32.1,13.7,6,-0.5
1984,4,3,36.5,18.1,4,-0.4
1984,5,3,43.1,24.8,3,-0.7
1984,6,15,41.7,27.4,15,-0.9
1984,7,142,34.6,26.7,136,-0.6
1984,8,140,35.2,24.9,133,0.6
1984,9,112,33.4,22,106,1
1984,10,2,33.3,15.2,2,-0.9
1984,11,1,28.9,8.7,1,-1
1984,12,6,22.9,5.4,6,-1.1
1985,1,2,20.1,5,2,-1.5
1985,2,1,25.9,7.6,1,-2.1
1985,3,4,32.3,14.1,4,-2.5
1985,4,8,36.8,18.2,7,-1.8
1985,5,4,41.3,23.5,4,-1.9
1985,6,15,41.2,26.3,14,-1.9
1985,7,188,35.5,25.9,168,1.2
1985,8,125,35,25.5,121,1.3
1985,9,78,35,22.9,76,0.7
1985,10,51,31.9,15.7,50,1.3
1985,11,0,28.8,10,1,1
1985,12,14,23.6,6.7,14,1.2
1986,1,6,19.8,4.7,6,0.7
1986,2,25,23.4,7.5,24,1.1
1986,3,18,28.9,12.1,18,1.1
1986,4,2,35.7,17.5,3,1
1986,5,11,38.4,21,11,1.1
1986,6,26,40.4,26.3,25,1.2
1986,7,117,35.2,25.7,111,0.6
1986,8,93,35,25.1,88,-1.4
1986,9,60,35.1,22.4,57,-2.1
1986,10,14,33,16.9,14,-2.4
1986,11,1,29.2,10.4,1,-2.3
1986,12,4,21.8,4.4,4,-2.3
1987,1,20,21,5.5,19,-1.8
1987,2,14,25.4,8.9,14,-1.7
1987,3,13,30.3,13.4,13,-1.6
1987,4,2,36.8,18.6,2,-1.5
1987,5,28,36.5,20,27,1.3
1987,6,17,41,26.4,17,1
1987,7,47,38.6,27.1,44,-2.8
1987,8,55,36.7,26.2,53,-4.5
1987,9,12,36.6,24.2,11,-5.9
1987,10,41,34.3,17.5,39,-5
1987,11,0,30.6,8.7,0,-4.7
1987,12,4,23.2,6.2,4,-4.5
1988,1,4,21.7,6.4,4,-4.6
1988,2,8,25.8,8.9,8,-4.5
1988,3,25,29.2,12.4,24,-3.6
1988,4,1,37.9,19.5,1,-3.4
1988,5,2,42.4,25,2,-3.5
1988,6,29,41,26.4,27,-2.7
1988,7,112,35.3,26.5,107,-2.7
1988,8,143,34.3,25.1,136,-2
1988,9,305,34.6,23.4,133,3.8
1988,10,11,33.6,16.4,62,5.6
1988,11,0,29.3,9.5,10,5.1
1988,12,15,23.7,5.9,19,5.1
1989,1,36,19.1,4.5,38,5.8
1989,2,3,23.3,6.9,5,4.7
1989,3,15,29,12.4,15,4.3
1989,4,0,35,16.4,2,3.7
1989,5,1,40.3,22.8,2,2.9
1989,6,10,39.5,25.7,11,2.3
1989,7,176,36.8,25.5,168,2.9
1989,8,121,34.5,24.6,115,2.8
1989,9,72,35,22.5,69,1.8
1989,10,3,34,16.4,3,0.8
1989,11,3,28.9,9.6,3,0.7
1989,12,9,22.2,5.8,9,0.7
1990,1,2,22.6,6.5,3,-1.6
1990,2,36,23,8.4,35,1
1990,3,19,27.4,11.5,18,1.2
1990,4,2,35.6,17.7,2,1
1990,5,9,40.3,24,8,0.9
1990,6,12,40.7,27.2,12,-0.3
1990,7,149,35.8,26.3,142,0.3
1990,8,170,34.4,25.4,140,1.5
1990,9,158,33.9,24,126,2.6
1990,10,2,32.4,16,24,2.8
1990,11,2,29.4,10.1,10,2.9
1990,12,18,22.8,6.1,22,3.3
1991,1,0,19.3,4.7,3,2.4
1991,2,27,23.3,7.9,27,2.8
1991,3,5,29,12.8,7,2.1
1991,4,6,34.3,16.9,7,2.2
1991,5,8,39.6,23.1,9,2
1991,6,18,40.5,26.6,17,1.7
1991,7,60,38.3,27.3,57,-2.3
1991,8,105,34.6,25.8,100,-2.5
1991,9,78,34.7,23.5,75,-2.7
1991,10,5,33.1,15.4,5,-3.3
1991,11,2,28.1,9.5,2,-3.1
1991,12,12,23.3,6.5,12,-2.5
1992,1,26,20.2,6.2,25,-1.7
1992,2,27,23,7,26,-1
1992,3,11,28.3,13.2,10,-1
1992,4,2,34.7,17.8,2,-1
1992,5,9,39,22.3,8,-0.9
1992,6,8,41.3,27.1,8,-1.4
1992,7,60,35.3,26.5,57,-3.1
1992,8,139,34,25.5,132,-2.2
1992,9,147,33.9,22.2,139,-1.1
1992,10,20,32.9,17,19,-0.8
1992,11,6,28.1,10,6,-0.6
1992,12,1,24.2,7,1,-0.9
1993,1,8,19.4,5.5,8,-1.1
1993,2,14,26.5,9.5,14,-1.1
1993,3,10,27,11.9,9,-1.2
1993,4,3,36,18,3,-1.1
1993,5,5,41.1,24.5,5,-1.2
1993,6,23,40.9,27.1,22,-0.9
1993,7,144,34.8,26.2,137,-0.6
1993,8,37,36.2,26,35,-3
1993,9,105,33.3,24.1,100,-2.5
1993,10,0,33.3,17.4,0,-3.3
1993,11,0,29.9,10.5,0,-3.2
1993,12,0,24.4,5.7,0,-3.3
1994,1,24,20.3,7.4,23,-2.5
1994,2,7,23.3,8.4,7,-2.6
1994,3,3,31.7,14.1,2,-3
1994,4,3,34.2,17.4,3,-2.6
1994,5,14,41.2,24.1,13,-2
1994,6,15,41.4,27.6,14,-2.1
1994,7,166,35,26.9,145,-0.8
1994,8,114,33.7,26,111,1.3
1994,9,94,33.2,22.7,91,1.2
1994,10,5,32.6,15.9,6,-0.8
1994,11,0,29.1,10.6,1,-1
1994,12,8,23.3,6.6,9,-0.9
1995,1,29,18.9,5.2,28,0.8
1995,2,38,24,8.4,37,1.8
1995,3,14,27.8,12.6,14,1.6
1995,4,3,34,17.2,3,1.5
1995,5,0,40.7,24.3,1,0.8
1995,6,12,42.4,28,12,-0.5
1995,7,130,36.3,27,124,-1.1
1995,8,217,32.9,26,137,2.3
1995,9,105,34.5,23.6,124,2.7
1995,10,7,33.7,17.9,31,2.6
1995,11,1,28.8,10,9,2.6
1995,12,1,22.2,7.1,5,2.1
1996,1,13,19.5,6.2,15,2
1996,2,21,24.6,9,21,2
1996,3,9,30.5,14.9,10,1.6
1996,4,1,36.4,18.9,2,1.4
1996,5,5,38.9,22.9,5,1.1
1996,6,66,39.2,26.9,63,3.3
1996,7,90,36.1,26.5,87,1.9
1996,8,162,33.3,25.2,137,2.7
1996,9,90,34.1,23.9,92,2.6
1996,10,18,32.1,17.3,21,2
1996,11,0,28.2,8.8,2,1.6
1996,12,0,23.5,4.4,2,0.9
1997,1,7,19.8,4.2,8,-1.2
1997,2,4,24.4,7.2,5,-1.6
1997,3,12,28.9,13.3,12,-1.5
1997,4,9,34,17.1,9,-0.9
1997,5,14,37.2,21.3,14,0.4
1997,6,36,38.3,25.1,35,1.6
1997,7,121,36.7,26.7,116,1.2
1997,8,173,33.9,25.1,152,2.1
1997,9,63,34.1,23.6,64,1.5
1997,10,52,31,14.3,52,2.2
1997,11,7,25.6,10.6,8,2.2
1997,12,7,19.2,6.1,8,2
1998,1,0,20,5.1,1,1.2
1998,2,20,24.2,8.3,20,1.3
1998,3,15,28.1,11.9,15,1.1
1998,4,5,36.3,18.9,6,1.2
1998,5,3,41.1,24,4,0.8
1998,6,20,40.9,26.8,20,0.7
1998,7,141,36.1,26.9,134,1
1998,8,75,35.1,26.1,72,-1.3
1998,9,125,33.6,24.2,119,-0.7
1998,10,57,31.7,19.1,55,1.4
1998,11,2,28.5,10.9,3,1.1
1998,12,0,23.9,4.9,0,-0.5
1999,1,28,19.3,5,27,0.8
1999,2,4,25.1,9.2,4,-0.5
1999,3,5,30.8,13.7,5,-1
1999,4,0,38.6,19.2,0,-1.2
1999,5,6,40,24.3,6,-1.2
1999,6,21,39.8,26.3,20,-0.9
1999,7,81,36.7,26.4,77,-2.3
1999,8,87,34.9,26.2,82,-3.2
1999,9,58,35.3,24.5,56,-3.6
1999,10,18,33.8,18.5,17,-3.6
1999,11,0,30.3,11,0,-3.5
1999,12,0,24.5,5.9,0,-3.6
2000,1,18,20.5,5.3,17,-3.1
2000,2,20,22.6,6.9,19,-2.5
2000,3,6,29.6,12.3,6,-2.7
2000,4,1,38.5,20.2,1,-2.6
2000,5,6,41.6,26,6,-2.6
2000,6,25,39.5,26.8,23,-2.1
2000,7,159,35.2,26.4,151,-1.3
2000,8,65,34.9,26.1,62,-2.8
2000,9,36,34.7,23.3,35,-3.8
2000,10,2,35.4,17.9,2,-4.4
2000,11,2,29.4,11.1,2,-4.1
2000,12,0,24.9,6.1,0,-4.2
2001,1,4,19.2,4.9,4,-4.2
2001,2,5,25.3,9,5,-4.3
2001,3,6,30.5,13.6,6,-4.3
2001,4,5,36.2,18.7,4,-3.7
2001,5,19,40.8,24.8,19,-2.6
2001,6,41,37.8,26.4,39,-1.2
2001,7,154,35.1,26.5,146,2.3
2001,8,50,35.4,26.2,48,-2
2001,9,48,34.6,23.8,46,-2.8
2001,10,6,34.3,18.7,6,-3.3
2001,11,0,29.7,11,0,-3.2
2001,12,3,22.7,8.4,3,-3.2
2002,1,6,20.8,5.2,5,-3.2
2002,2,7,24.2,7.9,7,-3.3
2002,3,6,32.1,13,5,-3.4
2002,4,1,37.7,20.5,1,-3.2
2002,5,9,42.6,24.6,9,-2.9
2002,6,17,40.6,27.4,16,-2.7
2002,7,30,37.8,26.8,29,-5.5
2002,8,68,34.6,27.5,65,-6.4
2002,9,141,31.9,23.8,131,-5
2002,10,5,33.2,18.7,5,-4.8
2002,11,1,29.2,11.5,1,-4.4
2002,12,12,23.3,7.9,12,-3.8
2003,1,14,20.5,3.7,14,-3.3
2003,2,44,23.9,8.1,42,-1.7
2003,3,10,30,12.5,10,-1.8
2003,4,1,37.5,19,1,-1.8
2003,5,3,39.3,23.3,3,-2
2003,6,30,40.8,28,29,-1.2
2003,7,206,34.8,26.3,147,2.9
2003,8,84,34,25.9,104,2.6
2003,9,75,34.1,23,80,2.1
2003,10,19,33.8,16.8,22,1.6
2003,11,5,27.9,9.4,8,1.7
2003,12,9,22.7,6,11,1.7
2004,1,20,20,5.7,21,2
2004,2,5,26.7,7.6,6,1.3
2004,3,0,34.8,14.5,1,-1.3
2004,4,3,38.7,20.4,4,-1
2004,5,15,41.1,23.2,15,0.4
2004,6,23,38.3,26.5,22,0.7
2004,7,50,36.8,27.5,48,-2.4
2004,8,118,34.5,25.4,112,-2.2
2004,9,16,36,22.9,15,-3.7
2004,10,37,31.6,16.4,36,-3
2004,11,1,29.8,10,2,-2.8
2004,12,5,24.7,6.4,5,-2.7
2005,1,26,19.9,4.5,25,-1.8
2005,2,37,22.3,8.1,36,-0.6
2005,3,21,31.1,13.1,20,1.8
2005,4,2,35.8,18.1,2,1.5
2005,5,2,38.2,22.9,2,1
2005,6,17,41,28.2,16,0.8
2005,7,127,35.1,26.4,121,0.7
2005,8,61,36.2,25.7,58,-2.2
2005,9,135,33.9,24.4,129,-1.3
2005,10,6,33.1,17.7,5,-2
2005,11,0,29,10.5,1,-2
2005,12,0,22.1,5.3,0,-2.3
2006,1,7,19.7,7.2,7,-2.4
2006,2,4,28.2,11.3,3,-2.8
2006,3,20,30.3,12.8,20,-2.2
2006,4,0,36.5,20.4,0,-2.2
2006,5,10,41.5,25.4,9,-1.9
2006,6,32,38.5,26.7,31,-1
2006,7,164,36.8,26.9,156,1.4
2006,8,79,33.6,27,75,-1.2
2006,9,178,33.9,23.1,139,1.3
2006,10,42,33.2,18.8,51,2.5
2006,11,3,28.5,12.2,8,2.3
2006,12,12,22.6,6.7,15,2.4
2007,1,1,21.3,4.6,3,1.5
2007,2,49,24.4,8.8,48,3
2007,3,38,30.2,11.8,37,3.8
2007,4,1,39.1,20.6,2,3.3
2007,5,11,39.1,24.2,11,3.2
2007,6,41,40.1,26.9,40,3.9
2007,7,61,35.9,27.2,59,1.8
2007,8,84,35.2,26.6,80,-2.6
2007,9,112,34.2,24.4,107,-2
2007,10,0,33.5,17.2,1,-2.8
2007,11,3,30.8,10.1,3,-2.6
2007,12,2,21.8,6.4,2,-2.7
2008,1,10,17.3,6.6,10,-2.5
2008,2,5,23.6,6.2,5,-2.7
2008,3,1,33.8,14.8,1,-3.2
2008,4,9,36.2,17.7,8,-2.4
2008,5,11,38.2,24,10,-1.9
2008,6,43,38.2,27.1,41,1.9
2008,7,79,35.6,27.4,75,-1.2
2008,8,194,33.7,25.5,138,2.2
2008,9,73,33.5,23.9,92,1.9
2008,10,14,35,18.4,21,1.4
2008,11,1,30.2,10.5,5,1.3
2008,12,9,24.7,7.2,11,1.3
2009,1,12,21.2,6.8,13,1.1
2009,2,13,25.6,10,14,0.9
2009,3,12,31.8,14,13,0.7
2009,4,2,37.3,18.6,3,0.6
2009,5,9,40.7,25.2,9,0.6
2009,6,7,40.8,27.5,7,-0.6
2009,7,90,36.3,27.7,86,-1.7
2009,8,75,36,26.5,72,-2.8
2009,9,71,34.5,23.8,67,-3.1
2009,10,8,33.6,18.2,8,-3.5
2009,11,4,28.1,10.6,4,-3.1
2009,12,2,23.5,7.3,2,-3.2
2010,1,3,21.9,4.3,3,-3.3
2010,2,11,25.9,8.9,11,-3.2
2010,3,3,34.6,15.8,3,-3.5
2010,4,0,40,22,1,-3.4
2010,5,4,41.5,25.2,4,-3.3
2010,6,8,39.9,27.6,8,-3.4
2010,7,139,35.9,27.1,132,-2.9
2010,8,146,33.5,26.7,132,-1.9
2010,9,177,32.6,23.8,118,2.3
2010,10,8,34.1,18.8,39,3.2
2010,11,5,29.9,10.6,13,3.4
2010,12,9,22.6,5.6,13,3.3
2011,1,1,19.3,3.9,4,2.5
2011,2,28,23.8,9.4,29,2.9
2011,3,5,31.3,14,6,2.2
2011,4,3,35.4,18.2,4,2.1
2011,5,5,41.2,25.5,6,1.7
2011,6,35,38.6,28,34,2.4
2011,7,123,35.7,27.1,118,1.9
2011,8,134,34,26.2,128,2.1
2011,9,224,33.7,23.6,133,3.8
2011,10,3,33.5,18.2,55,5
2011,11,1,31.1,11.6,10,4.6
2011,12,4,23.5,6.8,8,4
2012,1,14,18.2,5.5,17,3.8
2012,2,2,21.6,8.3,4,2.9
2012,3,2,29.6,13.8,4,1.9
2012,4,6,35.7,18.5,7,2.1
2012,5,2,40.6,24.3,2,1.5
2012,6,3,41.5,29,3,-1.7
2012,7,50,37.6,28.1,48,-3.7
2012,8,152,34,26,132,-2.4
2012,9,261,33.6,23.7,131,3.8
2012,10,20,31.7,18,71,5.8
2012,11,0,28.1,10.8,10,5.8
2012,12,14,22.1,7.1,18,5.8
2013,1,12,19.9,4.4,14,5.3
2013,2,31,25.2,6.1,31,5.5
2013,3,11,30.1,12.7,12,4.9
2013,4,4,36.1,19.1,5,4.5
2013,5,1,41.4,24.9,2,3.7
2013,6,46,39.5,27.8,44,4.6
2013,7,155,35.9,27.6,148,4.7
2013,8,126,33.6,26.3,120,4.6
2013,9,45,34.2,24.8,43,3.1
2013,10,30,33.6,19.3,29,2.9
2013,11,4,28,10.7,4,2.7
2013,12,3,23.2,6.9,3,2.1
2014,1,7,19.5,6.1,7,1.6
2014,2,19,22.6,8.1,18,1.7
2014,3,21,29,12.6,20,1.8
2014,4,6,35.3,17.9,6,1.9
2014,5,14,38.8,23.2,13,2.1
2014,6,19,41.5,28.8,19,1.9
2014,7,58,36.2,28.4,55,-2
2014,8,59,35.5,26.7,56,-3.6
2014,9,241,34.2,23.2,139,-1.1
2014,10,14,33.3,18.3,65,4.1
2014,11,3,28.8,10.9,12,4.2
2014,12,2,21.2,6,7,3.7
2015,1,14,19,5.4,17,3.6
2015,2,7,24.4,8,8,2.9
2015,3,52,28.9,12.4,51,4.5
2015,4,5,36.2,18.7,6,4.3
2015,5,7,40.4,25,8,3.9
2015,6,25,38.3,27.6,25,3.9
2015,7,166,34.3,26.9,158,4.3
2015,8,104,33.9,26.7,99,3.7
2015,9,102,35.1,24,98,3.3
2015,10,18,33.9,18.4,17,2.5
2015,11,1,28.7,12,1,2.1
2015,12,1,22.9,7.2,1,1.5
2016,1,9,21.4,6,8,0.8
2016,2,5,26.5,9.4,5,-1.7
2016,3,18,31.6,14.5,18,-1
2016,4,1,37.9,20.2,1,-1.1
2016,5,10,41.7,24.8,10,-1.1
2016,6,31,41.4,27.9,30,-1.1
2016,7,139,36.2,27,133,0.6
2016,8,130,34.3,25.9,124,-1.2
2016,9,50,35.5,24.2,48,-2.6
2016,10,13,35.1,18.7,13,-2.9
2016,11,1,30,11.1,1,-2.9
2016,12,1,25.4,7.7,1,-3.1
2017,1,23,20.2,6.1,22,-1.8
2017,2,4,26.4,10,4,-2.2
2017,3,9,31.5,14.3,8,-2.5
2017,4,6,38.6,20.6,6,-2
2017,5,10,41.1,24.9,9,-1.8
2017,6,53,37.2,25.9,50,1.4
2017,7,113,36.2,27.1,107,-1.7
2017,8,86,35.4,26.4,82,-0.9
2017,9,94,35.2,24.2,89,-0.8
2017,10,2,35.3,18.8,2,-1.7
2017,11,5,28.6,9.8,5,-1.6
2017,12,8,23.9,7.3,8,-1.6
2018,1,4,21.9,6.2,4,-1.2
2018,2,5,26.5,10.2,5,-1.5
2018,3,4,33,15.6,4,-1.7
2018,4,2,38,20.1,2,-1.4
2018,5,5,41.2,24.5,5,-1.4
2018,6,31,40.6,27.3,29,1.2
2018,7,172,36.2,27,153,1.7
2018,8,75,35.3,26.5,73,1
2018,9,151,34.5,23.6,121,2.6
2018,10,8,33.3,17.7,19,4.2
2018,11,2,29.1,10.8,7,4.5
2018,12,5,22.6,5.8,8,4.1
2019,1,38,20,5,38,2.3
2019,2,20,23.2,6.9,21,2.4
2019,3,11,28.8,12,12,2
2019,4,9,37.1,18.9,9,2.3
2019,5,14,39.7,22.6,14,2.4
2019,6,8,41.6,27.6,8,1.7
2019,7,75,36.8,27.1,72,-2
2019,8,130,35.4,26.2,124,-1.7
2019,9,37,36.7,25.2,36,-2.9
2019,10,16,34.6,18,16,-3.1
2019,11,10,29.8,10.7,10,-2.3
2019,12,7,21,3.6,7,-2
