Product: Historical Climate - TerraClimate(http://www.climatologylab.org/terraclimate.html) 
Location (Lat/Lon of 4-km Grid Cell Center): 22.3542 North,82.7708 East 
Data Source: NW Climate Toolbox(https://climatetoolbox.org/tool/point-data-download)
Download Date: 07/24/2020
Variable List: 
ppt: ppt (Precipitation)
tmax: tmax (Maximum Temperature)
tmin: tmin (Minimum Temperature)
aet: aet (Actual Evapotranspiration)
PDSI: pdsi (Palmer Drought Severity Index (PDSI))
********************************************************
Year,Month,ppt(mm),tmax(degC),tmin(degC),aet(mm),PDSI(unitless)
1958,1,11,28.3,13.5,51,0
1958,2,9,30.5,15.5,50,-0.6
1958,3,43,36.2,18.5,78,0.3
1958,4,10,40.5,25,36,-0.1
1958,5,2,43.4,29.5,16,-0.8
1958,6,87,41.2,29.4,93,-2.1
1958,7,543,31.2,24.6,109,-1.4
1958,8,436,30.6,24.6,109,-1.4
1958,9,357,30.5,23.4,103,1.4
1958,10,94,30.5,21.3,104,2.5
1958,11,4,28.5,15.7,60,2.8
1958,12,0,26.8,12.8,44,2.7
1959,1,20,26.7,13.1,51,3.1
1959,2,3,30,14.4,48,2.6
1959,3,1,35.5,19.3,50,1.7
1959,4,14,39.5,24.7,36,1.8
1959,5,12,42.9,28.9,25,1.8
1959,6,119,38.2,28,122,0.9
1959,7,446,30.6,24.6,112,0.6
1959,8,449,30.1,24.4,104,0
1959,9,280,29.8,23.6,97,0.2
1959,10,105,30,22.2,98,1.8
1959,11,0,28.1,14.6,55,2.1
1959,12,1,26.3,12.2,44,2.2
1960,1,14,26.6,12,48,2.6
1960,2,0,32,14.8,46,2.2
1960,3,54,33.6,18.4,87,3.1
1960,4,11,40.4,23.8,45,3.2
1960,5,4,42.6,28.9,22,2.8
1960,6,147,39.1,28.4,148,2.1
1960,7,535,30.5,24.6,105,2.4
1960,8,544,30.1,24.6,101,2.9
1960,9,171,30.2,24.3,102,1.3
1960,10,57,30.5,20.7,90,1.5
1960,11,0,27.9,13.7,54,1.4
1960,12,1,27.3,11.5,39,1.2
1961,1,17,27.1,13.4,47,1.4
1961,2,27,27.9,14.3,55,1.9
1961,3,12,35,20.9,60,1.5
1961,4,4,40.1,24.4,28,1.2
1961,5,8,42.6,28.8,22,1.1
1961,6,229,37.1,26.9,178,1.6
1961,7,481,30.5,24,103,1.9
1961,8,562,30.3,24.5,102,2.6
1961,9,449,29.7,23.2,94,4.7
1961,10,70,30,20.2,92,4.9
1961,11,1,27.2,13.5,52,4.7
1961,12,5,25.2,9.7,44,4.5
1962,1,6,25.7,10.4,44,4.1
1962,2,15,29.6,14,50,4
1962,3,34,35.4,17.4,71,4
1962,4,17,38.8,23.7,44,4.1
1962,5,5,42,28.1,20,3.6
1962,6,123,38.4,28.1,127,2.5
1962,7,409,31.5,24.7,124,1.8
1962,8,401,30.1,24.1,105,1.1
1962,9,358,30,23.2,108,2
1962,10,19,29.7,20.3,78,1.1
1962,11,1,28.5,13.7,49,0.7
1962,12,9,26.9,11.7,43,0.8
1963,1,2,26,10.5,39,-1.2
1963,2,9,31.6,14.1,43,-1.4
1963,3,39,34.6,17.7,73,-1.1
1963,4,17,38.3,22.5,35,-0.7
1963,5,15,41.3,27.2,26,0.2
1963,6,178,37.1,26.8,172,-0.1
1963,7,440,30.4,24.3,118,-0.3
1963,8,569,30.3,24.2,102,1
1963,9,332,30.7,23.4,111,1.6
1963,10,103,31.1,21.4,106,2.9
1963,11,0,29.5,15.9,59,3
1963,12,0,26.9,12.3,45,3
1964,1,0,26.9,12.8,45,2.5
1964,2,13,30.7,15.3,51,2.4
1964,3,6,36.1,20,52,1.6
1964,4,7,39.7,25.3,29,1.3
1964,5,5,42.1,28.1,18,1
1964,6,173,38.4,27.7,166,0.8
1964,7,447,30,23.9,120,-0.2
1964,8,642,30.1,24.3,99,1.5
1964,9,262,30.3,23.6,104,1.2
1964,10,42,30.5,22.2,86,1
1964,11,3,27.5,14.7,57,0.9
1964,12,0,26.7,12,43,0.6
1965,1,7,27,13.2,41,-0.2
1965,2,1,30.5,14.7,42,-1.1
1965,3,41,34.5,17.7,72,-0.8
1965,4,17,38.4,23.5,33,-0.6
1965,5,3,42.9,28.8,14,-0.9
1965,6,86,39.7,28.8,89,-2.1
1965,7,379,31.2,24.8,121,-2.6
1965,8,265,30.9,25,123,-4.2
1965,9,246,30.3,23.4,110,-4.2
1965,10,23,31.3,21.5,82,-4.4
1965,11,0,29.3,15,52,-4.3
1965,12,1,26,12.7,41,-4.2
1966,1,23,26.2,13,48,-3.4
1966,2,4,32,15.8,44,-3.5
1966,3,5,35.6,18.8,38,-4.1
1966,4,4,40.2,24.5,21,-4.1
1966,5,12,43.3,28.8,23,-3.7
1966,6,244,38.4,27.8,192,-2.7
1966,7,293,32.6,25.4,126,-3.4
1966,8,277,30.7,24.4,112,-4.9
1966,9,160,31,23.9,119,-6.1
1966,10,10,31.7,21.4,78,-6.4
1966,11,7,29.3,16.6,57,-6
1966,12,8,26,11.7,43,-5.5
1967,1,7,26,13.2,40,-5.2
1967,2,0,31.9,15.4,36,-5.4
1967,3,110,32.7,18.5,115,-2.7
1967,4,10,39.1,22.6,35,-2.3
1967,5,3,43,28.6,18,-2.4
1967,6,175,39.8,28.3,170,-2.4
1967,7,450,31.5,24.8,125,-2.3
1967,8,674,30.1,24,103,2.4
1967,9,280,30.2,23.5,110,2.1
1967,10,10,31.4,20.8,75,1
1967,11,0,29.2,13.9,50,-1.2
1967,12,14,27.6,13.2,45,-0.9
1968,1,16,26,12.1,46,-0.6
1968,2,16,29.7,14,45,0.1
1968,3,31,34.4,18.7,69,0
1968,4,13,38.2,23,32,0.2
1968,5,1,42.5,27.9,13,-0.4
1968,6,143,37.1,27.4,142,-0.8
1968,7,405,30.6,24.7,123,-1.3
1968,8,344,30.6,24.3,116,-2.2
1968,9,290,31.1,23.9,115,-1.9
1968,10,38,30.4,20.6,85,-1.9
1968,11,1,28.4,15.4,52,-1.8
1968,12,2,27.2,12.3,43,-1.7
1969,1,3,27,11.8,39,-1.9
1969,2,2,31.5,15.7,41,-2.2
1969,3,6,36.3,20.8,40,-2.8
1969,4,3,40,24.5,21,-2.9
1969,5,21,41.7,27.1,31,-2
1969,6,92,38.6,28.1,95,-2.9
1969,7,662,30.5,24.4,110,-1.2
1969,8,461,29.8,24,107,-1
1969,9,311,29.9,23.4,104,1.7
1969,10,8,31.1,21.3,73,-1
1969,11,2,29.6,16.1,52,-1.2
1969,12,4,26.6,11.9,37,-1.3
1970,1,17,26.3,13.3,44,-0.9
1970,2,19,30.2,15,49,-0.7
1970,3,59,33.7,19.6,83,1.2
1970,4,3,39.7,24.8,28,0.8
1970,5,13,43.1,28.7,26,0.9
1970,6,290,36.3,25.9,180,2.1
1970,7,450,30.9,24.2,122,2.4
1970,8,554,30.3,24.4,112,2.9
1970,9,425,29.6,23.6,106,4.5
1970,10,24,30.6,21.5,79,3.5
1970,11,0,27.6,14,52,2.9
1970,12,0,26.1,10.7,36,2.3
1971,1,18,25.6,13,45,2.3
1971,2,11,29.3,14.4,43,2
1971,3,14,34.1,17.4,55,1.5
1971,4,20,37,23.5,39,1.9
1971,5,26,39.8,26.6,37,2.6
1971,6,436,34.9,25.4,158,5.5
1971,7,425,29.6,23.7,118,6.5
1971,8,616,29.5,24.2,110,7
1971,9,207,30.4,23.5,110,5.3
1971,10,95,30,21,102,6.1
1971,11,0,26.9,13.9,56,5.9
1971,12,0,26,10.6,44,5.5
1972,1,4,26.1,11.5,40,5
1972,2,27,28,13.4,57,5.3
1972,3,1,34.5,18.9,54,4.6
1972,4,10,39.2,23.5,37,4.3
1972,5,1,43.2,28.6,16,3.5
1972,6,83,40.7,28.7,89,1.7
1972,7,328,31.9,24.9,132,-2.6
1972,8,469,30.3,24.2,119,-3.1
1972,9,205,30.7,22.7,116,-3.8
1972,10,63,31,20.1,89,-2.9
1972,11,4,28.4,14.3,53,-2.2
1972,12,1,27.9,12,45,-1.9
1973,1,2,27.8,13,42,-1.9
1973,2,14,31.4,15.8,49,-1.7
1973,3,11,34.9,18.8,55,-1.9
1973,4,2,41.1,25.8,23,-2
1973,5,2,43.2,29.6,15,-2.2
1973,6,106,38.5,27.6,110,-2.9
1973,7,479,31,24.6,121,-2.7
1973,8,506,30.4,24.2,108,-2
1973,9,278,29.7,23.7,104,-1.7
1973,10,108,30,21.4,105,2.1
1973,11,0,26.5,15.3,55,2.3
1973,12,4,25.1,12.3,47,2.6
1974,1,0,25.5,11.5,43,2.3
1974,2,2,30.2,13.6,44,1.9
1974,3,15,35.2,20.5,62,1.7
1974,4,1,39.2,25.7,27,1.2
1974,5,6,41.9,28.2,20,1
1974,6,108,38.9,27.7,112,-1.4
1974,7,483,30.9,24.8,124,-1.3
1974,8,403,30.2,24.2,108,-1.5
1974,9,137,31.1,24.1,107,-3.1
1974,10,109,31.1,21.8,107,-1.2
1974,11,2,27.4,14.6,60,2
1974,12,0,25.4,10.5,44,2.1
1975,1,11,25.5,11.4,46,2.3
1975,2,15,29.8,14.7,53,2.5
1975,3,52,35.2,18.9,88,3.3
1975,4,2,40.5,24.5,36,2.9
1975,5,3,43.7,29,20,2.4
1975,6,242,37.7,27.1,189,2.8
1975,7,506,30.1,24,126,3.1
1975,8,361,30.3,24.2,117,2.1
1975,9,345,29.8,23.2,116,2.6
1975,10,87,30.8,22.2,100,3.4
1975,11,1,26.9,14.2,60,3.5
1975,12,0,25.8,10.4,42,3.2
1976,1,4,26.3,11.7,44,2.8
1976,2,2,30,15.6,44,2.2
1976,3,10,34.5,19.8,53,1.6
1976,4,16,39.1,23.4,37,1.6
1976,5,6,42.1,28,19,1.3
1976,6,74,38.7,27.4,79,-1.8
1976,7,470,31.3,24.2,123,-1.7
1976,8,461,30.1,24.1,110,-1.5
1976,9,457,30.4,23,106,2.4
1976,10,3,31.9,21.3,68,1.1
1976,11,2,30.1,17.3,55,0.6
1976,12,0,27.5,12.2,37,-1.6
1977,1,10,26.4,12,41,-1.6
1977,2,3,30.7,14.8,41,-2
1977,3,7,35.9,20.7,37,-2.8
1977,4,16,38.5,24.4,32,-2.4
1977,5,23,40.6,26.8,32,-1.5
1977,6,209,37.7,27.4,200,-1.4
1977,7,552,30.6,24.5,120,-0.7
1977,8,477,30.5,24.5,111,1.1
1977,9,298,30.2,23.3,116,1.2
1977,10,51,30.6,21,91,1.1
1977,11,9,28.9,17.5,55,1.4
1977,12,4,25.7,11.9,44,1.4
1978,1,9,25.4,11.5,42,1.4
1978,2,44,28.8,14.4,66,2.5
1978,3,58,33.4,17.4,88,3.4
1978,4,23,39,23.6,55,4
1978,5,4,43.3,29.4,21,3.5
1978,6,288,37.9,27.6,179,4.4
1978,7,344,30.7,23.8,116,3.8
1978,8,473,29.9,24,107,3.6
1978,9,334,29.9,23.8,111,3.9
1978,10,32,30.5,21.5,83,3.1
1978,11,2,29.4,16.5,50,2.7
1978,12,13,25.8,11.9,45,2.8
1979,1,15,26.7,13.3,46,2.8
1979,2,22,28.3,14.5,54,2.9
1979,3,1,33.9,18.3,45,1.9
1979,4,9,39.5,24.5,30,1.7
1979,5,2,42.9,27.2,15,1.1
1979,6,182,39.1,28,175,0.9
1979,7,394,32,25.1,137,-1.6
1979,8,358,30.9,24.9,129,-2.6
1979,9,192,31.4,24.3,123,-3.6
1979,10,23,32,21.9,84,-3.9
1979,11,5,30.2,17.8,53,-3.6
1979,12,2,26.2,13.8,41,-3.6
1980,1,8,26.4,13.7,40,-3.4
1980,2,7,29.9,16.4,43,-3.4
1980,3,10,33.9,20.3,43,-3.7
1980,4,6,40.3,25.8,23,-3.7
1980,5,2,43.3,29.1,13,-3.7
1980,6,276,36.6,26.8,150,-1.9
1980,7,470,30.3,24.4,109,-0.8
1980,8,514,30,24.3,99,2.5
1980,9,190,30.5,24.1,108,1.1
1980,10,13,31,21.8,82,-2
1980,11,0,29.2,15.4,52,-2.3
1980,12,4,26.4,12.9,38,-2.3
1981,1,13,24.8,13,41,-2.1
1981,2,3,29.5,16.2,40,-2.5
1981,3,58,33,19.5,82,-1.6
1981,4,7,38,25,26,-1.7
1981,5,11,40.9,28.1,22,-1.4
1981,6,133,38.5,28.3,135,-2
1981,7,504,30.3,24.6,122,-1.6
1981,8,394,30.5,24.6,115,-1.9
1981,9,348,30.5,24,110,-0.9
1981,10,11,31.6,20.7,82,-1.8
1981,11,0,28.4,13.7,54,-2.1
1981,12,5,25.2,12.5,40,-2.2
1982,1,17,27.3,13.5,42,-1.9
1982,2,13,28.8,15.8,45,-1.9
1982,3,74,32.4,18.9,93,-0.7
1982,4,18,38.3,24,39,1.3
1982,5,16,42.3,27.2,29,1.5
1982,6,154,38.3,27.4,152,1
1982,7,276,32.8,26,138,-1.7
1982,8,570,29.9,24.3,99,-1.8
1982,9,313,30.9,23.5,123,-1.4
1982,10,35,31.8,20.8,85,-1.6
1982,11,3,28.4,15.5,53,-1.4
1982,12,1,27.1,12.1,42,-1.5
1983,1,4,25.7,12.4,41,-1.7
1983,2,12,28.9,15.6,44,-1.6
1983,3,7,33.8,20.3,44,-2.2
1983,4,20,38.6,23.5,38,-1.6
1983,5,13,41.8,27.5,24,-1.2
1983,6,127,39.9,28.4,129,-1.9
1983,7,398,31.7,25,130,-2.3
1983,8,416,30.8,25.1,114,-2.7
1983,9,319,30.2,24,99,-1.8
1983,10,84,29.8,21,100,-0.6
1983,11,0,27.6,13.7,61,1.8
1983,12,3,25.9,11.6,41,1.8
1984,1,26,26.1,13.2,49,2.5
1984,2,32,28.2,14.4,58,3.3
1984,3,1,35.5,18.8,62,2.8
1984,4,8,39.7,24.3,33,2.6
1984,5,2,43,29.9,17,2
1984,6,172,36.5,26.8,164,1.9
1984,7,413,30.6,24.3,117,1.3
1984,8,552,30.1,24,106,1.9
1984,9,145,30,22.9,123,-1.9
1984,10,30,31.1,21.4,79,-2.1
1984,11,0,28.1,13.1,56,-2.1
1984,12,0,27.3,12.5,42,-2.2
1985,1,21,26.5,13.9,44,-1.6
1985,2,6,30,14.8,45,-1.8
1985,3,1,35.9,21.3,38,-2.6
1985,4,8,40.1,25.1,26,-2.5
1985,5,4,42.9,28.5,16,-2.5
1985,6,141,38.6,27.6,142,-2.9
1985,7,490,30.3,24,117,-2.5
1985,8,515,30.6,24.3,107,-1.8
1985,9,256,30.3,23.5,110,-1.9
1985,10,134,30.3,19.8,116,2.4
1985,11,0,28.7,14.1,61,2.6
1985,12,0,27.8,12.8,47,2.7
1986,1,14,25.9,12.7,50,2.8
1986,2,26,30,14.7,55,3.3
1986,3,7,35.4,18.5,63,2.8
1986,4,9,39.4,24.3,35,2.6
1986,5,13,42,27.2,27,2.6
1986,6,199,38.1,27.1,180,2.5
1986,7,438,30.7,23.8,116,2.2
1986,8,519,30.8,23.6,118,2.4
1986,9,191,31,23.8,119,0.9
1986,10,18,30.9,20.9,81,-1.9
1986,11,4,28.3,16.4,51,-1.9
1986,12,10,26.2,13.2,41,-1.5
1987,1,6,26.1,12.5,40,-1.6
1987,2,9,30.2,15.2,43,-1.6
1987,3,21,33.8,19.1,57,-1.7
1987,4,3,39.3,24.7,22,-2
1987,5,7,41.7,27,19,-1.8
1987,6,61,40.1,29,66,-3.2
1987,7,360,31.4,24.9,136,-3.8
1987,8,550,31.1,24.6,117,-3.3
1987,9,394,31.3,24.4,111,-1.5
1987,10,45,31.7,21.1,90,-1.4
1987,11,4,28.7,16.2,54,-1.2
1987,12,2,26.7,12.6,42,-1.2
1988,1,2,27.3,13.4,40,-1.4
1988,2,8,30.8,16,44,-1.5
1988,3,53,34.5,20.1,82,-0.7
1988,4,10,39.7,24.8,31,-0.6
1988,5,8,42.6,30.3,21,-0.6
1988,6,227,37.4,27.5,172,1.2
1988,7,396,30.5,24.4,115,0.9
1988,8,330,30.4,24.7,108,-1
1988,9,232,31.2,24,108,-1.5
1988,10,24,30.5,20.9,87,-2
1988,11,0,28.2,15.1,55,-2.2
1988,12,5,26.4,13.7,41,-2.2
1989,1,1,25.8,11.9,39,-2.6
1989,2,0,29.9,15.1,39,-3.1
1989,3,36,34.2,18.5,61,-3
1989,4,1,39.9,24.2,16,-3.4
1989,5,13,42.9,29,22,-3
1989,6,229,37.1,26.7,166,-2
1989,7,424,30.9,24.4,116,-1.7
1989,8,423,30.6,24.4,103,-1.7
1989,9,207,30.5,23.8,101,-2.4
1989,10,21,30.7,21.9,84,-2.9
1989,11,1,28.7,15.7,52,-2.9
1989,12,12,26.2,11.8,43,-2.4
1990,1,1,27.2,13.4,42,-2.7
1990,2,36,29.4,16.3,57,-1.8
1990,3,49,32.2,19.3,77,-1
1990,4,6,38.2,25.3,28,-1.2
1990,5,20,40.4,27.1,32,1.3
1990,6,355,36.8,26.6,151,3.4
1990,7,627,29.8,23.5,94,5.8
1990,8,534,30.7,24.5,107,5.8
1990,9,261,30.4,23.6,92,5.2
1990,10,51,30.1,21.1,80,4.9
1990,11,1,28.8,16.5,58,4.6
1990,12,1,27.1,12.7,43,4.1
1991,1,25,25.2,13.6,50,4.4
1991,2,5,31,16.8,45,3.7
1991,3,56,34.4,20.7,82,4.3
1991,4,15,38.5,24.5,43,4.3
1991,5,5,42.3,29.7,21,3.7
1991,6,256,37.3,26.7,175,4.3
1991,7,432,31.7,25.1,113,4.1
1991,8,663,30.2,24,101,5.4
1991,9,159,30.9,23.7,118,3.1
1991,10,19,30.8,21.8,83,2
1991,11,3,28.1,15.3,52,1.6
1991,12,10,26,12.1,43,1.5
1992,1,7,24.8,12.6,43,1.1
1992,2,7,27.8,15.1,43,0.6
1992,3,1,35.2,20.6,34,-3
1992,4,2,40.3,24.3,19,-3.2
1992,5,8,42.1,27.8,19,-2.9
1992,6,72,38.9,27.7,76,-4
1992,7,316,32.2,25.5,133,-4.7
1992,8,368,30.4,24.1,112,-5.8
1992,9,192,30.4,23.2,119,-6.5
1992,10,27,31.2,21.1,87,-6.4
1992,11,1,29.1,15.7,53,-6
1992,12,0,26.5,11.7,39,-5.8
1993,1,0,26.5,13.5,41,-5.8
1993,2,3,30.2,16.5,40,-5.9
1993,3,48,33.5,18,74,-5.1
1993,4,6,38.6,24.1,22,-4.9
1993,5,10,42.1,28.7,20,-4.4
1993,6,120,38.9,28.8,122,-4.8
1993,7,327,31.8,25.1,125,-5.3
1993,8,350,30.3,24.5,115,-6.4
1993,9,336,30.4,23.3,99,-4.9
1993,10,47,31.4,21.4,86,-4.3
1993,11,2,28.4,15.2,56,-3.8
1993,12,0,26.1,11.7,42,-3.5
1994,1,16,26.9,13.3,48,-2.9
1994,2,16,28.3,16,49,-2.5
1994,3,0,35.7,20.9,42,-3.2
1994,4,11,38.7,23.5,31,-2.7
1994,5,6,42.8,28.3,18,-2.6
1994,6,302,37.2,27.2,160,-0.7
1994,7,543,29.9,23.7,108,3
1994,8,522,30,24.1,99,3.3
1994,9,171,31.1,23.1,113,1.5
1994,10,66,31.6,20.9,93,1.9
1994,11,0,28.2,15.6,54,1.9
1994,12,0,26.9,11.7,43,1.7
1995,1,23,24.4,11.6,52,2.2
1995,2,8,29.8,15.6,46,2
1995,3,68,33.9,18.4,91,3.1
1995,4,5,39.3,23.5,37,2.9
1995,5,7,41.4,28,24,2.8
1995,6,86,39.7,29.3,93,1.3
1995,7,377,31.7,24.4,123,-1.7
1995,8,338,31.4,24.6,110,-2.8
1995,9,289,30.6,23.8,110,-2.4
1995,10,41,31.7,21.8,86,-2.2
1995,11,2,28.2,16.4,58,-2
1995,12,0,27.8,13,41,-2
1996,1,21,26.7,14.1,48,-1.5
1996,2,9,30.3,14.8,46,-1.5
1996,3,7,35.4,21,45,-2.1
1996,4,10,39.5,23.8,29,-1.9
1996,5,1,43.5,28.8,13,-2.1
1996,6,214,38.6,26.9,180,-1.6
1996,7,343,32,24.3,118,-2.1
1996,8,442,30.3,23.6,101,-2.1
1996,9,133,31.2,24.3,116,-3.9
1996,10,62,31.6,20.3,96,-3.1
1996,11,0,29.9,14.7,58,-2.7
1996,12,0,27.1,11.4,44,-2.6
1997,1,11,25.6,11.7,43,-2.3
1997,2,1,28.7,14.3,44,-2.6
1997,3,9,34.3,20.1,43,-3.2
1997,4,11,37.2,21.9,29,-2.8
1997,5,13,42,27.1,24,-2.3
1997,6,75,39.7,28.1,80,-3.4
1997,7,302,31.6,24.2,107,-4.1
1997,8,552,31.1,24.6,110,-3.8
1997,9,220,30.9,23.4,111,-4.2
1997,10,27,31.6,20.3,76,-4.2
1997,11,7,29.7,16.7,52,-3.6
1997,12,14,26.1,13.8,44,-2.7
1998,1,3,25.1,13.8,38,-2.5
1998,2,16,29.6,16.3,48,-2.1
1998,3,42,33.4,18.4,79,-1.3
1998,4,16,39,24.7,41,-0.8
1998,5,14,43.2,29,28,1.5
1998,6,110,40.5,28.5,114,0.6
1998,7,324,31.9,24.3,116,-1.7
1998,8,389,31.2,25.1,106,-2.7
1998,9,275,31.6,23.9,104,-2.4
1998,10,87,32.5,22.4,98,-1
1998,11,7,29.3,17.5,60,1.8
1998,12,0,27,11.9,46,1.8
1999,1,0,26.2,11.5,45,1.5
1999,2,10,31.3,15.7,47,1.3
1999,3,0,35.8,19.7,47,-0.7
1999,4,0,40.6,26,22,-1.2
1999,5,14,42.3,28.2,26,-0.8
1999,6,162,37.9,26.7,157,-0.8
1999,7,397,31.9,24.2,121,-1.3
1999,8,490,30.3,24.2,103,-1
1999,9,280,30.4,23.1,97,-0.8
1999,10,46,31.8,21.7,88,-0.7
1999,11,0,30.4,15.3,59,-0.7
1999,12,1,27.3,12.2,40,-0.9
2000,1,0,27.3,13.4,42,-1.3
2000,2,15,28.3,16.1,44,-1.2
2000,3,0,33.7,19.7,36,-2.1
2000,4,5,40.4,26,23,-2.2
2000,5,7,41.7,28,18,-2.1
2000,6,211,37.1,25.9,158,-1.3
2000,7,308,31.5,24.5,107,-1.9
2000,8,246,31.7,24.6,119,-3.6
2000,9,239,30.6,23.6,109,-3.8
2000,10,5,32.4,22.8,80,-4.6
2000,11,0,30,16.4,53,-4.7
2000,12,0,27.2,12.1,41,-4.9
2001,1,2,26.4,12.9,38,-5.1
2001,2,0,31.1,16.6,37,-5.7
2001,3,56,34.5,19.5,75,-4.7
2001,4,12,38.9,24.1,24,-4.4
2001,5,9,42.4,28.3,18,-4.1
2001,6,283,35.7,25,146,-2.1
2001,7,402,30.6,24,98,-1.4
2001,8,464,31.3,25.2,110,-1.2
2001,9,104,31.8,24.8,115,-3.4
2001,10,69,31.8,22,95,-2.9
2001,11,1,30.1,16.9,56,-2.6
2001,12,0,27.1,12.8,42,-2.5
2002,1,15,26.5,13,49,-2.1
2002,2,11,30.6,16.1,45,-2
2002,3,10,35,19.9,47,-2.4
2002,4,3,40.4,25.5,22,-2.4
2002,5,8,43.6,29.5,19,-2.4
2002,6,104,38,27.3,107,-2.9
2002,7,226,32.9,26.4,132,-4.3
2002,8,500,30.3,24.2,95,-5
2002,9,212,30.8,23.8,108,-5.3
2002,10,47,31.5,21.7,90,-4.8
2002,11,0,28.7,15.5,56,-4.3
2002,12,0,28.4,14.1,42,-4.1
2003,1,2,26.2,12.7,42,-4.1
2003,2,23,30.4,15.9,50,-3.4
2003,3,43,34.1,19.1,75,-2.8
2003,4,5,40.4,25.6,26,-2.7
2003,5,1,43.6,29.5,14,-2.9
2003,6,124,40.2,29.5,126,-3.3
2003,7,333,31.6,25,109,-3.9
2003,8,388,30.8,24.7,102,-4.5
2003,9,341,30.1,23.2,89,-3
2003,10,88,31,21.1,95,-1.5
2003,11,0,29,15.9,58,-0.9
2003,12,5,26.5,13.6,45,2.6
2004,1,19,25.8,12.4,50,3
2004,2,3,29.3,14.8,47,2.6
2004,3,0,35.9,20.9,53,1.8
2004,4,12,39.5,24.6,35,1.8
2004,5,3,42.8,28.7,16,1.4
2004,6,190,37.5,26.8,177,1.4
2004,7,267,31.4,24.9,127,-1.6
2004,8,554,30.4,24.4,106,-1.7
2004,9,146,31.3,24.4,114,-3.3
2004,10,33,30.4,20.6,83,-3.3
2004,11,0,28.5,15.3,54,-3.1
2004,12,0,27.2,12.8,41,-3.1
2005,1,12,26.6,13.1,42,-2.8
2005,2,10,31,16.6,46,-2.7
2005,3,59,35.7,20.6,85,-1.8
2005,4,4,39,24.2,25,-1.9
2005,5,9,42.9,28.8,21,-1.7
2005,6,120,40.7,30,123,-2.3
2005,7,294,31.1,24.5,119,-3.2
2005,8,406,31,24.9,120,-4.3
2005,9,280,31.4,23.3,116,-3.9
2005,10,42,31.3,21.5,81,-3.5
2005,11,0,27.8,14.7,57,-3.1
2005,12,3,26.4,12,42,-2.9
2006,1,0,27,13.5,42,-3
2006,2,0,32.2,17.8,41,-3.4
2006,3,94,33.8,18.8,105,-1.4
2006,4,16,39.2,24.4,39,-1
2006,5,25,41.4,27.4,38,2.5
2006,6,153,38.6,27.9,149,2
2006,7,526,30.9,24.3,108,2.3
2006,8,423,30.3,24.2,105,1.9
2006,9,215,31,24.1,111,0.8
2006,10,5,31.9,22,76,-2
2006,11,1,29.5,16.4,50,-2.3
2006,12,0,28,13.6,40,-2.5
2007,1,0,26.8,13.3,37,-3
2007,2,50,30.1,15.7,65,-1.6
2007,3,31,34,18.9,65,-1.4
2007,4,4,39.4,24.5,23,-1.6
2007,5,9,42.1,28,20,-1.4
2007,6,146,38.8,28,145,-1.7
2007,7,327,31.3,24.7,117,-2.5
2007,8,480,31,24.9,105,-2.7
2007,9,306,30.9,24,100,-2
2007,10,12,31,21.2,76,-2.7
2007,11,0,28.6,15.5,51,-2.8
2007,12,1,27.3,13,40,-2.9
2008,1,15,27,13.5,47,-2.6
2008,2,8,28.4,14,41,-2.7
2008,3,30,35.1,20.1,61,-2.5
2008,4,8,39.1,24.3,25,-2.5
2008,5,14,42.6,28.5,25,-2
2008,6,410,36.4,25.7,149,3.1
2008,7,354,31.1,24.6,119,3.7
2008,8,468,31,24.9,106,3.5
2008,9,181,30.9,23.9,114,1.8
2008,10,10,31.5,21.7,77,0.6
2008,11,0,29.5,16.3,51,-2.4
2008,12,0,28.3,13.9,38,-2.6
2009,1,3,28.6,15.1,39,-2.9
2009,2,0,32,17.5,39,-3.4
2009,3,6,35.5,20.5,32,-4
2009,4,1,40.3,25.4,16,-4.3
2009,5,20,42.6,28.5,29,-3.4
2009,6,57,41.4,30.7,61,-4.7
2009,7,411,31.5,24.9,120,-4.7
2009,8,281,31.5,25.4,118,-5.7
2009,9,288,31.6,24.7,122,-5.2
2009,10,40,30.7,20.9,88,-4.8
2009,11,3,29.1,15.9,51,-4.3
2009,12,1,27.6,13.2,39,-4
2010,1,5,25.3,11.8,42,-3.7
2010,2,5,30.8,16.4,42,-3.7
2010,3,8,37.2,22.2,46,-4.1
2010,4,2,42.1,27.2,21,-4.2
2010,5,9,43.1,29.1,20,-3.8
2010,6,108,40,29.3,111,-4.4
2010,7,340,32,25.4,120,-4.8
2010,8,363,31.4,25.4,116,-5.7
2010,9,266,31.1,24.2,108,-5.3
2010,10,34,31.7,21.8,82,-5
2010,11,3,30.7,17.6,51,-4.5
2010,12,10,26.6,12.3,46,-3.8
2011,1,0,25.6,12.2,42,-3.8
2011,2,7,30.5,16,42,-3.7
2011,3,1,35.6,20.6,38,-4.2
2011,4,15,37.3,22.4,33,-3.5
2011,5,13,42.9,28.9,24,-2.9
2011,6,410,37.3,26.6,170,3.2
2011,7,320,31.8,25.2,119,3.4
2011,8,486,30.7,24.6,98,3.4
2011,9,380,30.6,23.7,98,4.4
2011,10,21,31.5,21.6,82,3.3
2011,11,0,29.1,15.9,54,2.6
2011,12,0,26.9,12.6,39,1.9
2012,1,32,25.8,12.3,54,2.4
2012,2,1,30.1,15.7,40,1.6
2012,3,1,34.8,19.8,35,-1.9
2012,4,10,39.7,24.8,27,-1.9
2012,5,4,43.8,29.8,15,-2
2012,6,121,40.7,30,122,-2.7
2012,7,575,31.1,24.5,109,-1.7
2012,8,593,30.5,24.4,103,1.8
2012,9,346,30.7,23.8,105,2.5
2012,10,9,31.9,20.4,78,1.2
2012,11,2,28.2,15,50,0.8
2012,12,0,27.2,12.9,39,-1.6
2013,1,1,26.3,12.8,38,-2
2013,2,16,30.1,15.6,44,-1.9
2013,3,25,34.7,19.7,55,-2
2013,4,13,38.5,24.9,29,-1.7
2013,5,3,42.6,30.1,14,-2
2013,6,316,37.3,25.9,161,1.7
2013,7,470,31.3,24,108,2.7
2013,8,510,30.6,24,101,2.9
2013,9,262,31.5,24.2,109,2.4
2013,10,109,30.3,21.6,98,3.9
2013,11,0,29.1,13.7,60,4
2013,12,0,26.3,12.6,47,3.9
2014,1,28,25.1,13.7,56,4.6
2014,2,39,28.6,15.3,64,5.4
2014,3,64,33.8,18.3,92,6.7
2014,4,10,39.6,24,57,7
2014,5,21,42.4,27.3,42,7.3
2014,6,121,39.9,28.6,128,5.8
2014,7,365,31.7,24.9,114,4.5
2014,8,346,31.6,25,110,2.9
2014,9,415,30.9,23.7,108,4.4
2014,10,27,31.9,20.9,82,3.4
2014,11,0,29,15.8,55,2.8
2014,12,1,25.9,12.3,39,2.1
2015,1,11,24.4,12.3,41,1.9
2015,2,6,29.5,16.2,40,1.3
2015,3,85,33.1,18.9,100,2.6
2015,4,30,37,23.7,54,3.4
2015,5,12,43.2,28.7,25,3.2
2015,6,227,38.6,27.3,164,3.6
2015,7,259,32,24.3,113,2.2
2015,8,482,31.4,24.8,113,1.6
2015,9,197,31.9,24,120,-2.4
2015,10,21,32.7,21.9,81,-2.8
2015,11,1,30.6,16,53,-2.9
2015,12,2,28,13.6,40,-2.9
2016,1,13,26.3,12.8,44,-3.2
2016,2,13,31.5,17.2,43,-3.3
2016,3,35,35.7,20.8,68,-3.6
2016,4,9,40.6,25.8,27,-4
2016,5,10,42.6,28.5,21,-3.6
2016,6,198,38.8,28,170,-3.7
2016,7,505,31,24.4,106,-4
2016,8,459,30.9,24.8,101,-4
2016,9,332,30.9,24,95,-3.2
2016,10,48,31.2,21.3,90,-2.2
2016,11,1,28.4,15.2,57,-1.8
2016,12,1,26.7,12.4,42,-1.7
2017,1,19,26.1,12.6,49,-1.8
2017,2,11,30.4,15.9,49,-2.2
2017,3,14,34.4,19.5,50,-3
2017,4,9,40,25.2,28,-3.4
2017,5,5,43,28.9,17,-3.4
2017,6,152,38.6,27.8,148,-2.8
2017,7,628,30.9,24.4,113,-3
2017,8,399,31.2,25.1,114,-3.7
2017,9,186,31.6,24.5,111,-4.3
2017,10,33,31.7,22,81,-3.8
2017,11,1,29.1,15.9,53,-3.4
2017,12,2,27.2,12.8,42,-3.2
2018,1,3,25.8,12.3,41,-3.3
2018,2,9,30.8,16.3,42,-3.2
2018,3,9,35.2,20.2,44,-3.5
2018,4,10,38.8,24,27,-1.9
2018,5,7,42.4,28.3,18,-0.9
2018,6,160,38.3,27.5,154,-0.7
2018,7,492,31,24.3,107,2.7
2018,8,490,30.7,24.5,97,4.1
2018,9,287,30.8,23.7,107,3
2018,10,22,31.1,21.3,79,2.1
2018,11,1,29.1,15.8,50,1.6
2018,12,2,26.2,11.9,39,2.3
2019,1,7,25,11.7,38,-1.5
2019,2,12,29.5,15.2,43,-1.4
2019,3,54,33.5,18.6,79,0.8
2019,4,6,39.6,24.8,30,0
2019,5,2,43.6,29.5,16,-0.3
2019,6,101,40.3,29.6,105,-1.3
2019,7,389,32.1,25.5,126,-1.9
2019,8,501,31.2,25.1,108,-1.7
2019,9,567,30.8,23.9,90,3.7
2019,10,98,31.4,21.6,95,4.9
2019,11,0,29.5,16.4,57,4.9
2019,12,4,26.9,12.5,42,4.9
