Product: Historical Climate - TerraClimate(http://www.climatologylab.org/terraclimate.html) 
Location (Lat/Lon of 4-km Grid Cell Center): 24.8958 North,74.6042 East 
Data Source: NW Climate Toolbox(https://climatetoolbox.org/tool/point-data-download)
Download Date: 07/25/2020
Variable List: 
ppt: ppt (Precipitation)
tmax: tmax (Maximum Temperature)
tmin: tmin (Minimum Temperature)
aet: aet (Actual Evapotranspiration)
PDSI: pdsi (Palmer Drought Severity Index (PDSI))
********************************************************
Year,Month,ppt(mm),tmax(degC),tmin(degC),aet(mm),PDSI(unitless)
1958,1,3,25.6,10.5,17,1.7
1958,2,0,28.1,11.5,8,1.5
1958,3,2,34.5,18.2,7,1
1958,4,1,39.5,24.4,4,0.9
1958,5,3,41.3,27.7,5,0.6
1958,6,32,40,27.5,32,-0.5
1958,7,265,30.4,24.8,117,0.9
1958,8,187,31.4,24.6,114,0.7
1958,9,347,28.9,23.2,104,3.3
1958,10,26,31.5,18.8,75,3.9
1958,11,9,29.8,13.5,52,4.7
1958,12,1,25.7,10.7,24,4.8
1959,1,5,23.6,8.7,18,4.7
1959,2,0,27.6,10.8,8,4.3
1959,3,0,35.9,17.5,5,3.5
1959,4,2,38.4,22.8,6,3.3
1959,5,12,40.9,27.3,14,3.2
1959,6,52,37.9,27.8,51,3
1959,7,358,30.3,24,124,4.6
1959,8,234,29,23.2,104,5.1
1959,9,339,29.4,23,102,7.2
1959,10,39,32.2,20.1,77,7.6
1959,11,3,30,13,49,7.9
1959,12,0,26.3,9.2,26,7.8
1960,1,4,23.4,7.8,20,7.5
1960,2,0,31.5,11.7,9,7
1960,3,5,32.1,16.8,10,6.1
1960,4,1,37.1,21.7,5,5.6
1960,5,8,40.9,26.3,11,5.2
1960,6,67,38,27,66,5.1
1960,7,190,31.8,24.2,148,4.2
1960,8,212,29,23.5,109,3.1
1960,9,50,32.5,23.1,94,1.7
1960,10,7,32.8,18.6,47,0.9
1960,11,0,30.6,11.5,15,-2.8
1960,12,1,26.7,9.9,9,-2.9
1961,1,13,24,9.2,17,-2.2
1961,2,2,25.4,10.1,6,-1.9
1961,3,0,34.8,18.1,3,-2.2
1961,4,1,37.4,21.8,3,-2
1961,5,4,40.7,27.1,5,-1.9
1961,6,39,36.9,26.3,39,-1.9
1961,7,217,30.4,24.1,129,-1.6
1961,8,164,29.9,24,117,-2.4
1961,9,514,29.2,22.9,103,4.7
1961,10,17,31.1,18.2,80,5
1961,11,2,28.4,13.2,41,5.1
1961,12,3,24.3,7.3,23,5.1
1962,1,1,23.3,6.3,11,4.6
1962,2,0,28,11.8,6,4.2
1962,3,44,33.2,17.1,46,5.2
1962,4,1,38.1,22.5,4,4.8
1962,5,3,41.2,27.2,5,4.1
1962,6,11,39,26.5,12,2.5
1962,7,271,31.6,24.6,138,2.9
1962,8,176,30.6,23.7,123,2.1
1962,9,233,29.9,22.9,124,3
1962,10,0,31.8,16.3,72,3
1962,11,3,30.5,12.7,37,3.2
1962,12,3,25.1,9.8,22,3.2
1963,1,1,24.8,6.9,11,2.9
1963,2,0,30.3,12.1,6,2.6
1963,3,7,33.5,16.8,11,2.1
1963,4,1,36.7,22.2,4,1.9
1963,5,2,39.9,26.5,4,1.4
1963,6,27,37.6,27,27,-1.2
1963,7,158,32.8,24.7,135,-1.7
1963,8,323,29.8,24,107,-1
1963,9,196,30.7,21.9,120,1.1
1963,10,26,33.3,19.2,89,1.9
1963,11,7,30.5,15.6,48,2.5
1963,12,1,26.6,9.1,20,2.5
1964,1,0,22.8,6.4,10,2.1
1964,2,0,28,11.1,6,1.8
1964,3,3,36,18.5,7,1.2
1964,4,0,39.2,23.8,3,1
1964,5,11,40.4,26.3,13,1.1
1964,6,49,37.6,26.6,48,0.9
1964,7,188,30.8,24.3,129,0.6
1964,8,247,29.9,23.7,108,-0.2
1964,9,89,30.7,22.7,111,-1.2
1964,10,3,32.9,18.4,75,-0.9
1964,11,0,30.1,11.2,23,-1.4
1964,12,1,25.8,8.7,12,-1.7
1965,1,10,25.9,10.4,16,-1.3
1965,2,0,28.1,11.4,5,-1.3
1965,3,22,33.1,16.6,24,-0.9
1965,4,1,35.8,21.9,3,-0.8
1965,5,1,40,26.8,3,-1.1
1965,6,13,38.7,27.4,14,-2.2
1965,7,257,31.6,24.7,136,-1.4
1965,8,113,31,23.4,120,-2.6
1965,9,84,31.3,22.2,109,-3.1
1965,10,3,33.5,20,35,-4.1
1965,11,0,31.6,14,13,-4.5
1965,12,0,26,8.3,8,-4.6
1966,1,1,25.6,9.2,6,-4.5
1966,2,0,30.2,13.6,4,-4.2
1966,3,3,33.6,15.9,6,-4.3
1966,4,0,37.5,22.3,2,-4
1966,5,8,40.5,26.4,9,-3.7
1966,6,61,37.4,27,59,-3
1966,7,170,33.5,24.8,151,-3.4
1966,8,166,30.1,23.4,124,-4.5
1966,9,147,31.3,22.2,137,-4.2
1966,10,1,34.6,19.3,19,-4.8
1966,11,3,29.5,15.4,12,-5.3
1966,12,0,26.4,7.3,6,-5.3
1967,1,0,23.5,6.1,4,-5
1967,2,0,31,11.9,3,-4.6
1967,3,84,31.8,17.2,83,-1.1
1967,4,0,36.6,21.7,2,-1.1
1967,5,1,40.7,26.5,2,-1.3
1967,6,86,37.8,26.4,83,2.9
1967,7,260,31.5,24.6,135,3.2
1967,8,265,29.2,23.5,110,3.7
1967,9,205,30,22.2,116,4.1
1967,10,10,33.5,18.4,78,4.2
1967,11,0,30.5,14.5,39,4.2
1967,12,10,25.6,10.9,28,4.3
1968,1,1,22.4,8.4,10,3.9
1968,2,0,26.3,9.8,6,3.6
1968,3,31,34,16.5,34,4
1968,4,0,37.8,21.4,3,3.6
1968,5,1,39.9,25.7,4,3
1968,6,4,38.7,27.5,6,1.2
1968,7,225,32.2,24.5,129,1.3
1968,8,246,30.2,23.4,119,1.3
1968,9,27,33.6,22.5,101,-2.2
1968,10,1,33.7,18.7,41,-2.9
1968,11,0,31.7,12.8,15,-3.1
1968,12,0,26.1,9.2,8,-3.1
1969,1,3,24.5,9.8,8,-2.9
1969,2,0,28,12.4,4,-2.7
1969,3,1,35.8,20.2,4,-2.8
1969,4,0,38.5,22.5,2,-2.6
1969,5,1,40.3,27,2,-2.7
1969,6,30,38.7,27.5,30,-3
1969,7,264,32.5,24.6,141,-2.1
1969,8,215,30.4,23.5,112,-1.9
1969,9,102,31.3,23.4,118,-2.2
1969,10,0,34.6,19.2,71,-1.7
1969,11,2,31.9,15.2,30,-1.7
1969,12,0,27.7,9.1,12,-1.6
1970,1,5,24.5,9.7,12,-1.4
1970,2,2,27.1,12.1,6,-1.2
1970,3,4,32.7,17.6,8,-1.3
1970,4,1,39.2,23.8,4,-1.1
1970,5,7,41.6,28.4,9,-1
1970,6,107,36.5,26.2,104,1.9
1970,7,165,32.4,24.1,146,1
1970,8,333,29.8,23.8,117,1.3
1970,9,228,30.1,22.8,116,2.2
1970,10,11,33.5,19.2,75,2.6
1970,11,0,30.2,11.2,37,2.8
1970,12,0,26.3,8,18,2.9
1971,1,0,23.1,8.3,13,2.8
1971,2,0,28.8,10.6,7,2.6
1971,3,0,34.2,16.1,5,2
1971,4,0,39.2,23.8,4,1.8
1971,5,9,39.3,26.4,11,1.9
1971,6,123,34.8,26.2,119,3.8
1971,7,297,29.9,24,124,4.6
1971,8,185,29.3,23.6,117,4.2
1971,9,246,31.2,22.6,118,5.1
1971,10,13,31.8,18.9,78,5.2
1971,11,0,30.2,12.7,36,5.1
1971,12,0,26.2,8.2,22,5
1972,1,0,24.9,8.4,11,4.6
1972,2,2,25.1,9.1,8,4.3
1972,3,0,34.5,17.7,4,3.5
1972,4,0,37.2,22.2,3,3.1
1972,5,2,41.4,27,4,2.5
1972,6,45,39.4,27.2,44,2.2
1972,7,108,32.5,24.9,104,0.6
1972,8,267,30,24.1,121,-2.4
1972,9,49,32.3,21.2,103,-3.2
1972,10,0,34,18.7,39,-3.8
1972,11,1,31.4,12.9,15,-3.9
1972,12,0,26.3,9.6,8,-3.9
1973,1,7,23.8,8.2,12,-3.4
1973,2,1,29.2,12.8,5,-3.1
1973,3,0,34,17.4,3,-3.3
1973,4,0,40.2,24.2,2,-3
1973,5,4,42,28.3,6,-2.9
1973,6,59,37.4,27.9,57,-2.5
1973,7,274,31.3,24,127,-1.4
1973,8,406,29.3,23.6,111,3.8
1973,9,258,30.2,22.4,108,5
1973,10,11,32.3,18.4,73,5
1973,11,0,30.5,11.7,42,5.1
1973,12,1,24.5,8.3,22,4.9
1974,1,0,24.2,7.2,10,4.3
1974,2,0,26.8,10,6,3.9
1974,3,0,35.9,18.3,4,3.1
1974,4,1,39.1,23.6,4,2.9
1974,5,23,40.1,26.8,24,3.5
1974,6,31,37.8,27,31,2.5
1974,7,253,32.1,25.1,131,2.8
1974,8,191,31.3,24.4,112,2.2
1974,9,48,33.8,23.7,90,1
1974,10,70,32.7,20.5,90,2.3
1974,11,0,30.2,11.8,36,2.6
1974,12,4,24.9,8.7,24,2.9
1975,1,1,22.6,7.8,11,2.6
1975,2,0,27.3,10.9,6,2.4
1975,3,2,32.9,16.4,6,1.9
1975,4,0,38.9,22.6,3,1.7
1975,5,7,41.1,27.7,9,1.6
1975,6,89,37.2,26.3,86,2.3
1975,7,264,31,24,139,2.7
1975,8,381,29.7,24.1,126,4.6
1975,9,383,29.1,23.3,132,7.1
1975,10,46,31.3,19.9,90,7.7
1975,11,0,29.5,10.9,44,7.8
1975,12,0,26.4,8.1,28,7.8
1976,1,8,24.3,9.6,20,7.5
1976,2,1,27.4,12.4,8,6.9
1976,3,3,33,18,8,5.9
1976,4,0,36.8,22,4,5.3
1976,5,3,40.4,26.9,6,4.6
1976,6,67,36.6,26.3,66,4.6
1976,7,212,31.8,24.6,140,4.1
1976,8,284,29.4,23,115,4.1
1976,9,183,30.4,21.7,123,4.1
1976,10,0,34,19,81,4.1
1976,11,12,31.4,15.8,45,4.1
1976,12,0,26.2,10.1,15,3.6
1977,1,10,23.9,8.3,17,3.5
1977,2,1,28.8,12.7,6,3.2
1977,3,6,36.8,18.3,9,2.6
1977,4,3,37.6,23.4,6,2.5
1977,5,15,39.5,27.1,17,2.7
1977,6,120,37.2,26.5,116,4.2
1977,7,277,30.4,23.8,150,4.4
1977,8,205,29.7,23.5,116,3.8
1977,9,159,30.3,22.4,132,3.5
1977,10,3,34.3,19.7,84,3.6
1977,11,8,31.6,16.1,42,3.4
1977,12,0,27.2,10.1,14,2.9
1978,1,2,23.9,8,10,2.5
1978,2,4,26.7,12,9,2.5
1978,3,15,31.7,17.2,18,2.4
1978,4,2,37.9,23.3,5,2.2
1978,5,0,41.9,28.5,2,1.6
1978,6,91,37.4,27.1,88,2.7
1978,7,258,30.3,23.7,132,3
1978,8,352,29.5,23.6,118,4.6
1978,9,40,30.8,23.1,94,3.1
1978,10,7,33.3,19.2,61,2.5
1978,11,6,30.7,15.5,23,1.8
1978,12,4,26.2,9.2,13,1.6
1979,1,6,24.5,9.9,11,1.4
1979,2,3,25.9,11.5,6,1.3
1979,3,3,32.2,16.6,5,0.7
1979,4,0,38.6,22.6,3,0.6
1979,5,9,39.6,26.1,10,0.7
1979,6,52,39.4,27.9,51,-1
1979,7,206,32,25.2,150,-1.1
1979,8,309,30.4,23.5,124,-0.6
1979,9,30,33.3,22.8,105,-1.8
1979,10,21,33.5,20.5,58,-2.3
1979,11,13,29.8,17.8,27,-2.2
1979,12,3,25.7,11.5,10,-2.2
1980,1,0,24.5,9,6,-2.3
1980,2,1,29.3,12.6,4,-2.2
1980,3,3,33.1,18.2,6,-2.3
1980,4,0,39.2,23.7,2,-2.2
1980,5,1,42.3,28.5,3,-2.4
1980,6,99,37.2,26.5,96,-0.6
1980,7,165,30.7,24.9,138,-1.1
1980,8,202,31,23.8,133,-2.2
1980,9,54,32.9,23,90,-3.1
1980,10,0,34.2,20.6,15,-4.4
1980,11,0,30.7,14.8,8,-4.7
1980,12,12,25.3,10,17,-4.1
1981,1,4,23.5,9.6,7,-3.8
1981,2,0,29.1,12.4,3,-3.6
1981,3,33,32.5,18.2,33,-2.4
1981,4,0,38.7,23.5,2,-2.3
1981,5,7,41,27.4,8,-2.1
1981,6,29,39.6,28.1,29,-2.7
1981,7,213,30.5,24.9,147,-2.5
1981,8,251,30,23.8,113,-2.3
1981,9,139,32.7,23.7,135,-2.4
1981,10,7,33.2,19.6,82,-1.6
1981,11,10,28.4,13,44,-0.7
1981,12,0,25.8,9.4,16,-0.6
1982,1,17,23.5,10.5,25,1.7
1982,2,1,25.3,12.3,6,1.6
1982,3,10,31.1,16.6,13,1.3
1982,4,3,36.3,22.5,5,1.4
1982,5,20,37.6,26,22,2.1
1982,6,22,38.2,27.2,22,0.9
1982,7,221,33.1,25.3,153,0.7
1982,8,226,30,23.9,117,-1.3
1982,9,21,32.7,22.5,101,-2.5
1982,10,15,33.5,20.6,50,-3.1
1982,11,14,28.9,15.6,27,-2.9
1982,12,2,26.3,10.9,9,-2.9
1983,1,1,23.2,8.9,6,-2.9
1983,2,0,26.1,11,4,-2.7
1983,3,0,32.2,17.3,3,-3
1983,4,4,34.5,21.4,6,-2.5
1983,5,14,39.5,26.7,15,-1.8
1983,6,32,37.8,27.7,31,-2.2
1983,7,261,32.3,24.6,144,-1.5
1983,8,231,29.8,24.3,107,-1
1983,9,153,31.3,23.6,118,-0.9
1983,10,42,31.3,18.9,92,1.9
1983,11,0,29.4,11,47,2.6
1983,12,0,24.6,9.6,23,2.8
1984,1,3,22.5,8.5,13,2.6
1984,2,0,25.7,9.2,7,2.3
1984,3,0,36,18,4,1.6
1984,4,0,38.6,23.4,3,1.4
1984,5,0,42.6,27.9,2,0.9
1984,6,12,37.6,27.4,13,-2
1984,7,153,31.2,24.5,147,-2.7
1984,8,331,29.4,22.9,109,-2.2
1984,9,169,30.2,21.6,129,-1.7
1984,10,2,32.7,17.7,84,-1.1
1984,11,0,30.6,12.4,35,-1
1984,12,0,26.4,9.6,14,-1.1
1985,1,0,23.5,9.5,8,-1.2
1985,2,0,28,11.5,5,-1.1
1985,3,13,36.7,18.9,16,-1
1985,4,3,38.1,23.1,5,-0.8
1985,5,8,41.4,28.1,9,-0.6
1985,6,13,37.7,27.2,14,-1.9
1985,7,172,31,25,151,-2.3
1985,8,221,29.8,23.9,128,-3.1
1985,9,45,32.1,22.9,93,-3.9
1985,10,57,31.2,18.6,72,-3.7
1985,11,0,30.9,13.8,9,-3.9
1985,12,2,26.1,11.6,8,-3.8
1986,1,2,23.6,10.1,6,-3.7
1986,2,1,26.6,12.5,4,-3.3
1986,3,2,33.6,18.3,4,-3.5
1986,4,0,38.7,23.4,2,-3.2
1986,5,15,40.3,27.1,15,-2.5
1986,6,45,38,27.4,44,-2.5
1986,7,345,31.2,24.4,147,-0.8
1986,8,178,30.5,23.1,129,-0.9
1986,9,17,32.8,23.2,96,-2.1
1986,10,6,33.3,19.9,41,-3.3
1986,11,0,31.6,14.7,14,-3.7
1986,12,0,25.4,8.4,8,-3.8
1987,1,9,24.4,10.1,14,-3.2
1987,2,1,29,13.1,4,-3
1987,3,26,34.3,19,27,-2.1
1987,4,0,38.8,23.4,2,-2
1987,5,15,39.3,26.5,16,-1.3
1987,6,56,39.4,28.1,54,-1.1
1987,7,72,34.5,25.6,69,-3.3
1987,8,152,33.1,25,140,-4.9
1987,9,12,33.7,23.9,13,-6.2
1987,10,19,35,20.6,19,-7.2
1987,11,0,32.6,13.6,1,-7.5
1987,12,10,26,9.9,11,-7
1988,1,7,25.8,10.9,7,-6.5
1988,2,0,29.9,13.8,1,-6.1
1988,3,7,33.8,18.1,8,-5.8
1988,4,2,39.6,24.2,2,-5.3
1988,5,1,42.3,28.9,1,-5.2
1988,6,71,38.8,27.7,67,-4.2
1988,7,269,30.9,25,114,-2.9
1988,8,212,30.7,24.3,113,-2.3
1988,9,176,32.6,24,132,-1.8
1988,10,16,33.3,19,91,-0.9
1988,11,0,30.7,13.4,39,2.3
1988,12,0,26.9,9.9,15,1.9
1989,1,10,23.5,8.4,18,2
1989,2,0,28.2,11,5,1.7
1989,3,32,33.1,17.7,34,2.4
1989,4,0,38,21.8,3,2.1
1989,5,1,41.9,27.2,3,1.5
1989,6,29,37.4,26.4,29,0.8
1989,7,115,32.6,23.9,111,-2.1
1989,8,306,30.9,23.3,113,-2.1
1989,9,48,32.3,22.7,106,-2.9
1989,10,0,34.1,18.9,51,-3.5
1989,11,0,32,14.5,16,-3.8
1989,12,0,25.6,10,9,-3.8
1990,1,0,27.4,10.2,6,-3.8
1990,2,4,26.9,13.2,8,-3.2
1990,3,0,31.8,17.5,3,-3.4
1990,4,0,38.3,23.2,2,-3.1
1990,5,16,39.6,27.7,17,-2.3
1990,6,57,37.2,26.9,56,-1.9
1990,7,177,30.6,24.6,132,-2.1
1990,8,282,30.2,24,99,-1.6
1990,9,181,30.4,23.2,111,-0.9
1990,10,3,32.6,18.9,79,1.2
1990,11,1,30.8,14.2,40,1.4
1990,12,6,26.3,9.9,20,1.4
1991,1,0,23.4,8.7,8,1.1
1991,2,1,27.8,12.6,6,1
1991,3,1,33.6,18.8,5,-0.4
1991,4,1,37.2,22.8,3,0
1991,5,1,41.1,28.2,3,-0.8
1991,6,21,38.3,28.2,22,-1.6
1991,7,290,33.3,24.7,145,-0.6
1991,8,188,30.1,24.2,119,-0.7
1991,9,55,31.5,22.9,108,-1.6
1991,10,0,33.6,18.3,55,-2.1
1991,11,10,30.1,14.2,26,-2.1
1991,12,3,26.2,10.3,11,-2.2
1992,1,2,24,9.8,7,-2.2
1992,2,1,26,11.1,5,-2.1
1992,3,2,33.1,18.4,5,-2.3
1992,4,0,36.7,22.9,2,-2.2
1992,5,5,40.7,27.5,7,-2.1
1992,6,11,39.9,29,12,-3.1
1992,7,131,32.5,25.5,126,-3.9
1992,8,239,29.5,24.5,115,-4.4
1992,9,193,30.3,22,131,-3.6
1992,10,33,32.1,20,88,-2.2
1992,11,6,29.3,14.3,52,-1
1992,12,0,26.6,11,21,-0.6
1993,1,0,24.4,10.2,11,-0.6
1993,2,2,29.3,12.7,8,1.9
1993,3,2,31.6,18,6,1.3
1993,4,0,37.5,23.4,3,1.2
1993,5,3,41.3,28.6,6,0.8
1993,6,71,38.9,28.3,69,1.3
1993,7,290,31.1,25,145,2
1993,8,146,31.7,24.2,141,0.8
1993,9,241,30.6,24.2,123,1.9
1993,10,12,33.5,20.6,81,2.3
1993,11,1,31.4,14.6,43,2.6
1993,12,0,27.5,9.7,16,2.2
1994,1,27,24.3,11.8,34,3.1
1994,2,1,26.9,12.2,6,2.8
1994,3,0,35.5,18.8,4,2
1994,4,3,36.6,22.5,5,2
1994,5,2,41.7,28.5,4,1.5
1994,6,82,37.4,27.3,80,2.3
1994,7,296,29.4,24.3,124,3.3
1994,8,303,29,24.1,101,4.9
1994,9,204,30.2,22.6,123,5.1
1994,10,0,32.8,18.8,83,4.9
1994,11,0,30.3,14.4,34,4.4
1994,12,0,26.4,9.5,14,3.8
1995,1,16,22.2,8.8,23,4
1995,2,0,27.5,12.9,5,3.5
1995,3,27,31.4,17.9,30,3.9
1995,4,0,36.5,22.9,3,3.5
1995,5,2,40.7,28.4,4,2.8
1995,6,17,39.9,29.2,18,1.4
1995,7,387,32.3,25.4,150,3.2
1995,8,323,29.7,25.3,122,4.8
1995,9,82,32,23.8,117,3.6
1995,10,10,33.8,21,73,3.4
1995,11,0,30.5,13.8,22,2.5
1995,12,10,26,11.3,20,2.5
1996,1,7,24.1,10.6,13,2.3
1996,2,0,28.8,13.5,5,1.9
1996,3,13,35.1,20.8,15,1.7
1996,4,1,37.9,23.2,3,1.5
1996,5,6,40.2,27.7,7,1.3
1996,6,85,37.1,28.3,83,2
1996,7,248,32.2,25.1,148,2.1
1996,8,374,29.1,23.7,116,3.8
1996,9,135,30.9,23.4,125,3.2
1996,10,18,31.8,20.1,86,3.6
1996,11,0,30.5,12.6,44,3.8
1996,12,0,27.1,8.5,15,3.3
1997,1,6,24,8.2,14,3
1997,2,0,28.1,11,5,2.7
1997,3,2,33.2,18.9,5,2
1997,4,3,35.7,22.2,6,1.9
1997,5,9,38.6,25.9,11,1.9
1997,6,75,35.8,25.2,73,2.4
1997,7,167,32,25,143,1.5
1997,8,364,29.9,23.6,122,2.2
1997,9,87,30.7,22.9,112,1.3
1997,10,11,32.2,17.2,69,1.5
1997,11,7,28.7,16.1,37,1.6
1997,12,3,22.6,10.6,16,1.4
1998,1,1,23.9,9.2,8,1.1
1998,2,2,27.7,12.2,7,1.1
1998,3,10,32.7,17.6,13,0.9
1998,4,4,38.2,24.3,6,1
1998,5,1,42,28.6,3,0.6
1998,6,69,38.9,27.9,67,1
1998,7,227,31.5,25.5,154,0.8
1998,8,114,31.5,24.8,118,-1.7
1998,9,229,30.9,24.1,124,-0.9
1998,10,23,33.1,20.4,85,1.3
1998,11,2,29.9,14.6,45,1.8
1998,12,0,27.2,8.7,15,1.5
1999,1,3,23.3,8.5,11,1.3
1999,2,3,28.4,13.5,8,1.3
1999,3,0,34.8,18.1,4,0.7
1999,4,0,39.8,23.1,3,-0.1
1999,5,4,39.9,27.7,6,-0.7
1999,6,55,36.9,26.6,54,-0.6
1999,7,194,31.7,24.5,155,-0.9
1999,8,111,30.4,23.7,113,-2.8
1999,9,137,31.9,23.8,131,-2.7
1999,10,37,32.7,20,43,-3.2
1999,11,0,32,14.4,5,-3.8
1999,12,0,26.9,9.2,3,-4
2000,1,0,25.2,9.6,3,-4.1
2000,2,0,26.7,11.1,2,-3.8
2000,3,0,33.8,17.1,2,-4
2000,4,0,39.9,25,2,-3.8
2000,5,7,39.6,27.9,8,-3.4
2000,6,34,37.2,27.2,33,-3.7
2000,7,362,31,24.1,140,-1.6
2000,8,116,31.1,24.7,120,-2.4
2000,9,28,32,23.2,98,-3.3
2000,10,3,35,20.3,38,-4.3
2000,11,1,31.8,14.8,14,-4.6
2000,12,1,28.2,9.4,8,-4.5
2001,1,1,24.3,9.6,6,-4.3
2001,2,0,29.3,13.6,4,-4
2001,3,7,34.3,18.6,9,-3.9
2001,4,2,38,23.1,4,-3.4
2001,5,20,41.4,28.3,21,-2.4
2001,6,136,36.6,26.1,130,3.1
2001,7,409,30.3,23.4,118,5.3
2001,8,149,30.7,24.5,124,4.2
2001,9,14,33.8,25.3,97,2.4
2001,10,25,34.7,21.1,58,1.4
2001,11,0,31.5,14.8,14,-3
2001,12,0,27.7,11.2,8,-3.1
2002,1,0,24,9.2,5,-3.1
2002,2,1,27.6,12,5,-2.8
2002,3,4,34.9,19.3,6,-2.9
2002,4,1,39.7,24.8,3,-2.6
2002,5,1,42.4,29.3,2,-2.8
2002,6,38,38,27.5,38,-2.8
2002,7,28,33.4,26.4,28,-5.3
2002,8,143,30.8,24.6,113,-6.5
2002,9,94,32.8,24.3,97,-6.5
2002,10,0,35.1,21.5,5,-7.9
2002,11,3,32.2,15.5,6,-8
2002,12,2,28.3,11.8,4,-7.8
2003,1,2,24.5,9.8,4,-7.4
2003,2,4,28.5,12.8,5,-6.6
2003,3,0,34.1,18.5,2,-6.6
2003,4,0,39.4,24.5,1,-6.1
2003,5,1,41.2,28.1,2,-5.9
2003,6,73,38.1,27.6,70,-4.7
2003,7,283,31.6,24.7,128,-3.3
2003,8,165,30.7,24.4,106,-3.3
2003,9,117,31.5,23,121,-3.3
2003,10,2,33.7,20.1,80,-2.6
2003,11,0,32.3,15.6,31,-2.5
2003,12,0,26.8,10.4,13,-2.4
2004,1,3,24.5,9.8,10,-2.2
2004,2,0,29,13.3,5,-2.1
2004,3,0,36.7,21.1,3,-2.4
2004,4,0,40,25.1,3,-2.2
2004,5,6,40.7,27.6,8,-2
2004,6,55,37.8,27.3,53,-1.8
2004,7,105,33,26.1,101,-3.2
2004,8,409,29.8,23.6,110,-1.6
2004,9,19,33,24.5,93,-2.7
2004,10,15,32.8,19.1,55,-3
2004,11,0,31.8,15.1,15,-3.3
2004,12,0,27.8,11.3,8,-3.4
2005,1,1,23.1,8.4,6,-3.3
2005,2,0,27.9,12.3,4,-3.1
2005,3,13,35,19.3,15,-2.7
2005,4,2,37.1,22.2,4,-2.3
2005,5,4,40.5,27.4,5,-2.3
2005,6,45,39.2,28.7,44,-2.3
2005,7,297,32.2,25.3,151,-1.2
2005,8,94,31.3,25,120,-2.6
2005,9,244,31.7,23.1,126,-1.3
2005,10,0,33,19.4,82,-0.8
2005,11,0,31.2,14.6,34,-0.6
2005,12,0,25.2,8.8,14,-0.7
2006,1,0,25.1,10.3,8,-0.9
2006,2,0,32.2,16.6,5,-0.9
2006,3,68,33.7,18.1,68,2.7
2006,4,0,38.6,23.7,3,2.4
2006,5,7,41.8,28.7,9,2.2
2006,6,64,37.2,26.6,62,2.4
2006,7,154,31.9,25,138,1.4
2006,8,345,29.6,23.3,104,2
2006,9,168,31.9,23.4,131,2
2006,10,7,34,20.4,86,2.3
2006,11,0,31.3,14.7,37,2.2
2006,12,2,27.2,10.7,16,1.9
2007,1,2,24.9,10.2,10,1.6
2007,2,3,29.7,14,8,1.6
2007,3,15,33.7,18,18,1.6
2007,4,1,40,25.1,4,1.5
2007,5,4,41.1,28,6,1.2
2007,6,56,38.4,27.9,55,1.2
2007,7,272,31.7,24.8,135,1.8
2007,8,198,30.7,24.5,115,1.6
2007,9,167,32.1,23.6,124,1.6
2007,10,0,33.3,19.7,85,1.8
2007,11,0,31.9,15.3,33,1.6
2007,12,0,26.4,10,13,1.2
2008,1,0,23.3,8.6,8,0.9
2008,2,0,26.2,10.6,5,0.7
2008,3,3,35.2,19.6,7,-0.3
2008,4,3,38,23.1,5,0.2
2008,5,15,40.3,27.2,17,0.6
2008,6,129,36.4,25.8,125,2.8
2008,7,156,32,25,136,1.9
2008,8,215,30.2,24,117,0.7
2008,9,119,31.3,22.8,118,-1.7
2008,10,1,34.2,20.6,53,-1.8
2008,11,13,31.1,14.5,28,-1.8
2008,12,4,28.5,12,12,-1.7
2009,1,0,25.8,11,6,-1.8
2009,2,0,29.9,14.2,4,-1.8
2009,3,11,35.2,19.6,14,-1.6
2009,4,0,38.7,23.8,3,-1.5
2009,5,13,41.9,28.8,14,-1.1
2009,6,29,39.2,28.6,29,-1.7
2009,7,280,32.4,25.5,138,-0.7
2009,8,99,32,25.8,116,-2.1
2009,9,35,33.4,24.8,95,-3.1
2009,10,17,33.5,19.9,34,-4.2
2009,11,2,30.8,14.2,11,-4.5
2009,12,2,27.7,11.2,8,-4.3
2010,1,1,24.5,9.7,5,-4.2
2010,2,1,29.6,13.9,3,-3.9
2010,3,0,36.8,21.2,2,-4.1
2010,4,1,40.6,25.7,3,-3.7
2010,5,1,43.3,30.2,2,-3.8
2010,6,36,40.1,29.6,35,-4
2010,7,152,32.8,25.9,137,-4.3
2010,8,349,30.9,24.6,106,-3
2010,9,213,31.3,22.8,126,-1.9
2010,10,3,34.4,20.8,85,-1.3
2010,11,25,30.7,14,50,2.6
2010,12,2,25.1,8.6,19,2.5
2011,1,0,23.4,8.6,9,2.1
2011,2,2,28.6,12.9,8,2
2011,3,1,34.8,19.1,5,1.3
2011,4,0,38.2,23.3,3,1.2
2011,5,5,41.5,28.4,7,1
2011,6,22,37.4,26.9,23,-1.2
2011,7,225,31.7,24.8,124,-0.8
2011,8,338,30.6,24.4,98,2
2011,9,207,30.7,22.2,116,2.6
2011,10,1,33.7,20,80,2.7
2011,11,0,32.6,16,36,2.5
2011,12,0,27.1,10.7,14,2.1
2012,1,1,22.9,8.1,9,1.8
2012,2,0,27.3,11.6,5,1.5
2012,3,0,33.6,18,4,0.9
2012,4,4,38.1,23.2,6,1
2012,5,11,40.2,27.1,13,1.2
2012,6,24,38.2,27.7,25,-1
2012,7,144,32.7,25.8,137,-1.8
2012,8,344,30,23.8,100,-1
2012,9,277,31,22.5,112,2.3
2012,10,1,33.2,19.6,81,2.4
2012,11,0,30.2,13.6,36,2.3
2012,12,1,26.9,10.5,15,1.9
2013,1,0,23.7,8.9,8,1.5
2013,2,2,27.9,12.3,7,1.4
2013,3,9,34.2,18.6,12,1.2
2013,4,1,37.6,22.7,4,1.1
2013,5,2,41.6,28.5,4,0.6
2013,6,84,36.4,25.9,81,1.6
2013,7,403,31,24.1,112,4
2013,8,271,30.1,23.8,107,5
2013,9,209,32,23.5,127,5.2
2013,10,77,32.2,18.6,102,6.8
2013,11,2,29.7,13.1,57,7.6
2013,12,8,25.7,9.3,33,8
2014,1,22,32.2,17.5,38,8.4
2014,2,0,26.8,11.1,9,7.8
2014,3,1,33.1,17.5,7,6.7
2014,4,3,37.8,22.9,6,6.3
2014,5,6,40.5,27.4,8,5.7
2014,6,13,40.4,29.9,14,3.7
2014,7,284,33.4,26.5,152,4
2014,8,246,31,24.8,119,4.2
2014,9,208,31.3,22.8,125,4.5
2014,10,4,34.1,20.5,79,4.5
2014,11,0,32.4,15.8,39,4.3
2014,12,0,25.8,9.3,15,3.8
2015,1,12,22.8,8.1,20,3.8
2015,2,0,29.6,14,5,3.4
2015,3,31,33.2,17.5,33,3.9
2015,4,6,37.8,22.9,9,3.9
2015,5,2,42.3,29.2,4,3.3
2015,6,66,37.4,26.9,64,3.6
2015,7,342,32,25.1,149,4.6
2015,8,265,31.1,24.9,125,5.2
2015,9,57,32.9,24.4,109,3.7
2015,10,1,35.2,21.6,57,2.8
2015,11,0,32.4,15.8,17,1.8
2015,12,1,26.1,9.7,10,1.3
2016,1,1,25,10.8,6,0.9
2016,2,0,28.5,13.2,4,0.7
2016,3,31,34.8,19.8,32,0.7
2016,4,0,38.1,24.2,2,-1.7
2016,5,5,41.7,29.5,7,-1.8
2016,6,62,38.5,28.1,61,-0.8
2016,7,213,31,24.8,129,2.7
2016,8,484,28.3,23.9,90,7.5
2016,9,126,31.4,23.4,128,6.2
2016,10,20,30.9,20.1,78,6.8
2016,11,0,30.9,13.7,43,6.7
2016,12,0,28.1,11.2,17,6.1
2017,1,1,23.3,9.9,10,5.5
2017,2,0,28.8,13,6,4.9
2017,3,19,34.1,18.6,21,4.9
2017,4,0,38.9,24.6,3,4.3
2017,5,10,41.2,29.3,12,4.3
2017,6,92,36.8,27.5,89,4.5
2017,7,318,29.6,24.3,119,6.2
2017,8,147,30.4,24.1,123,4.9
2017,9,91,30.7,23.1,110,4.1
2017,10,1,34.2,19.8,78,4.1
2017,11,0,30.2,14.3,23,3.5
2017,12,9,26.4,10.9,19,3.1
2018,1,0,25.4,10,7,2.6
2018,2,0,29.9,14.3,4,2.3
2018,3,1,35.7,19.5,4,1.6
2018,4,2,39,24.8,5,1.6
2018,5,3,42.6,30,4,1.2
2018,6,65,37.9,28.1,63,1.7
2018,7,210,30.6,24.9,129,2.6
2018,8,238,30,24.3,113,3.8
2018,9,121,29.4,22.4,113,3.9
2018,10,1,32.7,19.7,77,4.1
2018,11,0,31,14.8,39,4.1
2018,12,0,24.8,8.6,15,3.6
2019,1,1,22.8,8.1,9,-0.1
2019,2,1,26.8,11.2,6,0
2019,3,3,32.6,17,7,-0.3
2019,4,5,39.4,24.5,8,0.3
2019,5,6,41.1,28,7,0
2019,6,58,39.6,29,56,0.5
2019,7,380,32.9,26,151,2.4
2019,8,603,30.7,24.4,98,7.5
2019,9,315,32,23.5,93,9
2019,10,60,32.5,18.8,95,9.8
2019,11,9,31.8,15.1,52,10.2
2019,12,1,24.6,8.2,35,10.3
