Product: Historical Climate - TerraClimate(http://www.climatologylab.org/terraclimate.html) 
Location (Lat/Lon of 4-km Grid Cell Center): 28.3125 North,74.9792 East 
Data Source: NW Climate Toolbox(https://climatetoolbox.org/tool/point-data-download)
Download Date: 07/25/2020
Variable List: 
ppt: ppt (Precipitation)
tmax: tmax (Maximum Temperature)
tmin: tmin (Minimum Temperature)
aet: aet (Actual Evapotranspiration)
PDSI: pdsi (Palmer Drought Severity Index (PDSI))
********************************************************
Year,Month,ppt(mm),tmax(degC),tmin(degC),aet(mm),PDSI(unitless)
1958,1,11,23.6,7.8,13,0.4
1958,2,1,26.3,8.4,2,-0.3
1958,3,3,33.2,15.6,4,-0.6
1958,4,1,40,22.2,1,-0.8
1958,5,1,41.2,24.7,2,-1.4
1958,6,12,42.6,28.2,12,-1.9
1958,7,133,36.1,28,127,-1.3
1958,8,72,36.1,26.7,69,-1.8
1958,9,146,33.6,25,110,2.3
1958,10,7,33.6,18.1,21,3.3
1958,11,12,29.5,10.7,16,3.6
1958,12,10,24.8,8.1,12,3.7
1959,1,6,21.6,5.6,7,3.4
1959,2,3,25.3,7.4,4,2.9
1959,3,2,34.2,14.7,3,2.2
1959,4,1,38.1,20.2,2,1.8
1959,5,26,40.3,24.4,25,2.1
1959,6,30,41.4,29.2,29,1.8
1959,7,170,35.9,27.4,158,2.4
1959,8,163,34.5,26.1,138,3.4
1959,9,142,34.3,25.3,114,5.9
1959,10,6,34.7,19.7,32,8
1959,11,10,29.6,10.1,15,7.8
1959,12,0,25.1,6.4,3,6.9
1960,1,3,21.7,5.3,5,6.1
1960,2,0,30.1,9.6,1,5.2
1960,3,10,30.8,14,11,4.8
1960,4,2,36.3,18.4,3,4.2
1960,5,3,41.5,24.3,4,3.2
1960,6,34,41.8,28.6,33,3
1960,7,102,36.8,26.9,97,2.3
1960,8,144,34.8,26.6,129,2.9
1960,9,13,36.8,24.9,15,1.8
1960,10,10,34.5,17.5,11,1.6
1960,11,0,30.1,8.4,1,1.2
1960,12,6,24.5,6.2,7,1.2
1961,1,13,22.1,6.4,13,1.6
1961,2,16,23.5,7,16,2
1961,3,0,32.7,15,1,1.3
1961,4,3,36.9,18.8,3,1.1
1961,5,10,40.8,24.6,10,0.8
1961,6,41,40.5,27.9,39,1.1
1961,7,98,36,27.2,94,0.6
1961,8,158,34.6,26.2,123,1.7
1961,9,110,34.6,25.5,109,3.5
1961,10,13,33.6,17.7,23,4.5
1961,11,9,27.1,9.8,13,4.5
1961,12,2,22.6,4.4,5,4.1
1962,1,6,21.5,4.3,7,3.8
1962,2,2,26.5,9.3,3,3.2
1962,3,16,31.7,14.5,16,3.3
1962,4,1,38.4,20.4,1,2.8
1962,5,5,41.1,24.6,5,2
1962,6,7,42,27.8,7,0.9
1962,7,160,37.2,27.8,152,1.5
1962,8,77,35.8,26.3,74,0.6
1962,9,120,33.8,24.2,114,2.1
1962,10,0,34,16.5,0,1.8
1962,11,4,29.5,9.6,4,1.6
1962,12,5,23.4,6.3,5,1.5
1963,1,1,22.5,4,1,1.1
1963,2,3,28.6,9.5,3,0.8
1963,3,5,32,14.2,4,-0.2
1963,4,4,36.8,19.9,4,-0.6
1963,5,6,39.6,23.6,6,-1
1963,6,16,41.2,28.7,15,-1.6
1963,7,79,38.9,28.5,75,-2.8
1963,8,135,34.9,26.5,127,-1.8
1963,9,52,35.2,24,50,-1.5
1963,10,1,35.7,18.9,1,-1.8
1963,11,3,29.9,12.7,3,-1.7
1963,12,3,24.9,5.9,3,-1.6
1964,1,1,20.2,3.4,1,-1.7
1964,2,0,25.7,8,1,-1.9
1964,3,2,34.2,15.6,2,-2.2
1964,4,1,38.5,20.7,1,-2.2
1964,5,30,40,22.9,29,-1.4
1964,6,14,40.7,27.9,14,-1.9
1964,7,186,35.5,26.6,144,1.3
1964,8,199,35.1,26.2,146,3.2
1964,9,47,34.4,24.6,79,3.9
1964,10,1,34,16.9,7,3.3
1964,11,0,29.4,8,3,2.9
1964,12,3,24.1,5.7,5,2.7
1965,1,4,24.2,7.5,5,2.3
1965,2,9,26.1,8.3,10,2.2
1965,3,6,31.7,13.9,7,1.8
1965,4,5,34.5,18.1,5,1.7
1965,5,7,39.3,23.5,7,1.1
1965,6,7,41.8,28.6,7,-1.6
1965,7,141,36.7,27.1,134,-1.4
1965,8,48,35.6,25.2,46,-3.1
1965,9,31,35.8,23.9,29,-3.6
1965,10,5,35,18.8,5,-3.6
1965,11,2,31.1,11.3,2,-3.4
1965,12,0,23.9,4.5,0,-3.3
1966,1,2,23.8,6,2,-3.3
1966,2,16,28.6,10.7,15,-2.5
1966,3,1,32.3,13.4,1,-2.8
1966,4,1,37.2,19.5,1,-2.8
1966,5,32,41.1,24.1,31,-1.9
1966,6,50,40,27.4,48,-1
1966,7,68,38.5,27,65,-2.4
1966,8,154,35.1,25.8,146,-1.6
1966,9,48,35,23.2,46,-1.9
1966,10,17,35.3,17.4,16,-1.4
1966,11,8,28.1,11.1,8,-1
1966,12,0,24.4,4.1,0,-1.2
1967,1,0,21.1,3.1,0,-1.3
1967,2,1,29.1,9.1,1,-1.5
1967,3,50,30.2,13.7,47,2.3
1967,4,1,36.4,18.7,1,1.9
1967,5,2,40.3,23.3,2,1.1
1967,6,22,41.7,28.2,21,0.7
1967,7,105,37,27.3,100,-1.2
1967,8,158,34.3,25.8,130,1.1
1967,9,91,34.5,23.7,94,2.4
1967,10,18,34.5,16.6,20,2.7
1967,11,12,29.3,10.9,13,2.9
1967,12,18,24.3,6.3,18,3.6
1968,1,5,20.5,5.3,6,3.4
1968,2,5,24.1,6.3,5,3
1968,3,3,32.3,13.7,4,2.4
1968,4,0,37.6,19,1,2
1968,5,5,40,23.1,5,1.4
1968,6,8,42,28.6,8,-1.6
1968,7,119,37.3,26.9,114,-1.5
1968,8,77,35.8,26,74,-2.3
1968,9,2,38,24.2,2,-3.6
1968,10,6,34.7,17.1,6,-3.4
1968,11,0,31.1,9.6,0,-3.2
1968,12,0,24.6,6.2,1,-3.1
1969,1,4,22.1,6,4,-2.8
1969,2,3,25.7,9.2,3,-2.8
1969,3,5,36.7,14.7,5,-2.7
1969,4,3,37.4,20.7,3,-2.5
1969,5,11,39.7,23.6,11,-2.4
1969,6,15,42.2,28.9,14,-2.8
1969,7,120,37.9,27.3,114,-2.7
1969,8,69,36.1,26.3,65,-3.4
1969,9,36,35.7,24.9,35,-3.6
1969,10,4,36.3,18.5,4,-3.5
1969,11,0,31.9,10.8,0,-3.4
1969,12,0,26,6,0,-3.2
1970,1,9,22.5,6.5,8,-2.6
1970,2,26,25.1,8.4,24,-1.3
1970,3,13,31.2,14.5,13,-0.9
1970,4,2,39.3,21.1,2,-0.9
1970,5,12,42,25.9,12,-1
1970,6,38,40,27.5,36,1.2
1970,7,59,38.2,27,56,-1.4
1970,8,135,35.1,26,129,-0.8
1970,9,108,35.1,24.8,103,1.8
1970,10,2,35.7,18.4,2,1.2
1970,11,0,30.1,8.5,0,0.9
1970,12,0,25.2,5.6,0,0.6
1971,1,3,21,4.9,3,0
1971,2,5,27.1,7.9,5,-0.6
1971,3,1,32.9,13.8,1,-0.9
1971,4,4,39.2,20.9,4,-0.8
1971,5,38,39.9,24,36,1.2
1971,6,90,38.6,27.7,85,3.3
1971,7,125,35.5,26.7,119,3.1
1971,8,125,34.4,25.6,119,3.1
1971,9,58,35.3,23.7,55,2.8
1971,10,8,33.7,17.5,7,2.5
1971,11,2,30.2,10.2,2,2.1
1971,12,0,25.8,6.1,0,1.6
1972,1,4,22.9,5.6,4,1.5
1972,2,6,23.6,6.1,6,1.4
1972,3,1,33.1,14.7,1,0.9
1972,4,5,37,19,4,0.9
1972,5,1,42.1,24.6,1,-1
1972,6,45,42.4,28.2,43,0.6
1972,7,78,38.1,27.3,74,-1.1
1972,8,147,35.2,26.1,140,0.5
1972,9,21,36,22.4,20,-0.9
1972,10,4,34.7,17,4,-1
1972,11,4,30.9,10.4,3,-0.9
1972,12,2,24.8,6.7,2,-1
1973,1,7,21.8,5.4,6,-0.8
1973,2,2,27.7,9.7,2,-1
1973,3,1,32,14,1,-1.3
1973,4,0,39.8,20.8,0,-1.4
1973,5,11,42.2,25.3,11,-1.5
1973,6,18,40.6,28.8,17,-2
1973,7,112,37.4,27,107,-2.3
1973,8,209,34.4,25.6,138,1.9
1973,9,33,36.1,24.3,65,2.3
1973,10,6,34.2,17.5,12,2.1
1973,11,0,30.3,9.1,3,1.8
1973,12,6,22.8,4.9,7,1.8
1974,1,0,22.3,4.6,2,1.3
1974,2,0,24.8,6.9,1,0.9
1974,3,1,34.2,15.6,1,-0.4
1974,4,3,39.5,21.1,4,-0.8
1974,5,14,40.7,24.4,14,-0.7
1974,6,27,40.4,27.5,26,-1
1974,7,225,37.2,27,176,1.6
1974,8,53,36.7,26.7,73,0.7
1974,9,12,37.6,24.7,17,-1.7
1974,10,19,34,18.4,22,-0.9
1974,11,0,30,9.2,2,-0.9
1974,12,8,23.2,5.5,9,0.4
1975,1,6,20.9,5.3,6,0.8
1975,2,2,25,7.4,2,-0.2
1975,3,5,31.4,13.6,5,-0.2
1975,4,1,38.2,19.6,1,-0.5
1975,5,3,41.8,25.4,4,-1.1
1975,6,47,39.6,26.9,45,0.6
1975,7,186,35.9,26.3,169,1.5
1975,8,133,34.9,26.4,129,1.8
1975,9,153,33.5,24.7,136,3.9
1975,10,9,33.8,19.1,14,4.5
1975,11,0,29.4,8.3,3,3.8
1975,12,1,25.6,6,3,3.2
1976,1,5,22.7,7,6,2.9
1976,2,10,25.5,9.3,11,2.8
1976,3,2,30.7,14.6,3,2.2
1976,4,4,36.4,18.7,5,2.1
1976,5,24,40.9,24,23,2.1
1976,6,48,38.9,27.2,46,2.6
1976,7,141,37.1,27.5,134,2.6
1976,8,150,33.7,25.1,142,3
1976,9,85,35.9,22.3,81,3.7
1976,10,1,36.1,17.3,2,2.9
1976,11,8,31.3,10.7,8,2.9
1976,12,1,24.7,6.4,1,2.4
1977,1,10,21.9,5.4,9,2.4
1977,2,2,27,9.1,2,1.8
1977,3,0,35.2,15.3,0,1.2
1977,4,14,37.2,20,13,1.8
1977,5,19,38.9,23.4,18,1.7
1977,6,91,39.3,27.6,86,3.7
1977,7,244,35.3,26.6,169,5.3
1977,8,90,35,25.9,119,5.1
1977,9,138,34.4,24.1,133,6.9
1977,10,6,35.6,18.2,11,7.1
1977,11,4,31.3,12.8,7,6.7
1977,12,2,26.1,7.7,4,6.1
1978,1,0,21.8,4.9,2,5.3
1978,2,14,24.8,8.5,14,5.2
1978,3,13,29.6,13.4,13,5.1
1978,4,6,37.8,20.1,6,4.7
1978,5,0,44,26.6,1,3.6
1978,6,64,41,28.3,62,4.6
1978,7,246,35.1,26.3,136,6.6
1978,8,112,34.7,26.1,126,6.8
1978,9,56,34.7,24.5,70,6.9
1978,10,1,35,17.8,6,6
1978,11,3,28.8,12.2,6,5.5
1978,12,1,25.4,6.5,3,4.9
1979,1,7,22.5,6.5,8,4.5
1979,2,28,24.6,8.6,27,5.2
1979,3,9,29.8,13,9,4.7
1979,4,4,38.8,20.4,4,4.1
1979,5,28,39.5,23.2,27,4.3
1979,6,27,41.8,28.2,27,3.5
1979,7,96,37.6,27.8,91,2
1979,8,55,36.3,26.1,53,-3.4
1979,9,30,36.5,23.5,29,-4.2
1979,10,11,35,18.8,11,-3.9
1979,11,9,28.9,14,9,-3.2
1979,12,5,24.7,8.3,5,-2.9
1980,1,1,22.4,5.6,1,-2.9
1980,2,2,27.7,9.7,2,-3
1980,3,14,30.8,14.2,14,-2.4
1980,4,1,40,21.5,1,-2.4
1980,5,5,43.3,26.6,5,-2.9
1980,6,44,41,28.4,41,-2.2
1980,7,167,35.9,27.3,159,-1.4
1980,8,57,36.3,26.1,54,-2.9
1980,9,25,36.7,24.3,24,-3.8
1980,10,5,35.3,18.9,5,-3.8
1980,11,11,29.7,11.1,11,-3.1
1980,12,15,24.3,7.1,14,-2.2
1981,1,7,22,7,7,-1.9
1981,2,3,27.4,9.4,3,-2
1981,3,26,30.4,14.5,25,-0.9
1981,4,0,38.5,20.4,0,-1.1
1981,5,13,41.5,25,13,-1.3
1981,6,37,42.2,28.7,35,-1.2
1981,7,196,35.6,27.3,185,1.3
1981,8,61,35.7,26.4,58,-1.3
1981,9,29,37,25,28,-2.3
1981,10,1,34.5,17.7,1,-2.7
1981,11,28,28,10.3,26,-1
1981,12,0,24.6,6.5,0,-1.2
1982,1,14,21.8,7.3,13,-0.6
1982,2,4,23.4,8.5,4,-0.8
1982,3,27,28.7,12.8,26,1.9
1982,4,19,36,19.2,18,2.7
1982,5,47,37.1,22.6,45,3.9
1982,6,27,40.9,27.8,26,3.1
1982,7,227,38.7,28.1,209,4
1982,8,171,35.4,26.2,156,4.8
1982,9,10,37,23.9,13,3.1
1982,10,22,34.9,19.1,23,3.4
1982,11,9,28.8,12.6,10,3.3
1982,12,8,24.5,7.4,9,3.2
1983,1,6,21.4,5.8,7,3
1983,2,3,24.7,8,4,2.4
1983,3,5,30.5,13.9,6,2
1983,4,19,33.7,17.7,19,2.8
1983,5,59,38.6,23,57,4.6
1983,6,31,39.9,27.8,30,4.1
1983,7,195,37.2,27,186,4.6
1983,8,166,34.8,26.2,147,5.3
1983,9,58,35.7,25,58,5.2
1983,10,21,33.5,17.8,22,5.1
1983,11,0,30,9.2,1,4.3
1983,12,1,24.1,7.3,2,3.6
1984,1,1,20.9,5.6,1,2.9
1984,2,5,24.3,6.4,5,2.5
1984,3,0,34.6,15.4,1,1.7
1984,4,4,38.2,20.3,4,1.5
1984,5,2,43.8,26.2,2,-1.9
1984,6,13,41.2,28.9,12,-2.7
1984,7,86,35.3,27.7,82,-3.8
1984,8,110,35.6,25.4,105,-3.8
1984,9,67,34.5,23.2,64,-3.3
1984,10,0,34.1,16.2,0,-3.6
1984,11,1,30.2,9.6,1,-3.5
1984,12,1,24.6,6.6,1,-3.5
1985,1,1,21.8,6.5,1,-3.4
1985,2,0,27.7,8.6,0,-3.5
1985,3,6,34.8,15.8,6,-3.4
1985,4,10,38.2,20.4,10,-2.7
1985,5,12,41.9,25.4,11,-2.7
1985,6,18,40.7,27.9,17,-3.2
1985,7,170,35.8,27.1,161,-2.3
1985,8,111,35.3,26.2,105,-2.7
1985,9,21,36.1,24.2,20,-3.8
1985,10,24,32.8,17.2,23,-2.8
1985,11,0,30.4,11.1,0,-2.9
1985,12,7,24.7,8.3,7,-2.5
1986,1,3,21.5,6.4,3,-2.4
1986,2,13,24.8,8.8,12,-1.9
1986,3,5,31.3,14.5,5,-1.9
1986,4,1,37.6,19.8,1,-1.9
1986,5,23,39.4,23.3,22,-1.5
1986,6,41,40.6,28.1,39,-1.1
1986,7,155,36,26.7,147,-0.8
1986,8,71,35.7,25.6,67,-2.3
1986,9,20,36.3,23.9,19,-3.4
1986,10,5,34.1,18.2,5,-3.5
1986,11,1,30.7,11.5,1,-3.5
1986,12,1,23.4,5.2,1,-3.3
1987,1,12,22.8,7,11,-2.7
1987,2,6,27.5,10.3,6,-2.5
1987,3,14,32.4,15.7,13,-2
1987,4,1,38.4,20.5,1,-2.1
1987,5,41,37.6,22.1,39,-0.7
1987,6,50,41.3,28.2,47,1.7
1987,7,30,39.6,28.1,28,-3
1987,8,56,37.8,27,53,-4.5
1987,9,9,38.1,25.6,9,-5.7
1987,10,11,35.9,18.9,10,-5.3
1987,11,0,31.8,10,0,-5.2
1987,12,7,24.7,7,6,-4.5
1988,1,3,23.7,7.6,3,-4.3
1988,2,2,27.9,10.2,2,-4.2
1988,3,18,31.5,14.4,18,-3.3
1988,4,3,39.5,21.5,3,-3.1
1988,5,3,43.1,26.8,3,-3.6
1988,6,39,41.2,28.1,37,-3
1988,7,113,35.9,27.5,108,-3.1
1988,8,136,35,25.9,129,-2.6
1988,9,84,36.1,24.9,80,-2.1
1988,10,15,34.8,17.8,15,-1.8
1988,11,0,30.3,10.6,0,-2
1988,12,2,25.5,6.9,2,-1.9
1989,1,22,21.2,5.4,21,-0.7
1989,2,1,25.8,7.6,1,-1.1
1989,3,8,31.4,14.6,8,-1
1989,4,0,36.8,18.2,0,-1.3
1989,5,1,41.3,24.1,1,-2
1989,6,12,39.9,27.1,11,-2.6
1989,7,119,37.7,26.4,113,-3.2
1989,8,149,35.7,25.3,142,-2.3
1989,9,31,36.2,23.9,29,-3.2
1989,10,1,35.3,17.5,1,-3.5
1989,11,3,30.5,10.7,2,-3.4
1989,12,1,23.8,6.9,1,-3.2
1990,1,0,25.1,7.3,0,-3.3
1990,2,26,24.7,9.8,25,-2
1990,3,3,29.6,13.9,3,-2.1
1990,4,2,37.3,19.7,2,-2.1
1990,5,31,40.6,25.7,29,-1.4
1990,6,21,40.7,28.5,20,-1.8
1990,7,123,36.2,27.3,117,-2.1
1990,8,153,35.1,26.1,145,-1.3
1990,9,76,34.9,25.1,72,-0.9
1990,10,1,33.6,17.2,1,-1.4
1990,11,4,30.3,11.2,3,-1.4
1990,12,6,24.7,6.9,6,-1.2
1991,1,0,21.5,5.9,0,-1.4
1991,2,11,25.4,9,10,-1.1
1991,3,1,31.4,15.2,1,-1.5
1991,4,8,36,19.1,8,-1.1
1991,5,11,40.5,24.9,10,-1.3
1991,6,17,40.7,28.5,16,-1.9
1991,7,58,39.2,28.1,55,-3.7
1991,8,76,35.2,26.6,72,-4.4
1991,9,33,35.7,24.5,31,-4.9
1991,10,1,34.4,16.4,1,-5
1991,11,5,29.2,10.9,5,-4.5
1991,12,9,24.9,7.6,9,-3.7
1992,1,8,22.1,7.1,7,-3.3
1992,2,17,24.6,8.3,16,-2.4
1992,3,4,30.7,15.1,4,-2.5
1992,4,1,36.1,19.6,1,-2.5
1992,5,8,40.1,24,7,-2.7
1992,6,5,42,29,5,-3.5
1992,7,64,36.3,27.1,61,-4.8
1992,8,143,34.3,26.3,136,-3.9
1992,9,86,34.5,23.4,82,-3.1
1992,10,20,33.4,18.5,19,-2.4
1992,11,10,28.8,11.3,10,-1.9
1992,12,0,25.5,8.3,0,-2
1993,1,3,21.7,6.7,3,-2
1993,2,11,28.4,10.5,11,-1.6
1993,3,2,29.1,14.2,2,-1.9
1993,4,2,37.1,20.2,2,-1.8
1993,5,5,41.6,26.1,5,-2.3
1993,6,50,41.1,28.5,47,-1.5
1993,7,137,35.6,27.1,130,-1.5
1993,8,45,36.8,26.4,43,-3.6
1993,9,74,34.5,25.5,71,-2.9
1993,10,2,34.6,18.8,2,-3.2
1993,11,0,31,11.6,0,-3.2
1993,12,0,26.2,6.8,0,-3.2
1994,1,18,22.1,8.7,17,-2.1
1994,2,2,25.3,9.4,2,-2.3
1994,3,1,34,16.1,1,-2.5
1994,4,9,35.9,19.2,9,-2
1994,5,12,42,26,11,-2.1
1994,6,30,41.2,29.1,28,-2.1
1994,7,236,35.2,27.4,164,1.9
1994,8,124,34.2,26.5,139,2.6
1994,9,59,34.2,23.9,71,2.8
1994,10,0,33.7,17,5,2.2
1994,11,0,30.1,11.8,3,1.7
1994,12,1,25.2,7.2,3,1.4
1995,1,15,20.8,6.5,15,1.9
1995,2,15,26,10,16,2.2
1995,3,9,29.6,14.7,9,2
1995,4,4,35.4,19.4,4,1.8
1995,5,0,41.1,26,1,0.8
1995,6,10,42.5,29.8,10,-1.8
1995,7,177,37.1,27.8,169,-1.2
1995,8,190,33.7,26.7,143,1.9
1995,9,42,35.8,25,62,1.8
1995,10,8,34.8,19.3,13,1.5
1995,11,1,29.9,11,4,1.2
1995,12,2,23.9,8.1,3,1
1996,1,5,21.6,7.2,6,0.9
1996,2,7,26.6,10.1,8,0.8
1996,3,5,33,17.4,5,-0.2
1996,4,4,37.8,20.5,5,0
1996,5,13,39.6,24.4,13,-0.6
1996,6,108,39.2,28.5,103,2.7
1996,7,102,37,27.4,98,1.6
1996,8,153,34,25.8,144,2.2
1996,9,67,35.1,25.1,64,2.3
1996,10,12,33.3,18.8,12,2
1996,11,0,29.4,9.4,0,1.4
1996,12,0,25.3,5.2,0,1
1997,1,3,22,5.2,4,0.7
1997,2,1,26.5,8.2,2,-1.1
1997,3,8,30.8,15.3,8,-1
1997,4,13,35.3,19.1,12,0.6
1997,5,24,37.9,22.7,23,0.9
1997,6,65,38.2,26,62,2
1997,7,79,37.3,27.6,76,-1.3
1997,8,138,34.5,25.5,131,-1.1
1997,9,32,34.8,24.5,31,-2
1997,10,22,31.4,15.1,21,-1.2
1997,11,12,26.6,11.8,11,-0.7
1997,12,5,20.5,7,5,-0.5
1998,1,0,22,6.1,0,-0.8
1998,2,12,26.1,9.4,11,-0.5
1998,3,11,30.4,14,11,0.1
1998,4,12,37.6,21,11,1.1
1998,5,5,41.8,25.6,5,-0.7
1998,6,49,41,28.1,46,0.8
1998,7,168,36.6,28,160,1.1
1998,8,65,36,26.7,62,-1.5
1998,9,89,34.7,25.4,85,-0.8
1998,10,22,32.5,20,21,0.5
1998,11,7,29.6,12,7,0.9
1998,12,0,25.9,5.8,0,-0.3
1999,1,7,21.2,5.6,7,0.5
1999,2,4,26.8,10.4,4,0.3
1999,3,1,33.2,15.3,1,-0.5
1999,4,0,39.9,20.6,0,-0.8
1999,5,19,40.3,25.5,18,-0.8
1999,6,26,39.8,27.7,24,-1
1999,7,91,37,27.1,87,-2.2
1999,8,57,35.6,26.3,54,-3.8
1999,9,24,36.4,25.7,23,-4.5
1999,10,16,34.8,19.6,15,-3.9
1999,11,0,31.8,12,0,-3.9
1999,12,0,26.2,7,0,-3.8
2000,1,4,22.8,6.3,4,-3.6
2000,2,8,24.7,7.9,8,-3.2
2000,3,3,31.9,14.1,3,-3.3
2000,4,1,39.9,22.3,1,-3.2
2000,5,11,41.7,27.2,10,-3.4
2000,6,23,39.7,28,22,-3.6
2000,7,167,36.2,26.9,159,-2.8
2000,8,62,35.6,26.6,59,-4.1
2000,9,11,35.9,24.5,10,-5.2
2000,10,2,36.4,18.8,2,-5.2
2000,11,3,30.6,11.7,3,-4.9
2000,12,0,26.8,6.7,0,-4.7
2001,1,1,21.1,5.9,1,-4.5
2001,2,3,27.2,10.1,3,-4.3
2001,3,3,32.6,15.5,3,-4.3
2001,4,9,37.5,20.5,9,-3.5
2001,5,45,41,26,43,-2
2001,6,69,37.6,27.8,66,2.7
2001,7,122,35.5,27.1,116,2.1
2001,8,68,35.6,26.5,65,-1.7
2001,9,17,35.6,25.2,16,-2.9
2001,10,7,35.3,19.9,7,-2.9
2001,11,0,30.7,12.1,0,-3
2001,12,1,24.3,9.5,1,-2.9
2002,1,2,22.6,6.1,2,-2.9
2002,2,4,26.1,9,4,-2.8
2002,3,3,34.3,15,3,-2.9
2002,4,3,39,22.3,3,-2.8
2002,5,11,42.9,25.9,11,-2.9
2002,6,16,40.7,29.1,15,-3.4
2002,7,10,38.4,27.7,9,-6.4
2002,8,42,35.4,28.3,40,-7.7
2002,9,51,33.3,25.7,49,-7.3
2002,10,1,34.4,20.2,1,-7.2
2002,11,8,30.1,12.6,8,-6.3
2002,12,14,24.9,9,14,-5.1
2003,1,10,22.4,4.6,9,-4.3
2003,2,22,25.8,9.2,21,-3.1
2003,3,2,32.2,14.5,2,-3.2
2003,4,1,38.9,21,1,-3.2
2003,5,4,40,25,4,-3.6
2003,6,42,40.7,29.5,40,-3
2003,7,266,35.1,26.9,162,2.7
2003,8,63,34.5,26.5,94,2.2
2003,9,50,35,24.3,54,1.8
2003,10,13,34.6,17.9,16,1.7
2003,11,4,28.9,10.6,5,1.5
2003,12,4,24.2,7,5,1.3
2004,1,7,21.9,6.7,8,1.3
2004,2,1,28.8,8.9,2,0.8
2004,3,0,36.8,16.3,1,-1
2004,4,9,40.1,22.3,9,-0.6
2004,5,14,41.7,24.8,14,-0.8
2004,6,32,38.4,28.3,31,-0.8
2004,7,27,37.8,28.8,26,-3.6
2004,8,142,35.2,26,135,-2.8
2004,9,11,37.2,24.4,11,-4
2004,10,20,32.7,17.7,19,-3.2
2004,11,1,31.1,11.4,1,-3.2
2004,12,2,26.3,7.6,2,-3
2005,1,6,21.7,5.4,6,-2.7
2005,2,21,24.4,9.4,20,-1.7
2005,3,10,33.4,15.2,10,-1.5
2005,4,4,37.1,19.8,4,-1.4
2005,5,6,38.6,24.3,6,-1.8
2005,6,25,40.8,29.6,24,-1.9
2005,7,133,35.9,27.5,126,-1.8
2005,8,34,36.8,26.3,33,-4.2
2005,9,87,34.8,25.6,83,-3.4
2005,10,1,33.9,18.8,1,-3.6
2005,11,0,30.2,11.8,0,-3.6
2005,12,0,23.6,6.2,0,-3.6
2006,1,1,21.6,8.1,1,-3.5
2006,2,1,29.9,12.2,1,-3.6
2006,3,16,32.2,14.5,15,-2.9
2006,4,1,37.8,22.1,1,-2.9
2006,5,19,41.8,26.8,19,-2.5
2006,6,50,38.4,28.2,48,-1.6
2006,7,103,37.4,27.8,98,-2.3
2006,8,54,34,27.5,51,-3.8
2006,9,65,35.1,24.6,62,-3.5
2006,10,8,34.1,20,8,-3.4
2006,11,3,29.5,13.3,3,-3.3
2006,12,6,24.2,7.8,6,-2.9
2007,1,0,23.3,5.7,1,-2.9
2007,2,35,26.6,10.1,33,-1.1
2007,3,27,32.3,13.7,26,2.3
2007,4,4,40.3,22.3,4,2
2007,5,19,39.4,25.5,18,1.9
2007,6,51,40.1,28.5,49,2.2
2007,7,74,36.6,28.2,71,0.6
2007,8,87,35.8,27.2,83,-2.3
2007,9,72,35.4,25.9,69,-1.8
2007,10,0,34.5,18.4,0,-2.3
2007,11,2,32.1,11.5,2,-2.3
2007,12,2,23.4,7.5,2,-2.2
2008,1,2,19.2,7.6,2,-2.3
2008,2,1,25.5,7.3,1,-2.4
2008,3,1,36,16.8,1,-2.6
2008,4,15,37.6,19.7,15,-1.6
2008,5,30,38.5,25.3,29,-0.8
2008,6,72,37.7,28.2,69,2.8
2008,7,61,36.3,28.4,58,0.8
2008,8,155,34.4,26.2,147,1.4
2008,9,36,34.6,25.5,34,-1.5
2008,10,2,36,19.7,2,-2
2008,11,3,31.3,11.8,3,-1.9
2008,12,11,26.4,8.3,10,-1.4
2009,1,2,23.2,7.9,2,-1.5
2009,2,5,27.7,11.3,5,-1.5
2009,3,7,34.1,16.1,7,-1.6
2009,4,1,38.7,20.4,1,-1.6
2009,5,25,41.4,27,24,-1.1
2009,6,14,40.8,29.1,14,-1.8
2009,7,148,37,28.7,141,-1.7
2009,8,60,36.7,27.3,57,-3.3
2009,9,37,35.8,25.5,35,-3.8
2009,10,2,34.6,19.5,2,-4
2009,11,5,29.3,11.9,5,-3.6
2009,12,2,25.2,8.5,2,-3.4
2010,1,2,23.8,5.4,2,-3.4
2010,2,6,28,10.2,6,-3.1
2010,3,1,36.9,17.9,1,-3.3
2010,4,2,41.6,24,2,-3.2
2010,5,4,42.3,27,4,-3.6
2010,6,34,40.2,29.4,32,-3.3
2010,7,111,36.7,28.2,105,-3.6
2010,8,164,34.1,27.3,146,-2.3
2010,9,134,33.4,25,123,3.2
2010,10,5,35.1,19.9,9,3.8
2010,11,29,30.7,11.6,30,4.9
2010,12,9,24,6.5,10,4.7
2011,1,0,21.3,5,1,3.9
2011,2,18,25.8,10.6,18,4.1
2011,3,4,33.4,15.9,5,3.4
2011,4,3,36.8,20.2,3,3
2011,5,13,41.4,26.7,13,2.5
2011,6,33,38.7,29.8,32,2.2
2011,7,152,36.4,28.1,145,2.2
2011,8,115,34.7,26.9,110,1.9
2011,9,141,34.3,24.7,134,3.5
2011,10,1,34.2,19.1,1,2.6
2011,11,1,32.2,12.8,1,2
2011,12,1,25,7.7,1,1.5
2012,1,2,20.2,6.5,3,1.1
2012,2,0,23.6,9.5,1,0.6
2012,3,1,31.7,15.7,1,-1.8
2012,4,10,37,20.3,10,-1.2
2012,5,9,41.1,25.9,9,-1.5
2012,6,5,41.2,30.4,5,-2.5
2012,7,37,38.3,29.1,35,-4.6
2012,8,223,34.5,26.5,137,-1.9
2012,9,129,34.4,25,132,4.9
2012,10,6,32.7,19.1,30,6.6
2012,11,0,29,11.9,6,5.8
2012,12,12,23.7,8.2,15,5.9
2013,1,4,22,5.5,6,5.3
2013,2,18,27.3,7.4,18,5.3
2013,3,7,32.5,14.9,7,4.6
2013,4,5,37.4,20.9,5,4.2
2013,5,1,41.8,26.4,1,2.9
2013,6,53,39.4,29.2,51,3.3
2013,7,195,36.5,28.5,170,4.1
2013,8,142,34.2,26.8,138,4.5
2013,9,35,35.1,26.2,38,3.8
2013,10,18,34.3,20.2,19,3.7
2013,11,6,29,11.8,7,3.3
2013,12,3,24.8,8,4,2.9
2014,1,4,21.3,6.9,5,2.5
2014,2,8,24.7,9.4,8,2.3
2014,3,8,31.3,14.7,8,2
2014,4,11,36.9,20.1,11,2.3
2014,5,31,39.3,24.7,29,2.8
2014,6,39,41.4,30.3,37,2.6
2014,7,65,36.9,29.4,62,0.6
2014,8,69,36.2,27.4,66,-2.9
2014,9,95,35.2,24.6,91,-1.9
2014,10,4,34.4,19.6,4,-2.2
2014,11,2,30.1,12.3,2,-2.2
2014,12,1,22.9,7.1,1,-2.1
2015,1,5,21,6.4,5,-2
2015,2,1,26.8,9.7,1,-2.2
2015,3,38,31.2,14.5,36,1.6
2015,4,14,37.6,20.7,14,2.1
2015,5,16,40.9,26.5,15,1.8
2015,6,37,38.4,29.2,35,1.9
2015,7,190,34.9,27.8,180,2.7
2015,8,124,34.5,27.3,118,2.5
2015,9,23,36.2,25.6,22,1
2015,10,8,35,19.7,8,0.6
2015,11,1,29.9,13.3,1,-1.6
2015,12,0,24.4,8.3,0,-1.7
2016,1,1,23.3,7.1,1,-1.8
2016,2,3,28.1,10.7,3,-2
2016,3,10,33.8,16.4,10,-1.7
2016,4,1,39.7,21.9,1,-1.8
2016,5,11,42.4,26.2,10,-2
2016,6,45,41.7,29.1,43,-1.3
2016,7,140,37.2,27.7,133,1.7
2016,8,162,35.3,26.1,151,1.8
2016,9,26,36.6,25.3,25,-1.1
2016,10,20,36,19.4,19,0.8
2016,11,1,31.2,11.9,1,-0.3
2016,12,0,26.8,8.7,1,-0.5
2017,1,6,22.7,6.7,6,0.1
2017,2,1,28.3,11,1,-0.3
2017,3,8,33.7,16.3,7,-0.6
2017,4,10,40.2,22.4,10,0.1
2017,5,29,42.1,26,28,0.8
2017,6,89,37.4,27,84,3.2
2017,7,119,37,27.6,113,1.9
2017,8,80,36.1,26.9,76,2.2
2017,9,45,36.5,25.2,42,1.6
2017,10,1,36.4,19.8,1,0.9
2017,11,6,29.8,10.5,6,-1.3
2017,12,8,25.8,7.9,8,-1.3
2018,1,1,23.6,7.4,1,-1.4
2018,2,1,28.6,11.3,1,-1.5
2018,3,1,34.9,17.5,1,-1.8
2018,4,4,39.6,21.8,4,-1.6
2018,5,10,42.2,25.9,9,-1.7
2018,6,47,41,28.4,45,3.6
2018,7,197,37.1,27.7,161,4.5
2018,8,91,36.1,26.9,97,3.5
2018,9,55,35.9,24.7,57,4.1
2018,10,2,35.1,18.6,4,3.4
2018,11,1,30.8,11.6,3,2.9
2018,12,2,24.5,6.6,3,2.4
2019,1,6,22.2,6.4,7,-0.6
2019,2,3,25.2,8.2,4,-0.7
2019,3,16,30.5,13.5,15,0.4
2019,4,13,39.1,21.5,12,0.9
2019,5,21,40.9,24.8,20,1.1
2019,6,30,42.2,29.7,29,1
2019,7,87,38.1,28.6,83,-1.2
2019,8,128,35.8,26.7,122,-0.8
2019,9,52,37.3,26,50,-1
2019,10,4,35.4,19.1,4,-1.3
2019,11,29,30.6,11.5,28,1.4
2019,12,3,22,4,3,1.2
