Product: Historical Climate - TerraClimate(http://www.climatologylab.org/terraclimate.html) 
Location (Lat/Lon of 4-km Grid Cell Center): 26.8958 North,76.3125 East 
Data Source: NW Climate Toolbox(https://climatetoolbox.org/tool/point-data-download)
Download Date: 07/25/2020
Variable List: 
ppt: ppt (Precipitation)
tmax: tmax (Maximum Temperature)
tmin: tmin (Minimum Temperature)
aet: aet (Actual Evapotranspiration)
PDSI: pdsi (Palmer Drought Severity Index (PDSI))
********************************************************
Year,Month,ppt(mm),tmax(degC),tmin(degC),aet(mm),PDSI(unitless)
1958,1,4,24.1,9.4,16,1.4
1958,2,2,26.1,10.1,9,1.1
1958,3,2,33.1,16.7,7,0.8
1958,4,0,39.4,23.3,4,0.6
1958,5,1,41.5,26.3,4,-0.6
1958,6,23,42,28.1,23,-1.4
1958,7,293,33.3,26.4,126,1.2
1958,8,254,33.2,25.2,115,1.8
1958,9,252,31.3,24.2,121,3.7
1958,10,5,32.4,18.3,72,4
1958,11,13,28.9,12,41,4.3
1958,12,1,24.1,9.8,24,4.3
1959,1,6,22.2,7.5,19,4.2
1959,2,1,25.4,9.3,8,3.6
1959,3,0,34.3,15.7,5,3
1959,4,1,38.1,21.5,4,2.7
1959,5,45,40.7,25.8,45,3.5
1959,6,40,40.2,29,40,3.2
1959,7,234,33.3,25.8,142,3.2
1959,8,343,31.6,24.8,120,4
1959,9,213,32,24.2,116,5.1
1959,10,10,33.2,19.7,72,5.3
1959,11,12,29,11.5,44,5.6
1959,12,0,24.8,8.2,24,5.5
1960,1,3,22.1,6.7,16,5.1
1960,2,0,30,10.9,8,4.4
1960,3,13,30.9,15.4,18,4.4
1960,4,2,36.7,20.4,6,4.1
1960,5,9,41.8,25.7,12,3.3
1960,6,32,40.9,28.6,33,2.7
1960,7,161,34.7,25.7,148,1.8
1960,8,407,31.5,24.9,113,3
1960,9,48,34.6,23.7,101,1.9
1960,10,15,33.4,17.7,68,1.8
1960,11,0,29.5,9.8,18,1.2
1960,12,4,24.7,8.6,13,1
1961,1,21,22.4,7.9,26,1.6
1961,2,14,23.3,8.9,17,1.7
1961,3,0,32.9,16.2,3,1.2
1961,4,2,37.1,20.5,4,1
1961,5,6,41,26,7,-0.4
1961,6,39,39.3,27.5,38,0
1961,7,163,33.5,25.8,140,-1.1
1961,8,382,31.8,24.9,120,1
1961,9,240,32,24.3,114,2.9
1961,10,18,32.2,17.7,89,3.5
1961,11,8,26.6,11.2,39,3.7
1961,12,1,21.9,5.7,19,3.7
1962,1,6,21.9,5.4,17,3.5
1962,2,1,26,10.7,8,3
1962,3,11,31.7,15.5,16,3.1
1962,4,1,38.2,21.6,5,2.7
1962,5,4,41.3,25.9,6,2
1962,6,6,41.3,27.6,7,0.7
1962,7,271,34.9,26.5,140,1.3
1962,8,193,32.8,24.8,130,0.8
1962,9,192,31.9,23.5,126,1.8
1962,10,0,33.1,16.3,70,2.2
1962,11,2,29.3,11.2,40,2.4
1962,12,3,23.2,8.4,21,2.4
1963,1,2,23.2,5.5,12,2.1
1963,2,3,28.3,11,8,1.8
1963,3,2,31.9,15.1,6,1.4
1963,4,4,36.4,21,7,1.4
1963,5,5,39.8,25.1,7,0.8
1963,6,21,39.6,28,22,-1.2
1963,7,180,36.1,26.6,151,-1.6
1963,8,327,31.8,24.8,112,-0.9
1963,9,158,32.8,22.7,130,1.1
1963,10,1,34.5,18.8,76,1.5
1963,11,3,29.3,14.1,41,1.7
1963,12,2,24.4,7.5,17,1.7
1964,1,0,21.3,5.2,8,1.2
1964,2,0,25.8,9.9,5,0.7
1964,3,1,34.4,16.8,4,-0.3
1964,4,0,38.7,22.4,3,-0.9
1964,5,41,40.1,24.4,41,1
1964,6,15,40.1,28,16,-0.7
1964,7,265,33.4,25.6,135,0.7
1964,8,381,32.3,25,123,2.7
1964,9,136,32.2,23.6,125,2.7
1964,10,0,33.7,17.7,78,3
1964,11,0,29,9.6,33,2.9
1964,12,1,23.9,7.6,18,2.7
1965,1,3,24.5,9.2,12,2.2
1965,2,15,25.9,10,20,2.3
1965,3,6,31.5,14.9,10,2.1
1965,4,4,34.9,20.2,6,1.9
1965,5,4,39.8,25.3,6,1.3
1965,6,11,41.1,28.7,12,-1.5
1965,7,189,34.7,26.2,162,-1.8
1965,8,110,33.1,24.3,111,-3.3
1965,9,105,33.6,22.9,103,-3.4
1965,10,10,34.1,19.3,13,-4.6
1965,11,0,30.3,12.5,2,-5.1
1965,12,0,23.7,6.6,2,-5.2
1966,1,1,24.1,7.7,3,-5.2
1966,2,7,28.4,12.6,8,-4.9
1966,3,0,32.5,14.6,1,-4.8
1966,4,0,37.6,21.4,1,-4.6
1966,5,26,41.2,25.6,26,-3.9
1966,6,71,39.1,27.5,68,-2.6
1966,7,109,36.7,26.4,104,-3.9
1966,8,313,32.1,24.3,134,-3.7
1966,9,47,33.5,22.9,110,-4.3
1966,10,5,35.1,18.5,52,-4.3
1966,11,15,27.9,13.3,30,-4.1
1966,12,0,24.4,5.9,9,-4
1967,1,0,22.3,5.1,5,-3.9
1967,2,0,29.2,10.8,4,-3.9
1967,3,37,30.2,15.2,38,-2
1967,4,1,36.4,20.5,3,-1.9
1967,5,2,40.9,25.3,4,-2.3
1967,6,35,40.6,28,35,-2.2
1967,7,211,34.5,26,148,-2.1
1967,8,343,31.2,24.4,111,-0.8
1967,9,218,32.2,22.8,118,2.7
1967,10,5,34.1,17.5,70,3
1967,11,3,28.8,12.5,40,3.2
1967,12,10,24,8.3,29,3.7
1968,1,9,21,7.1,20,3.7
1968,2,2,24.3,8.4,9,3.2
1968,3,4,32.6,14.9,8,2.9
1968,4,0,37.5,20.1,4,2.5
1968,5,4,40.4,24.7,7,1.9
1968,6,7,40.7,28.2,8,0.7
1968,7,260,34.8,25.6,139,1.2
1968,8,212,32.7,24.6,139,0.7
1968,9,11,36,23.2,97,-2.2
1968,10,5,34,17.8,36,-2.8
1968,11,0,30.6,11.1,13,-2.9
1968,12,0,24.3,8.1,7,-3
1969,1,7,22.6,7.7,12,-2.7
1969,2,3,25.7,11.3,7,-2.6
1969,3,3,36.5,15.7,6,-2.5
1969,4,0,36.9,21.9,2,-2.5
1969,5,15,39.8,25.1,16,-2.2
1969,6,27,41.2,28.7,27,-2.4
1969,7,256,35.2,25.8,146,-1.7
1969,8,200,32.8,24.8,125,-2
1969,9,84,33.4,24,115,-2.1
1969,10,1,35.4,18.8,65,-1.7
1969,11,2,31.6,12.5,25,-1.8
1969,12,0,25.6,7.7,11,-1.6
1970,1,9,22.9,8.3,15,-1.5
1970,2,26,24.7,10.2,29,0.9
1970,3,10,31,15.7,13,1
1970,4,0,39.1,22.5,3,0.8
1970,5,15,41.7,27.1,16,0.7
1970,6,44,38.5,27,43,0.9
1970,7,144,35.7,25.8,138,-1
1970,8,320,32.1,25,125,-1
1970,9,177,32.7,23.9,127,0.9
1970,10,3,34.6,18.6,75,1.4
1970,11,0,29.6,10.1,34,1.5
1970,12,0,24.9,7.5,19,1.6
1971,1,5,21.6,6.9,15,1.6
1971,2,4,26.8,9.5,10,1.4
1971,3,0,32.8,14.7,5,1.1
1971,4,1,38.7,22.1,4,0.9
1971,5,31,39.1,24.7,32,1.6
1971,6,147,36.8,27,142,4.8
1971,7,335,32.8,25.3,128,5.9
1971,8,198,31.3,24.3,122,5.4
1971,9,195,33.3,23.1,119,6
1971,10,11,33,18.4,78,6.2
1971,11,1,29.4,11.4,37,6
1971,12,0,25,7.6,20,5.7
1972,1,1,23.6,7.5,12,5.1
1972,2,11,23.2,7.9,17,4.9
1972,3,0,32.8,15.7,4,4.2
1972,4,1,36.8,20.7,4,3.7
1972,5,1,42.3,26.3,3,2.7
1972,6,44,41.7,28.2,44,2.6
1972,7,99,35.8,26.5,95,0.6
1972,8,269,32,24.9,129,-2.5
1972,9,43,34.2,21.5,98,-3.2
1972,10,3,34.2,17.7,37,-3.5
1972,11,1,30.3,11.5,15,-3.6
1972,12,1,24.3,8.4,8,-3.5
1973,1,12,22.6,7.3,17,-3
1973,2,4,27.4,11.6,7,-2.9
1973,3,0,32.1,15.4,3,-2.9
1973,4,0,40.1,22.8,2,-2.8
1973,5,5,42.3,27,6,-2.9
1973,6,19,39.5,28.8,19,-3.3
1973,7,195,35,25.8,157,-3.4
1973,8,473,31.5,24.7,116,-0.7
1973,9,111,33.6,23,116,-0.7
1973,10,10,33.3,17.9,70,2.5
1973,11,0,29.7,10.5,35,2.6
1973,12,3,22.3,6.7,22,2.6
1974,1,0,22.8,6.1,10,2.2
1974,2,0,24.9,8.9,6,1.8
1974,3,0,34.4,16.7,4,1.3
1974,4,0,39.4,22.7,4,1.1
1974,5,9,40.5,25.8,10,0.7
1974,6,15,39.8,27.9,16,-1.5
1974,7,331,34.9,25.9,158,1.2
1974,8,204,33.4,25.1,117,1.3
1974,9,22,35.7,24.1,88,-1.1
1974,10,47,33.5,19.5,75,0.6
1974,11,0,29.4,10.6,25,0.6
1974,12,3,22.8,7.3,14,0.1
1975,1,7,21.2,6.8,14,0.6
1975,2,1,25.1,9.4,5,-0.3
1975,3,2,31.5,14.9,5,-0.2
1975,4,1,38.7,21.3,3,-0.1
1975,5,6,41.8,26.9,8,-0.8
1975,6,46,39,27,45,-0.6
1975,7,308,33.8,25.3,148,1.2
1975,8,278,31.9,25.1,130,1.9
1975,9,345,31.2,24,135,5
1975,10,13,32.7,19.7,78,5.3
1975,11,0,28.9,9.7,38,5.2
1975,12,0,25,7.4,21,4.9
1976,1,1,23.2,8.7,12,4.4
1976,2,12,25.3,11.3,17,4.2
1976,3,1,31,16.2,5,3.6
1976,4,2,36.4,20.5,5,3.3
1976,5,35,40.9,25.3,36,3.6
1976,6,56,37.9,27.1,55,3.8
1976,7,227,34.9,26.4,151,3.5
1976,8,246,31.1,24.1,120,3
1976,9,140,34,21.6,120,3.1
1976,10,0,35.4,17.9,73,3.3
1976,11,19,31.2,12.6,45,3.9
1976,12,0,24.4,8.4,20,3.8
1977,1,7,22.6,7.2,19,3.6
1977,2,4,26.6,11,11,3.2
1977,3,0,35.2,16.4,5,2.6
1977,4,13,37,21.7,15,3
1977,5,23,38.9,25.1,24,3
1977,6,92,38.4,27.7,89,4.2
1977,7,362,32.7,25.2,160,5.4
1977,8,261,32.1,24.7,123,5.7
1977,9,217,32.2,23.2,144,6.4
1977,10,7,34.8,18.8,81,6.5
1977,11,4,30.7,14.3,37,6.2
1977,12,1,25.5,9.1,18,5.8
1978,1,0,22.4,6.7,10,5
1978,2,16,24.4,10.2,22,5
1978,3,13,29.6,14.8,17,4.9
1978,4,3,37.6,21.7,6,4.5
1978,5,0,43.7,27.5,2,3.5
1978,6,102,39.6,27.6,98,5.1
1978,7,364,33,25.4,122,6.6
1978,8,277,31.5,24.7,125,6.9
1978,9,102,32.7,23.7,112,6.1
1978,10,0,34.2,18.4,67,6
1978,11,2,28.6,13.9,32,5.5
1978,12,2,24.5,7.9,18,5.2
1979,1,9,23.1,8.4,17,4.8
1979,2,31,24,10.2,35,5.4
1979,3,5,30.2,14.6,9,4.8
1979,4,3,38.8,21.7,6,4.4
1979,5,33,39.7,24.8,34,4.7
1979,6,35,41.1,28.3,35,4.1
1979,7,155,35.1,26.6,148,2.7
1979,8,127,33.4,25,121,-2.8
1979,9,14,35.5,23.4,14,-4.4
1979,10,4,34.5,19.8,4,-5.6
1979,11,18,28.6,16.1,17,-5.3
1979,12,3,23.9,10.1,4,-5.2
1980,1,0,23.1,7.5,1,-5.2
1980,2,2,27.6,11.5,2,-5.2
1980,3,12,31.1,15.9,12,-4.4
1980,4,0,39.8,23,1,-4.3
1980,5,3,43.2,27.9,3,-4.5
1980,6,70,39.4,27.7,67,-3.1
1980,7,207,33.2,26,140,-2.8
1980,8,151,33.4,24.9,133,-3.7
1980,9,34,35,23.6,59,-4.6
1980,10,4,34.8,19.7,15,-5.6
1980,11,2,29.4,12.9,9,-5.7
1980,12,12,23.7,8.9,16,-5.1
1981,1,8,22.2,8.5,11,-4.6
1981,2,1,27.3,11.2,4,-4.5
1981,3,24,30.5,16.1,24,-3.2
1981,4,0,38.5,22.1,2,-3.1
1981,5,15,41.3,26.1,15,-2.8
1981,6,59,41.6,28.8,57,-2.1
1981,7,257,33.3,26.3,154,-1.5
1981,8,129,32.6,25.2,127,-2.5
1981,9,69,35,24.4,100,-3
1981,10,0,34,18.8,20,-3.8
1981,11,26,27.6,11.9,34,-3.1
1981,12,0,23.9,8,6,-3.2
1982,1,19,22.2,9.3,23,-2.3
1982,2,4,23.3,10.8,7,-2.2
1982,3,16,28.9,14.4,18,-1.5
1982,4,11,35.9,21,12,-0.8
1982,5,33,37.4,24.5,33,1.9
1982,6,23,40.2,28,23,1.1
1982,7,168,36.4,27,160,-1.4
1982,8,339,32.2,25,127,-1
1982,9,16,35,23,102,-2.2
1982,10,23,34.2,19.8,54,-2.5
1982,11,22,28.1,14.1,34,-2.1
1982,12,5,24.4,9.6,12,-2.1
1983,1,7,21.8,7.6,11,-1.9
1983,2,3,24.3,9.7,6,-2
1983,3,1,30.7,15.5,4,-2.1
1983,4,16,33.7,19.8,18,-1
1983,5,57,39,24.8,56,2.5
1983,6,29,39.2,28.1,29,1.9
1983,7,287,35,25.9,155,2.5
1983,8,239,32.1,25.4,117,2.5
1983,9,148,33.5,24.2,115,2.8
1983,10,30,32.5,18.4,88,3.7
1983,11,0,29.2,10.3,43,4
1983,12,0,23.4,8.9,22,3.9
1984,1,2,21.2,7.3,13,3.5
1984,2,1,24,8,7,2.9
1984,3,0,34.7,16.6,4,2.3
1984,4,2,38.2,22,5,2.1
1984,5,1,43.5,27.1,3,1.2
1984,6,20,39.8,28.4,21,-1.6
1984,7,134,33.2,26.7,129,-2.6
1984,8,201,32.5,24,126,-3.4
1984,9,157,32.6,22.4,127,-2.6
1984,10,0,33.8,17.1,46,-2.4
1984,11,0,29.6,10.9,16,-2.8
1984,12,0,24.4,8.6,9,-2.9
1985,1,3,21.9,8.2,8,-2.8
1985,2,0,27.2,10,4,-2.9
1985,3,9,35.3,17.3,12,-2.5
1985,4,6,38,22,8,-2.1
1985,5,5,41.9,27,6,-2.3
1985,6,17,39.8,28.2,17,-2.9
1985,7,309,33.7,26.4,150,-1.5
1985,8,251,32.2,25.1,137,-1
1985,9,50,34,23.2,108,-1.7
1985,10,45,31.8,17.8,80,-0.8
1985,11,0,29.8,12.3,25,-0.9
1985,12,6,24.1,10.3,17,-0.6
1986,1,4,22,8.6,10,-0.7
1986,2,12,24.4,10.9,16,0.2
1986,3,3,31.5,16,6,-0.1
1986,4,0,37.9,21.6,3,-0.1
1986,5,29,39.6,25,29,0.9
1986,6,29,39.7,28.1,29,-0.3
1986,7,263,33.9,25.7,152,1
1986,8,133,33.1,24.5,135,-1.2
1986,9,36,34.7,23.6,82,-2.3
1986,10,11,33.5,18.8,26,-3.2
1986,11,0,30.3,13,9,-3.7
1986,12,1,23.2,7,6,-3.7
1987,1,16,22.9,8.6,19,-3
1987,2,8,27.3,12.1,10,-2.7
1987,3,5,32.7,17.3,7,-2.5
1987,4,0,38.5,22.2,2,-2.5
1987,5,45,38.4,24.3,44,-1
1987,6,24,41.1,28.8,24,-1.4
1987,7,62,37.6,27.3,60,-3.9
1987,8,160,35.1,25.7,152,-5
1987,9,38,35.9,24.5,37,-5.9
1987,10,5,35.4,19.5,5,-6.9
1987,11,0,31.4,11.6,1,-7.2
1987,12,9,24.2,8.8,9,-6.6
1988,1,4,24.2,9.3,5,-6.3
1988,2,1,27.7,12.1,2,-6.1
1988,3,6,32,16,7,-5.6
1988,4,4,39.4,22.8,4,-5
1988,5,3,42.7,27.8,4,-5.1
1988,6,42,40.3,28,40,-4.5
1988,7,231,33.5,26.3,136,-3.8
1988,8,315,32.4,24.9,120,-2.6
1988,9,91,34.5,24.4,121,-2.7
1988,10,7,34.2,18.4,73,-2
1988,11,0,29.6,11.8,22,-2.2
1988,12,1,24.8,8.5,11,-2.2
1989,1,24,21.7,6.9,30,-1.2
1989,2,0,25.9,9.6,5,-1.4
1989,3,9,31.4,15.8,12,-1.2
1989,4,0,37.3,20.2,3,-1.2
1989,5,0,41.8,25.7,2,-1.8
1989,6,15,39.1,27.1,16,-2.2
1989,7,132,35.8,25.6,127,-3.3
1989,8,340,33.2,24.3,127,-2.7
1989,9,58,34.4,23.3,112,-3.2
1989,10,0,34.8,18.1,55,-3.2
1989,11,2,30.3,12.3,18,-3.5
1989,12,0,23.2,8.5,9,-3.4
1990,1,0,26,9.2,6,-3.6
1990,2,31,24.6,11.8,33,-2.1
1990,3,0,29.7,15.3,3,-2.2
1990,4,1,37.6,21.5,3,-2.1
1990,5,21,39.7,26.5,22,-1.7
1990,6,45,39.5,28.1,44,-1.4
1990,7,238,33.4,25.9,149,-1
1990,8,263,32.5,25.1,122,-0.8
1990,9,206,32.6,24,117,2.2
1990,10,2,33.2,18,78,2.6
1990,11,5,29.7,12.4,41,2.8
1990,12,3,24.2,8.5,20,2.7
1991,1,0,21.7,7.3,9,2.2
1991,2,9,25.7,11.4,14,2.1
1991,3,1,31.6,16.7,5,1.7
1991,4,2,36.4,21,4,1.5
1991,5,12,41.1,26.8,13,1.2
1991,6,14,39.9,28.6,15,-1.2
1991,7,157,36.8,26.7,151,-2
1991,8,176,32.2,25.2,120,-2.9
1991,9,60,33.7,23.6,75,-3.5
1991,10,1,34.2,17.5,10,-4.7
1991,11,10,28.5,12.2,16,-4.7
1991,12,4,24.1,9,8,-4.5
1992,1,8,22.5,8.7,11,-4.1
1992,2,6,24.1,9.9,8,-3.8
1992,3,4,31.2,16.6,6,-3.6
1992,4,0,36.4,21.6,2,-3.4
1992,5,8,40.4,25.7,9,-3.4
1992,6,5,41.5,29.3,6,-4.1
1992,7,80,34.8,26.6,77,-5.6
1992,8,219,31.6,25.4,119,-5.9
1992,9,120,32.6,22.8,123,-5.3
1992,10,15,32.6,19.1,52,-4.9
1992,11,13,28.1,12.7,26,-4.6
1992,12,0,24.7,9.8,8,-4.4
1993,1,1,22.3,8.5,7,-4.3
1993,2,19,27.7,11.8,22,-3.4
1993,3,3,29.3,15.7,5,-3.3
1993,4,1,36.8,21.7,3,-3
1993,5,5,41.3,27.2,6,-3.2
1993,6,77,40.6,28.8,75,-1.7
1993,7,206,33.8,26.4,158,-1.8
1993,8,153,33.9,25.2,148,-3
1993,9,194,32.3,24.6,118,-1.7
1993,10,3,33.9,19.5,61,-1.4
1993,11,0,30.4,12.9,17,-1.6
1993,12,0,25.6,8.4,9,-1.7
1994,1,28,22.7,10.6,32,1.2
1994,2,5,25,11.2,8,0.9
1994,3,0,33.8,17.2,3,-0.3
1994,4,8,35.9,20.9,9,0.8
1994,5,8,41.8,27.2,9,-0.3
1994,6,51,39.8,28.5,49,0.7
1994,7,347,32.5,26,130,2.4
1994,8,303,31.3,25.2,121,3.5
1994,9,120,32.4,23.4,128,3.1
1994,10,0,33.3,17.9,76,3.4
1994,11,0,29.2,12.9,29,2.9
1994,12,0,24.7,8.8,13,2.4
1995,1,25,20.9,7.9,31,3
1995,2,8,25.5,11.6,13,2.8
1995,3,10,29.6,16,13,2.7
1995,4,2,35.8,21.3,5,2.4
1995,5,0,40.8,27.2,2,1.6
1995,6,10,41.8,29.9,11,-1.5
1995,7,250,35.2,27,165,-1.2
1995,8,497,31.2,25.9,112,3.2
1995,9,79,34,24.3,115,2.4
1995,10,2,34.3,20.1,68,2.4
1995,11,0,29.4,12.5,20,1.6
1995,12,3,23.7,10.1,12,1.2
1996,1,4,22.1,9,10,0.9
1996,2,8,26.6,12.1,12,0.8
1996,3,3,33.1,18.7,6,-1
1996,4,1,37.7,22,3,-1
1996,5,13,40.1,26.3,14,-1.1
1996,6,79,39.2,29.5,77,1.2
1996,7,181,35,26.4,150,0.6
1996,8,334,31.2,24.7,111,1.2
1996,9,243,33.2,24.3,125,2.9
1996,10,21,32.5,19.5,83,3.6
1996,11,0,29.3,11.1,44,3.8
1996,12,0,25,7,19,3.6
1997,1,1,22.4,6.8,11,3.1
1997,2,0,25.9,9.6,6,2.5
1997,3,1,31.3,17.1,5,2
1997,4,8,35.4,20.9,11,2.2
1997,5,22,38.3,24.4,23,2.3
1997,6,44,37.6,26,43,2.3
1997,7,139,35,26.5,133,1.1
1997,8,291,31.9,24.5,136,0.6
1997,9,94,32.7,23.5,118,-1.4
1997,10,19,30.8,15.8,62,-0.7
1997,11,18,26.3,13.5,42,1.2
1997,12,5,20,8.8,21,1.6
1998,1,0,22.1,7.5,10,1.3
1998,2,7,25.7,11,13,1.3
1998,3,11,30.4,15.2,15,1.5
1998,4,5,37.4,22.5,8,1.5
1998,5,2,41.8,27,5,0.8
1998,6,53,40.7,28.5,52,1.2
1998,7,254,34.2,26.9,152,1.4
1998,8,139,33.1,25.3,136,-1.1
1998,9,190,32.7,24.5,129,0.9
1998,10,20,31.8,20.6,75,1.7
1998,11,11,28.8,13.2,46,2.5
1998,12,0,25.4,7.5,19,2.6
1999,1,5,21.6,7.1,15,2.5
1999,2,7,26.5,12.3,13,2.3
1999,3,0,33.5,16.7,4,1.8
1999,4,0,39.5,21.6,3,1.5
1999,5,8,39.7,26.2,10,1
1999,6,39,38.9,27.6,39,0.9
1999,7,150,34.4,25.6,144,-1.5
1999,8,122,32.9,25.1,117,-3.1
1999,9,99,34.1,24.5,95,-3
1999,10,34,33.6,19.7,33,-3.5
1999,11,0,31.1,13.1,1,-4.2
1999,12,0,25.2,8.3,1,-4.3
2000,1,3,23.5,8.2,3,-4.3
2000,2,6,24.4,9.6,6,-4.1
2000,3,3,31.9,15.2,3,-4
2000,4,1,39.7,23.7,1,-3.9
2000,5,18,40.6,27.6,18,-3.5
2000,6,20,38.7,27.7,19,-3.7
2000,7,246,34,25.7,141,-3
2000,8,188,33.1,25.6,138,-3.5
2000,9,34,34.2,23.9,95,-4.2
2000,10,1,35.8,19.6,29,-4.8
2000,11,1,30.5,13.4,14,-4.9
2000,12,0,26.4,8.3,7,-4.8
2001,1,3,21.8,7.8,7,-4.6
2001,2,3,27,11.9,6,-4.4
2001,3,3,32.5,16.6,6,-4.1
2001,4,7,37.3,21.9,8,-3.4
2001,5,48,40.4,26.8,47,-1.9
2001,6,94,36.6,27.6,90,3.1
2001,7,329,33.1,26,135,4.2
2001,8,173,32.9,25.4,140,3.3
2001,9,23,34,24.8,98,1.8
2001,10,9,34.5,20.4,47,1
2001,11,0,30.1,13.5,15,-2.5
2001,12,0,23.7,11.1,8,-2.6
2002,1,3,22.9,7.7,8,-2.5
2002,2,9,26,10.9,12,-2.2
2002,3,1,34.3,16.2,4,-2.3
2002,4,1,38.8,23.8,3,-2.2
2002,5,4,42.7,27.1,5,-2.6
2002,6,21,39.8,29.1,21,-2.8
2002,7,22,36.5,27,22,-5.7
2002,8,137,32.2,26.9,129,-6.6
2002,9,118,31.5,25.1,113,-6
2002,10,0,33.8,20.9,1,-7.1
2002,11,5,29.6,14.1,6,-7.1
2002,12,3,24.6,11,4,-6.9
2003,1,9,23.2,6.6,9,-6.3
2003,2,20,25.8,11.3,20,-5.3
2003,3,1,32.4,15.9,2,-5.1
2003,4,0,38.9,22.6,1,-4.9
2003,5,4,40.2,26.6,5,-4.9
2003,6,66,39.9,29.5,63,-3.7
2003,7,399,33.2,26.1,130,-0.9
2003,8,134,31.9,25.6,112,-1.4
2003,9,98,32.9,23.4,109,-1.4
2003,10,10,34,18.6,79,2.3
2003,11,1,29.3,13,33,2.1
2003,12,2,23.9,9,16,1.8
2004,1,6,22.3,8.4,13,1.6
2004,2,0,28.2,10.3,5,1.1
2004,3,0,36.7,17.4,4,0.6
2004,4,2,39.8,23.5,5,0
2004,5,15,41.5,26,17,-0.7
2004,6,41,37.7,28.5,40,-0.6
2004,7,51,35.6,27.7,50,-3
2004,8,363,32.3,24.8,118,-2.1
2004,9,12,35.4,23.9,94,-3.2
2004,10,25,32.3,18.7,58,-3.2
2004,11,0,30.5,12.8,14,-3.4
2004,12,0,25.7,9.1,8,-3.5
2005,1,2,22.3,7.2,7,-3.4
2005,2,12,24.6,11.6,15,-2.9
2005,3,11,33.6,16.6,13,-2.4
2005,4,4,37.1,21.5,6,-2.1
2005,5,5,38.8,25.9,6,-2.2
2005,6,29,40.2,29.8,29,-2.3
2005,7,258,33.8,26.6,150,-1.6
2005,8,84,33.9,25.1,119,-3.2
2005,9,181,32.9,25,136,-2.3
2005,10,0,33,19.1,50,-2.2
2005,11,0,29.5,13.1,16,-2.6
2005,12,0,23.1,8,9,-2.7
2006,1,0,22.4,10.1,6,-2.8
2006,2,0,29.5,13.8,4,-2.9
2006,3,19,32,15.5,21,-2
2006,4,1,37.4,23.3,3,-1.9
2006,5,23,41.1,27.5,24,-1.4
2006,6,61,37.8,28.5,60,1.4
2006,7,205,34.8,26.3,152,1
2006,8,223,31.1,26.2,135,-0.7
2006,9,128,33.3,24.1,131,0.1
2006,10,4,33.4,20.5,68,0.5
2006,11,1,28.8,14.6,19,0.2
2006,12,1,23.9,9.8,10,-0.2
2007,1,2,23.9,7.5,8,-0.2
2007,2,31,26.4,11.9,33,1.1
2007,3,15,32.6,15.2,18,1.4
2007,4,3,39.8,23.5,5,1.3
2007,5,21,39.3,26.8,21,1.3
2007,6,61,39.6,28.9,60,1.8
2007,7,207,34.4,27.1,154,1.4
2007,8,186,32.9,26,134,-1.1
2007,9,126,33.5,25.3,122,-0.8
2007,10,0,33.6,18.9,43,-0.9
2007,11,1,31.4,12.7,16,-1.3
2007,12,0,22.9,9.3,8,-1.5
2008,1,1,20,9.7,6,-1.7
2008,2,1,25.1,9,4,-1.8
2008,3,1,35.7,17.7,4,-1.9
2008,4,9,37.6,21.3,11,-1.3
2008,5,35,38.4,26.6,35,1.1
2008,6,92,36.4,27.8,89,2.9
2008,7,149,33.9,27.1,142,1.8
2008,8,240,31.8,25.3,123,0.9
2008,9,107,32.9,25,116,0.7
2008,10,0,35,20,48,-1.4
2008,11,16,30.7,13.2,31,-1.4
2008,12,2,26.2,10.4,11,-1.5
2009,1,1,23.8,9.7,7,-1.7
2009,2,2,27.7,13.3,6,-1.9
2009,3,5,34.3,17.5,8,-1.8
2009,4,1,38.8,22.2,3,-1.7
2009,5,38,41.2,28.2,38,-0.7
2009,6,18,40.4,29.6,19,-1.3
2009,7,235,34.8,27.7,159,-1.1
2009,8,134,34,26.2,133,-2.3
2009,9,90,33.9,24.9,108,-2.6
2009,10,10,33.7,19.9,23,-3.5
2009,11,11,28.8,13.4,18,-3.4
2009,12,1,24.8,10.3,6,-3.4
2010,1,2,24.3,7,5,-3.4
2010,2,9,27.6,11.9,11,-3.1
2010,3,0,36.5,18.7,2,-3.1
2010,4,2,41.1,25.1,3,-2.9
2010,5,2,42.3,28.4,3,-3.3
2010,6,20,39.8,30,20,-3.6
2010,7,175,34.8,27.4,148,-3.7
2010,8,357,31.7,26.6,115,-2.5
2010,9,213,31.8,24.6,112,-0.7
2010,10,3,34.2,20.4,80,2.7
2010,11,38,30.5,13.3,53,3.9
2010,12,2,23.5,8.2,25,4
2011,1,0,21.9,6.8,14,3.6
2011,2,22,25.7,12.5,28,4.1
2011,3,1,33.4,17.1,6,3.5
2011,4,1,36.9,21.9,5,3.2
2011,5,17,40.9,27.6,18,2.9
2011,6,48,37.6,29.5,48,3
2011,7,201,34.2,27,138,2.6
2011,8,276,32.1,25.9,119,2.5
2011,9,207,32.5,24.1,126,3.6
2011,10,0,33.5,19.7,79,3.8
2011,11,0,31.4,14,37,3.6
2011,12,0,24.6,9.6,15,3.2
2012,1,4,20.4,7.9,12,2.8
2012,2,0,23.7,11.7,6,2.2
2012,3,0,31.8,17,4,1.7
2012,4,7,37.3,22.2,9,1.8
2012,5,19,41,27.2,20,1.7
2012,6,12,40.4,30.5,13,0.6
2012,7,125,35.7,27.6,120,-2.2
2012,8,405,31.7,25.3,105,-0.7
2012,9,254,32.7,24.5,123,3.2
2012,10,1,32.3,20.1,78,3.4
2012,11,1,28.3,13.1,37,3.3
2012,12,2,23.5,10.2,17,3.1
2013,1,5,22.2,7,14,2.7
2013,2,20,27.4,9.5,24,3
2013,3,5,33.1,16.7,8,2.6
2013,4,2,37.1,22.2,5,2.4
2013,5,1,41.5,27.5,4,1.5
2013,6,67,37.8,28.5,66,2.3
2013,7,386,33.6,26.8,129,4.3
2013,8,273,31.4,25.7,116,4.9
2013,9,110,33,25.4,122,4.3
2013,10,46,33,20.2,88,5.4
2013,11,4,28.2,13,45,5.5
2013,12,6,24.1,9.5,25,5.5
2014,1,22,21.5,8.3,31,6
2014,2,15,24.2,11,21,5.8
2014,3,6,31.2,15.8,10,5.3
2014,4,5,36.9,21.6,8,5
2014,5,24,39.2,26,25,4.9
2014,6,23,40.5,30.3,24,3.9
2014,7,187,34.7,28.4,163,2.9
2014,8,224,33.4,26.3,137,1.9
2014,9,121,33.3,23.9,124,1.7
2014,10,6,33.7,20.3,49,1.6
2014,11,0,29.9,14.1,15,1
2014,12,1,22.4,8.9,9,0.7
2015,1,13,21,7.7,18,0.9
2015,2,1,27.5,12.4,4,-1.3
2015,3,25,31.1,15.6,26,0.9
2015,4,9,37.1,21.8,11,1.3
2015,5,5,41,28,7,0.7
2015,6,43,37.7,29.4,42,1
2015,7,303,33,27.1,152,1.8
2015,8,252,32,26.5,129,2.1
2015,9,31,34.5,25.2,104,0.8
2015,10,2,34.4,20.5,42,-1.8
2015,11,1,29.7,15.1,15,-2.1
2015,12,1,23.8,9.8,9,-2.2
2016,1,1,24,9,6,-2.3
2016,2,2,27.6,12.2,5,-2.4
2016,3,6,34,17.7,8,-2.2
2016,4,0,39.4,23.2,3,-2.1
2016,5,11,42,27.2,12,-1.6
2016,6,40,41,29.1,40,-1
2016,7,250,34.7,26.3,137,1.6
2016,8,385,32.5,25,120,2.4
2016,9,105,34.5,24.4,123,1.2
2016,10,15,34.7,19.5,78,1
2016,11,1,30.4,13,32,-1.4
2016,12,0,25.9,10.1,13,-1.6
2017,1,7,23.3,8.3,14,-1.2
2017,2,1,27.9,12.6,6,-1.4
2017,3,8,33.5,17.2,11,-1.1
2017,4,4,39.3,23.1,6,-1.2
2017,5,22,41.8,26.9,23,-0.9
2017,6,78,37.5,27.5,76,1.1
2017,7,177,34.3,26,151,-0.7
2017,8,186,33.3,25.7,136,-1.8
2017,9,89,34.6,24.5,102,-2.2
2017,10,1,35.6,20.3,17,-3.6
2017,11,6,29.6,12.3,14,-3.9
2017,12,5,25.1,9.4,11,-3.9
2018,1,1,24,9,5,-3.8
2018,2,1,28.1,12.8,4,-3.8
2018,3,1,34.4,18.2,3,-3.7
2018,4,4,39,22.8,6,-3.2
2018,5,12,42.2,27.4,13,-3.1
2018,6,48,40.1,28.3,47,-1.5
2018,7,273,34.6,26.2,140,-1.1
2018,8,253,32.9,25.4,126,-1.2
2018,9,158,33.4,23.3,118,2.9
2018,10,1,34.6,19.4,73,3.2
2018,11,1,30.6,13.3,39,3.3
2018,12,2,23.7,8,19,3
2019,1,5,22,7.5,14,2.2
2019,2,11,24.8,9.8,16,2.2
2019,3,6,31,15.2,9,2
2019,4,13,38.9,23,16,2.6
2019,5,13,40.6,26.1,15,2.3
2019,6,24,40.9,29.3,25,1.8
2019,7,215,35.4,27.1,160,1.4
2019,8,280,32.9,25.5,113,1.4
2019,9,175,33.9,23.8,112,2.3
2019,10,3,33.6,18.6,69,2.7
2019,11,22,30.8,13.7,50,3.6
2019,12,5,21.9,6.1,27,4
