Product: Historical Climate - TerraClimate(http://www.climatologylab.org/terraclimate.html) 
Location (Lat/Lon of 4-km Grid Cell Center): 25.4375 North,75.6458 East 
Data Source: NW Climate Toolbox(https://climatetoolbox.org/tool/point-data-download)
Download Date: 07/25/2020
Variable List: 
ppt: ppt (Precipitation)
tmax: tmax (Maximum Temperature)
tmin: tmin (Minimum Temperature)
aet: aet (Actual Evapotranspiration)
PDSI: pdsi (Palmer Drought Severity Index (PDSI))
********************************************************
Year,Month,ppt(mm),tmax(degC),tmin(degC),aet(mm),PDSI(unitless)
1958,1,4,25.3,11.2,10,1.7
1958,2,0,27.9,11.8,4,1.4
1958,3,2,34.5,18.5,4,1.1
1958,4,0,39.8,24.8,2,0.9
1958,5,1,41.9,28.5,3,-0.3
1958,6,33,41.6,28.7,32,-1
1958,7,360,32.4,26.7,125,1.4
1958,8,218,32.4,25.5,116,1.5
1958,9,288,30.5,25,111,4
1958,10,5,32.5,19.9,70,4.2
1958,11,8,29.8,13.9,35,4.7
1958,12,2,25.6,11.5,12,4.4
1959,1,7,23.4,9.3,13,4.1
1959,2,0,27.2,11,4,3.6
1959,3,0,35.9,17.6,3,2.9
1959,4,1,38.5,23,3,2.7
1959,5,22,41.4,28.1,23,3.2
1959,6,62,39.5,29.3,61,3.2
1959,7,361,32.3,26.1,136,4.1
1959,8,267,30.2,24.5,111,4.6
1959,9,238,31,24.8,107,6
1959,10,17,33.3,21.2,71,6.2
1959,11,4,30.1,13.5,37,6.8
1959,12,0,26.2,9.9,12,6.3
1960,1,3,23.1,8.4,9,5.7
1960,2,0,31.4,12.1,4,5.1
1960,3,6,32.3,17.2,9,4.6
1960,4,3,37.2,22,5,4.3
1960,5,11,41.8,27.3,12,4.1
1960,6,56,39.8,28.6,55,3.7
1960,7,215,33.8,26.1,156,3
1960,8,293,30.1,24.6,113,3
1960,9,50,34,24.7,102,1.8
1960,10,7,33.7,19.5,41,1
1960,11,0,30.6,11.9,12,-1.7
1960,12,4,26.5,10.5,10,-1.6
1961,1,26,23.6,9.8,28,1.1
1961,2,3,25.1,10.5,6,1.1
1961,3,0,34.7,18.3,2,0.6
1961,4,3,37.5,22.1,5,0.6
1961,5,3,41.3,27.9,5,-0.2
1961,6,31,38.5,27.8,30,-0.8
1961,7,214,32.5,26.1,138,-1
1961,8,221,30.9,25.1,122,-1.3
1961,9,441,30.9,24.8,108,5.1
1961,10,12,32.2,19.2,82,5.4
1961,11,3,28.2,13.6,25,5.4
1961,12,8,23.9,7.8,17,5.3
1962,1,1,23,6.9,7,4.7
1962,2,0,27.7,12.2,4,4.1
1962,3,12,33.2,17.3,14,4.1
1962,4,3,38.4,22.9,5,3.7
1962,5,2,41.8,28,4,3.1
1962,6,4,40.6,27.9,5,1.4
1962,7,347,33.7,26.6,144,2.2
1962,8,219,31.7,24.9,130,2.1
1962,9,209,31.2,24.5,128,3.1
1962,10,0,32.9,17.4,72,3.3
1962,11,4,30.5,13.1,25,3.4
1962,12,6,24.9,10.4,15,3.3
1963,1,1,24.4,7.3,7,2.9
1963,2,1,30,12.5,5,2.5
1963,3,3,33.5,17,5,2
1963,4,3,36.8,22.4,5,1.9
1963,5,2,40.4,27.3,4,1.5
1963,6,20,39,28.4,20,-1.5
1963,7,194,34.9,26.7,148,-1.8
1963,8,334,30.8,25,113,-0.9
1963,9,126,32.2,23.6,125,-0.9
1963,10,7,34.4,20.3,82,1.3
1963,11,3,30.5,16.2,20,1.2
1963,12,1,26.3,9.6,9,1
1964,1,0,22.5,7,5,0.6
1964,2,0,27.7,11.5,3,-0.2
1964,3,1,36.1,18.8,4,-0.8
1964,4,0,39.3,24.1,2,-0.8
1964,5,19,41,27,19,0.6
1964,6,55,39.3,28.3,53,0
1964,7,185,32.7,26.1,137,-0.5
1964,8,254,31,24.9,117,-0.7
1964,9,86,31.8,24.7,113,-1.2
1964,10,1,34,19.4,55,-0.9
1964,11,0,30.1,11.6,14,-1.4
1964,12,1,25.6,9.4,8,-1.7
1965,1,5,25.5,11,9,-1.6
1965,2,2,27.9,11.7,5,-1.6
1965,3,9,33.1,16.9,11,-1.4
1965,4,2,35.8,22.2,3,-1.3
1965,5,1,40.6,27.7,3,-1.5
1965,6,20,40.3,28.9,20,-2.5
1965,7,249,33.7,26.7,153,-2.3
1965,8,79,32.2,24.6,110,-3.7
1965,9,113,32.9,23.8,122,-3.8
1965,10,6,34.5,21,20,-4.7
1965,11,0,31.5,14.5,7,-4.7
1965,12,1,25.7,8.8,5,-4.6
1966,1,1,25.1,9.6,4,-4.5
1966,2,1,30,14.1,3,-4.2
1966,3,1,33.8,16.2,3,-4.2
1966,4,1,37.8,22.7,2,-3.9
1966,5,6,41.2,27.4,7,-3.6
1966,6,84,38.7,28.1,81,-2.5
1966,7,159,35.7,26.8,152,-3.1
1966,8,229,31.2,24.5,132,-3.8
1966,9,65,32.9,23.9,105,-4.4
1966,10,2,35.6,20.3,18,-5.2
1966,11,4,29.4,15.9,12,-5.2
1966,12,0,26.2,7.9,5,-5.1
1967,1,0,23.4,6.8,3,-4.8
1967,2,0,30.9,12.3,2,-4.4
1967,3,51,31.7,17.3,50,-1.7
1967,4,0,36.8,22,2,-1.6
1967,5,1,41.4,27.4,2,-1.8
1967,6,85,39.5,27.9,82,-0.8
1967,7,252,33.5,26.5,149,-0.7
1967,8,321,30.3,24.6,116,2.8
1967,9,209,31.4,23.8,120,3.8
1967,10,5,34.6,19.4,76,4.1
1967,11,0,30.3,14.9,22,3.9
1967,12,18,25.7,10.9,27,4.3
1968,1,2,22.1,9,8,3.8
1968,2,1,26.1,10.2,4,3.4
1968,3,16,34.1,16.8,17,3.5
1968,4,0,38,21.6,2,3.1
1968,5,2,40.6,26.5,4,2.5
1968,6,4,40.1,28.8,5,0.8
1968,7,300,34,26.2,142,1.2
1968,8,249,31.4,24.4,129,1.5
1968,9,16,35.2,24.1,98,-1.9
1968,10,2,34.6,19.7,17,-2.9
1968,11,0,31.8,13.2,8,-3
1968,12,0,25.9,9.8,5,-3
1969,1,5,24,10.2,8,-2.8
1969,2,0,28,12.9,3,-2.6
1969,3,1,35.9,20.5,3,-2.6
1969,4,0,38.3,22.7,2,-2.5
1969,5,2,40.6,27.6,3,-2.5
1969,6,23,40.2,29,23,-3.1
1969,7,368,34.3,26.3,150,-1.6
1969,8,289,31.5,24.6,121,2.1
1969,9,85,32.7,24.9,116,1.3
1969,10,0,35.7,20.3,50,1.2
1969,11,1,31.7,15.4,15,0.7
1969,12,0,27.3,9.6,7,-0.1
1970,1,9,24,10.2,13,0.1
1970,2,8,26.6,12.3,11,0.4
1970,3,6,32.6,17.7,8,0
1970,4,1,39.4,24.1,3,0
1970,5,5,42.2,29.3,6,-0.1
1970,6,107,37.9,27.5,103,1.7
1970,7,209,34.6,26.1,157,1.1
1970,8,334,30.9,25.1,122,1.7
1970,9,172,31.9,24.7,122,2.2
1970,10,4,34.6,20.3,75,2.6
1970,11,0,30.4,11.8,22,2.7
1970,12,0,26.2,8.9,10,2.5
1971,1,2,22.7,8.8,7,2.2
1971,2,1,28.6,11,5,2
1971,3,0,34.2,16.3,3,1.5
1971,4,0,39.3,23.9,2,1.3
1971,5,11,39.9,27.1,12,1.5
1971,6,176,36.1,27.5,169,4.6
1971,7,453,31.8,25.8,132,6.5
1971,8,214,30.3,24.7,122,5.9
1971,9,310,32.6,24.2,116,8.2
1971,10,14,32.9,20,78,8.2
1971,11,0,30.2,13.2,27,8.1
1971,12,0,26,8.9,11,7.3
1972,1,0,24.5,9.1,6,6.5
1972,2,5,24.9,9.4,9,6.1
1972,3,0,34.4,17.7,3,5.2
1972,4,0,37.3,22.4,2,4.6
1972,5,1,42.2,28,2,3.8
1972,6,59,41,28.6,57,3.5
1972,7,89,34.6,26.8,86,1.5
1972,8,251,30.9,25.1,125,-2.7
1972,9,53,33.8,22.6,107,-3.4
1972,10,1,34.8,19.6,27,-3.9
1972,11,0,31.4,13.3,11,-3.8
1972,12,0,26.1,10.2,6,-3.6
1973,1,5,23.7,8.9,9,-3.3
1973,2,1,29,13.1,4,-3
1973,3,0,34,17.5,2,-3.1
1973,4,0,40.4,24.4,2,-2.9
1973,5,3,42.8,29.2,5,-2.8
1973,6,42,39,29.3,41,-3
1973,7,343,33.4,26.1,145,-1.7
1973,8,373,30.5,24.9,117,3
1973,9,161,32.3,23.8,114,3.3
1973,10,10,33.4,19.5,75,3.7
1973,11,0,30.6,12.3,26,3.9
1973,12,3,24.2,8.8,13,3.5
1974,1,0,23.8,7.7,6,3
1974,2,0,26.8,10.5,4,2.6
1974,3,0,36,18.6,3,2
1974,4,1,39.5,24,3,1.8
1974,5,9,40.7,27.7,10,1.8
1974,6,28,39.4,28.4,28,0.7
1974,7,404,34.2,26.6,149,2.2
1974,8,246,32.2,25.2,118,2.6
1974,9,27,35.2,25.2,85,1.2
1974,10,77,33.7,21.4,92,2
1974,11,0,30.3,12.3,18,2.1
1974,12,7,24.6,9.3,15,2.1
1975,1,2,22.2,8.5,7,1.9
1975,2,0,26.9,11.2,4,1.6
1975,3,1,33.1,16.8,3,1.2
1975,4,1,39.1,22.9,2,1
1975,5,10,42,28.9,11,1.1
1975,6,65,38.6,27.5,63,1.1
1975,7,262,32.9,25.8,150,1.1
1975,8,378,30.8,25.2,131,2.7
1975,9,300,30.5,24.9,136,5
1975,10,26,32.5,21.1,84,5.6
1975,11,0,29.7,11.4,31,6
1975,12,0,26.2,8.7,11,5.4
1976,1,2,24.1,10.3,9,4.8
1976,2,2,27.1,12.9,6,4.4
1976,3,1,32.8,18.3,4,3.6
1976,4,1,37,22.2,3,3.3
1976,5,9,41.1,27.6,11,3
1976,6,71,37.7,27.6,69,3.2
1976,7,239,33.9,26.7,153,2.7
1976,8,242,30.3,24.3,119,2.4
1976,9,160,32,23.5,124,2.6
1976,10,0,34.9,20.3,78,3
1976,11,11,31.7,16,29,3.1
1976,12,1,26.2,10.4,9,2.8
1977,1,5,23.6,8.8,10,2.5
1977,2,5,28.5,13,8,2.4
1977,3,3,36.8,18.5,6,2
1977,4,9,37.6,23.5,10,2.3
1977,5,10,39.8,27.6,11,2.2
1977,6,129,38.4,28,124,3.8
1977,7,216,32.1,25.8,162,3
1977,8,250,31,24.7,123,2.4
1977,9,188,31.7,24.1,141,2.9
1977,10,5,35.2,20.5,86,3.3
1977,11,9,31.7,16.5,24,3.1
1977,12,0,27,10.7,8,2.7
1978,1,1,23.5,8.5,6,2.2
1978,2,9,26.3,12.1,12,2.4
1978,3,14,31.5,17.2,16,2.6
1978,4,2,38,23.4,4,2.3
1978,5,0,43.1,29.6,1,1.7
1978,6,130,38.7,28.5,125,3.6
1978,7,338,32.2,25.7,133,4.3
1978,8,372,30.6,24.5,124,5.8
1978,9,49,32.4,24.7,98,4.3
1978,10,2,34.4,20.1,38,3.3
1978,11,3,30.9,15.5,15,2.8
1978,12,7,26,9.6,14,2.7
1979,1,10,24.2,10.4,13,2.7
1979,2,7,25.7,11.9,10,2.7
1979,3,2,32.1,16.8,5,2.2
1979,4,1,39,23,3,1.9
1979,5,16,40.2,26.9,16,2.3
1979,6,54,40.8,29,52,1.9
1979,7,224,34.1,27.1,165,1.4
1979,8,231,31.8,24.8,141,-1.1
1979,9,20,34.9,24.5,102,-2.4
1979,10,11,34.7,21.6,25,-3.3
1979,11,11,29.8,18.4,18,-3
1979,12,8,25.5,12.1,13,-2.6
1980,1,0,24.4,9.5,4,-2.6
1980,2,1,29.2,13,3,-2.5
1980,3,7,33.1,18.3,9,-2.2
1980,4,0,39.8,24.2,2,-2.2
1980,5,1,43.2,29.6,2,-2.3
1980,6,76,38.6,27.8,73,-1.4
1980,7,186,32.5,26.7,147,-1.8
1980,8,186,32.2,24.8,136,-2.7
1980,9,55,34.5,24.6,89,-3.6
1980,10,1,35.3,21.6,14,-4.6
1980,11,0,30.7,15.3,7,-4.6
1980,12,21,25.2,10.7,24,-3.3
1981,1,5,23.2,10.3,8,-3
1981,2,0,29,12.8,2,-2.9
1981,3,24,32.4,18.4,24,-1.8
1981,4,0,39,23.9,1,-1.7
1981,5,5,41.7,28.2,6,-1.7
1981,6,44,41.2,29.4,43,-1.9
1981,7,254,32.4,26.8,161,-1.8
1981,8,162,31.3,25.1,123,-2.6
1981,9,107,34.3,25.3,127,-2.7
1981,10,2,34.3,20.7,52,-2.2
1981,11,11,28.6,13.7,24,-2
1981,12,0,25.6,9.9,7,-2.1
1982,1,25,23.2,11.1,28,-1
1982,2,3,25,12.6,6,-0.9
1982,3,9,30.8,16.7,11,-0.7
1982,4,5,36.4,22.7,7,0.2
1982,5,15,38.1,26.9,15,1.4
1982,6,23,39.7,28.5,23,-1
1982,7,207,35.3,27.2,166,-1.4
1982,8,319,31.1,25.1,124,-0.9
1982,9,20,34.3,24,102,-2.2
1982,10,16,34.5,21.6,30,-2.9
1982,11,12,28.9,16,19,-2.5
1982,12,5,26.1,11.5,9,-2.4
1983,1,2,22.9,9.4,5,-2.4
1983,2,0,25.9,11.4,3,-2.3
1983,3,0,32.3,17.5,2,-2.5
1983,4,11,34.4,21.7,12,-1.6
1983,5,24,39.9,27.3,24,1.6
1983,6,32,39.2,28.9,32,0.9
1983,7,286,34.3,26.4,158,1
1983,8,203,31,25.5,115,0.8
1983,9,122,32.8,25.3,118,0.7
1983,10,28,32.4,19.9,87,1.8
1983,11,0,29.7,11.7,28,2.5
1983,12,0,24.5,10.3,11,2.2
1984,1,5,22.3,9.1,10,2
1984,2,0,25.6,9.5,4,1.7
1984,3,0,36.1,18.3,3,1.2
1984,4,0,38.8,23.7,2,1
1984,5,0,43.5,28.8,2,-0.4
1984,6,16,39.2,28.8,16,-2
1984,7,143,33.2,26.3,137,-2.9
1984,8,249,30.9,23.9,121,-3.4
1984,9,201,31.8,23.3,133,-2.1
1984,10,1,34.1,18.9,83,-1.3
1984,11,0,30.7,12.9,15,-1.4
1984,12,0,26.3,10.4,8,-1.4
1985,1,1,23.1,10.1,5,-1.5
1985,2,0,28.2,11.9,3,-1.5
1985,3,12,36.9,19.1,14,-1.1
1985,4,4,38.3,23.5,5,-0.8
1985,5,4,42.2,29.1,6,-0.9
1985,6,18,39.3,28.6,18,-2
1985,7,226,32.9,26.9,162,-2.1
1985,8,270,30.9,25,133,-2
1985,9,45,33.5,24.3,110,-2.9
1985,10,53,32.1,19.6,76,-2.4
1985,11,0,30.9,14.3,10,-2.5
1985,12,7,25.9,12.3,13,-2.1
1986,1,4,23.2,10.6,8,-2
1986,2,3,26.3,12.7,6,-1.7
1986,3,2,33.5,18.3,4,-1.8
1986,4,0,38.8,23.6,2,-1.8
1986,5,17,40.8,27.8,17,-1.1
1986,6,36,39.4,28.8,36,-1.5
1986,7,467,33.1,26.2,155,2.3
1986,8,183,31.8,24.4,140,1.5
1986,9,15,34.4,24.9,98,-1.8
1986,10,5,34.2,20.9,20,-3
1986,11,0,31.5,15.1,8,-3.3
1986,12,0,25.1,9,5,-3.3
1987,1,12,24,10.7,15,-2.7
1987,2,1,28.8,13.6,4,-2.5
1987,3,7,34.2,19.3,8,-2.3
1987,4,0,39,23.8,1,-2.2
1987,5,20,39.7,27.2,20,-1.2
1987,6,59,40.8,29.5,57,-1.1
1987,7,88,36.5,27.5,84,-3.1
1987,8,155,34.1,25.9,147,-4.2
1987,9,17,35.2,25.4,16,-5.9
1987,10,20,35.9,21.3,19,-6.5
1987,11,0,32.5,13.8,1,-6.6
1987,12,19,25.7,10.3,19,-5.4
1988,1,8,25.4,11.3,8,-4.9
1988,2,0,29.6,14,0,-4.7
1988,3,5,33.9,18.2,5,-4.4
1988,4,1,39.9,24.5,2,-4.1
1988,5,1,43.1,29.9,1,-4.1
1988,6,90,40.2,28.9,86,-2.7
1988,7,290,32.7,26.8,132,-2
1988,8,225,31.6,25.3,120,-1.5
1988,9,148,34.1,25.6,142,-1.3
1988,10,13,34.4,20,89,2.2
1988,11,0,30.7,13.8,18,2
1988,12,0,26.7,10.5,9,1.7
1989,1,14,23,8.9,19,2
1989,2,0,27.9,11.3,3,1.7
1989,3,22,33.1,17.9,23,2.3
1989,4,0,38.1,22,2,1.9
1989,5,0,42.6,28,2,1.3
1989,6,22,38.9,27.7,22,-1.2
1989,7,116,34.8,25.8,111,-2.4
1989,8,318,32.1,24.4,123,-2.3
1989,9,33,33.9,24.3,105,-3.3
1989,10,0,35.2,19.9,21,-4.3
1989,11,0,31.9,14.7,9,-4.3
1989,12,0,25.2,10.6,6,-4.1
1990,1,0,27.1,10.9,4,-4
1990,2,12,26.6,13.7,14,-3
1990,3,0,31.6,17.7,2,-3.1
1990,4,0,38.5,23.5,2,-2.9
1990,5,14,40,28.4,15,-2.2
1990,6,83,38.6,28.2,80,-1.2
1990,7,204,32.4,26.3,148,-1.5
1990,8,215,31.5,25.2,113,-2
1990,9,160,31.9,24.8,117,-1.2
1990,10,1,33.7,19.9,80,1.1
1990,11,2,30.8,14.6,20,1
1990,12,4,26.1,10.5,12,1
1991,1,1,22.9,9.2,6,0.7
1991,2,5,27.7,13.2,8,0.8
1991,3,1,33.5,19,3,-0.3
1991,4,2,37.3,23,4,0
1991,5,1,41.8,29.2,3,-0.6
1991,6,14,39.6,29.4,14,-1.6
1991,7,321,35.6,26.8,162,-0.9
1991,8,225,31,25.3,121,-0.5
1991,9,62,33.2,24.6,111,-1.3
1991,10,0,34.8,19.5,36,-1.9
1991,11,13,30,14.6,25,-1.5
1991,12,4,25.9,10.9,11,-1.4
1992,1,3,23.7,10.5,7,-1.4
1992,2,1,25.7,11.5,4,-1.3
1992,3,2,33.1,18.8,4,-1.5
1992,4,0,37,23.3,2,-1.4
1992,5,6,41.3,28.2,7,-1.3
1992,6,9,41.4,30.2,9,-2.5
1992,7,129,34.4,27.3,124,-3.5
1992,8,268,30.6,25.6,120,-3.9
1992,9,153,31.9,23.7,136,-3.2
1992,10,35,33,21.1,89,-1.5
1992,11,9,29.3,14.8,41,2.9
1992,12,0,26.3,11.6,12,2.6
1993,1,0,23.9,10.8,7,2.2
1993,2,7,29.1,13.1,11,2.3
1993,3,1,31.2,18,4,1.7
1993,4,0,37.5,23.7,2,1.5
1993,5,4,41.9,29.5,5,1.1
1993,6,89,40.4,29.6,86,1.9
1993,7,283,33.1,26.9,161,1.9
1993,8,165,32.7,25.1,151,0.7
1993,9,238,31.9,25.7,124,2.4
1993,10,7,34.4,21.4,81,2.9
1993,11,0,31.4,14.9,20,2.6
1993,12,0,27.1,10,9,2.2
1994,1,32,23.8,12.4,36,3.4
1994,2,2,26.6,12.6,6,3.1
1994,3,0,35.4,19.1,3,2.4
1994,4,6,36.6,22.6,8,2.6
1994,5,3,42.3,29.4,4,2
1994,6,102,38.8,28.6,98,3.1
1994,7,344,31.3,26.1,131,3.9
1994,8,273,30.1,25.3,114,4.4
1994,9,127,31.7,24.3,128,3.9
1994,10,0,33.8,19.8,76,4.1
1994,11,0,30.3,14.9,15,3.4
1994,12,0,26.2,10.3,8,2.8
1995,1,24,21.8,9.4,28,3.5
1995,2,2,27.1,13.2,5,3.1
1995,3,19,31.2,18,21,3.4
1995,4,1,36.5,23.1,2,3
1995,5,1,41.1,29.2,2,2.4
1995,6,11,41.3,30.6,11,0.8
1995,7,430,34.3,27.4,166,2.5
1995,8,452,30.7,26.5,124,5.2
1995,9,77,33.6,25.4,118,4
1995,10,3,34.7,22,45,3.2
1995,11,0,30.5,14.4,13,2.5
1995,12,24,25.7,12.1,29,3.2
1996,1,8,23.7,11.1,12,3
1996,2,1,28.5,13.8,4,2.6
1996,3,10,34.9,20.9,12,2.4
1996,4,1,38.1,23.4,3,2.1
1996,5,4,40.8,28.6,5,1.7
1996,6,64,38.8,30,62,1.7
1996,7,240,34.2,27,157,1.3
1996,8,354,30.2,24.9,117,2.5
1996,9,155,32.6,25.3,129,2.6
1996,10,13,32.8,21.2,84,3.2
1996,11,0,30.6,13.1,22,3.1
1996,12,0,26.9,9,10,2.6
1997,1,2,23.5,8.6,8,2.3
1997,2,0,27.7,11.2,4,1.9
1997,3,1,33,19.2,3,1.4
1997,4,6,35.9,22.5,7,1.6
1997,5,10,39.1,26.7,11,1.6
1997,6,70,37.3,26.6,68,1.9
1997,7,206,33.9,26.8,154,1.3
1997,8,366,31,24.8,133,2.1
1997,9,75,32.1,24.5,113,1.2
1997,10,12,33,18.4,56,1.3
1997,11,7,28.2,16.3,20,1.2
1997,12,9,22.1,11,16,1.4
1998,1,0,23.4,9.5,5,1
1998,2,5,27.4,12.5,8,1
1998,3,5,32.3,17.5,7,0.8
1998,4,7,38.2,24.4,9,1.2
1998,5,1,42.5,29.4,2,0.7
1998,6,59,40.5,29.2,58,0.7
1998,7,276,33.4,27.4,166,0.7
1998,8,89,32.3,25.7,117,-1.6
1998,9,174,32.2,25.6,129,-1
1998,10,16,34.2,21,76,0.7
1998,11,3,29.9,15.1,19,1.1
1998,12,0,27.1,9.3,8,0.8
1999,1,2,22.9,9,7,0.6
1999,2,8,28.2,13.8,11,1
1999,3,0,34.9,18.4,2,-0.4
1999,4,0,40,23.2,2,-0.1
1999,5,3,40.4,28.5,5,-0.7
1999,6,41,38.4,28.1,40,-1
1999,7,232,33.5,26.2,170,-1.2
1999,8,105,31.7,24.9,115,-2.6
1999,9,136,33.2,25.2,130,-2.3
1999,10,23,33.7,21.1,36,-2.6
1999,11,0,32.1,14.9,7,-2.8
1999,12,0,26.7,9.9,5,-2.9
2000,1,1,24.8,10.1,4,-2.9
2000,2,1,26.3,11.4,3,-2.7
2000,3,1,33.7,17.3,3,-2.8
2000,4,1,40.2,25.4,2,-2.7
2000,5,8,40.2,28.8,9,-2.4
2000,6,39,38.4,28.3,38,-2.6
2000,7,417,33,26,151,-0.6
2000,8,139,32.2,25.8,133,-1.5
2000,9,34,33.6,24.9,105,-2.5
2000,10,2,36.1,21.3,23,-3.4
2000,11,0,31.8,15.3,10,-3.5
2000,12,2,28.1,10.1,7,-3.4
2001,1,1,23.7,9.9,4,-3.3
2001,2,0,28.8,13.7,3,-3.2
2001,3,5,34.2,18.8,7,-3
2001,4,3,37.9,23,5,-2.5
2001,5,22,41.8,28.9,22,-1.5
2001,6,157,37.4,26.8,150,3.5
2001,7,583,32.2,25.2,132,6.9
2001,8,149,32,25.8,136,5.3
2001,9,9,35.6,27.2,91,3.3
2001,10,17,35.6,21.9,31,1.9
2001,11,0,31.3,15.1,8,1
2001,12,0,27.3,11.7,5,-3.5
2002,1,0,23.6,9.8,3,-3.5
2002,2,5,27.2,12.2,7,-3
2002,3,1,34.7,19.3,3,-3.1
2002,4,1,39.9,25.1,2,-2.8
2002,5,1,43.2,30.3,2,-3
2002,6,28,39.7,29.1,27,-3.3
2002,7,35,36.2,29.2,34,-5.9
2002,8,165,32,25.8,125,-6.6
2002,9,96,34.6,26.2,102,-6.6
2002,10,0,36.2,22.6,6,-7.6
2002,11,4,32.3,16.1,8,-7.3
2002,12,4,28.3,12.6,7,-6.9
2003,1,3,23.6,9.7,5,-6.4
2003,2,9,28.2,13.1,10,-5.4
2003,3,0,34.2,18.8,2,-5.3
2003,4,0,39.8,25,1,-4.9
2003,5,2,41.9,29,3,-4.8
2003,6,83,39.9,29.3,79,-3.7
2003,7,299,33.6,26.6,140,-2.8
2003,8,137,31.7,25.5,116,-3.3
2003,9,103,32.8,24.4,116,-3.2
2003,10,3,34.3,20.7,68,-2.3
2003,11,0,31.9,15.6,15,-2.6
2003,12,1,26.5,10.9,8,-2.7
2004,1,5,23.9,10.1,9,-2.5
2004,2,0,28.8,13.7,3,-2.5
2004,3,0,36.8,21.4,2,-2.7
2004,4,1,40.6,25.7,3,-2.5
2004,5,6,41.5,28.6,7,-2.3
2004,6,51,39.2,28.6,50,-2.3
2004,7,92,35.2,28.2,88,-3.9
2004,8,465,30.9,24.6,114,-1.8
2004,9,14,34.6,26.2,94,-3
2004,10,15,33.7,20.1,31,-3.5
2004,11,0,31.7,15.5,8,-3.6
2004,12,0,27.2,11.6,5,-3.6
2005,1,1,22.9,9.1,4,-3.5
2005,2,1,27.8,12.8,3,-3.3
2005,3,11,35,19.6,12,-2.7
2005,4,5,37.2,22.4,6,-2.2
2005,5,3,41.1,28.2,4,-2.2
2005,6,37,40.6,30,36,-2.4
2005,7,371,33.8,26.8,157,-1
2005,8,67,32.6,26.4,122,-2.5
2005,9,196,33.2,24.8,135,-1.7
2005,10,0,34.3,20.6,76,-1.1
2005,11,0,31.4,15.2,15,-1.4
2005,12,0,24.9,9.3,8,-1.5
2006,1,0,24.7,10.9,5,-1.7
2006,2,0,32.3,17.2,3,-1.7
2006,3,34,33.6,18.2,34,1.4
2006,4,0,39.2,24.4,2,1.2
2006,5,6,42.5,29.6,8,1
2006,6,85,38.4,27.8,82,1.7
2006,7,178,33.8,26.8,154,0.9
2006,8,358,30.8,24.6,120,1.5
2006,9,155,33.7,25.3,140,1.6
2006,10,7,35.3,21.6,86,2.2
2006,11,0,31.7,15.5,17,1.9
2006,12,2,27.1,11.5,10,1.6
2007,1,3,24.5,10.7,8,1.4
2007,2,8,29.2,14.2,11,1.6
2007,3,9,33.6,18.2,11,1.6
2007,4,2,40.4,25.5,4,1.4
2007,5,2,41.9,29,4,1
2007,6,75,39.6,29,72,1.4
2007,7,321,33.6,26.6,149,1.9
2007,8,174,31.7,25.5,126,1.3
2007,9,175,33.6,25.2,128,1.8
2007,10,0,34.5,20.9,83,2.3
2007,11,0,31.8,15.6,15,1.8
2007,12,0,26.1,10.5,8,1.4
2008,1,0,23,9.2,5,1
2008,2,0,26.2,11.1,3,0.7
2008,3,3,35.4,20,5,-0.2
2008,4,5,38.1,23.3,6,0.2
2008,5,18,40.3,27.4,19,0.8
2008,6,157,36.4,25.8,150,3.6
2008,7,191,33.7,26.7,146,2.7
2008,8,178,31.4,25.2,126,1.4
2008,9,114,32.9,24.5,119,1
2008,10,0,35.5,21.8,36,-1.8
2008,11,17,31,14.8,28,-1.3
2008,12,4,28.1,12.5,11,-1.2
2009,1,0,25.4,11.6,5,-1.4
2009,2,0,29.6,14.6,3,-1.4
2009,3,8,35.2,19.8,10,-1.2
2009,4,1,38.9,24.1,2,-1.2
2009,5,18,42.6,29.7,19,0.6
2009,6,30,40.3,29.6,29,-0.7
2009,7,323,34.5,27.5,155,0.6
2009,8,89,33.1,26.9,122,-1.4
2009,9,34,34.7,26.3,80,-2.8
2009,10,17,34.5,20.9,30,-3.6
2009,11,6,30.7,14.5,13,-3.5
2009,12,2,27.5,11.8,6,-3.5
2010,1,1,23.4,9.6,4,-3.4
2010,2,2,29.2,14.2,4,-3.1
2010,3,0,37.1,21.7,2,-3.3
2010,4,2,41.2,26.4,3,-2.9
2010,5,0,44.1,31.3,1,-3.1
2010,6,30,41.6,31,29,-3.6
2010,7,170,34.7,27.7,149,-3.9
2010,8,335,31.8,25.6,114,-3
2010,9,151,32.6,24.2,124,-2.3
2010,10,1,35.3,21.7,83,-1.4
2010,11,21,30.9,14.7,35,2
2010,12,3,25.1,9.5,11,1.7
2011,1,0,22.5,8.7,5,1.3
2011,2,7,28.1,13.1,10,1.5
2011,3,0,34.6,19.2,3,1
2011,4,0,38.2,23.4,2,0.8
2011,5,7,42.5,29.6,8,0.7
2011,6,57,38.5,27.9,55,0.8
2011,7,261,33.5,26.5,135,0.9
2011,8,325,31.6,25.4,109,2.3
2011,9,207,32.4,23.9,123,3.3
2011,10,0,34.8,21.2,81,3.6
2011,11,0,32.7,16.5,16,3.1
2011,12,0,26.7,11.1,8,2.5
2012,1,3,22.6,8.8,7,2.2
2012,2,0,27,12,3,1.8
2012,3,0,33.8,18.4,2,1.3
2012,4,5,38.3,23.5,7,1.4
2012,5,15,41.1,28.2,15,1.7
2012,6,27,39.9,29.3,27,0.7
2012,7,180,34.5,27.5,157,-1.4
2012,8,373,30.9,24.6,104,1.1
2012,9,235,32.7,24.2,117,2.7
2012,10,1,34.3,20.7,81,3
2012,11,0,30.3,14.1,16,2.6
2012,12,2,26.5,10.9,10,2.2
2013,1,1,23,9.1,6,1.8
2013,2,6,27.3,12.2,9,1.8
2013,3,4,34.1,18.7,7,1.5
2013,4,1,37.9,23.1,3,1.3
2013,5,1,42.5,29.6,2,0.8
2013,6,92,37.9,27.2,89,1.8
2013,7,500,32.8,25.8,120,4.6
2013,8,288,31,24.8,113,5.3
2013,9,149,33.9,25.5,135,4.9
2013,10,78,33.7,20.1,105,6.6
2013,11,3,29.6,13.4,53,8.2
2013,12,22,25.7,10.1,37,9
2014,1,32,32.5,18.7,38,9.7
2014,2,3,26.4,11.4,8,8.9
2014,3,1,32.9,17.5,5,7.8
2014,4,4,37.8,23,6,7.3
2014,5,6,40.9,28,8,6.6
2014,6,16,41.3,30.7,17,4.7
2014,7,319,35.3,28.3,166,4.7
2014,8,297,32.2,26,128,5.2
2014,9,140,33.2,24.8,133,4.8
2014,10,2,35.4,21.8,80,4.9
2014,11,0,32.3,16.1,17,4.4
2014,12,1,25.4,9.8,9,3.8
2015,1,16,22.3,8.5,20,4
2015,2,0,29.5,14.4,4,3.5
2015,3,26,32.7,17.3,27,4.1
2015,4,9,37.8,23,11,4.3
2015,5,1,42.8,29.9,3,3.6
2015,6,64,38.5,27.9,62,3.7
2015,7,402,33.7,26.7,159,4.8
2015,8,277,32.1,25.9,131,5
2015,9,45,34.9,26.5,110,3.4
2015,10,1,36.3,22.7,26,2
2015,11,0,32.7,16.5,10,1.4
2015,12,3,26.1,10.5,8,1.1
2016,1,1,25.1,11.8,5,0.8
2016,2,1,28.6,14,3,0.6
2016,3,5,34.9,20.6,6,-1.8
2016,4,0,38.7,25.4,2,-1.8
2016,5,7,42.3,30.3,8,-1.8
2016,6,71,39.8,29.6,69,-0.6
2016,7,284,32.8,26.5,134,2.9
2016,8,508,29.6,25,100,5.6
2016,9,112,32.8,24.9,124,4.5
2016,10,14,33,22.1,75,4.6
2016,11,0,31.8,14.7,17,3.9
2016,12,0,28.4,12.1,8,3.3
2017,1,3,22.9,10.8,7,2.9
2017,2,0,28.5,13.4,3,2.5
2017,3,12,33.8,19.2,14,2.5
2017,4,1,39.6,25.5,3,2.2
2017,5,12,41.5,29.6,13,2.4
2017,6,102,37.9,28.4,98,3
2017,7,277,32.4,26.1,139,3.7
2017,8,152,31.5,25.4,129,2.9
2017,9,74,33.3,25.4,108,2.1
2017,10,0,37,22.8,48,2
2017,11,2,31.2,15.9,15,1.2
2017,12,16,27.3,12.2,22,0.9
2018,1,0,25.9,11.3,5,0.6
2018,2,0,30.3,15.3,3,-1.4
2018,3,0,36.1,20.4,2,-1.5
2018,4,5,39.2,25.4,6,-1.3
2018,5,3,43.1,30.1,5,-1.4
2018,6,77,39.3,29.5,75,1.2
2018,7,274,32.9,26.9,138,2.2
2018,8,245,31,25.7,116,3
2018,9,127,30.6,23.9,112,4
2018,10,0,33.8,20.5,76,4.3
2018,11,0,30.9,15,19,3.9
2018,12,0,24.5,8.9,9,3.4
2019,1,1,22.8,9,6,1
2019,2,2,26.8,11.8,5,0.9
2019,3,3,32.5,17.1,6,0.7
2019,4,7,39.7,24.8,9,1.1
2019,5,6,41.6,28.7,7,0.9
2019,6,124,40.6,29.9,119,2.7
2019,7,603,34.5,27.5,158,6.2
2019,8,512,31.5,25.3,108,9.2
2019,9,433,32.9,24.5,97,13.1
2019,10,15,33.1,19.5,74,12.6
2019,11,4,32.3,16.1,35,12.4
2019,12,2,24.2,8.6,13,11.1
