Product: Historical Climate - TerraClimate(http://www.climatologylab.org/terraclimate.html) 
Location (Lat/Lon of 4-km Grid Cell Center): 26.4375 North,74.6458 East 
Data Source: NW Climate Toolbox(https://climatetoolbox.org/tool/point-data-download)
Download Date: 07/25/2020
Variable List: 
ppt: ppt (Precipitation)
tmax: tmax (Maximum Temperature)
tmin: tmin (Minimum Temperature)
aet: aet (Actual Evapotranspiration)
PDSI: pdsi (Palmer Drought Severity Index (PDSI))
********************************************************
Year,Month,ppt(mm),tmax(degC),tmin(degC),aet(mm),PDSI(unitless)
1958,1,5,24.4,9.8,8,-0.6
1958,2,0,26.5,10.6,2,-0.7
1958,3,1,32.5,17.2,2,-0.8
1958,4,1,38,23.9,2,-0.8
1958,5,1,39.5,26.8,1,-1.2
1958,6,18,40.2,27.8,17,-1.6
1958,7,175,32.1,26.1,123,-0.9
1958,8,97,32.5,25.5,103,-1.5
1958,9,185,29.8,24.4,109,2.1
1958,10,5,31.9,18.2,58,3.4
1958,11,16,29.4,12.2,25,4.3
1958,12,4,24.9,10,9,4.3
1959,1,3,22.3,7.8,5,3.8
1959,2,0,25.6,9.6,3,3.4
1959,3,0,33.9,16.4,2,2.8
1959,4,2,36.6,22,3,2.6
1959,5,17,38.9,26.4,17,2.8
1959,6,42,38.3,28.5,40,2.8
1959,7,223,32,25.4,134,3.6
1959,8,196,30.1,24.3,111,4.9
1959,9,178,30.5,24.3,106,7
1959,10,9,32.8,19.6,62,8
1959,11,7,29.5,11.6,16,8
1959,12,0,25.3,8.2,5,7.3
1960,1,1,22.3,7.1,4,6.5
1960,2,0,29.9,10.9,2,5.8
1960,3,4,30,15.7,5,5.2
1960,4,2,35,20.7,3,4.8
1960,5,5,39.4,25.8,6,4.1
1960,6,38,38.6,27.8,37,3.8
1960,7,121,33.3,25.2,116,2.6
1960,8,167,30.4,24.7,116,2.3
1960,9,18,33.6,24.3,40,1
1960,10,4,33.2,17.8,11,-2.4
1960,11,0,30.1,10,4,-2.4
1960,12,3,25.3,8.6,6,-2
1961,1,13,22.6,8.4,14,-1.2
1961,2,7,23.5,9.2,8,-0.8
1961,3,0,32.5,16.9,1,-1
1961,4,2,35.4,20.8,3,-0.8
1961,5,3,39,26.5,4,-1
1961,6,35,37.2,27.1,34,-0.7
1961,7,125,32.1,25.3,119,-1.2
1961,8,154,30.8,24.9,116,-1.3
1961,9,225,30.5,24.6,108,2.9
1961,10,7,31.7,17.6,61,4.4
1961,11,5,27.5,11.6,15,4.3
1961,12,2,23,6.2,7,4
1962,1,1,22.2,5.8,4,3.5
1962,2,0,26.3,11.2,2,3
1962,3,12,31.1,16.1,13,3.3
1962,4,1,36.6,22,2,2.9
1962,5,2,39.5,26.5,3,2.3
1962,6,4,39.3,27,4,0.9
1962,7,221,33.3,25.8,144,1.8
1962,8,111,31.6,24.7,122,1.1
1962,9,110,30.7,24.1,117,1.7
1962,10,0,32.4,15.9,19,1.5
1962,11,1,29.9,11.2,8,1.5
1962,12,2,24,8.6,6,1.5
1963,1,0,23.6,6.1,3,1.1
1963,2,1,28.5,11.3,3,0.9
1963,3,2,31.3,15.7,3,0.7
1963,4,2,35,21.7,3,0.7
1963,5,1,38.1,25.8,2,-0.4
1963,6,11,38,27.9,11,-1.6
1963,7,110,34.9,26.2,105,-2.7
1963,8,193,30.9,25,113,-2
1963,9,73,31.8,23.2,103,-1.4
1963,10,6,34,18.7,23,-1.5
1963,11,4,29.9,14.3,10,-1.1
1963,12,1,25.4,8,4,-1
1964,1,0,21.2,5.2,3,-1.1
1964,2,0,25.9,10.1,2,-1.2
1964,3,0,33.8,17.3,2,-1.4
1964,4,0,37.2,22.9,1,-1.3
1964,5,20,38.5,25.3,20,0.7
1964,6,21,37.8,27.2,20,-0.5
1964,7,155,32.2,25.2,129,-0.4
1964,8,228,31,24.7,119,1.3
1964,9,41,31,24.4,92,1.1
1964,10,2,33,17.3,11,-0.6
1964,11,0,29.5,9.6,5,-0.7
1964,12,2,24.6,7.7,5,-0.6
1965,1,6,24.8,9.7,7,0.1
1965,2,4,26.4,10.5,5,0.1
1965,3,7,31,15.6,8,0.1
1965,4,2,33.4,20.7,2,0
1965,5,2,37.8,25.8,2,-0.6
1965,6,10,38.8,27.9,10,-1.6
1965,7,195,33.1,25.7,157,-1.1
1965,8,60,31.9,24,69,-2.9
1965,9,42,32.4,23.2,45,-3.8
1965,10,5,33.8,19.3,8,-4.4
1965,11,0,31.1,12.8,3,-4.4
1965,12,0,24.5,6.8,2,-4.2
1966,1,1,24.4,8.4,2,-4.1
1966,2,3,28.5,12.8,4,-3.7
1966,3,0,31.5,14.8,1,-3.7
1966,4,0,35.7,21.5,1,-3.5
1966,5,9,39,25.9,10,-3.2
1966,6,51,37.4,27.3,49,-2.3
1966,7,107,35,25.7,102,-3.4
1966,8,188,31,24.2,132,-3
1966,9,56,32,23.1,77,-3.2
1966,10,7,34.5,18.2,14,-3.6
1966,11,6,28.4,13.6,10,-3.3
1966,12,0,25.1,6,3,-3.2
1967,1,0,22,4.9,2,-3
1967,2,0,29.1,10.9,1,-2.9
1967,3,34,29.5,15.9,34,2.1
1967,4,0,34.7,20.9,1,1.8
1967,5,2,38.7,25.6,2,1.2
1967,6,47,38.3,27.2,45,1.6
1967,7,169,33.1,25.6,144,1.5
1967,8,180,30.1,24.3,115,1.8
1967,9,148,30.8,23.2,120,3.5
1967,10,15,33.5,17.2,68,5.2
1967,11,4,29.6,13,13,4.9
1967,12,11,25,8.7,15,5.1
1968,1,3,21.2,7.5,6,4.6
1968,2,1,24.3,8.4,3,4.1
1968,3,4,31.8,15.4,6,3.7
1968,4,0,36.1,20.7,1,3.2
1968,5,3,38.2,25,4,2.6
1968,6,1,39.1,28.1,2,0.9
1968,7,177,33.8,25.6,144,1.1
1968,8,103,31.6,24.4,107,-2.1
1968,9,2,34.8,23.6,7,-4
1968,10,1,33.8,17.9,4,-4.3
1968,11,0,31.3,11.4,2,-4.1
1968,12,0,25.1,8.3,2,-3.9
1969,1,6,23.1,8.6,7,-3.4
1969,2,0,26,11.1,1,-3.2
1969,3,1,33.8,19,2,-3.1
1969,4,1,36.6,22.6,1,-2.9
1969,5,3,38.3,26,4,-2.9
1969,6,17,39.3,29,17,-3.3
1969,7,167,34.2,25.8,159,-3.1
1969,8,114,31.7,24.8,109,-3.6
1969,9,37,32.5,24.7,36,-4.5
1969,10,2,35.1,18.7,2,-4.9
1969,11,0,31.3,13.6,1,-4.8
1969,12,0,26.5,8.1,0,-4.5
1970,1,4,23.2,8.9,4,-4.2
1970,2,8,25,10.8,7,-3.4
1970,3,4,30.4,16.4,4,-3.1
1970,4,1,37.5,23.1,1,-2.9
1970,5,4,40,27.9,4,-2.9
1970,6,44,36.9,27.1,42,-2
1970,7,112,34.1,25.2,106,-2.9
1970,8,225,30.8,24.8,117,-1.7
1970,9,130,31.3,24.1,120,2.4
1970,10,4,34,18.6,58,3.8
1970,11,0,29.8,9.9,10,3.4
1970,12,0,25.4,7.4,5,3
1971,1,2,21.7,7.3,5,2.7
1971,2,2,27,9.7,4,2.4
1971,3,0,32.2,15,2,2
1971,4,1,37.4,23,2,1.7
1971,5,15,37.7,25.7,15,2
1971,6,118,35.1,26.9,113,4.9
1971,7,220,31.4,24.9,135,5.5
1971,8,120,30.2,24.3,120,4.8
1971,9,113,32,23.6,115,5.4
1971,10,9,32.3,18.2,46,6
1971,11,0,29.9,11.5,10,5.4
1971,12,0,25.5,7.6,5,4.8
1972,1,1,23.7,7.8,4,4.2
1972,2,3,23.1,7.8,5,3.9
1972,3,0,32.4,16.5,2,3.3
1972,4,1,35.3,21.3,2,2.9
1972,5,2,39.9,26.4,2,2.2
1972,6,45,39.7,27.7,44,2.5
1972,7,58,34.2,25.9,56,-2.2
1972,8,208,31,25,133,-1.6
1972,9,17,33.2,22,56,-2.4
1972,10,1,34,17.7,11,-2.8
1972,11,0,31,11.6,5,-2.6
1972,12,0,25.1,8.5,3,-2.5
1973,1,6,22.6,7.3,7,-2.2
1973,2,1,27.5,11.9,2,-2.1
1973,3,0,31.7,16,1,-2.1
1973,4,0,38.3,23.1,1,-2
1973,5,7,40.3,27.4,7,-1.9
1973,6,32,37.5,28.5,31,-2
1973,7,159,32.9,25.4,152,-2
1973,8,335,30.3,24.5,115,3.2
1973,9,80,32.3,23.2,102,3.6
1973,10,4,32.7,17.7,33,3.9
1973,11,0,30.1,10.4,9,3.4
1973,12,2,23.1,6.9,7,3.1
1974,1,0,23,6.4,3,2.5
1974,2,0,24.8,8.8,2,2.1
1974,3,0,33.8,17.2,2,1.6
1974,4,1,37.6,23,2,1.4
1974,5,10,38.5,26.3,11,1.4
1974,6,30,37.9,27.3,29,0.9
1974,7,275,33.9,25.6,157,2.4
1974,8,99,32.6,25.4,109,2
1974,9,16,34.7,24.7,54,1.2
1974,10,41,32.8,19.3,48,1.4
1974,11,0,29.9,10.6,5,1.1
1974,12,5,23.7,7.6,8,1.1
1975,1,3,21.4,7.3,5,1
1975,2,0,25.2,9.7,2,0.7
1975,3,1,30.8,15.3,2,-0.2
1975,4,1,37.1,21.7,1,-0.6
1975,5,5,39.7,27.3,5,-0.8
1975,6,67,37.2,26.6,64,1
1975,7,284,32.5,24.9,157,2.7
1975,8,213,30.9,25.1,141,3.9
1975,9,270,29.9,24.5,141,7.6
1975,10,16,31.7,19.2,69,8.8
1975,11,0,29.3,9.6,10,8
1975,12,0,25.7,7.6,5,7.2
1976,1,5,23.3,9.2,7,6.6
1976,2,4,25.5,11.5,6,6.1
1976,3,0,30.4,16.8,2,5.2
1976,4,2,34.9,21,3,4.7
1976,5,12,38.9,26.2,12,4.4
1976,6,40,36.3,26.9,39,4.2
1976,7,153,33.4,25.9,145,3.5
1976,8,179,29.9,24,122,3.3
1976,9,136,30.7,22.3,120,4.3
1976,10,0,32.9,18,35,4.8
1976,11,11,30.5,12.8,20,5
1976,12,0,25.2,8.4,5,4.5
1977,1,9,22.8,7.4,12,4.4
1977,2,2,27,11.6,4,3.9
1977,3,0,34.7,17,2,3.3
1977,4,7,35.7,22.4,7,3.3
1977,5,11,37.4,26.1,11,3.1
1977,6,108,36.8,27.1,103,5.4
1977,7,264,31.4,25,153,6.4
1977,8,140,31,24.3,124,6.1
1977,9,139,31.2,23.6,141,6.9
1977,10,2,34.5,18.8,47,7.5
1977,11,4,31.3,14.7,14,6.8
1977,12,0,26.4,9.4,5,6
1978,1,0,22.7,7.1,3,5.1
1978,2,8,24.8,10.8,9,5
1978,3,5,29.3,15.8,6,4.5
1978,4,3,36.2,22.4,4,4.1
1978,5,0,41.1,28.2,1,3.2
1978,6,76,37.6,28.1,73,4.5
1978,7,298,31.5,24.9,127,6.6
1978,8,188,30.8,24.3,124,7.2
1978,9,37,31.8,24,89,6.4
1978,10,1,33.7,18.3,11,5.1
1978,11,6,30.6,12.9,11,4.8
1978,12,1,25.4,8.1,4,4.4
1979,1,5,23.2,8.8,7,3.9
1979,2,10,24.3,10.6,11,4.1
1979,3,2,29.7,15.2,3,3.6
1979,4,2,37,22,2,3.2
1979,5,16,37.9,25.4,16,3.4
1979,6,37,39.5,28.2,36,3
1979,7,183,33.9,26.4,170,2.7
1979,8,145,31.8,24.5,139,1.8
1979,9,18,34.1,23.6,18,-2.1
1979,10,16,33.8,19.4,16,-2.4
1979,11,10,29,16.3,11,-1.9
1979,12,3,24.8,10.5,4,-1.8
1980,1,0,23.3,7.8,1,-2
1980,2,1,27.7,11.6,1,-2
1980,3,5,30.5,16.5,5,-1.8
1980,4,0,38,23.2,0,-1.8
1980,5,2,40.9,28.1,2,-2
1980,6,62,37.8,27.5,60,-0.8
1980,7,147,32.2,25.9,140,-1.1
1980,8,69,32.3,24.8,66,-3.3
1980,9,27,34,24,26,-4.5
1980,10,2,34.5,19.6,2,-5.1
1980,11,4,29.9,13.1,4,-4.8
1980,12,13,24.2,9,13,-3.7
1981,1,4,22.6,9.1,4,-3.4
1981,2,0,27.4,11.4,0,-3.3
1981,3,15,30.1,16.9,15,-2.3
1981,4,0,37,22.7,0,-2.2
1981,5,7,39.5,26.7,7,-2.2
1981,6,21,39.9,28.5,20,-2.6
1981,7,190,32,26,168,-2.2
1981,8,91,31.3,24.9,89,-3.2
1981,9,63,33.9,24.9,62,-3.8
1981,10,1,33.4,18.7,2,-4.4
1981,11,17,27.9,11.7,17,-3.2
1981,12,0,24.9,8.5,1,-3.3
1982,1,17,22.3,9.6,17,-2.2
1982,2,2,23.4,11.1,2,-2.1
1982,3,9,28.6,15.2,9,-1.6
1982,4,6,34.5,21.6,7,-1.1
1982,5,26,35.4,25,25,2.2
1982,6,17,38.4,27.6,16,1.2
1982,7,221,34.8,26.3,171,1.6
1982,8,193,31.2,24.9,130,2.1
1982,9,9,33.8,23.4,62,0.9
1982,10,23,33.8,19.8,32,0.6
1982,11,10,28.5,14.3,14,0.9
1982,12,5,25.1,9.6,8,0.9
1983,1,3,22,8.1,5,0.7
1983,2,1,24.4,10,2,-0.1
1983,3,1,30.1,15.9,2,-0.9
1983,4,10,32.2,20.3,11,0.7
1983,5,28,37.3,25.5,28,1.9
1983,6,26,37.7,27.9,25,1.4
1983,7,267,33.7,25.4,159,2.8
1983,8,179,30.7,25,114,3.8
1983,9,71,32.3,24.7,104,4
1983,10,32,31.9,18.2,51,4.5
1983,11,0,29.5,10.1,8,4
1983,12,0,23.9,8.9,4,3.5
1984,1,1,21.4,7.7,4,3
1984,2,0,24,8,2,2.6
1984,3,0,34,16.9,1,2
1984,4,1,36.8,22.5,2,1.7
1984,5,0,41.4,27.4,1,1
1984,6,9,38.1,28.2,9,-2.1
1984,7,97,33.2,25.7,93,-3.6
1984,8,148,31.2,23.6,127,-3.7
1984,9,107,31.2,22.6,106,-2.8
1984,10,0,33,16.6,3,-3.5
1984,11,0,30.2,11,2,-3.6
1984,12,0,25.2,8.6,1,-3.5
1985,1,1,22.1,8.6,2,-3.5
1985,2,0,26.8,10.5,1,-3.4
1985,3,5,34.6,17.6,6,-3.1
1985,4,5,36.4,22.4,5,-2.5
1985,5,12,39.9,27.4,11,-2.1
1985,6,9,37.9,27.6,9,-3
1985,7,155,32.3,25.9,148,-3.1
1985,8,140,31,24.9,134,-3.5
1985,9,16,33.1,23.8,15,-5
1985,10,31,31.5,17.9,29,-4.6
1985,11,0,30.5,12.6,0,-4.6
1985,12,4,24.9,10.6,4,-4.2
1986,1,2,22.2,9.1,2,-4
1986,2,3,24.6,11.3,3,-3.6
1986,3,1,31.1,16.8,1,-3.5
1986,4,0,36.7,22.4,0,-3.4
1986,5,16,38.3,26,16,-2.5
1986,6,26,38,28,24,-2.8
1986,7,251,32.6,25.4,161,-1.3
1986,8,92,31.6,24,124,-2.1
1986,9,12,33.5,24,29,-3.5
1986,10,6,33.4,19,13,-3.8
1986,11,0,31,13.2,4,-3.6
1986,12,0,24,7.1,3,-3.4
1987,1,13,23.3,9.3,14,-2.5
1987,2,2,27.3,12.3,3,-2.3
1987,3,13,32,17.9,13,-1.5
1987,4,0,36.9,22.6,1,-1.5
1987,5,19,36.9,25.3,18,-0.6
1987,6,44,39.2,28.4,42,1.4
1987,7,40,36.2,26.7,38,-3.2
1987,8,78,34.3,25.9,75,-5
1987,9,11,34.8,25,11,-6.6
1987,10,7,35.2,19.6,7,-6.7
1987,11,0,32.1,11.9,0,-6.5
1987,12,9,24.9,8.8,9,-5.5
1988,1,6,24.5,9.8,6,-4.9
1988,2,0,28.2,12.7,0,-4.6
1988,3,6,31.5,16.7,6,-4.1
1988,4,1,38.1,23.6,2,-3.8
1988,5,1,41,28.6,1,-3.9
1988,6,39,38.8,28.1,37,-3.3
1988,7,186,32.4,26.1,138,-2.5
1988,8,161,31.4,24.9,128,-2.1
1988,9,81,33.5,25,114,-1.7
1988,10,10,33.6,18.2,19,-1.9
1988,11,0,30.3,12.1,5,-1.8
1988,12,0,26,9,3,-1.7
1989,1,16,22.1,7.5,18,-0.7
1989,2,0,26.3,9.8,2,-0.8
1989,3,6,31,16.5,7,-0.6
1989,4,0,35.9,20.6,1,-0.6
1989,5,0,40,26.3,1,-1.1
1989,6,13,37.5,26.9,13,-1.6
1989,7,107,34.3,24.9,103,-2.9
1989,8,221,32.1,24.2,130,-2
1989,9,24,33.3,23.7,76,-2.5
1989,10,0,34.5,18,10,-3.3
1989,11,0,31.4,12.9,5,-3.2
1989,12,0,24.5,9.1,3,-3
1990,1,0,26.2,9.5,2,-3
1990,2,13,25,12.4,14,-1.9
1990,3,0,29.5,16.3,1,-2
1990,4,0,36.4,22.3,1,-1.9
1990,5,12,38.3,27.6,12,-1.5
1990,6,27,37.7,27.8,26,-1.6
1990,7,149,32.2,25.7,142,-1.9
1990,8,183,31.3,24.9,114,-1.5
1990,9,103,31.5,24.4,113,-0.6
1990,10,2,32.8,17.8,25,-0.7
1990,11,3,30.4,12.8,10,0.2
1990,12,5,25.2,8.8,9,1
1991,1,0,22.3,8.1,3,0.7
1991,2,3,25.7,11.3,4,0.7
1991,3,0,31.1,17.5,2,-0.3
1991,4,2,35.1,21.7,3,0.1
1991,5,2,39.2,27.3,3,-0.6
1991,6,14,38.4,28.7,14,-1.3
1991,7,137,35.4,26.2,131,-1.9
1991,8,91,31.2,25.2,87,-3.2
1991,9,28,32.6,24,27,-4.4
1991,10,0,33.7,17.2,1,-5
1991,11,6,29.5,12.8,6,-4.5
1991,12,4,25.3,9.6,5,-4
1992,1,4,22.8,9.3,4,-3.7
1992,2,5,24.3,10.3,5,-3.2
1992,3,2,30.6,17.2,2,-3.1
1992,4,0,34.7,22,0,-3
1992,5,3,38.9,26.6,4,-3
1992,6,3,40,29.3,3,-3.9
1992,7,81,33.6,26.1,77,-5.3
1992,8,159,30.4,25.3,123,-5
1992,9,104,31.2,23,109,-4
1992,10,18,32.3,19.2,22,-4
1992,11,5,28.7,13,8,-3.5
1992,12,0,25.8,10.4,2,-3.4
1993,1,1,23,9.4,3,-3.3
1993,2,6,28,12.3,7,-2.7
1993,3,0,29.1,16.8,1,-2.7
1993,4,0,35.7,22.7,1,-2.6
1993,5,2,39.8,28.1,3,-2.7
1993,6,60,38.8,28.5,58,-1.5
1993,7,193,32.3,25.8,158,-1
1993,8,79,33,25.1,85,-2.8
1993,9,113,31.5,25.3,111,-2
1993,10,8,33.8,19.7,11,-2.5
1993,11,0,31.2,13.3,2,-2.6
1993,12,0,26.8,8.8,2,-2.6
1994,1,23,23,11.2,23,-1.2
1994,2,1,25.2,11.4,2,-1.2
1994,3,0,33.5,17.9,1,-1.4
1994,4,5,34.7,21.6,6,-0.9
1994,5,2,40.2,28,3,-1.2
1994,6,39,38,28.3,37,-0.9
1994,7,259,31.1,25.6,135,2.1
1994,8,202,30.1,25.1,116,3.7
1994,9,88,31,23.6,115,4
1994,10,0,32.9,17.7,25,3.9
1994,11,0,30,13.3,8,3.4
1994,12,0,25.5,8.8,4,3
1995,1,15,21.2,8.4,17,3.4
1995,2,3,25.9,12.1,5,3.1
1995,3,6,29.1,16.8,7,3
1995,4,1,34.4,22,2,2.6
1995,5,1,39,27.9,2,2
1995,6,9,39.9,29.6,9,0.6
1995,7,300,33.8,26.5,165,2.6
1995,8,241,30.2,25.8,121,4.7
1995,9,32,33,24.8,84,3.9
1995,10,8,34,20.1,17,2.9
1995,11,0,30,12.6,5,2.2
1995,12,5,24.5,10.2,8,2.2
1996,1,4,22.6,9.6,6,1.9
1996,2,2,26.8,12.4,4,1.7
1996,3,3,32.8,19.7,4,1.4
1996,4,1,36.3,22.5,2,1.2
1996,5,9,38,26.7,9,1.1
1996,6,101,36.7,28.6,97,3.3
1996,7,156,33.7,26,149,2.6
1996,8,261,30,24.6,117,4
1996,9,94,32.1,24.7,116,4.4
1996,10,13,32.1,19.5,41,4.7
1996,11,0,29.9,11.1,9,4.1
1996,12,0,26,7.3,5,3.5
1997,1,3,23,7.6,5,3.1
1997,2,0,26.4,10.2,2,2.6
1997,3,2,30.6,17.7,3,2.2
1997,4,5,33.9,21.4,6,2.3
1997,5,10,36.5,25,10,2.2
1997,6,52,35.8,25.6,50,2.7
1997,7,114,33.7,26.2,109,1.3
1997,8,223,30.8,24.4,133,1.8
1997,9,47,31.5,23.9,98,1.5
1997,10,12,30.1,15.3,21,1
1997,11,9,27.4,14.2,14,1.4
1997,12,2,21,9.2,5,1.3
1998,1,0,22.6,8.2,2,0.9
1998,2,6,26,11.4,8,1.1
1998,3,5,30.2,16.3,6,1.1
1998,4,6,36.3,23.4,7,1.3
1998,5,1,40,27.7,2,0.7
1998,6,61,38.7,27.9,58,1.6
1998,7,186,32.9,26.6,168,1.5
1998,8,72,32.5,25.7,71,-1.9
1998,9,134,31.7,25.1,127,-0.9
1998,10,16,33.3,18.4,17,-1.2
1998,11,4,29.4,13.3,5,-1.2
1998,12,0,26.3,7.7,1,-1.4
1999,1,5,21.9,7.6,5,-1.3
1999,2,5,26.6,12.5,5,-1.1
1999,3,0,32.7,17,1,-1.3
1999,4,0,38.2,22.2,1,-1.4
1999,5,6,38.2,27.1,6,-1.4
1999,6,29,37.1,27.2,28,-1.5
1999,7,124,33.2,25.5,119,-2.5
1999,8,80,31.6,24.6,76,-4.3
1999,9,37,33.2,25.2,35,-5.1
1999,10,25,33.3,19.6,24,-4.8
1999,11,0,31.8,13.3,0,-4.8
1999,12,0,26.3,8.7,0,-4.6
2000,1,1,23.9,8.7,1,-4.5
2000,2,2,24.9,10.2,2,-4.1
2000,3,1,31.6,16.1,1,-4
2000,4,1,38.4,24.4,1,-3.8
2000,5,8,38.8,28.3,8,-3.5
2000,6,15,37.4,27.8,14,-4
2000,7,244,32.6,25.1,156,-2.5
2000,8,83,31.9,25.4,114,-3.1
2000,9,13,32.9,24.1,30,-4.3
2000,10,2,35.4,19.4,9,-4.7
2000,11,1,31,13.3,5,-4.3
2000,12,0,27.3,8.5,3,-4.1
2001,1,0,22.9,8.4,2,-3.9
2001,2,0,27.3,12.3,2,-3.6
2001,3,2,32.1,17.4,3,-3.5
2001,4,4,36.1,22.1,5,-2.9
2001,5,22,39.9,27.7,22,-1.8
2001,6,84,36.9,26.7,80,2.7
2001,7,275,32,24.5,136,4.4
2001,8,103,31.8,25.3,121,3.5
2001,9,14,34.4,26,46,2.1
2001,10,14,35.1,20.3,22,1.3
2001,11,0,31.2,13.5,5,0.9
2001,12,0,26.6,10.2,3,0.6
2002,1,0,23,8.5,2,-2
2002,2,1,25.9,10.9,3,-1.9
2002,3,1,32.9,18.1,2,-2
2002,4,1,38.1,24.1,2,-1.8
2002,5,1,40.8,28.6,2,-2.2
2002,6,17,38.7,28.5,17,-2.6
2002,7,12,35,27.5,12,-6.1
2002,8,61,32.2,25.7,58,-7.6
2002,9,39,34.3,25.8,37,-8.2
2002,10,0,35.7,20.8,0,-8.5
2002,11,5,31.7,14.1,5,-7.7
2002,12,7,27.1,10.7,7,-6.7
2003,1,6,22.9,8.4,6,-6
2003,2,11,26.6,11.6,11,-4.9
2003,3,0,32.1,17.3,1,-4.7
2003,4,0,37.9,23.8,0,-4.4
2003,5,1,39.4,27.2,1,-4.4
2003,6,49,38.3,28,47,-3.6
2003,7,284,32.7,25.2,136,-1.1
2003,8,71,31.6,25.1,97,-1.6
2003,9,51,32.3,23.9,75,-1.7
2003,10,6,33.8,19,14,-2.2
2003,11,0,30.7,13,4,-2.3
2003,12,1,25.5,9.1,3,-2.2
2004,1,3,23.3,8.8,5,-2
2004,2,0,27.5,12.6,1,-2
2004,3,0,34.7,20,1,-2.1
2004,4,2,38.4,24.4,3,-1.9
2004,5,4,39.4,27.2,5,-1.9
2004,6,41,38.1,27.8,40,-1.6
2004,7,54,34.5,27.1,52,-4.1
2004,8,228,31,24.5,117,-2.7
2004,9,11,33.9,25.4,64,-3.1
2004,10,12,32.8,18,21,-3.3
2004,11,0,31.4,13.7,5,-3.2
2004,12,0,26.5,10.1,3,-3.1
2005,1,1,22.2,7.7,3,-3
2005,2,3,25.9,11,5,-2.6
2005,3,4,32.9,18.2,5,-2.4
2005,4,4,35.5,21.4,5,-1.9
2005,5,5,38.5,26.3,5,-1.9
2005,6,24,38.9,28.6,23,-2.1
2005,7,206,33.6,26.1,163,-1.4
2005,8,42,32.4,25.9,54,-3.8
2005,9,104,33,24.5,105,-3.2
2005,10,0,33.9,19,4,-3.8
2005,11,0,31.3,13.6,2,-3.8
2005,12,0,24.6,8.2,2,-3.6
2006,1,0,24,9.5,1,-3.6
2006,2,0,30.4,15.4,1,-3.4
2006,3,12,31.5,16.7,13,-2.5
2006,4,0,37.3,23.3,1,-2.4
2006,5,5,40.5,28.3,6,-2.3
2006,6,42,37.4,27.1,41,-1.7
2006,7,91,33.8,26.3,87,-3
2006,8,150,31,24.5,120,-3
2006,9,67,33.1,24.7,71,-3.1
2006,10,3,34.7,19.9,7,-3.8
2006,11,0,31.3,13.7,3,-3.7
2006,12,4,25.9,9.5,5,-3.4
2007,1,1,23.8,9.3,3,-3.3
2007,2,14,27.5,12.6,15,-2.1
2007,3,10,31.3,16.5,11,-1.5
2007,4,3,38.5,24.4,4,-1.3
2007,5,4,39.5,27.3,4,-1.4
2007,6,37,38.1,27.9,36,-1.2
2007,7,152,33.5,26,145,-1.4
2007,8,111,31.9,25.4,106,-2.4
2007,9,83,33.2,24.8,79,-2.3
2007,10,0,33.5,18.6,0,-3.1
2007,11,0,31.7,14,0,-3.2
2007,12,1,25.1,8.7,1,-3.2
2008,1,0,22.2,7.7,1,-3.2
2008,2,0,24.7,9.8,0,-3.1
2008,3,1,34,19.3,1,-3
2008,4,7,36.2,22.2,7,-2.3
2008,5,23,37.8,25.6,22,-1.2
2008,6,102,36,25.8,98,3.7
2008,7,101,33.6,26.1,96,2
2008,8,175,31.2,24.7,125,1.8
2008,9,48,32.4,23.9,63,1
2008,10,0,35,20.2,7,-2.5
2008,11,9,30.9,13.2,13,-1.9
2008,12,8,27.4,11,10,-1.3
2009,1,0,24.7,10.2,2,-1.5
2009,2,1,28.3,13.3,2,-1.5
2009,3,4,33.2,18.5,5,-1.4
2009,4,0,36.9,22.9,1,-1.3
2009,5,11,40.5,28.3,11,-1.1
2009,6,21,38.5,28.2,21,-1.5
2009,7,218,34.3,26.8,160,-0.7
2009,8,62,33,26.5,84,-2.4
2009,9,20,34.4,26,27,-3.9
2009,10,6,34.4,19.5,10,-4.3
2009,11,2,30.5,12.8,4,-4.1
2009,12,1,26.8,10.3,3,-3.8
2010,1,2,23.2,8.7,3,-3.6
2010,2,2,27.9,13,3,-3.3
2010,3,0,35.3,20.6,1,-3.3
2010,4,3,39.5,25.5,3,-2.9
2010,5,1,41.6,29.4,1,-3.2
2010,6,34,39.8,29.6,33,-3
2010,7,104,34.1,26.7,99,-3.7
2010,8,202,31.7,25.2,110,-2.7
2010,9,158,32,23.5,122,2.5
2010,10,3,34.6,19.7,56,3.8
2010,11,38,30.2,12.6,46,5.6
2010,12,5,24,7.6,9,5.2
2011,1,0,21.9,7.4,3,4.4
2011,2,8,26.5,11.6,10,4.4
2011,3,1,32.5,17.8,2,3.7
2011,4,0,36.1,22,2,3.3
2011,5,6,40,27.8,7,2.8
2011,6,12,37.6,27.4,13,1.8
2011,7,191,33.3,25.9,147,2
2011,8,188,31.6,25.1,111,2.7
2011,9,141,31.6,23.2,129,4.1
2011,10,1,33.8,19,54,5.2
2011,11,0,32.2,14.5,10,4.5
2011,12,0,25.9,9.5,5,3.8
2012,1,1,21.8,7.3,4,3.3
2012,2,0,25.3,10.3,2,2.8
2012,3,0,31.8,17,2,2.1
2012,4,8,36.1,22.1,9,2.5
2012,5,10,39.4,27.2,10,2.4
2012,6,14,38.6,28.4,14,1.2
2012,7,71,34.5,27,68,-2.8
2012,8,286,30.9,24.4,104,2.4
2012,9,147,32.1,23.6,119,4
2012,10,2,33.1,18.2,55,5.2
2012,11,0,29.9,12.3,10,4.5
2012,12,4,25.5,9.1,9,4.1
2013,1,1,22.3,7.9,4,3.5
2013,2,8,26,11,10,3.6
2013,3,2,32.2,17.5,4,3.1
2013,4,1,36.1,22.1,2,2.7
2013,5,1,40,27.8,2,2
2013,6,47,37.6,27.4,46,2.3
2013,7,280,33,25.5,133,4.2
2013,8,185,31.1,24.6,115,5.2
2013,9,105,33,24.6,123,5.6
2013,10,32,33.5,18.6,62,6.6
2013,11,3,29.4,11.8,12,5.9
2013,12,6,25,8.6,10,5.6
2014,1,13,29.4,15,15,5.5
2014,2,1,25.4,10.4,3,4.9
2014,3,1,31,16.3,2,4.2
2014,4,5,35.9,21.9,6,4.1
2014,5,10,38.1,25.9,11,3.9
2014,6,22,39.8,29.6,22,2.8
2014,7,147,35.1,27.6,141,1.9
2014,8,144,32.3,25.8,131,1.2
2014,9,124,32.3,23.9,119,1.7
2014,10,2,34.5,19.6,3,0.8
2014,11,0,31.5,13.9,1,-1.7
2014,12,0,24.6,8.2,1,-1.8
2015,1,7,22.1,7.6,7,-1.5
2015,2,0,27.9,12.9,1,-1.6
2015,3,13,30.9,16.2,13,-0.9
2015,4,11,36.3,22.3,11,1.3
2015,5,5,40.1,27.9,5,0.9
2015,6,40,37.2,26.9,38,1.3
2015,7,255,32.9,25.5,162,2.4
2015,8,199,32,25.5,137,3.3
2015,9,20,34.1,25.7,73,2.3
2015,10,3,35.1,20.2,12,1.2
2015,11,0,31.8,14.1,5,0.8
2015,12,1,25.3,8.9,4,-1.6
2016,1,1,24.8,10.4,3,-1.7
2016,2,1,27.5,12.7,3,-1.7
2016,3,3,33.5,19.2,4,-1.6
2016,4,0,37.4,24.1,1,-1.6
2016,5,3,40.3,28.7,3,-1.9
2016,6,52,38.3,28.5,50,-0.8
2016,7,165,33,26.2,149,2.4
2016,8,317,29.8,24.6,106,5.6
2016,9,56,33.1,24.8,107,4.8
2016,10,29,33.6,20.7,37,4.1
2016,11,0,31.4,13.3,5,3.4
2016,12,0,27.8,11,3,2.9
2017,1,3,22.8,9.6,5,2.6
2017,2,0,27.8,12.6,2,2.2
2017,3,7,32.4,18,8,2.1
2017,4,2,37.9,24.5,3,1.7
2017,5,15,39.8,28.2,15,2.2
2017,6,76,36.2,27.4,73,3.4
2017,7,175,32,25.3,144,4
2017,8,102,31.4,25.1,105,2.9
2017,9,40,32.8,24.8,42,2.1
2017,10,1,35.4,20,4,1
2017,11,1,30.1,12.8,3,0.8
2017,12,9,26,9.8,10,0.7
2018,1,0,24.8,9.7,2,-1.7
2018,2,0,28.7,13.6,1,-1.6
2018,3,0,34.3,19,1,-1.7
2018,4,3,37.7,24.3,4,-1.5
2018,5,4,40.8,28.2,5,-1.6
2018,6,54,38,28.4,52,2
2018,7,220,33.1,26.3,149,2.1
2018,8,151,31.5,25.4,125,1.8
2018,9,60,31.2,24,98,2.3
2018,10,1,34.5,19.7,19,2.1
2018,11,0,31.3,13.8,7,1.9
2018,12,1,24.9,8.2,4,1.7
2019,1,4,23.2,8.9,7,1.2
2019,2,1,25.7,10.8,3,1
2019,3,1,31.1,16.5,3,0.8
2019,4,4,38.5,24.6,5,1
2019,5,6,39.8,27.8,6,0.8
2019,6,30,40,29.9,29,0.6
2019,7,255,34.8,27.4,168,1.8
2019,8,419,31.7,25.3,115,6.9
2019,9,152,33,24.5,109,8.3
2019,10,11,32.9,18.2,64,9.4
2019,11,13,31.3,13.7,22,9.3
2019,12,1,23.2,6.8,6,8.4
