Product: Historical Climate - TerraClimate(http://www.climatologylab.org/terraclimate.html) 
Location (Lat/Lon of 4-km Grid Cell Center): 29.8958 North,73.8958 East 
Data Source: NW Climate Toolbox(https://climatetoolbox.org/tool/point-data-download)
Download Date: 07/25/2020
Variable List: 
ppt: ppt (Precipitation)
tmax: tmax (Maximum Temperature)
tmin: tmin (Minimum Temperature)
aet: aet (Actual Evapotranspiration)
PDSI: pdsi (Palmer Drought Severity Index (PDSI))
********************************************************
Year,Month,ppt(mm),tmax(degC),tmin(degC),aet(mm),PDSI(unitless)
1958,1,12,22.3,7.2,12,0.6
1958,2,1,24.6,7.8,1,-0.4
1958,3,3,32,13.9,3,-1.1
1958,4,1,39.3,21.5,1,-1.2
1958,5,1,41.8,24.4,1,-1.7
1958,6,9,43.6,28.6,9,-2.1
1958,7,46,38.1,29.2,44,-2.5
1958,8,22,37.9,27.8,21,-3.6
1958,9,119,35.1,25,113,3.1
1958,10,4,34.6,17.9,4,3
1958,11,1,29.8,10.1,1,2.6
1958,12,23,23.5,7,22,3.7
1959,1,15,20.2,4.9,15,3.9
1959,2,5,23.1,6.6,5,3.3
1959,3,5,32.5,13.1,5,2.3
1959,4,1,37.1,19.6,1,1.9
1959,5,11,40.7,24.3,10,1.8
1959,6,9,42.9,29.3,8,1
1959,7,91,37.4,28.1,86,2
1959,8,85,36.5,27.2,81,2.7
1959,9,96,35.6,25.5,91,4.6
1959,10,3,36,19.7,3,4.2
1959,11,6,29.7,9.3,6,4.2
1959,12,0,23.6,5.4,0,3.3
1960,1,6,20.2,4.6,5,2.9
1960,2,0,28,9.4,0,2.1
1960,3,13,29.3,11.8,13,1.8
1960,4,2,35.2,17.5,2,1.4
1960,5,1,42.1,24.5,1,0.7
1960,6,14,43.3,28.6,14,-1.6
1960,7,66,38.4,28,63,-1.2
1960,8,61,37,27.9,58,-1.1
1960,9,34,37.7,25.4,32,-1.3
1960,10,1,35.4,17.6,1,-1.3
1960,11,0,30.4,7.7,0,-1.4
1960,12,10,23,5.2,10,-0.9
1961,1,20,21.1,5.8,19,1.3
1961,2,10,21.9,6.3,9,1.4
1961,3,3,31.2,13.2,3,0.6
1961,4,3,35.7,17.8,3,0.6
1961,5,7,41.6,24.6,6,-0.1
1961,6,16,42.1,28.2,16,-0.6
1961,7,64,37.8,28.1,61,0.3
1961,8,64,36.6,27.2,61,0.8
1961,9,67,36.2,25.8,64,1.8
1961,10,5,34.6,17.6,5,1.9
1961,11,3,27.2,9.1,3,1.8
1961,12,4,21.5,4.1,3,1.5
1962,1,10,20.2,4.1,9,1.6
1962,2,6,24.9,8.7,6,1.4
1962,3,20,30.3,12.7,19,1.7
1962,4,0,37.3,19.5,0,1.2
1962,5,4,41.4,24.4,4,0.8
1962,6,5,42.8,27.8,4,-1.3
1962,7,57,38.7,28.6,54,-1.2
1962,8,51,37.5,27.1,48,-1.6
1962,9,122,34.8,24.2,116,3.2
1962,10,1,34.8,16.8,1,3.1
1962,11,7,29.3,8.9,6,3.3
1962,12,11,22,5.3,11,3.4
1963,1,0,21.1,3.8,0,2.6
1963,2,2,26.9,9.2,2,2
1963,3,10,30.5,12.4,10,1.5
1963,4,3,35.7,18.8,3,1.2
1963,5,11,39.8,23,11,1.3
1963,6,5,42.6,28.8,5,-1.4
1963,7,31,40.3,29.3,30,-3.3
1963,8,54,36.6,27.4,51,-3.2
1963,9,27,36.5,24.5,25,-3.4
1963,10,0,36.6,18.8,0,-3.3
1963,11,2,29.9,11.6,2,-3
1963,12,6,23.7,5.1,6,-2.6
1964,1,10,18.5,2.7,9,-2.2
1964,2,1,23.7,7.3,1,-2.5
1964,3,7,32.6,13.8,7,-2.9
1964,4,2,37.4,19.6,2,-2.8
1964,5,9,40.8,22.7,8,-2.6
1964,6,10,41.8,27.8,9,-2.8
1964,7,103,37.1,27.4,98,-0.9
1964,8,97,36.9,26.9,92,2.7
1964,9,47,35.7,24.9,45,2.6
1964,10,0,34.6,16.8,0,2
1964,11,0,29.4,7.3,0,1.7
1964,12,4,22.5,4.8,4,1.3
1965,1,5,22.8,6.6,5,0.9
1965,2,5,24.3,7.7,5,-0.2
1965,3,6,30.6,12.1,6,-1.5
1965,4,8,33.3,16.6,7,-1
1965,5,9,39.7,22.9,9,-0.9
1965,6,2,42.8,28.4,2,-1.9
1965,7,72,38.2,27.5,69,-1.7
1965,8,26,37,25.7,25,-3.4
1965,9,6,36.9,24.2,5,-4.5
1965,10,5,36.1,18.7,5,-3.9
1965,11,3,31.2,10.6,3,-3.5
1965,12,0,22.5,3.5,0,-3.6
1966,1,1,22.6,4.8,1,-3.8
1966,2,17,26.8,9.8,16,-2.8
1966,3,6,31,11.8,6,-3.2
1966,4,4,35.7,18.2,4,-2.9
1966,5,16,41.8,23.5,15,-2.2
1966,6,25,41.7,27.5,24,-1.6
1966,7,44,39.7,27.2,42,-2.7
1966,8,72,36.9,26.7,68,-2.5
1966,9,56,35.9,23.1,53,-1.8
1966,10,6,35.6,16.8,6,-1.4
1966,11,1,28.4,9.5,1,-1.3
1966,12,1,22.8,3.4,1,-1.6
1967,1,0,19.7,2.8,0,-1.9
1967,2,4,27.1,8.6,4,-1.9
1967,3,49,29.2,11.6,47,2.2
1967,4,2,35.4,17.5,1,1.9
1967,5,2,40.7,22.8,2,1.1
1967,6,4,43.2,28.2,4,-1.4
1967,7,44,38.9,27.9,42,-1.9
1967,8,100,36.1,26.4,95,1.7
1967,9,41,36.1,24.1,39,1.7
1967,10,8,35,16.2,7,2
1967,11,5,29.4,9.8,5,2.1
1967,12,30,22.9,5.2,28,3.7
1968,1,7,19.1,4.3,7,3.5
1968,2,11,22.2,5.5,10,3.5
1968,3,8,31.1,12,8,2.8
1968,4,0,36.6,18.4,0,2.3
1968,5,6,40.2,22.6,6,1.9
1968,6,9,43.2,28.3,9,1.2
1968,7,49,39,27.7,47,-1.5
1968,8,47,37.5,26.6,45,-1.9
1968,9,0,38.8,24.4,0,-3.3
1968,10,4,35.1,16.6,4,-2.8
1968,11,0,31.1,8.6,0,-2.6
1968,12,5,23.1,5.1,5,-2.4
1969,1,2,20.6,5.1,2,-2.5
1969,2,6,23.6,7.9,6,-2.3
1969,3,12,35.5,12.9,11,-2.2
1969,4,5,36.3,19.5,5,-1.8
1969,5,9,40.2,23.1,9,-1.5
1969,6,8,43,28.4,8,-1.9
1969,7,77,39.6,28.1,73,-1.1
1969,8,31,37.7,26.9,29,-2.2
1969,9,26,36.7,24.9,25,-2.5
1969,10,3,36.8,18.4,3,-2.2
1969,11,0,31.9,9.9,0,-2.2
1969,12,0,24.7,5.3,0,-2.3
1970,1,9,21.2,5.5,9,-1.8
1970,2,17,23.9,7.6,16,-0.8
1970,3,11,30.1,12.4,10,-0.9
1970,4,2,38.5,20.2,2,-1
1970,5,4,43,25.8,3,-1.3
1970,6,27,41.8,27.6,25,-0.6
1970,7,31,39.9,27.7,30,-2.1
1970,8,79,37,26.6,76,-1.1
1970,9,67,36.5,24.8,64,1.9
1970,10,1,36.5,18.2,1,1.5
1970,11,0,30.3,7.7,0,1.2
1970,12,0,23.9,4.9,0,0.7
1971,1,2,19.9,4,2,-0.2
1971,2,5,25.4,7.2,5,-0.7
1971,3,1,31.7,12.5,1,-1.4
1971,4,4,38.7,20.1,3,-1.2
1971,5,16,41.4,24.5,16,0.6
1971,6,36,40.6,27.9,34,1.7
1971,7,41,37.6,27.5,39,0.7
1971,8,84,36.6,26.2,80,1.4
1971,9,25,36.4,23.5,24,0.8
1971,10,1,34.5,16.7,1,0.6
1971,11,1,30.6,9.6,1,0
1971,12,0,24.8,5.4,0,-0.9
1972,1,7,21.3,4.7,7,-0.7
1972,2,4,21.9,5.3,4,-0.8
1972,3,4,31.7,12.5,4,-1.3
1972,4,4,35.9,17.6,4,-1
1972,5,0,42.7,23.9,0,-1.5
1972,6,21,43.4,28,20,-1.2
1972,7,47,39.6,27.5,45,-2
1972,8,51,37,26.5,48,-2.6
1972,9,29,36.7,22.8,28,-2.7
1972,10,2,35,16.5,2,-2.5
1972,11,4,30.9,10.2,4,-2.1
1972,12,8,23.4,5.8,7,-1.8
1973,1,5,20.4,4.6,5,-1.7
1973,2,3,26.1,8.7,3,-1.9
1973,3,5,30.5,11.9,5,-2.2
1973,4,0,38.7,19.5,0,-2.3
1973,5,14,42.9,24.7,13,-1.7
1973,6,13,42.4,28.8,13,-1.9
1973,7,77,38.8,27.4,74,-1.3
1973,8,133,36.2,26,127,3.2
1973,9,27,37.5,24.7,26,2.3
1973,10,1,35,17.2,1,1.9
1973,11,0,30.4,8.4,0,1.5
1973,12,14,21.6,4.1,14,1.9
1974,1,2,20.8,4,2,1.3
1974,2,2,22.8,6,2,0.9
1974,3,1,32.6,13.9,1,-1.5
1974,4,3,38.7,19.9,3,-1.4
1974,5,8,41.7,24.2,7,-1.3
1974,6,22,41.2,27,21,-1.1
1974,7,92,38.9,27.7,87,1.1
1974,8,25,38.3,27.3,24,-1.5
1974,9,10,38.3,24.6,9,-2.5
1974,10,0,34.4,17.3,0,-2.5
1974,11,0,29.9,8.4,0,-2.4
1974,12,9,21.8,4.5,9,-1.9
1975,1,7,19.8,4.8,6,-1.7
1975,2,9,22.9,6.4,9,-1.4
1975,3,11,29.7,11.4,10,-1.5
1975,4,2,36.6,18.4,2,-1.5
1975,5,2,42.2,24.6,2,-1.9
1975,6,44,40.8,26.9,42,1.4
1975,7,73,37.4,26.6,70,1.3
1975,8,60,36.5,26.7,57,0.9
1975,9,82,34.9,24.8,78,2.3
1975,10,1,34.9,18.5,1,1.9
1975,11,0,29.3,7.4,0,1.5
1975,12,4,24.1,5.2,3,1.1
1976,1,9,21.3,5.9,9,1.1
1976,2,8,23.7,8.2,8,1
1976,3,13,29.1,12.2,13,0.8
1976,4,4,35.5,17.6,4,0.7
1976,5,5,41.8,23.9,5,-0.3
1976,6,43,40.1,27.1,41,1.3
1976,7,69,38.7,28.1,66,1.3
1976,8,108,35.3,25.5,102,2.8
1976,9,72,37,22.4,69,3.8
1976,10,2,36.7,16.9,2,3.3
1976,11,1,31,9.5,1,2.9
1976,12,1,23.2,5.3,1,2.3
1977,1,15,20.3,4.7,15,2.6
1977,2,0,25.4,7.9,0,1.8
1977,3,1,33.7,13.5,1,0.8
1977,4,8,36.4,19,7,1.1
1977,5,13,39.7,23.1,12,1.3
1977,6,48,40.4,27.4,45,2.8
1977,7,81,37.4,27.8,77,3
1977,8,39,36.9,26.5,37,1.7
1977,9,78,35.6,24.3,74,3
1977,10,3,36.5,18.2,2,2.6
1977,11,1,31.5,11.6,1,2.3
1977,12,5,24.4,6.7,5,2.1
1978,1,3,20.2,4.1,3,1.7
1978,2,9,23.3,7.7,8,1.7
1978,3,31,28.3,11.1,30,2.6
1978,4,3,37.1,18.7,3,2.3
1978,5,0,44.9,26.4,0,1.4
1978,6,22,42.7,28.8,21,1.6
1978,7,134,36.6,26.8,127,4.6
1978,8,59,36.6,26.9,56,4.1
1978,9,44,36,24.7,42,3.9
1978,10,0,35.7,17.5,0,3.3
1978,11,2,28.8,11.3,2,2.9
1978,12,0,24.1,5.5,0,2.3
1979,1,15,21.3,5.6,15,2.6
1979,2,21,23.3,7.7,20,3.3
1979,3,25,28.2,10.8,24,3.6
1979,4,2,37.8,19.8,2,3.1
1979,5,11,39.8,22.7,11,3
1979,6,13,42.8,28.1,12,2.3
1979,7,40,39.4,28.4,38,-1.9
1979,8,27,37.9,26.4,26,-3.6
1979,9,37,36.7,23,35,-3.5
1979,10,4,35.6,18,4,-3.1
1979,11,4,29,12.6,4,-2.7
1979,12,5,23.6,6.9,5,-2.5
1980,1,6,20.8,4.7,5,-2.5
1980,2,2,25.4,8.5,2,-2.6
1980,3,19,29.2,11.8,18,-2.1
1980,4,1,38.9,20.2,1,-2.1
1980,5,2,43.8,26.1,2,-2.4
1980,6,22,42.6,28.6,21,-2
1980,7,112,37.9,28.2,107,2
1980,8,48,37.7,26.6,46,0.8
1980,9,27,37.2,24.2,26,-1.5
1980,10,3,35.9,18.4,3,-1.4
1980,11,6,29.8,9.9,6,-0.9
1980,12,15,23.2,6.1,15,0.6
1981,1,21,20.6,6.1,20,1.8
1981,2,7,25.5,8.4,6,1.6
1981,3,31,29.3,12.3,30,2.4
1981,4,0,37.5,19.2,0,1.8
1981,5,6,42.3,24.8,5,1.4
1981,6,7,43,28.5,7,-1.2
1981,7,120,37.2,27.6,114,2.3
1981,8,36,37.3,26.8,35,0.7
1981,9,8,37.7,24.7,8,-2.6
1981,10,1,34.9,16.8,1,-2.6
1981,11,13,28,9.5,12,-1.3
1981,12,0,23.2,5.4,0,-1.7
1982,1,13,20.6,6.2,13,-1.1
1982,2,5,21.6,6.9,5,-1.1
1982,3,49,27.2,10.5,46,2.6
1982,4,11,35.1,17.8,10,3.1
1982,5,25,38,22.1,24,4.1
1982,6,13,41.9,27.6,13,3.3
1982,7,86,40.3,28.6,82,3.2
1982,8,85,37,26.5,80,3.7
1982,9,6,37.6,23.8,6,1.7
1982,10,7,35.5,18.4,7,1.9
1982,11,5,28.9,11.2,4,1.9
1982,12,11,22.9,6.1,10,1.9
1983,1,10,20.2,4.9,10,1.9
1983,2,7,23.1,7,7,1.7
1983,3,14,28.9,11.5,14,1.4
1983,4,9,32.7,16.1,9,1.8
1983,5,35,39.3,22.8,33,3.7
1983,6,13,40.9,27.4,13,3
1983,7,75,38.5,27.4,71,2.9
1983,8,104,36.5,26.4,99,4.2
1983,9,37,36.7,24.8,36,3.7
1983,10,5,34.1,17.1,5,3.5
1983,11,0,30.2,8.6,0,2.9
1983,12,1,22.9,6.2,1,2.1
1984,1,0,19.6,4.5,0,1.4
1984,2,12,22.4,5.6,12,1.5
1984,3,7,33,13.6,7,0.8
1984,4,4,36.9,18.9,4,0.8
1984,5,2,44.4,26,2,-1.6
1984,6,10,42.9,29,10,-2
1984,7,58,36.8,28.2,55,-2.4
1984,8,81,37.2,25.9,77,-1.5
1984,9,57,35.1,23,54,-0.8
1984,10,0,34.6,15.6,0,-1
1984,11,1,30,8.8,1,-1.1
1984,12,5,22.9,5.3,5,-1.1
1985,1,1,20.6,5.3,1,-1.5
1985,2,1,26.1,7.9,1,-1.9
1985,3,2,32.9,13.8,2,-2.6
1985,4,9,36.9,18.8,9,-1.8
1985,5,5,42.5,24.7,5,-1.9
1985,6,13,42,27.6,12,-2.1
1985,7,70,37.7,27.6,66,-1.9
1985,8,79,37,26.6,75,-1.5
1985,9,24,37.2,24.4,23,-2.2
1985,10,8,33.6,16.6,8,-1.5
1985,11,0,30.1,10.2,0,-1.6
1985,12,10,23.4,6.6,9,-1.2
1986,1,2,20.1,4.7,2,-1.5
1986,2,11,23.2,7.5,11,-1.1
1986,3,16,29.4,11.9,15,-0.9
1986,4,3,36.1,18.3,3,-0.8
1986,5,12,40.1,22.7,12,0.2
1986,6,39,41.6,27.8,37,1.6
1986,7,77,37.3,27.1,74,1.6
1986,8,52,36.9,25.9,50,0.7
1986,9,24,36.9,23.6,23,-1.5
1986,10,2,34.8,17.9,2,-1.5
1986,11,1,30.4,10.5,1,-1.5
1986,12,3,22,4.4,3,-1.6
1987,1,8,21.7,5.9,8,-1.5
1987,2,8,25.5,9,7,-1.3
1987,3,15,30.8,13.2,14,-1.2
1987,4,2,37.1,19.3,2,-1.2
1987,5,23,37.9,21.4,22,1.2
1987,6,28,41.8,27.5,27,1.6
1987,7,24,40.5,28.2,23,-2.4
1987,8,36,39.1,27.5,34,-3.7
1987,9,3,38.8,25.6,3,-5
1987,10,7,35.9,18.1,6,-4.2
1987,11,0,31.7,9,0,-4
1987,12,1,23.3,6,1,-4
1988,1,2,22.2,6.6,2,-4.1
1988,2,3,25.9,9.1,3,-4.1
1988,3,29,30,12.3,28,-2.9
1988,4,1,38.4,20.4,1,-2.9
1988,5,1,43.9,26.5,1,-3.2
1988,6,23,42.4,28.1,22,-2.6
1988,7,66,37.6,28.1,63,-2.4
1988,8,61,36.6,26.3,58,-2.5
1988,9,111,36.7,24.8,105,2.5
1988,10,4,35.3,17.1,4,2.3
1988,11,0,30.5,9.9,0,1.9
1988,12,11,24.1,6.1,11,2
1989,1,20,19.8,4.7,19,2.6
1989,2,1,23.5,6.9,1,1.9
1989,3,15,29.7,12.3,14,1.7
1989,4,1,35.3,17,1,1.3
1989,5,2,41.5,23.7,2,-1.2
1989,6,12,40.9,27.2,11,-1.4
1989,7,91,38.6,26.6,87,-0.6
1989,8,71,36.7,25.6,67,0.1
1989,9,23,37.1,23.9,22,-0.9
1989,10,0,35.8,17.2,0,-1.1
1989,11,4,30.3,10.1,3,-0.9
1989,12,13,22.7,6.1,12,0.5
1990,1,3,23.2,6.4,3,-0.4
1990,2,20,23.3,8.9,19,1
1990,3,18,28.3,11.8,18,1.1
1990,4,2,36,18.4,2,0.9
1990,5,11,42,25.8,11,0.9
1990,6,9,41.8,28.5,9,-0.5
1990,7,59,38,27.9,56,-1.1
1990,8,113,36.7,26.5,107,1.8
1990,9,80,36.1,25.5,76,3
1990,10,0,34.2,16.9,0,2.4
1990,11,2,30.6,10.6,2,2.1
1990,12,12,23.2,6.1,12,2.2
1991,1,0,20.2,5.3,0,1.4
1991,2,13,23.3,7.9,12,1.6
1991,3,6,29.8,12.8,6,0.9
1991,4,11,34.6,17.6,10,1.5
1991,5,7,40.7,24.2,7,1.2
1991,6,17,41.8,28.2,16,1
1991,7,22,40.5,28.7,21,-2.6
1991,8,50,37,27.1,47,-3.3
1991,9,65,36.6,24.7,61,-2.2
1991,10,1,34.8,16,1,-2.2
1991,11,1,29.5,10.2,1,-2.2
1991,12,10,23.9,7,9,-1.7
1992,1,15,20.9,6.4,15,-1
1992,2,17,23.4,7.6,16,1.5
1992,3,11,29,13,10,1.1
1992,4,3,34.7,18.2,2,0.9
1992,5,9,40.4,23.5,9,0.8
1992,6,6,42.6,28.6,6,-0.7
1992,7,34,37.6,27.8,32,-2.3
1992,8,88,36,26.6,84,-1.2
1992,9,83,35.6,23.4,79,2.3
1992,10,6,34.4,17.9,5,2.3
1992,11,6,29.2,10.4,6,2.4
1992,12,1,24.6,7.4,1,1.7
1993,1,6,20.3,6,6,1.4
1993,2,6,26.9,9.8,5,1
1993,3,9,27.9,12.2,9,-1
1993,4,4,36.4,19.1,4,-0.8
1993,5,7,42.6,26,6,-0.9
1993,6,15,42,28.3,15,-1
1993,7,94,37,27.6,89,0.9
1993,8,14,38.5,27.1,13,-2.6
1993,9,33,35.5,25.6,32,-2.7
1993,10,0,35.1,18.3,0,-2.7
1993,11,0,31,10.8,0,-2.7
1993,12,0,24.9,5.9,0,-3
1994,1,13,20.8,7.6,13,-2.3
1994,2,4,23.4,8.5,4,-2.3
1994,3,3,32.6,14.1,3,-2.9
1994,4,4,34.6,18.1,4,-2.5
1994,5,16,42.6,25.5,15,-1.7
1994,6,15,42.5,29,14,-1.8
1994,7,89,37.1,28.3,85,1.3
1994,8,59,35.8,27,56,1
1994,9,56,34.9,23.7,53,1.4
1994,10,1,34.2,16.6,1,1.1
1994,11,0,30.4,11.2,1,0.8
1994,12,10,23.7,6.6,10,0.9
1995,1,11,19.8,5.8,10,1.1
1995,2,19,24.4,8.9,18,1.8
1995,3,10,28.4,12.5,10,1.3
1995,4,6,34.2,17.9,6,1.5
1995,5,1,41.9,25.5,1,0.6
1995,6,13,43.4,29.3,12,-1
1995,7,84,38.3,28.2,80,0.4
1995,8,116,35.1,27.1,110,2.4
1995,9,65,36.5,25,62,2.9
1995,10,3,35.4,18.7,3,2.5
1995,11,1,30,10.3,1,2.1
1995,12,1,22.3,7,1,1.4
1996,1,10,20.1,6.3,10,1.4
1996,2,9,24.9,9.2,9,1.4
1996,3,11,31.3,15,10,0.9
1996,4,3,36.9,19.7,3,0.8
1996,5,8,40,24,8,0.7
1996,6,71,39.7,27.7,67,3.5
1996,7,47,38.3,27.8,45,2.2
1996,8,84,35.6,26.3,80,2.8
1996,9,28,36.2,25.3,27,1.9
1996,10,3,33.8,18.1,3,1.6
1996,11,0,29.5,9,0,1.2
1996,12,0,23.8,4.3,0,-1.3
1997,1,6,20.6,4.5,5,-1.3
1997,2,2,25,7.7,2,-1.6
1997,3,15,29.4,13.2,15,-1.4
1997,4,9,34.3,17.8,9,-0.7
1997,5,16,38.4,22.4,15,1.2
1997,6,43,39.5,26.4,41,2.4
1997,7,61,38.9,28.2,58,1.7
1997,8,92,36.1,26.2,87,2.4
1997,9,20,36.2,25,19,1.3
1997,10,12,32,14.5,12,2.1
1997,11,5,27,11.3,5,2.2
1997,12,5,19.5,6.3,5,1.9
1998,1,1,20.9,5.5,1,1.2
1998,2,11,24.6,8.8,10,1.3
1998,3,10,29.2,12.2,10,0.8
1998,4,9,37.1,20.2,9,1.3
1998,5,4,42.4,25.3,4,0.7
1998,6,21,41.7,27.7,20,0.8
1998,7,78,38.3,28.5,74,1
1998,8,34,37.7,27.5,32,-1.5
1998,9,67,35.7,25.6,64,1
1998,10,9,33.5,20,9,1.5
1998,11,1,29.5,11.1,1,1.1
1998,12,0,24.1,4.7,0,-0.5
1999,1,14,19.9,5,13,0.5
1999,2,6,25.1,9.3,5,-0.1
1999,3,6,31.5,13.4,5,-0.9
1999,4,0,39.3,20.2,0,-1.2
1999,5,9,41.7,25.9,9,-1.1
1999,6,13,41,27.7,12,-1.2
1999,7,54,39,28.1,51,-2.2
1999,8,46,36.9,26.9,44,-3
1999,9,17,37.5,26,16,-3.7
1999,10,4,35.6,19.4,4,-3.3
1999,11,0,31.5,11.3,0,-3.2
1999,12,0,24.9,6.2,0,-3.4
2000,1,9,21.2,5.5,9,-3
2000,2,7,23.1,7.3,7,-2.7
2000,3,2,30.7,12.4,2,-3.3
2000,4,0,39.1,21.2,0,-3.3
2000,5,5,43.3,27.7,4,-3.5
2000,6,20,41,28.4,19,-3.1
2000,7,84,37.5,27.8,79,-2.2
2000,8,32,37.1,27.1,30,-3.6
2000,9,25,36.6,24.5,23,-4
2000,10,0,37.1,18.6,0,-3.8
2000,11,2,30.4,11.1,2,-3.6
2000,12,0,25.3,6.1,0,-3.7
2001,1,2,19.8,5.1,2,-3.8
2001,2,2,25.5,9.3,2,-3.9
2001,3,6,31.5,13.8,6,-4.1
2001,4,4,36.8,19.8,4,-3.6
2001,5,17,42.5,26.4,16,-2.6
2001,6,49,39,27.9,47,-0.6
2001,7,88,37,27.7,84,3
2001,8,27,37.2,27,26,0.9
2001,9,23,36.2,24.8,22,-2.4
2001,10,1,35.9,19.4,1,-2.3
2001,11,0,30.7,11.2,0,-2.4
2001,12,4,23.1,8.6,3,-2.4
2002,1,1,21.3,5.4,1,-2.6
2002,2,3,24.4,8.1,3,-2.6
2002,3,6,33,13.1,6,-3
2002,4,2,38.1,21.4,2,-2.8
2002,5,13,43.8,25.8,12,-2.3
2002,6,15,41.6,28.7,14,-2.3
2002,7,12,39.9,28.2,11,-5.1
2002,8,28,36.9,28.7,27,-6.4
2002,9,70,34.1,25.5,66,-4.6
2002,10,1,34.9,19.6,1,-4.3
2002,11,3,30.2,11.8,3,-3.9
2002,12,15,23.5,8,15,-2.9
2003,1,7,21,3.7,7,-2.6
2003,2,24,24.2,8.4,22,-1.2
2003,3,9,30.7,12.4,8,-1.5
2003,4,1,37.9,19.8,1,-1.6
2003,5,3,40.5,24.5,3,-1.9
2003,6,19,41.8,29.3,18,-1.7
2003,7,89,36.8,27.6,85,1.5
2003,8,59,36,26.8,56,1.3
2003,9,51,35.9,24.2,48,1.6
2003,10,3,35.3,17.4,3,1.4
2003,11,4,28.7,9.5,4,1.3
2003,12,4,23.1,6.3,4,1
2004,1,13,20.6,5.9,13,1.3
2004,2,2,27.2,8.1,2,0.7
2004,3,0,35.7,14.6,0,-1.5
2004,4,6,39.2,21.3,5,-1.1
2004,5,13,42.4,24.5,12,-0.8
2004,6,23,39.4,28,22,0.3
2004,7,25,38.9,28.9,24,-2.2
2004,8,89,36.5,26.3,85,-1
2004,9,22,37.9,24.2,21,-1.8
2004,10,4,33,17,4,-1.5
2004,11,1,31,10.4,1,-1.4
2004,12,7,24.8,6.4,7,-1.3
2005,1,19,20.1,4.4,18,0.8
2005,2,20,22.4,8.2,19,1.7
2005,3,19,31.7,12.9,18,1.8
2005,4,2,36.1,18.7,2,1.4
2005,5,5,39.6,24.3,5,1.1
2005,6,13,41.9,29.4,12,0.7
2005,7,77,37.3,27.9,73,1.1
2005,8,30,38.2,26.5,28,-1.9
2005,9,73,35.7,25.5,69,-0.6
2005,10,1,34.7,18.5,1,-0.8
2005,11,0,30,10.7,0,-1
2005,12,0,22.5,5.4,0,-1.4
2006,1,3,20,7,3,-1.6
2006,2,2,28.2,11.3,2,-1.8
2006,3,23,30.9,12.6,22,-1.2
2006,4,0,36.9,21.2,0,-1.4
2006,5,9,43.1,27.1,8,-1.2
2006,6,30,39.5,28,28,0.7
2006,7,57,38.8,28.2,55,-0.7
2006,8,44,35.3,27.7,42,-1.5
2006,9,66,35.8,24.4,63,0.9
2006,10,8,34.8,19.6,7,1.2
2006,11,3,29.4,12.2,3,1.2
2006,12,18,22.6,6.6,17,1.9
2007,1,0,21.7,4.6,0,1.1
2007,2,27,24.7,9.1,26,2.5
2007,3,35,30.7,11.5,33,3.4
2007,4,1,39.4,21.3,1,2.9
2007,5,7,40.4,25.5,6,2.4
2007,6,44,41,28,42,3.6
2007,7,36,37.8,28.4,34,1.9
2007,8,41,37.4,27.6,39,-2.4
2007,9,83,36.2,25.7,79,-0.6
2007,10,0,34.8,17.7,0,-0.8
2007,11,2,32,10.5,2,-0.8
2007,12,3,22,6.4,3,-1
2008,1,7,17.3,6.3,6,-0.9
2008,2,5,24,6.6,5,-1
2008,3,1,34.6,14.8,1,-1.9
2008,4,11,36.6,18.6,11,-0.9
2008,5,12,39.6,25.3,11,-0.6
2008,6,40,39.3,28.5,38,2.2
2008,7,36,37.6,28.7,34,0.6
2008,8,111,35.6,26.4,105,2.2
2008,9,30,35.1,24.9,28,1.6
2008,10,2,36.5,19.1,2,1.3
2008,11,0,31,10.6,0,0.9
2008,12,14,24.8,7.1,14,1.3
2009,1,8,21.8,7,8,1.2
2009,2,7,25.8,10.3,6,1
2009,3,14,32.4,13.8,14,0.8
2009,4,3,37.4,19.1,2,0.6
2009,5,6,42,26.6,6,-0.2
2009,6,8,41.5,28.5,7,-1
2009,7,58,38.3,29,55,-1.5
2009,8,35,38.1,27.5,33,-2.8
2009,9,25,36.8,25.5,24,-3.2
2009,10,1,35.2,18.9,1,-3.1
2009,11,2,29,10.7,2,-2.8
2009,12,2,23.8,7.3,2,-2.9
2010,1,2,22.4,4.5,2,-3
2010,2,3,26.2,9.3,3,-3.1
2010,3,7,35.6,16,7,-3.4
2010,4,1,40.5,22.8,1,-3.3
2010,5,4,42.9,26.6,4,-3.4
2010,6,16,40.7,28.7,15,-3.1
2010,7,77,37.9,28.4,73,-2.5
2010,8,105,35.3,27.5,100,-0.6
2010,9,88,34.4,25,84,3.6
2010,10,1,35.7,19.5,1,3.1
2010,11,3,30.7,10.7,3,2.8
2010,12,10,22.7,5.6,10,2.8
2011,1,0,19.8,4.1,0,2
2011,2,13,23.9,9.5,12,2.2
2011,3,6,32,13.9,6,1.4
2011,4,4,35.8,19,3,1.3
2011,5,6,42.6,26.9,5,0.9
2011,6,29,40,29.8,28,1.4
2011,7,70,37.8,28.5,67,1.3
2011,8,74,36.2,27.2,71,1.6
2011,9,117,35.2,24.6,111,4.3
2011,10,1,35,18.9,1,3.6
2011,11,1,32.4,12,1,3
2011,12,2,23.6,6.7,2,2.4
2012,1,6,18.9,5.8,6,2
2012,2,1,21.4,8.2,1,1.4
2012,3,1,30.2,13.6,1,-1.9
2012,4,8,36,19.3,8,-1.3
2012,5,3,41.6,25.4,3,-1.6
2012,6,3,42,29.9,3,-2.3
2012,7,25,39.6,29.4,24,-4.1
2012,8,95,36.2,27.1,90,-2.4
2012,9,109,35.2,24.8,104,3.7
2012,10,5,33.3,18.6,4,3.5
2012,11,0,29.2,11.2,0,2.9
2012,12,18,22.4,7.1,17,3.4
2013,1,3,20.8,4.8,3,2.7
2013,2,13,25.5,6.4,12,2.8
2013,3,14,30.5,12.3,13,2.5
2013,4,5,36.5,19.8,4,2.3
2013,5,1,42.6,26.2,1,1.4
2013,6,49,40.7,29.3,47,3
2013,7,76,38.1,29.1,72,3
2013,8,75,35.7,27.2,71,3.2
2013,9,19,36.2,26.3,18,1.9
2013,10,4,35.5,20.2,4,1.9
2013,11,4,29.1,11,4,1.9
2013,12,1,23.4,7,1,1.3
2014,1,2,20.1,6.3,2,0.8
2014,2,7,23,8.5,7,0.7
2014,3,18,29.8,12.6,17,0.8
2014,4,10,35.9,18.9,9,1.3
2014,5,14,39.9,24.3,14,1.6
2014,6,21,42.4,30,20,1.6
2014,7,34,38.3,29.8,33,-1.6
2014,8,33,37.6,27.7,31,-3
2014,9,104,36.1,24.5,99,2.3
2014,10,2,35,19.2,2,1.9
2014,11,4,29.8,11.1,4,1.8
2014,12,0,21.4,6,0,1.2
2015,1,7,19.8,5.7,6,1
2015,2,3,24.2,7.8,3,0.6
2015,3,54,29.7,12.4,51,2.9
2015,4,6,37,20,5,2.8
2015,5,11,41.5,26,10,2.7
2015,6,30,39.3,28.8,29,3.3
2015,7,96,36.2,28.1,91,4.1
2015,8,84,35.9,27.5,79,4.5
2015,9,51,36.7,25.1,48,4.2
2015,10,6,35.5,19.1,6,4.1
2015,11,1,29.6,12.1,1,3.4
2015,12,1,23.2,7.4,1,2.6
2016,1,5,22,6.4,5,1.9
2016,2,3,26.2,9.6,3,1.5
2016,3,18,32.1,14.2,17,2.1
2016,4,2,38.2,20.5,2,1.9
2016,5,9,43.2,26,8,1.2
2016,6,30,42.8,29,29,1.5
2016,7,73,38.6,28.2,70,3.8
2016,8,95,36.5,26.4,90,3.2
2016,9,24,37.5,25.3,23,2.1
2016,10,4,36.9,19.3,4,2.1
2016,11,1,31,11,1,1.7
2016,12,2,25.4,7.7,2,1
2017,1,13,21.2,5.9,12,1.2
2017,2,2,26.6,10.2,2,0.7
2017,3,8,32.3,14.3,7,-1.7
2017,4,7,39.3,21.4,6,-1
2017,5,9,42.9,25.9,8,1.3
2017,6,62,37.8,26.8,59,4
2017,7,54,38.5,28.1,51,4.9
2017,8,60,37.6,27.3,57,6.1
2017,9,42,37.3,25.2,40,6.3
2017,10,0,37.1,19.5,0,5.4
2017,11,5,29.6,9.6,5,5
2017,12,11,24.2,6.8,11,4.6
2018,1,2,22.1,6.5,2,3.7
2018,2,3,26.7,10.3,3,3
2018,3,5,33.6,15.7,5,2.6
2018,4,3,38.7,20.9,3,2.6
2018,5,5,42.6,25.5,5,2.4
2018,6,35,42,28.2,33,7.4
2018,7,82,38.5,28.1,77,7.4
2018,8,41,37.9,27.6,39,5.9
2018,9,45,36.7,24.6,43,5.8
2018,10,1,35.6,18.1,1,5.2
2018,11,1,30.7,10.8,1,4.6
2018,12,2,23.4,5.9,2,3.7
2019,1,16,20.3,5,15,0.6
2019,2,10,23.1,6.8,10,0.8
2019,3,14,29.5,11.9,13,0.6
2019,4,6,37.8,20,5,0.7
2019,5,15,40.9,23.8,14,1.1
2019,6,10,41.7,27.9,9,0.6
2019,7,47,38.7,28.2,45,-1.4
2019,8,68,37.6,27.3,65,-1.3
2019,9,23,38.6,26.5,21,-2
2019,10,2,35.7,18.2,2,-1.9
2019,11,4,30.2,10.2,4,-1.5
2019,12,16,20.9,3.3,16,-0.6
