Product: Historical Climate - TerraClimate(http://www.climatologylab.org/terraclimate.html) 
Location (Lat/Lon of 4-km Grid Cell Center): 24.6042 North,76.1458 East 
Data Source: NW Climate Toolbox(https://climatetoolbox.org/tool/point-data-download)
Download Date: 07/25/2020
Variable List: 
ppt: ppt (Precipitation)
tmax: tmax (Maximum Temperature)
tmin: tmin (Minimum Temperature)
aet: aet (Actual Evapotranspiration)
PDSI: pdsi (Palmer Drought Severity Index (PDSI))
********************************************************
Year,Month,ppt(mm),tmax(degC),tmin(degC),aet(mm),PDSI(unitless)
1958,1,8,27,11.7,13,1.3
1958,2,0,29.5,12.1,4,1.1
1958,3,3,35.2,17.8,5,0.8
1958,4,0,40.5,24.3,2,0.7
1958,5,4,42.9,28.2,5,-0.1
1958,6,42,41.4,28,41,-0.7
1958,7,407,31.1,25.3,123,1.4
1958,8,324,31.6,24.9,116,1.7
1958,9,392,29.9,24.3,106,3.9
1958,10,12,32.3,18.7,75,4.1
1958,11,11,29.9,13.1,34,4.5
1958,12,0,26.6,11.4,10,4.1
1959,1,16,25.2,10.1,21,4.1
1959,2,0,29,11.4,4,3.7
1959,3,0,36.6,17.1,3,2.9
1959,4,1,39.4,22.6,3,2.7
1959,5,18,42.3,27.7,19,3
1959,6,62,39.2,28.3,61,2.8
1959,7,443,31,24.5,129,4.2
1959,8,336,29.7,24,114,4.3
1959,9,393,30.4,24.1,105,6.4
1959,10,28,33,20,76,6.7
1959,11,5,30.1,12.6,39,7.3
1959,12,0,27.4,10.1,12,6.7
1960,1,15,24.8,9,21,6.5
1960,2,0,32.8,12.2,4,5.9
1960,3,7,33,16.6,9,5.3
1960,4,1,38.4,21.8,3,4.9
1960,5,11,42.7,27.1,12,4.7
1960,6,73,39.5,27.7,70,4.5
1960,7,244,32.5,24.7,143,3.7
1960,8,391,29.5,23.9,116,4.1
1960,9,88,33.2,23.9,112,2.6
1960,10,14,33.4,18.3,65,2.2
1960,11,0,30.6,11,13,1.3
1960,12,1,27.8,10.8,8,0.8
1961,1,34,25.5,10.6,37,2
1961,2,1,26.7,10.7,4,1.7
1961,3,0,35.5,17.8,2,1.1
1961,4,1,38.6,21.8,3,1
1961,5,6,42.2,27.6,7,0.9
1961,6,33,38.4,27,32,-1.3
1961,7,275,31.2,24.7,127,-1.1
1961,8,258,30.3,24.4,125,-1.3
1961,9,637,30.2,24,106,5.3
1961,10,26,31.9,18,84,5.7
1961,11,5,28.4,12.8,31,6
1961,12,6,25,7.8,16,5.9
1962,1,4,24.7,7.5,9,5.2
1962,2,0,29.2,12.3,4,4.7
1962,3,16,33.9,16.7,18,4.7
1962,4,2,39.1,22.4,4,4.4
1962,5,3,42.6,27.5,5,3.7
1962,6,10,40.5,27.1,11,1.8
1962,7,372,32.4,25.2,134,2.6
1962,8,294,31.1,24.2,130,2.3
1962,9,369,30.7,23.8,120,4.1
1962,10,0,32.7,16.2,75,3.8
1962,11,8,30.6,12.3,24,3.7
1962,12,8,26.2,10.6,16,3.6
1963,1,6,26.1,7.9,10,3.2
1963,2,1,31.4,12.6,4,2.9
1963,3,4,34.2,16.3,6,2.3
1963,4,1,37.5,21.9,3,2.1
1963,5,3,41.3,26.9,4,1.6
1963,6,32,38.6,27.2,31,-1.4
1963,7,242,33.3,25,137,-1.6
1963,8,402,30.1,24.2,115,0.9
1963,9,197,31.6,22.9,123,0
1963,10,12,34,19,87,1.2
1963,11,6,30.6,15.3,22,1
1963,12,0,27.4,9.7,8,0.8
1964,1,0,24.5,7.9,5,-0.4
1964,2,0,29.4,11.8,3,-0.7
1964,3,7,36.8,18.2,9,-0.7
1964,4,0,40.4,23.8,2,-0.7
1964,5,14,42,26.7,15,0.4
1964,6,79,39.2,27.4,76,0.8
1964,7,218,31.6,24.8,129,-0.4
1964,8,288,30.5,24.3,114,-0.7
1964,9,161,31.6,23.7,125,-1.1
1964,10,2,33.9,18.4,81,-0.8
1964,11,0,30.2,10.8,14,-1.2
1964,12,0,26.9,9.6,7,-1.5
1965,1,9,27.1,11.4,13,-1.3
1965,2,0,29.4,12,3,-1.3
1965,3,8,33.9,16.4,10,-1.2
1965,4,1,37,22,3,-1.1
1965,5,1,41.7,27.6,2,-1.4
1965,6,23,40.2,28.1,23,-2.4
1965,7,261,32.5,25.3,141,-2.4
1965,8,143,31.8,24.1,137,-3.8
1965,9,165,32.2,23.2,138,-4
1965,10,4,34.3,19.8,83,-3.3
1965,11,0,31.4,13.4,14,-3.6
1965,12,2,27,9.1,9,-3.5
1966,1,4,26.7,10.1,8,-3.5
1966,2,0,31.4,14.1,3,-3.3
1966,3,3,34.5,15.7,5,-3.3
1966,4,0,38.8,22.3,2,-3
1966,5,8,41.9,26.9,9,-2.8
1966,6,72,38.7,27.5,69,-2.1
1966,7,213,34.5,25.6,152,-2.5
1966,8,219,30.7,24,133,-3.7
1966,9,123,32.5,23.4,130,-4.3
1966,10,1,35.5,19.4,66,-3.7
1966,11,9,29.8,15.2,22,-4.1
1966,12,1,27.4,8.2,8,-4.2
1967,1,0,25.3,7.7,4,-4.2
1967,2,0,32.3,12.5,3,-3.9
1967,3,50,32.5,16.8,50,-1.3
1967,4,0,37.8,21.7,2,-1.3
1967,5,0,42.5,27.2,2,-1.6
1967,6,95,39.3,27.1,91,2.1
1967,7,278,32.2,25.1,142,1.8
1967,8,390,29.7,24.1,120,2.6
1967,9,240,30.9,23.2,118,2.9
1967,10,1,34.6,18.5,77,2.8
1967,11,0,30.5,14,16,2.2
1967,12,16,26.5,11.7,23,2.7
1968,1,2,24,9.7,7,2.3
1968,2,1,27.8,10.6,4,2.1
1968,3,23,34.8,16.2,24,2.6
1968,4,0,38.8,21.1,2,2.3
1968,5,1,41.5,26.2,3,1.8
1968,6,11,39.9,27.9,11,-1.8
1968,7,334,32.6,24.7,132,-1.1
1968,8,370,30.6,23.7,129,1.3
1968,9,55,34.5,23.5,110,-1.3
1968,10,5,34.2,18.4,33,-2.7
1968,11,0,31.7,12.2,11,-2.8
1968,12,0,27.1,10,6,-2.7
1969,1,5,25.8,10.8,9,-2.6
1969,2,0,29.8,13.4,3,-2.4
1969,3,1,36.6,19.9,3,-2.5
1969,4,0,39.4,22.1,2,-2.3
1969,5,2,41.6,27.3,3,-2.4
1969,6,30,39.9,27.9,29,-3
1969,7,432,32.9,24.8,137,-1.2
1969,8,395,30.7,23.9,119,2.4
1969,9,187,31.8,24,128,2
1969,10,0,35.2,19,74,2
1969,11,8,31.4,14.3,24,2
1969,12,0,28.4,9.6,8,1.9
1970,1,16,25.7,10.7,20,2.1
1970,2,2,28.3,12.6,5,2
1970,3,7,33.4,17.2,9,1.8
1970,4,1,40.3,23.7,3,1.7
1970,5,9,42.9,28.8,10,1.7
1970,6,138,37.5,26.5,133,3.8
1970,7,206,33.3,24.8,148,2.8
1970,8,395,30.4,24.5,125,2.8
1970,9,257,31.1,24,118,3.3
1970,10,3,34.3,19.1,75,3.2
1970,11,0,30.5,11,18,3
1970,12,0,27.3,8.8,8,2.7
1971,1,2,24.5,9.6,7,2.3
1971,2,0,30,11.1,4,2.1
1971,3,0,35,15.7,3,1.5
1971,4,0,40.2,23.5,2,1.4
1971,5,12,40.8,26.8,13,1.6
1971,6,147,35.8,26.5,141,3.9
1971,7,452,30.5,24.4,124,5.3
1971,8,281,29.8,24.2,121,4.7
1971,9,422,32,23.6,113,6.9
1971,10,18,32.6,18.7,80,6.9
1971,11,1,30.2,12.2,25,6.8
1971,12,0,26.9,8.7,10,6.1
1972,1,0,26.2,9.6,6,5.4
1972,2,1,26.6,9.9,5,5
1972,3,0,35.1,17.1,3,4.1
1972,4,0,38.4,22.1,2,3.7
1972,5,1,43,27.6,3,3
1972,6,54,40.9,27.9,53,2.5
1972,7,120,33.3,25.4,115,0.9
1972,8,321,30.3,24.4,121,-2.7
1972,9,113,33.1,22,127,-3.4
1972,10,3,34.7,18.6,63,-2.9
1972,11,2,31.3,12.3,16,-3
1972,12,0,27.2,10.4,7,-3.1
1973,1,6,25.7,9.8,10,-2.8
1973,2,1,30.5,13.4,4,-2.6
1973,3,0,34.8,17.1,2,-2.7
1973,4,0,41.4,24.2,2,-2.5
1973,5,3,43.7,29.1,4,-2.5
1973,6,42,38.8,28.5,41,-2.9
1973,7,449,32,24.5,131,-0.9
1973,8,405,30,24.3,117,2.8
1973,9,285,31.3,23.5,109,3.6
1973,10,15,33.2,18.3,77,3.9
1973,11,0,30.6,11.3,25,3.9
1973,12,2,25.4,8.9,12,3.6
1974,1,0,25.5,8.3,6,2.9
1974,2,0,28.4,10.9,4,2.7
1974,3,0,36.7,18,3,2
1974,4,1,40.3,23.7,3,1.9
1974,5,15,41.6,27.3,16,2.2
1974,6,30,39.3,27.7,30,1
1974,7,379,32.6,25.4,135,1.9
1974,8,378,31.3,24.4,119,2.6
1974,9,69,34.6,24.6,96,1.2
1974,10,73,33.4,20.3,94,2.9
1974,11,0,30.2,11.3,30,3.5
1974,12,4,25.8,9.4,15,3.5
1975,1,2,23.9,9,8,3
1975,2,0,28.5,11.5,4,2.7
1975,3,1,33.9,16.3,4,2.2
1975,4,0,40.2,22.7,2,2
1975,5,10,42.8,28.5,11,2
1975,6,64,38.5,26.8,62,1.7
1975,7,239,31.7,24.4,138,1.2
1975,8,486,30.2,24.5,127,2.7
1975,9,311,30,24.4,132,3.7
1975,10,31,32.4,20.1,85,4.4
1975,11,0,29.7,10.5,29,4.7
1975,12,0,27.1,8.6,11,4.2
1976,1,5,25.6,10.8,11,3.7
1976,2,0,28.7,13.1,4,3.4
1976,3,3,33.7,17.7,6,2.8
1976,4,0,38.1,22,3,2.6
1976,5,5,41.8,27.3,7,2.2
1976,6,83,37.7,26.6,80,2.6
1976,7,279,32.5,25.1,143,2.3
1976,8,296,30.1,23.7,120,2.1
1976,9,199,31.4,22.9,120,1.9
1976,10,0,34.9,19.1,79,1.9
1976,11,19,31.6,15.5,32,2.2
1976,12,1,27.2,10.9,8,1.9
1977,1,4,25.4,9.5,8,1.5
1977,2,2,29.9,13.1,5,1.4
1977,3,8,37.5,18,10,1.2
1977,4,4,38.5,23.2,5,1.3
1977,5,9,40.7,27.3,10,1.3
1977,6,124,38.5,27,119,2.7
1977,7,203,31.1,24.4,152,1.8
1977,8,316,30.4,24.2,124,1.1
1977,9,250,31.1,23.3,133,1.5
1977,10,8,34.9,19.4,86,1.7
1977,11,20,31.7,15.6,33,1.9
1977,12,0,27.9,10.7,8,1.6
1978,1,6,25.3,9.2,10,1.3
1978,2,4,27.8,12.3,7,1.4
1978,3,20,32.4,16.8,21,1.9
1978,4,2,38.9,23.1,3,1.8
1978,5,0,43.6,29.2,1,1.2
1978,6,124,38.6,27.5,119,2.8
1978,7,309,31.1,24.3,128,2.9
1978,8,502,29.9,24,123,4.7
1978,9,79,31.8,24.1,106,3.1
1978,10,4,34.2,19.2,53,2.4
1978,11,4,30.9,15.2,17,1.7
1978,12,10,26.9,9.6,16,1.9
1979,1,22,26,11.2,25,2.3
1979,2,2,27.1,12,5,2.1
1979,3,3,33,16.3,5,1.6
1979,4,0,39.8,22.6,2,1.4
1979,5,13,41.1,26.5,13,1.6
1979,6,56,40.7,28.3,54,1.2
1979,7,234,32.8,25.8,153,0.6
1979,8,323,31.2,24.2,139,-1
1979,9,43,34.4,24.1,109,-2.3
1979,10,9,34.6,20.7,29,-4
1979,11,18,30,17.5,27,-3.2
1979,12,6,26.6,12.1,11,-2.9
1980,1,1,26.1,10.3,5,-2.9
1980,2,0,30.6,13.3,3,-2.7
1980,3,5,34,18,7,-2.6
1980,4,0,40.6,23.9,2,-2.5
1980,5,1,44,29.2,2,-2.6
1980,6,92,38.2,26.7,89,-1.4
1980,7,202,31.2,25.3,135,-1.8
1980,8,314,31.4,24.2,132,-2.1
1980,9,87,33.7,23.9,120,-3
1980,10,1,35.1,20.6,44,-3.7
1980,11,0,30.9,14.5,13,-3.9
1980,12,13,26.3,10.8,19,-3
1981,1,9,24.8,10.7,12,-2.8
1981,2,0,30.5,13,3,-2.6
1981,3,19,33.3,18,21,-1.7
1981,4,0,39.9,23.5,2,-1.7
1981,5,6,42.5,27.9,7,-1.6
1981,6,49,41.1,28.7,47,-1.9
1981,7,269,31.1,25.3,144,-1.9
1981,8,294,30.7,24.4,121,-1.7
1981,9,159,33.6,24.6,135,-2.1
1981,10,4,34.1,19.6,82,-1.6
1981,11,12,28.7,12.8,26,-1.2
1981,12,1,26.6,10,8,-1.2
1982,1,37,25,11.9,39,1.7
1982,2,1,26.7,12.9,4,1.6
1982,3,7,31.8,16.3,9,1.4
1982,4,2,37.4,22.5,3,1.3
1982,5,11,39.2,26.7,12,1.5
1982,6,35,39.7,27.9,35,-0.8
1982,7,216,33.9,25.9,154,-1.3
1982,8,334,30.5,24.4,121,-1.4
1982,9,60,33.5,23.3,113,-2.5
1982,10,10,34.3,20.5,39,-3.5
1982,11,21,28.9,15.1,31,-2.7
1982,12,1,27.4,11.7,7,-2.6
1983,1,2,24.6,10,6,-2.7
1983,2,0,27.5,11.7,3,-2.5
1983,3,0,33.2,17.1,2,-2.7
1983,4,4,35.7,21.5,6,-2.1
1983,5,16,41,27.1,16,-1.3
1983,6,39,39.2,28.3,38,-1.8
1983,7,298,33,25.1,149,-1.5
1983,8,292,30.5,25.1,117,-1.3
1983,9,246,32.1,24.6,114,0.6
1983,10,25,32,18.7,87,1.7
1983,11,0,29.6,10.7,24,1.9
1983,12,0,25.5,10.3,10,1.7
1984,1,11,24.1,9.8,16,1.7
1984,2,1,27.1,9.9,4,1.5
1984,3,0,36.7,17.7,3,0.9
1984,4,0,39.7,23.3,2,0.8
1984,5,0,44.1,28.4,2,-0.4
1984,6,22,38.9,27.9,22,-2
1984,7,172,32,25.1,158,-2.6
1984,8,367,30,23.4,122,-2.7
1984,9,226,31.2,22.7,128,-2.2
1984,10,4,33.9,18,83,-1.7
1984,11,0,30.6,11.9,14,-2
1984,12,0,27.5,10.5,7,-2
1985,1,2,24.9,10.8,6,-2.1
1985,2,0,29.3,12.1,3,-2
1985,3,11,37.5,18.6,12,-1.7
1985,4,2,39.3,23.1,4,-1.4
1985,5,4,43.1,28.7,5,-1.4
1985,6,24,39,27.8,24,-2.5
1985,7,244,31.7,25.6,152,-2.6
1985,8,327,30.3,24.4,130,-2.5
1985,9,97,32.9,23.7,123,-3.3
1985,10,62,31.9,18.4,95,-1.6
1985,11,0,30.8,13.2,22,-1
1985,12,4,27.1,12.4,13,-0.8
1986,1,6,25,11.2,11,-0.7
1986,2,1,27.9,13.1,5,1.4
1986,3,3,34.4,18,6,1
1986,4,0,39.8,23.3,2,0.8
1986,5,14,41.7,27.5,15,1.2
1986,6,48,39.2,27.9,46,0.6
1986,7,491,31.8,24.8,140,2.7
1986,8,267,31.2,23.8,137,2
1986,9,33,33.8,24.3,100,-1.7
1986,10,5,34.1,19.8,25,-3.8
1986,11,0,31.6,14.2,9,-4
1986,12,1,26.5,9.2,6,-3.9
1987,1,15,25.7,11.2,17,-3.2
1987,2,1,30.3,13.7,3,-2.9
1987,3,6,34.9,18.5,7,-2.8
1987,4,0,39.9,23.3,2,-2.6
1987,5,18,40.8,26.9,19,-1.6
1987,6,63,40.8,28.8,61,-1.4
1987,7,124,35.2,26.1,119,-2.9
1987,8,254,33.3,25.2,146,-4.2
1987,9,35,34.4,24.6,92,-5.2
1987,10,23,35.5,20.1,36,-6.6
1987,11,1,32.5,13,8,-6.6
1987,12,13,26.7,10.4,17,-5.5
1988,1,10,27.1,11.9,13,-5
1988,2,0,31.1,14.2,2,-4.6
1988,3,4,34.7,17.8,6,-4.4
1988,4,1,40.6,24,3,-3.9
1988,5,1,43.8,29.5,2,-3.9
1988,6,103,40,28.1,99,-2.4
1988,7,322,31.6,25.5,120,-1.5
1988,8,268,31.2,24.8,117,-1.6
1988,9,224,33.5,25,132,-1.2
1988,10,17,34,18.7,91,1.9
1988,11,0,30.6,12.8,17,1.5
1988,12,0,27.7,10.4,8,1.2
1989,1,13,24.9,9.6,18,1.4
1989,2,0,29.6,11.7,3,1.2
1989,3,32,33.7,17.2,33,2.3
1989,4,0,39.1,21.7,2,2
1989,5,2,43.4,27.8,3,1.5
1989,6,40,38.8,27,39,0.9
1989,7,114,33.4,24.5,109,-2
1989,8,354,31.5,23.8,120,-2.5
1989,9,79,33.2,23.7,115,-3.4
1989,10,0,35,18.9,42,-4.4
1989,11,0,32,14,13,-4.6
1989,12,1,26.3,10.6,7,-4.4
1990,1,0,28.8,11.4,4,-4.4
1990,2,4,28.2,13.9,6,-3.8
1990,3,0,32.5,17.2,2,-3.8
1990,4,0,39.5,23.2,2,-3.5
1990,5,20,40.6,27.8,21,-2.3
1990,6,107,38.1,26.9,103,-0.8
1990,7,246,31,24.8,132,-1
1990,8,299,31,24.7,113,-0.9
1990,9,241,31.3,24.2,111,1.8
1990,10,2,33.6,18.9,81,1.9
1990,11,3,30.9,13.8,17,1.4
1990,12,5,27.3,10.7,12,1.4
1991,1,1,24.8,9.8,5,0.9
1991,2,2,29.4,13.6,5,0.9
1991,3,2,34.4,18.5,5,-0.3
1991,4,1,38.3,22.7,3,0
1991,5,1,42.8,28.9,2,-0.8
1991,6,30,39.4,28.6,30,-1.6
1991,7,389,34.1,25.3,152,0.9
1991,8,318,30.4,24.6,122,1.1
1991,9,81,32.6,24,115,-1.1
1991,10,0,34.7,18.6,44,-2.1
1991,11,21,30.1,13.7,33,-1.6
1991,12,2,27,10.9,9,-1.6
1992,1,1,25.5,11.1,5,-1.9
1992,2,0,27.3,11.8,3,-1.7
1992,3,1,34.1,18.4,3,-2
1992,4,0,38.1,23.1,2,-1.9
1992,5,8,42.2,28,9,-1.6
1992,6,18,41.3,29.5,18,-2.7
1992,7,161,33.4,26.2,154,-3.4
1992,8,346,30,25,119,-3.8
1992,9,230,31.4,23.2,132,-3.1
1992,10,36,32.9,20,90,-1.5
1992,11,13,29.4,13.9,43,2.7
1992,12,0,27.3,11.5,11,2.4
1993,1,0,25.8,11.4,6,1.8
1993,2,2,30.4,13.1,6,1.7
1993,3,4,32.2,17.6,7,1.3
1993,4,0,38.6,23.4,2,1.1
1993,5,6,42.8,29.2,7,0.9
1993,6,85,40.2,28.8,82,1.5
1993,7,331,32,25.7,148,1.8
1993,8,236,32,24.5,148,0.8
1993,9,368,31.2,24.9,118,2.7
1993,10,6,34.1,20.3,81,2.8
1993,11,0,31.3,13.9,17,2.3
1993,12,0,28,9.9,8,1.9
1994,1,49,25.6,12.9,51,3.7
1994,2,1,28,12.7,4,3.3
1994,3,0,36.1,18.4,2,2.5
1994,4,3,37.5,22.2,4,2.5
1994,5,4,43,28.9,5,2
1994,6,132,38.4,27.5,126,3.8
1994,7,373,30,24.6,124,4.4
1994,8,352,29.4,24.5,114,4.7
1994,9,191,31.1,23.6,124,4.1
1994,10,1,33.7,18.8,80,3.8
1994,11,0,30.2,13.8,14,3
1994,12,0,27.3,10.2,7,2.4
1995,1,34,23.3,9.7,36,3.4
1995,2,0,28.5,13.3,3,3
1995,3,26,32.1,17.5,27,3.7
1995,4,1,37.5,22.7,2,3.3
1995,5,3,41.9,28.6,4,2.7
1995,6,24,41.2,29.8,24,1.3
1995,7,460,33,26,157,2.7
1995,8,484,30.3,25.9,126,4.4
1995,9,144,32.9,24.8,139,3.1
1995,10,6,34.5,20.8,83,3.1
1995,11,0,30.7,13.5,14,2.4
1995,12,18,27.1,12.3,24,3
1996,1,16,25.6,11.9,20,3.1
1996,2,0,30.1,14.1,3,2.7
1996,3,12,35.8,20.3,14,2.6
1996,4,1,39,23,3,2.4
1996,5,4,41.9,28.4,5,1.9
1996,6,37,39,29.4,36,1
1996,7,337,33,25.7,143,1.4
1996,8,412,29.7,24.4,118,2.5
1996,9,198,31.9,24.6,124,2.2
1996,10,13,32.5,20,83,2.5
1996,11,0,30.9,12.5,19,2.2
1996,12,0,28,9.1,9,1.8
1997,1,5,25.2,9.2,10,1.5
1997,2,0,29.1,11.4,3,1.3
1997,3,0,34,18.6,3,0.8
1997,4,3,36.8,22,5,0.9
1997,5,9,40.2,26.5,10,0.9
1997,6,76,37.3,26,73,1.3
1997,7,238,32.6,25.4,144,0.8
1997,8,449,30.5,24.3,130,1.8
1997,9,106,31.6,23.9,120,0.6
1997,10,12,33.3,17.4,69,1
1997,11,14,28.7,15.7,29,1.3
1997,12,10,23.5,11.3,17,1.7
1998,1,3,25.1,10.1,7,1.3
1998,2,1,28.9,12.7,4,1.2
1998,3,9,33.2,17,11,1.1
1998,4,4,39.2,24.1,5,1.2
1998,5,2,43.4,29,4,0.8
1998,6,52,40.4,28.5,50,-0.3
1998,7,284,32.2,26.1,154,-0.6
1998,8,151,31.8,25.2,138,-2.1
1998,9,257,31.7,25,122,-1.2
1998,10,14,33.9,20.4,81,1.2
1998,11,5,30,14.2,26,1.4
1998,12,0,28,9.3,9,1.2
1999,1,2,24.6,9.6,7,0.8
1999,2,3,29.5,13.9,7,1
1999,3,0,35.6,17.8,3,-0.4
1999,4,0,41,23,2,-0.5
1999,5,3,41.3,28.1,4,-0.7
1999,6,58,38.3,27.3,57,-0.7
1999,7,265,32.2,24.8,151,-0.9
1999,8,146,31,24.3,138,-2.5
1999,9,313,32.4,24.4,124,-0.9
1999,10,25,33.4,19.8,84,2.1
1999,11,0,32,13.9,26,2.3
1999,12,0,27.6,9.7,10,2
2000,1,0,26.5,10.7,6,1.5
2000,2,0,27.9,11.7,4,1.3
2000,3,0,34.5,16.8,3,0.7
2000,4,0,41.1,25,2,0.6
2000,5,8,40.8,28.1,9,0.6
2000,6,52,38.2,27.4,50,-0.3
2000,7,457,31.7,24.6,139,1.7
2000,8,169,31.7,25.3,132,-1.3
2000,9,51,32.9,24.2,106,-2.5
2000,10,3,35.9,20.3,31,-4.1
2000,11,0,32,14.5,11,-4.3
2000,12,1,29.1,10.1,7,-4.1
2001,1,3,25.5,10.6,6,-3.9
2001,2,0,30.4,14,3,-3.6
2001,3,7,35.1,18.3,9,-3.4
2001,4,1,39,22.9,3,-3
2001,5,21,42.5,28.4,21,-1.9
2001,6,178,37,25.7,170,3.9
2001,7,580,30.8,23.7,125,6.6
2001,8,169,31.3,25.1,135,4.6
2001,9,6,34.8,26.4,85,2.6
2001,10,18,34.9,20.4,32,-4.4
2001,11,0,31.1,14,7,-4.8
2001,12,0,28.4,11.7,4,-4.8
2002,1,0,25.3,10.3,3,-4.8
2002,2,3,28.8,12.5,5,-4.2
2002,3,4,35.4,18.7,6,-4
2002,4,1,40.6,24.5,3,-3.6
2002,5,2,43.9,29.8,3,-3.7
2002,6,46,39.6,28.2,45,-3.6
2002,7,44,34.7,27.5,43,-5.8
2002,8,267,31.1,24.8,125,-6.8
2002,9,153,33.1,24.7,142,-6.8
2002,10,1,35.6,21.1,80,-5.9
2002,11,5,32.2,15.1,19,-5.7
2002,12,1,29.4,12.8,8,-5.4
2003,1,2,25.5,10.5,7,-5.1
2003,2,3,29.8,13.5,6,-4.5
2003,3,0,35,18.3,2,-4.5
2003,4,0,40.4,24.3,2,-4.2
2003,5,3,42.8,28.7,4,-4.1
2003,6,91,39.9,28.6,88,-2.9
2003,7,300,32.5,25.4,132,-2.4
2003,8,197,31.2,24.9,119,-3.1
2003,9,219,31.8,23.4,118,-2.5
2003,10,0,33.9,19.4,79,-2
2003,11,0,32.3,15.2,14,-2.3
2003,12,0,27.8,11.1,8,-2.3
2004,1,7,25.6,10.6,11,-2.1
2004,2,0,30,13.7,3,-2
2004,3,0,37.4,20.6,2,-2.3
2004,4,0,41.3,25.2,2,-2.1
2004,5,7,42.4,28.3,8,-1.9
2004,6,57,39,27.6,56,-1.8
2004,7,136,33.7,26.6,130,-3
2004,8,571,30.2,24,116,-1.1
2004,9,15,33.9,25.5,91,-2.5
2004,10,15,33.7,19.2,30,-3.9
2004,11,1,31.7,14.6,9,-4.1
2004,12,0,28.1,11.5,5,-4
2005,1,2,24.6,9.6,5,-3.9
2005,2,0,29.5,13.2,2,-3.6
2005,3,15,35.5,18.8,16,-2.9
2005,4,2,38.3,22.2,3,-2.5
2005,5,3,42.3,28.2,4,-2.5
2005,6,39,40.8,29.5,38,-2.9
2005,7,375,32.2,25.1,143,-1.7
2005,8,118,31.8,25.6,138,-3.2
2005,9,289,32.6,24.2,128,-1.9
2005,10,0,33.9,19.4,79,-1.5
2005,11,0,31.1,14,14,-1.9
2005,12,0,25.8,9.1,7,-2
2006,1,0,26.4,11.4,4,-2.2
2006,2,0,33.5,17.2,3,-2.1
2006,3,50,34.2,17.4,50,2.2
2006,4,1,39.9,23.8,2,1.9
2006,5,13,43.2,29.1,13,2
2006,6,86,38.8,27.4,83,2.6
2006,7,238,32.1,25,140,2
2006,8,491,30.3,24,120,3.4
2006,9,255,33,24.6,131,3.6
2006,10,8,34.6,20.1,83,3.7
2006,11,1,31.5,14.4,17,3.2
2006,12,0,28.3,11.6,8,2.7
2007,1,4,26.1,11.2,9,2.3
2007,2,2,30.8,14.5,5,2.1
2007,3,6,34.6,17.8,8,1.8
2007,4,1,41.1,25,3,1.6
2007,5,7,42.6,28.5,8,1.5
2007,6,77,39.7,28.4,75,1.8
2007,7,368,32.2,25.1,139,2.4
2007,8,233,31.1,24.9,127,1.6
2007,9,250,32.9,24.5,123,2
2007,10,0,33.9,19.4,79,2
2007,11,0,31.5,14.4,14,1.3
2007,12,0,27.2,10.5,7,0.8
2008,1,0,24.7,9.7,4,-1.1
2008,2,0,27.6,11.2,3,-1
2008,3,3,36,19.3,5,-1.2
2008,4,1,39,22.9,3,-1
2008,5,13,41.4,27.3,14,-0.6
2008,6,156,36.5,25.1,149,3.1
2008,7,216,32.3,25.2,134,2.3
2008,8,190,30.9,24.7,127,-2
2008,9,173,32.5,24.1,123,-2.1
2008,10,2,35,20.5,81,-1.7
2008,11,26,31,13.9,39,-0.8
2008,12,1,29.1,12.4,8,-0.9
2009,1,1,27.2,12.3,6,-1.1
2009,2,0,31.1,14.8,3,-1.1
2009,3,10,36.1,19.3,12,-0.9
2009,4,0,39.8,23.7,2,-0.8
2009,5,25,43.2,29.1,25,1.2
2009,6,34,40.4,29,34,-0.8
2009,7,354,33,25.9,144,0.9
2009,8,130,32.2,25.9,135,-1.7
2009,9,82,33.6,25.2,120,-2.7
2009,10,24,33.8,19.3,54,-3.2
2009,11,19,30.6,13.5,29,-2.5
2009,12,5,28.6,11.9,11,-2.2
2010,1,1,24.9,9.9,5,-2.3
2010,2,1,30.4,14,4,-2.1
2010,3,0,37.6,20.8,2,-2.4
2010,4,1,41.8,25.7,2,-2.2
2010,5,1,44.9,30.8,2,-2.4
2010,6,30,41.1,29.8,30,-3.1
2010,7,191,33.3,26.2,140,-3.4
2010,8,412,31.4,25.1,117,-2.6
2010,9,175,32.2,23.8,122,-2.6
2010,10,1,35.1,20.6,80,-2.1
2010,11,24,31.5,14.4,37,-1.1
2010,12,1,26.4,9.8,8,-1.2
2011,1,0,24.1,9.2,4,-1.4
2011,2,2,29.7,13.4,5,-1.2
2011,3,0,35.4,18.6,3,-1.5
2011,4,0,39.3,23.2,2,-1.4
2011,5,7,43.3,29.2,8,-1.2
2011,6,93,38.2,26.9,89,1
2011,7,272,32.1,25,122,0.9
2011,8,452,31.1,24.8,109,2.5
2011,9,260,32,23.6,116,3.1
2011,10,0,34.7,20.2,79,2.9
2011,11,0,32.6,15.5,14,2.2
2011,12,0,27.9,11.3,8,1.8
2012,1,6,24.4,9.4,10,1.5
2012,2,0,28.7,12.4,3,1.2
2012,3,0,34.4,17.7,2,0.7
2012,4,2,39.5,23.4,3,0.6
2012,5,16,41.7,27.6,17,1.2
2012,6,30,39.6,28.3,29,-1.2
2012,7,251,32.9,25.8,142,-1.3
2012,8,397,30.4,24.1,107,1
2012,9,322,32.2,23.8,113,2.4
2012,10,0,34.3,19.8,79,2.4
2012,11,0,30.3,13.2,14,1.7
2012,12,0,27.8,11.1,7,1.2
2013,1,0,24.5,9.6,5,0.7
2013,2,2,28.8,12.4,5,0.8
2013,3,10,34.7,18,12,0.8
2013,4,1,38.7,22.6,3,0.8
2013,5,2,43.1,29,3,-0.3
2013,6,129,37.1,25.8,124,2
2013,7,576,31.2,24.1,110,5
2013,8,385,30.4,24.1,113,5.5
2013,9,195,33.5,25.1,131,4.8
2013,10,82,33.6,19.1,106,6.9
2013,11,4,29.7,12.6,54,8.4
2013,12,15,26.9,10.2,30,8.9
2014,1,51,33.5,18.6,56,10.2
2014,2,2,28,11.6,6,9.4
2014,3,4,33.8,17.1,7,8.3
2014,4,2,38.8,22.7,4,7.6
2014,5,5,42,27.9,6,6.7
2014,6,15,41.4,30,16,4.6
2014,7,379,33.5,26.4,152,4.9
2014,8,362,31.6,25.3,128,5.1
2014,9,197,32.7,24.3,127,4.5
2014,10,2,35.1,20.5,79,4.3
2014,11,0,32.4,15.2,15,3.6
2014,12,1,26.6,9.9,9,3.1
2015,1,28,23.7,8.8,31,3.8
2015,2,0,30.8,14.5,3,3.4
2015,3,36,33.3,16.6,37,4.5
2015,4,4,38.6,22.5,6,4.4
2015,5,1,43.8,29.7,2,3.6
2015,6,78,38.6,27.2,75,3.9
2015,7,451,32.4,25.3,145,5.1
2015,8,325,31.3,25.1,128,4.8
2015,9,75,33.9,25.5,115,3.2
2015,10,1,36,21.5,40,1.6
2015,11,0,33,15.9,12,0.9
2015,12,2,27.3,10.6,8,0.6
2016,1,3,26,11.5,7,-2.5
2016,2,0,29.6,13.8,3,-2.4
2016,3,5,35.1,19.3,7,-2.2
2016,4,0,39.2,24.7,2,-2.1
2016,5,10,42.7,29.7,11,-2
2016,6,66,39.9,29.1,63,1.3
2016,7,395,31.4,25.1,122,4.1
2016,8,575,29.1,24.5,102,6.7
2016,9,188,31.8,24.3,127,5.4
2016,10,11,31.8,19.8,77,6.1
2016,11,0,31.1,13.4,22,6.4
2016,12,0,28.5,10.8,9,5.7
2017,1,2,24.6,11,7,5
2017,2,0,29.7,13.2,4,4.5
2017,3,9,34.4,18.1,11,4.1
2017,4,0,40,24.5,2,3.6
2017,5,9,42.1,29.1,10,3.6
2017,6,83,38.2,27.8,80,3.8
2017,7,251,31.3,24.9,134,4.7
2017,8,213,31.2,24.9,134,3.8
2017,9,136,32.4,24.7,124,3
2017,10,1,36.2,21.2,80,2.9
2017,11,7,31,14.5,21,2.2
2017,12,8,27.6,11.8,14,1.8
2018,1,0,27,11.4,4,1.3
2018,2,0,31.3,15.2,3,1.2
2018,3,0,36.4,19.8,2,0.8
2018,4,3,40,24.9,5,1
2018,5,3,43.9,30,4,0.6
2018,6,82,39,28.6,79,1.1
2018,7,279,31.3,25.4,130,3
2018,8,314,30.3,25,119,3.5
2018,9,235,30.2,23.1,108,5.1
2018,10,0,33.5,19.1,76,4.9
2018,11,0,30.8,14.2,16,4.2
2018,12,0,25.3,8.5,8,3.6
2019,1,2,24.2,9.3,7,-0.2
2019,2,1,28.2,11.8,4,0.1
2019,3,2,33.6,16.9,4,-0.7
2019,4,12,40.3,24.2,13,1
2019,5,4,42.8,28.7,5,-0.2
2019,6,64,41.2,29.8,62,0.8
2019,7,558,33.4,26.2,144,3.7
2019,8,696,31,24.8,108,7.1
2019,9,940,32.1,23.7,84,11.7
2019,10,60,33.6,19.1,93,12.4
2019,11,12,33.3,16.1,49,13.4
2019,12,1,26.3,9.7,18,12.5
