Product: Historical Climate - TerraClimate(http://www.climatologylab.org/terraclimate.html) 
Location (Lat/Lon of 4-km Grid Cell Center): 27.3125 North,88.6875 East 
Data Source: NW Climate Toolbox(https://climatetoolbox.org/tool/point-data-download)
Download Date: 07/25/2020
Variable List: 
ppt: ppt (Precipitation)
tmax: tmax (Maximum Temperature)
tmin: tmin (Minimum Temperature)
aet: aet (Actual Evapotranspiration)
PDSI: pdsi (Palmer Drought Severity Index (PDSI))
********************************************************
Year,Month,ppt(mm),tmax(degC),tmin(degC),aet(mm),PDSI(unitless)
1958,1,32,12.9,2.7,37,0.7
1958,2,8,12.7,2.8,17,-0.4
1958,3,47,16.7,5.2,50,-0.8
1958,4,124,19.4,8.8,103,0.4
1958,5,108,20.4,11.1,105,-0.7
1958,6,133,21.9,14,104,-1.8
1958,7,332,21.8,14.4,91,-3
1958,8,508,20.3,14.6,78,-0.7
1958,9,150,21.3,13.4,76,-1.5
1958,10,35,21.7,10.5,63,-2
1958,11,8,18.6,4.5,37,-2.1
1958,12,0,14.6,2.7,20,-2.2
1959,1,31,11.9,2,36,-1.5
1959,2,8,12.2,1.9,17,-1.9
1959,3,57,16.7,5.2,60,-1.9
1959,4,86,19.2,8.6,85,-2
1959,5,126,19.6,10.4,103,-2
1959,6,207,20.2,13.1,90,-2.6
1959,7,351,21,14.2,90,-2.9
1959,8,275,21,14,93,-3
1959,9,308,19.9,11.9,74,-1.6
1959,10,174,18.5,11,69,1.9
1959,11,0,16.7,5.2,37,1.5
1959,12,0,14.7,2.7,25,1.2
1960,1,1,11.5,0,22,0.8
1960,2,10,14.8,3,20,-1.1
1960,3,108,15.4,4.6,91,0.8
1960,4,37,20.1,7.9,47,-1
1960,5,118,20.8,10.8,108,-1.3
1960,6,164,20.8,13.3,103,-2.2
1960,7,421,20.3,14.2,81,-2.3
1960,8,321,21,14.7,90,-2
1960,9,304,19.6,13.3,71,-0.7
1960,10,45,19.8,9.9,66,-1.2
1960,11,0,16.7,4.2,36,-1.5
1960,12,0,15.5,2.6,21,-1.7
1961,1,5,12.7,2.3,18,-1.9
1961,2,37,12.7,1.8,39,-1.6
1961,3,64,16.2,6.1,65,-1.5
1961,4,71,19.4,7.8,71,-2
1961,5,99,19.8,10.6,96,-2.4
1961,6,307,20.7,13.1,103,-2.5
1961,7,325,21.3,13.9,99,-3.1
1961,8,373,21.2,14.7,93,-2.2
1961,9,211,20.4,13.3,79,-2.1
1961,10,103,20.3,9.5,82,-1.9
1961,11,9,14,4,45,-1.8
1961,12,5,11.1,0.2,27,-1.5
1962,1,24,12.3,0.1,35,-1
1962,2,37,12.1,1.5,42,-0.6
1962,3,60,16.1,4,69,-0.6
1962,4,103,18.5,7.5,100,0.1
1962,5,151,18.3,9.6,102,0.8
1962,6,387,19.4,13.1,87,1.7
1962,7,331,21.2,14,96,0.8
1962,8,502,19.8,13.9,81,2.6
1962,9,263,20.3,12.9,77,2.9
1962,10,28,19.6,8.3,62,1.8
1962,11,0,17.2,4.1,34,1
1962,12,6,13.3,2,22,0.6
1963,1,7,12.1,-0.9,16,-1.7
1963,2,1,14.3,1,7,-2.4
1963,3,78,14.8,4.7,77,-1.9
1963,4,131,16.5,6.9,100,-1.2
1963,5,158,18.3,9.5,98,-0.7
1963,6,351,19.8,12.7,87,1.8
1963,7,452,20.7,14,84,2.1
1963,8,336,20.5,14.3,84,2.2
1963,9,228,20.6,12.6,79,2
1963,10,82,19,9.6,79,1.5
1963,11,37,14.2,5.4,51,2.1
1963,12,0,13.7,1.9,29,2.1
1964,1,1,12.6,1.1,27,1.7
1964,2,9,13,2.1,25,1
1964,3,38,16.9,5.6,44,-1.1
1964,4,101,18.3,8.6,98,-1
1964,5,154,18.3,9.1,110,-0.8
1964,6,207,21.1,13,104,-1.5
1964,7,536,20,13.9,89,1.2
1964,8,286,20.7,14.1,90,0.8
1964,9,186,20.2,13.5,75,-0.4
1964,10,37,21.4,10.2,63,-1.2
1964,11,4,16.6,5,35,-1.5
1964,12,0,14.1,1.5,21,-1.7
1965,1,0,13.4,-0.2,12,-2.1
1965,2,51,12.5,0.3,51,-1.7
1965,3,82,14.3,3.5,82,-1.4
1965,4,65,18.3,7.3,66,-1.9
1965,5,101,20.1,10.2,98,-2.4
1965,6,215,20.7,12.9,101,-3.1
1965,7,319,20.2,13.5,93,-3.8
1965,8,429,20.1,13.3,94,-2.3
1965,9,161,20.2,11.9,86,-2.9
1965,10,44,18.7,8,69,-3.3
1965,11,51,14.6,3.9,58,-2
1965,12,2,14,0.8,28,-1.8
1966,1,67,10.6,-0.1,52,2.3
1966,2,33,13.9,3.4,44,2.3
1966,3,23,17.3,5,44,1.2
1966,4,72,18.8,7.4,78,-1.3
1966,5,74,21,10.5,76,-2.3
1966,6,270,20.4,12.9,106,-2.7
1966,7,379,20.9,13.8,92,-2.7
1966,8,459,20.4,14.4,86,-1
1966,9,165,19.7,11.7,85,-1.6
1966,10,33,18.5,7.2,65,-2.2
1966,11,7,17.8,5.1,37,-2.3
1966,12,8,14,2.2,27,-2.3
1967,1,2,12.8,1.1,13,-2.5
1967,2,9,14.8,1.8,15,-3
1967,3,136,14.8,4.3,86,-1.3
1967,4,117,17.2,6.5,102,-0.6
1967,5,96,19.5,9.3,99,-0.9
1967,6,228,19.9,12.6,100,-1.3
1967,7,306,21.2,13.5,92,-2.2
1967,8,277,21,14,101,-2.4
1967,9,241,20.4,12.1,86,-2
1967,10,58,18.4,7.4,74,-2.3
1967,11,7,13.2,3.3,38,-2.3
1967,12,0,13.8,2.2,21,-2.3
1968,1,21,9.9,0.8,30,-1.8
1968,2,12,12.2,1.4,23,-2.1
1968,3,76,15.7,5.4,76,-1.7
1968,4,95,17.6,6.8,93,-1.7
1968,5,94,19.4,9.7,92,-2.2
1968,6,295,18.8,12.6,96,-2.3
1968,7,483,19.8,13.7,86,-1.4
1968,8,274,21.3,13.6,101,-1.7
1968,9,196,21.1,13.3,73,-1.8
1968,10,360,17.6,7.9,84,3.1
1968,11,2,15.2,4.4,41,2.5
1968,12,1,12.8,1.6,27,2.1
1969,1,4,11.9,0.8,24,1.7
1969,2,5,14.3,2.1,15,0.7
1969,3,110,17.3,5.5,94,1.4
1969,4,80,18.4,7.3,85,0.9
1969,5,123,19.8,10.3,106,-0.3
1969,6,283,20.5,13,102,-1.2
1969,7,413,20.6,14.1,97,-1.1
1969,8,265,20.7,13.4,94,-1.5
1969,9,215,20.3,13,81,-1.4
1969,10,35,19.2,8.4,67,-2
1969,11,21,17.4,5.2,42,-1.7
1969,12,0,14.6,2.1,23,-1.9
1970,1,14,11.7,1,26,-1.7
1970,2,62,12.2,1.7,58,-1
1970,3,53,16.7,5,58,-1.1
1970,4,55,19.4,7.6,57,-1.8
1970,5,80,21,11.4,79,-2.6
1970,6,332,20.6,12.9,100,-2.4
1970,7,403,20.5,14.3,95,-2.3
1970,8,367,20.8,14.2,92,-1.5
1970,9,172,20.6,13.1,81,-2
1970,10,68,20.4,9.2,77,-2.2
1970,11,3,16.1,4.2,40,-2.3
1970,12,0,15.5,1,24,-2.3
1971,1,5,12.4,1,20,-2.4
1971,2,13,13.1,0.8,20,-2.7
1971,3,41,16.4,4.5,43,-3.1
1971,4,169,16.9,7.4,96,-1.6
1971,5,123,17.9,9.6,97,-1.2
1971,6,428,19,13.5,90,2.8
1971,7,376,20.5,13.2,100,2.1
1971,8,315,20.3,12.8,94,1.9
1971,9,201,21.4,12.4,84,1.4
1971,10,204,19.3,10,80,2.4
1971,11,30,15.1,4.4,52,2.7
1971,12,0,14.2,1.4,31,2.5
1972,1,7,14,1.6,28,2.2
1972,2,30,12.8,1.5,38,2
1972,3,77,17.7,5.8,79,1.9
1972,4,80,18.6,6.8,84,1.4
1972,5,115,21.5,10.7,109,0.8
1972,6,201,21,12.3,111,-1.7
1972,7,369,22.3,14,94,-2.1
1972,8,233,21.3,13.3,107,-2.9
1972,9,327,20.3,11.9,80,-1.3
1972,10,54,20.2,8.4,72,-1.7
1972,11,23,15.3,4.2,46,-1.3
1972,12,0,14.3,2.3,27,-1.4
1973,1,15,13,2.7,30,-1.2
1973,2,61,13.3,3.1,59,-0.6
1973,3,48,16.4,4.1,55,-0.9
1973,4,81,20.2,7.8,82,-1.2
1973,5,148,19.7,10.2,110,-1.1
1973,6,450,19.4,13.2,93,1.3
1973,7,332,22.1,13.2,100,-0.8
1973,8,334,20.9,13.7,100,0.1
1973,9,226,20.6,13.3,85,-0.6
1973,10,371,18.1,10.1,82,3.5
1973,11,26,14.5,5,49,3.6
1973,12,0,13.6,2.4,31,3.3
1974,1,14,11.5,1.3,32,3.1
1974,2,1,14.1,2.6,18,2
1974,3,95,16.1,5.9,92,2.3
1974,4,104,19.4,8.3,102,2
1974,5,160,19.5,10.4,107,2
1974,6,272,20.4,12.8,93,1.8
1974,7,581,20,13.5,98,3.1
1974,8,325,20.7,13.9,98,2.8
1974,9,210,20.2,12.2,85,2.3
1974,10,99,22.3,11.4,87,2
1974,11,2,17.8,3.9,45,1.5
1974,12,3,13.4,1.7,27,1.3
1975,1,14,11.5,1.1,28,1.2
1975,2,23,12.5,2.4,33,0.8
1975,3,36,16.7,4.8,40,-1.3
1975,4,79,19.9,7.6,79,-1.6
1975,5,132,20.3,9.8,111,-1.7
1975,6,310,21.1,13.3,108,-1.7
1975,7,476,20.2,13.3,91,-0.9
1975,8,183,21.5,13.4,94,-2.1
1975,9,432,19.4,13.1,78,2.5
1975,10,91,21.5,11.4,86,2
1975,11,0,17.8,3.9,49,1.4
1975,12,1,14,1.3,26,1
1976,1,11,12.4,0.2,26,0.8
1976,2,71,13.6,3.7,60,1.4
1976,3,28,17.2,5.9,38,0.6
1976,4,106,19,7.8,104,-0.1
1976,5,176,18.8,10.2,118,0.3
1976,6,346,19.7,12.5,99,0.8
1976,7,345,20.9,12.8,90,-0.6
1976,8,390,20.2,13.3,99,0.8
1976,9,134,20.2,12.2,76,-1
1976,10,48,19.8,8.1,71,-1.5
1976,11,1,19.9,6.3,37,-1.8
1976,12,0,15.1,1.4,23,-2.1
1977,1,3,12.9,1.6,13,-2.4
1977,2,13,15.3,2.4,19,-2.8
1977,3,39,18.5,6.5,41,-3.3
1977,4,166,17.7,7.9,111,-2
1977,5,224,17.2,8.6,107,2.2
1977,6,244,19,12,95,2.2
1977,7,355,20.8,13.9,92,1.5
1977,8,363,21,14.1,91,1.8
1977,9,156,20.9,12.8,85,0.7
1977,10,149,18,9.2,83,1.2
1977,11,45,17,6.3,52,2
1977,12,12,12.7,3,37,2.4
1978,1,14,10.5,-0.4,36,2.5
1978,2,29,12,1.7,41,2.3
1978,3,118,15.1,3.8,100,3.1
1978,4,92,17.6,7,94,2.9
1978,5,253,19.2,10.7,109,4.3
1978,6,383,20,12.9,104,5.2
1978,7,430,20.7,13.3,96,4.8
1978,8,286,20.8,14,85,4.1
1978,9,285,19.6,12.8,80,4.4
1978,10,84,20,10.3,80,3.7
1978,11,52,16.7,6.7,56,4.5
1978,12,3,13.9,2.3,34,4.3
1979,1,3,13.1,1.1,29,3.9
1979,2,74,11.7,1.7,63,4.5
1979,3,8,16.3,5.6,34,3.2
1979,4,101,19.2,8.6,100,2.8
1979,5,79,22.5,10.3,84,1.4
1979,6,242,21.4,13.1,114,-2.6
1979,7,407,21,13.7,90,-2.3
1979,8,357,21.1,14.2,94,-1.7
1979,9,181,20.2,11.8,85,-2.1
1979,10,161,19.4,9.9,82,-1.2
1979,11,34,18.9,7.5,48,1.2
1979,12,23,12.2,4.3,37,2
1980,1,3,11.8,0.8,30,1.9
1980,2,34,13.5,2.8,42,1.9
1980,3,105,15.8,5.3,93,2.6
1980,4,76,19.7,9,88,2.1
1980,5,204,18,10.1,105,2.8
1980,6,317,20.3,13.3,99,3.3
1980,7,405,21.1,14,100,2.9
1980,8,329,21.4,14.2,90,2.7
1980,9,217,20.9,13.5,89,2.2
1980,10,61,18.7,9.4,77,1.5
1980,11,7,17.5,4.3,40,1.2
1980,12,3,15.9,3,23,0.8
1981,1,39,10.2,1.2,41,1.5
1981,2,15,14.4,2.5,29,0.9
1981,3,92,15.4,5,87,1.4
1981,4,116,17.4,7.1,93,1.7
1981,5,188,18.9,9.7,112,2.2
1981,6,246,21.1,13.3,106,2.1
1981,7,484,20.5,14.4,92,2.6
1981,8,280,21.9,14.4,93,1.9
1981,9,176,20.7,12.7,91,1
1981,10,2,21.9,8.8,50,-1.9
1981,11,7,16.6,4.6,37,-2.3
1981,12,8,13.2,1,21,-2.4
1982,1,0,13.2,1,7,-2.8
1982,2,29,12,2.1,32,-2.7
1982,3,63,15.7,4.4,63,-2.6
1982,4,114,17.9,7.6,101,-2.1
1982,5,75,20.4,9.5,76,-3.1
1982,6,255,20.3,12.9,96,-3.5
1982,7,315,21.9,14,88,-4
1982,8,203,22.2,13.6,108,-4.9
1982,9,158,22.2,12.6,87,-5.2
1982,10,83,19.2,8.4,84,-5
1982,11,25,15.5,5.2,47,-4.1
1982,12,1,14.1,2.8,27,-3.5
1983,1,18,11,0.2,31,-2.9
1983,2,25,11.7,0.4,36,-2.6
1983,3,56,16.2,4.6,64,-2.5
1983,4,89,17,6.4,90,-2.4
1983,5,210,18.5,9.4,100,-1.2
1983,6,186,21.4,12.8,104,-1.4
1983,7,423,22.5,13.9,93,-1.2
1983,8,204,22.5,13.3,100,-2.2
1983,9,201,20.9,13.4,81,-2.2
1983,10,72,20.4,9.5,84,-2.5
1983,11,0,16.7,3.3,40,-2.6
1983,12,14,14,1,30,-2.2
1984,1,27,12.1,0.7,35,-1.6
1984,2,33,13.9,2.4,41,-1.5
1984,3,37,19.1,6,42,-2
1984,4,98,19,8.2,97,-2
1984,5,181,20.3,10.8,94,-1.2
1984,6,422,20.1,13.5,103,2
1984,7,567,19.4,14,87,3.3
1984,8,297,20.8,13.2,101,2.7
1984,9,352,19.6,12,75,4
1984,10,48,21.5,10.7,66,3
1984,11,2,15.6,3.7,39,2.3
1984,12,2,15.6,3.8,22,1.7
1985,1,9,11.3,1.8,21,1.3
1985,2,42,14.3,2.4,42,1.3
1985,3,33,19.9,7.3,37,-1.6
1985,4,85,19.9,8.5,84,-1.8
1985,5,129,19.1,10.2,108,-1.8
1985,6,215,20.6,13.4,104,-2.6
1985,7,556,19,13.4,91,-0.9
1985,8,262,21.3,14.6,101,-1.5
1985,9,262,19.8,13.2,83,-0.9
1985,10,162,19.4,9.5,81,1.6
1985,11,7,16,4.9,42,1.3
1985,12,20,14.4,3.6,34,1.8
1986,1,0,13.2,1.8,23,1.4
1986,2,11,13.3,2,26,0.8
1986,3,48,16.9,5.4,53,-1
1986,4,171,17,7.4,99,1.2
1986,5,123,18.2,9,111,1.1
1986,6,208,21.6,13.5,103,0.6
1986,7,358,20.7,13.7,99,-0.5
1986,8,202,21.4,13.8,99,-2
1986,9,186,20,12.3,83,-2.3
1986,10,149,18.2,8.2,85,-1.6
1986,11,18,16.9,5,44,-1.2
1986,12,19,13,2.3,36,1.2
1987,1,7,12,0.9,29,1.2
1987,2,42,13.8,2.6,47,1.4
1987,3,103,16.2,5.4,79,2.3
1987,4,146,17.7,7.7,110,2.9
1987,5,87,19.8,9.4,109,2.1
1987,6,208,21,14.1,87,1.3
1987,7,340,20.5,14.3,93,-1.6
1987,8,425,19.8,14,88,1.1
1987,9,234,20.3,13.6,80,1.1
1987,10,223,19.3,8.9,77,2.5
1987,11,3,16.6,4.4,40,2
1987,12,2,14.2,2.6,27,1.8
1988,1,3,13.5,2.7,23,1.4
1988,2,42,14.3,3.8,45,1.4
1988,3,80,16.8,6.3,80,1.6
1988,4,101,18.7,8.3,98,1.4
1988,5,134,20.1,10.7,121,1
1988,6,206,20.5,12.9,111,-1.2
1988,7,462,20,14.4,90,-0.6
1988,8,452,20.1,14.5,73,1.9
1988,9,189,21,13.3,78,1.3
1988,10,11,21.3,8.9,62,-1.3
1988,11,25,16.5,5.1,44,-1.4
1988,12,21,14.4,3.4,30,-1
1989,1,40,12.2,1.6,42,0.6
1989,2,82,12.9,3.2,65,1.7
1989,3,60,16.6,6.6,68,1.7
1989,4,61,19.1,8,68,0.7
1989,5,141,20.9,10.6,116,-0.2
1989,6,349,19.9,13.5,93,0.4
1989,7,477,20.9,13.8,83,1.1
1989,8,279,20.1,13.9,86,0.6
1989,9,269,20.6,14.1,67,1.3
1989,10,30,20.4,10.2,68,-0.8
1989,11,12,15.8,5.3,37,-1
1989,12,2,12.6,1.7,21,-1.2
1990,1,0,15.4,2.2,11,-1.6
1990,2,97,12.2,3,53,1.4
1990,3,70,14.7,4.8,73,1.9
1990,4,106,17.3,7.6,97,2.1
1990,5,190,19.1,10.6,100,2.8
1990,6,271,21.1,13.8,78,3.2
1990,7,362,20.3,14.2,82,2.5
1990,8,248,20.7,14,85,1.6
1990,9,272,20.3,13.3,71,2.2
1990,10,90,19.6,9.5,86,1.7
1990,11,0,18.4,5.5,44,1.2
1990,12,1,14.3,2.6,26,0.9
1991,1,54,10.7,0.5,51,1.9
1991,2,34,14.5,3.3,42,1.8
1991,3,75,17.7,6,77,1.9
1991,4,38,18.7,8,46,0.7
1991,5,100,20,9.6,98,-1.5
1991,6,396,19.1,13.4,89,-0.8
1991,7,253,20.9,14.4,102,-2.3
1991,8,420,20.4,14.2,88,-1
1991,9,392,20,12.6,83,2.9
1991,10,22,20.8,9.1,61,1.8
1991,11,10,16.6,3.5,36,1.2
1991,12,9,12.6,2,25,1
1992,1,15,12.2,1.2,25,0.8
1992,2,36,11.5,1.2,38,0.7
1992,3,38,19.1,7,41,-1.6
1992,4,122,19.5,7.7,116,-1.3
1992,5,166,17.8,9.4,107,-0.8
1992,6,145,20.5,12.6,105,-1.7
1992,7,379,19.9,13.2,98,-2.1
1992,8,386,20.4,13.9,94,-1.2
1992,9,204,21.2,12.5,92,-1.4
1992,10,88,20,9.6,83,-1.5
1992,11,3,16.2,4.1,44,-1.6
1992,12,4,12.4,1.8,27,-1.5
1993,1,43,13.2,3.6,46,0.9
1993,2,21,14.6,2.9,33,-0.1
1993,3,81,15.3,4.3,83,0.8
1993,4,146,17.2,7.3,98,1.6
1993,5,148,19.4,9.7,107,1.8
1993,6,251,19.9,12.7,89,1.8
1993,7,299,21.8,13.6,91,0.6
1993,8,356,20.8,14.5,84,1
1993,9,265,19.8,12.9,88,1.3
1993,10,19,20.7,10.4,56,-0.8
1993,11,10,17.6,5,35,-1.1
1993,12,0,15,3,19,-1.4
1994,1,38,13,2.3,42,-0.8
1994,2,59,11.8,2.1,57,0.5
1994,3,45,17.2,6.2,50,-0.3
1994,4,105,17.7,7.6,102,0
1994,5,108,20,10.8,104,-0.8
1994,6,288,20.7,13.6,97,-1.1
1994,7,229,22.1,13.1,106,-2.9
1994,8,304,21.3,14,98,-2.7
1994,9,162,21.6,13.5,88,-3.3
1994,10,22,20.8,8.5,61,-3.8
1994,11,38,14.7,5,53,-3
1994,12,1,14,2.2,23,-3
1995,1,41,10.6,0.7,44,-2
1995,2,45,13,3.4,45,-1.4
1995,3,20,17.9,6.8,29,-2.1
1995,4,45,19.1,7.5,49,-2.9
1995,5,81,22.2,11.9,81,-3.7
1995,6,257,21.2,14.3,86,-3.9
1995,7,367,20.7,14,101,-4
1995,8,311,20.7,13.9,99,-3.7
1995,9,276,20.7,13.2,91,-2.8
1995,10,14,21.4,9.9,62,-3.4
1995,11,47,16.5,5.3,55,-2.6
1995,12,6,13.9,3.5,24,-2.5
1996,1,50,13,2.5,48,-1.3
1996,2,39,12.4,1,44,-1
1996,3,62,17.7,6.5,66,-0.8
1996,4,69,19.2,7.6,72,-1.4
1996,5,81,20.3,11,81,-2.1
1996,6,284,19.7,12.3,95,-2.3
1996,7,434,20.6,14.5,88,-1.8
1996,8,334,20.7,13.9,97,-1.5
1996,9,183,19.7,13.1,89,-1.9
1996,10,75,20.2,10.6,81,-2.1
1996,11,0,18.5,5.5,40,-2.3
1996,12,0,15.4,1.1,25,-2.3
1997,1,23,12.1,0.4,31,-1.8
1997,2,28,11.9,2.6,33,-1.7
1997,3,86,16.7,5.8,84,-1.1
1997,4,238,15.9,7.1,94,2.9
1997,5,113,18.8,10.4,115,2.7
1997,6,294,19.6,13,83,3.1
1997,7,358,20.9,14.1,101,2.2
1997,8,308,21.5,13.8,97,1.8
1997,9,334,19.3,12.9,81,2.9
1997,10,14,17.8,8.1,64,1.7
1997,11,7,15.9,5.6,33,0.9
1997,12,30,12,2.5,36,1.2
1998,1,1,13.4,2.1,11,0.6
1998,2,19,14.6,3.3,23,-1.6
1998,3,144,16,5.3,92,1.4
1998,4,140,18.5,8.5,98,2.3
1998,5,136,21.3,11.5,110,2.4
1998,6,316,21.5,14.4,87,3
1998,7,398,20.3,14.6,84,2.7
1998,8,438,20.3,15,68,3.8
1998,9,218,21.2,13.5,84,3.3
1998,10,108,22,12.1,84,3
1998,11,17,17.6,6.5,51,2.8
1998,12,1,14.3,3.1,29,2.4
1999,1,6,13.3,1.5,26,2
1999,2,7,16.5,4.2,17,1
1999,3,25,19.3,6.3,29,-1.9
1999,4,112,21.7,9.6,107,-1.6
1999,5,214,20.1,11.9,112,0.9
1999,6,301,20.3,14.2,101,1.4
1999,7,507,20,13.8,97,2.2
1999,8,450,20,14.2,85,3.3
1999,9,289,20.7,13,92,3.6
1999,10,185,19.3,10.9,85,4.2
1999,11,7,17.1,6.5,44,3.6
1999,12,0,13.7,4.4,25,3.1
2000,1,9,12.1,2.3,28,2.8
2000,2,29,12,1.9,38,2.3
2000,3,57,15.1,5.2,62,1.9
2000,4,199,17.8,8.2,104,3.2
2000,5,289,19.7,11.2,101,5.5
2000,6,304,20.2,14.1,94,5.7
2000,7,322,20.6,14.3,103,4.2
2000,8,403,20.5,14.2,87,4.7
2000,9,277,19.7,12.6,82,4.8
2000,10,14,20.7,10,61,3.4
2000,11,4,17.9,6.2,31,2.4
2000,12,0,15.6,2.3,16,1.6
2001,1,6,15.4,2.5,14,0.9
2001,2,34,16.2,4.2,37,0.6
2001,3,45,16.2,5.2,46,-2.6
2001,4,176,18.2,7.9,110,-1.2
2001,5,342,19.2,10.9,102,4.1
2001,6,311,20.1,13.6,104,4.4
2001,7,441,21.3,14.1,108,4.1
2001,8,344,20.8,14.7,99,3.9
2001,9,166,20.9,13.6,89,2.7
2001,10,107,20.4,10.7,89,2.4
2001,11,1,17.9,5.4,40,1.8
2001,12,0,15.1,2.5,27,1.5
2002,1,23,11.9,1.7,35,1.7
2002,2,19,15,3.3,31,1.1
2002,3,72,17.3,6.2,74,1.1
2002,4,139,18.8,8,96,1.7
2002,5,170,19,10.4,114,2.1
2002,6,204,20.7,13.6,94,1.6
2002,7,438,20.4,14.8,84,1.8
2002,8,390,20.8,14.1,91,2.3
2002,9,159,20,13.1,89,1.2
2002,10,77,20.1,9.1,80,0.7
2002,11,11,17.6,5.5,45,0.6
2002,12,1,14.8,3,25,-1
2003,1,34,13.7,0.8,43,0.6
2003,2,97,12.5,2.4,56,2.1
2003,3,47,16,5.9,63,2.2
2003,4,107,19.3,8.6,99,2.3
2003,5,120,18.7,10.2,112,2
2003,6,357,19.4,13.6,85,2.5
2003,7,460,20.5,14.1,83,2.8
2003,8,242,22.1,14.9,91,1.8
2003,9,252,20.7,14.2,85,1.9
2003,10,130,21.2,10.6,85,2
2003,11,3,18.1,6.2,42,1.5
2003,12,9,13.6,3,31,1.5
2004,1,23,11.9,1.7,36,1.7
2004,2,10,14.3,2.4,24,1.1
2004,3,31,20.3,7.6,37,-1
2004,4,137,18.3,8.5,98,0.7
2004,5,193,20.6,11.7,109,1.5
2004,6,222,19.7,13.9,84,1.5
2004,7,533,19.2,13.8,80,2.6
2004,8,213,21.6,14.4,98,1.3
2004,9,147,21.7,13.1,78,-1.8
2004,10,94,19.2,9.5,90,-1.9
2004,11,35,15.5,5.2,54,-1
2004,12,0,15.8,3.2,29,-0.8
2005,1,33,12.1,3.4,41,1.3
2005,2,25,13.8,4.3,40,1.1
2005,3,108,17.7,7.3,95,1.8
2005,4,108,18.7,8.2,107,1.8
2005,5,122,18.9,10.1,108,1.5
2005,6,176,20.9,13.9,91,-1.1
2005,7,359,20.9,14.9,100,-1.5
2005,8,286,21.4,15.2,92,-1.7
2005,9,198,21.4,13.7,99,-2
2005,10,144,19.5,10.8,90,-1.4
2005,11,0,18,5.1,44,-1.6
2005,12,0,14.9,2.2,27,-1.7
2006,1,0,16.5,2.7,18,-2
2006,2,12,18,4.8,19,-2.5
2006,3,75,17.3,6.7,76,-2.2
2006,4,261,17.5,8.3,106,2.5
2006,5,191,20,11.6,118,3.5
2006,6,246,20.8,14.1,93,3.4
2006,7,329,22.2,14.7,114,2.1
2006,8,222,21.7,14.5,110,0.8
2006,9,215,21.1,13.4,82,0.6
2006,10,51,19.6,10.2,74,-2.3
2006,11,42,16,7.1,53,-1.4
2006,12,4,16.4,3.9,28,-1.2
2007,1,9,15.4,2.4,27,-1.1
2007,2,89,12,2.7,52,1.9
2007,3,30,18.3,6.3,57,1.5
2007,4,102,19.8,8.7,98,1.5
2007,5,167,21.3,11.9,124,1.5
2007,6,226,21.1,13.3,87,1
2007,7,463,20.9,14.5,77,1.6
2007,8,319,21.5,15,92,1.4
2007,9,331,20.5,14.1,78,2.6
2007,10,31,21.6,11.3,65,1.6
2007,11,19,17.4,5.8,44,1.3
2007,12,0,15.8,3.3,22,0.8
2008,1,23,12.7,3.9,33,0.7
2008,2,8,12.9,2,14,-1.5
2008,3,121,17.3,6.8,86,1
2008,4,55,19.4,9.6,70,-0.6
2008,5,217,19.4,12,105,1.3
2008,6,482,19.3,14.4,89,3.4
2008,7,446,20.6,14.4,96,3.4
2008,8,311,20.6,14.6,78,3.1
2008,9,106,20.9,13.4,88,1.3
2008,10,115,20,9.2,91,1.2
2008,11,2,17.6,5.5,42,0.8
2008,12,1,16.2,3.9,24,0.6
2009,1,7,15.7,3.2,26,-1.4
2009,2,17,15.7,4,27,-1.8
2009,3,70,17.6,6.4,73,-1.6
2009,4,42,21,9.3,44,-2.4
2009,5,234,19.5,11.1,110,-1
2009,6,126,21,14,88,-1.6
2009,7,377,22.5,14.7,100,-1.8
2009,8,370,21.8,14.8,86,-1.1
2009,9,173,21.4,13.6,93,-1.7
2009,10,122,21.7,10.2,88,-1.4
2009,11,9,18.4,6.1,47,-1.4
2009,12,4,14.8,3.7,28,-1.2
2010,1,0,14.2,1.2,23,-1.4
2010,2,5,15.3,2,14,-2
2010,3,101,19.6,7.9,97,-1.3
2010,4,61,21.1,9.6,63,-1.9
2010,5,192,20.2,11.7,116,-1.2
2010,6,263,21.4,14.5,88,-1
2010,7,411,21.6,15.2,90,-0.9
2010,8,414,21.3,15.5,85,1.5
2010,9,382,20.5,14.3,75,3.3
2010,10,133,20.3,11.5,88,3.2
2010,11,26,18.3,7.7,49,3.3
2010,12,0,14.3,2.8,32,3
2011,1,10,12.7,2,31,2.7
2011,2,111,14.2,1.5,64,4.1
2011,3,50,17,6.8,71,4
2011,4,81,17.9,8.4,89,3.5
2011,5,247,19.2,11.6,102,4.7
2011,6,282,20.2,14.1,93,4.8
2011,7,525,20.2,14.9,79,5.5
2011,8,358,20.9,14.1,88,5.4
2011,9,310,20.9,13.7,94,5.7
2011,10,22,20.2,9.4,63,4.3
2011,11,9,17,5.4,35,3.4
2011,12,0,16.7,3.5,18,2.6
2012,1,29,10.6,0.8,35,2.5
2012,2,70,13.7,3.4,67,2.8
2012,3,52,17.7,5.9,55,2.1
2012,4,101,18,8.4,98,1.9
2012,5,129,20.4,11.1,123,1.2
2012,6,208,21.2,14.4,88,-2
2012,7,409,21,14.8,84,-1.7
2012,8,307,21.8,14.5,94,-1.7
2012,9,271,21,13.1,80,-0.9
2012,10,31,19.9,8.2,68,-1.6
2012,11,0,17.1,3.7,35,-2.1
2012,12,0,15.5,2.4,17,-2.4
2013,1,7,13.2,0.9,14,-2.7
2013,2,64,13.6,2.7,62,-1.9
2013,3,42,17.7,6.2,45,-2.2
2013,4,105,18.3,8.5,100,-2
2013,5,146,20,11.4,110,-1.8
2013,6,326,21,14.8,93,-1.4
2013,7,362,20.9,15.1,90,-1.7
2013,8,252,21.3,13.8,101,-2.2
2013,9,124,20.8,12.9,93,-3.3
2013,10,271,19,10.9,82,-1
2013,11,0,17,4.4,45,-1.2
2013,12,1,13.8,2.8,26,-1.3
2014,1,0,12.2,1.8,19,-1.5
2014,2,62,12.7,2.4,60,-0.9
2014,3,54,16.6,5.9,59,-1.1
2014,4,53,19.5,8.7,55,-1.9
2014,5,93,19.4,10.6,92,-2.5
2014,6,211,21.3,14,87,-3.2
2014,7,257,21.1,14.8,100,-4.5
2014,8,343,21,14.2,84,-3.7
2014,9,284,20.4,13.1,88,-2.7
2014,10,39,20.1,9.4,75,-3.1
2014,11,4,17.7,4.9,34,-3.3
2014,12,3,14.4,2.9,21,-3.4
2015,1,28,10.8,1.6,34,-2.9
2015,2,59,13.2,1.7,56,-2.1
2015,3,35,16.4,6,38,-2.5
2015,4,162,16.5,7.8,99,-1.2
2015,5,118,20,10.9,103,-1.1
2015,6,267,20.9,14,94,-0.9
2015,7,217,21.8,13.7,104,-2.8
2015,8,460,21.1,14.2,79,-1
2015,9,232,21.1,12.6,87,-0.8
2015,10,65,20.5,9.5,82,-1.3
2015,11,5,17.4,4.8,39,-1.4
2015,12,2,13.6,2.2,23,-1.5
2016,1,18,11,1.2,28,-1.3
2016,2,13,14.1,4.2,21,-1.5
2016,3,107,16.8,6.9,92,-1.1
2016,4,74,19.2,8.3,80,-2
2016,5,186,19.4,10.3,110,-1.3
2016,6,305,20.8,13.6,90,-0.8
2016,7,519,20.9,14.1,76,1.3
2016,8,165,22.2,14.6,109,-1.6
2016,9,242,20.8,13.3,74,-0.6
2016,10,107,21.4,10.7,92,1
2016,11,3,17.5,5.5,45,0.8
2016,12,3,15.2,3.8,28,0.6
2017,1,4,12.2,1.8,24,-0.1
2017,2,11,14.1,3.6,19,-1
2017,3,197,15,5.5,80,1.5
2017,4,168,17.4,8.5,95,1.8
2017,5,158,19.9,10.8,107,2.3
2017,6,225,20.7,13.4,100,1.7
2017,7,388,21.2,14.5,101,1.4
2017,8,380,21.6,14.6,84,1.6
2017,9,152,21.4,13.4,86,1.4
2017,10,124,20.6,10.2,90,1.3
2017,11,5,17.7,5.9,46,1.1
2017,12,5,15.4,4.4,29,0.9
2018,1,2,12.4,1.6,20,0.8
2018,2,32,13.5,3.9,36,1.1
2018,3,93,16.2,6.3,79,3.3
2018,4,152,17.3,7.6,85,6
2018,5,169,18.9,10.1,96,6.4
2018,6,247,21.3,13.5,97,6.1
2018,7,308,21.3,14.5,94,5.8
2018,8,266,21.5,14.6,84,6
2018,9,138,21.6,13.4,88,5.7
2018,10,38,18.9,8.5,66,5.2
2018,11,3,16.6,4.8,34,4.8
2018,12,11,13.3,2.6,26,4.7
2019,1,11,12.3,1.4,24,-2.4
2019,2,42,13.6,2.8,43,-2
2019,3,76,16.5,5.2,75,-1.5
2019,4,175,18.8,8.1,99,1.6
2019,5,163,20.4,11,99,2.3
2019,6,190,21.5,14.3,99,1.8
2019,7,508,21.9,15,93,2.5
2019,8,287,22.7,15.8,104,1.8
2019,9,351,21.6,14,72,3.2
2019,10,78,21.1,10.7,80,2.5
2019,11,16,19,7.3,44,2.4
2019,12,7,13.2,1.6,30,2.4
