Product: Historical Climate - TerraClimate(http://www.climatologylab.org/terraclimate.html) 
Location (Lat/Lon of 4-km Grid Cell Center): 27.3125 North,88.1875 East 
Data Source: NW Climate Toolbox(https://climatetoolbox.org/tool/point-data-download)
Download Date: 07/25/2020
Variable List: 
ppt: ppt (Precipitation)
tmax: tmax (Maximum Temperature)
tmin: tmin (Minimum Temperature)
aet: aet (Actual Evapotranspiration)
PDSI: pdsi (Palmer Drought Severity Index (PDSI))
********************************************************
Year,Month,ppt(mm),tmax(degC),tmin(degC),aet(mm),PDSI(unitless)
1958,1,40,14.3,6.9,43,0.8
1958,2,7,14.7,7.1,27,-0.3
1958,3,36,18.8,9.3,45,-0.9
1958,4,115,22.6,13.3,108,0.4
1958,5,126,23.3,15.2,115,-0.7
1958,6,212,25.2,17.9,108,-1.9
1958,7,456,24.8,18.2,98,-2.5
1958,8,800,23.1,18.1,83,1.7
1958,9,220,23.8,16.8,75,0.8
1958,10,74,23.7,14.2,76,-1.3
1958,11,10,20.5,8.2,42,-1.3
1958,12,1,16,6.5,24,-1.2
1959,1,34,13.1,6.1,39,0.6
1959,2,7,14.3,6.1,25,-0.3
1959,3,72,18.8,9.3,75,0.2
1959,4,70,22.3,13.1,75,-0.3
1959,5,109,22.6,14.6,105,-0.9
1959,6,296,23.6,17,96,-1.7
1959,7,502,23.8,18,98,-2
1959,8,410,23.8,17.6,99,-2.2
1959,9,427,22.3,15.5,79,-1
1959,10,172,20.6,14.8,71,1.5
1959,11,0,18.7,9.1,36,1
1959,12,0,15.9,6.4,26,0.7
1960,1,1,12.8,3.9,23,-0.4
1960,2,7,16.8,7.2,20,-1.2
1960,3,108,17.4,8.5,93,1
1960,4,38,22.8,12.3,47,-0.9
1960,5,133,23.5,14.7,106,-1.1
1960,6,270,24.1,17.2,107,-1.9
1960,7,524,23.2,18,87,-2
1960,8,443,23.7,18.2,94,-2
1960,9,412,22,16.7,73,-0.9
1960,10,55,21.7,13.5,70,-1.5
1960,11,0,18.4,7.8,36,-1.8
1960,12,0,16.7,6.4,22,-2
1961,1,4,13.9,6.3,18,-2.1
1961,2,36,14.6,5.9,40,-1.7
1961,3,60,18.4,10.2,62,-1.4
1961,4,62,22.5,12.4,64,-1.9
1961,5,121,22.7,14.7,109,-2.2
1961,6,463,24,17,108,-1.9
1961,7,402,24.1,17.7,105,-2.7
1961,8,615,23.9,18.2,97,-1.8
1961,9,279,22.8,16.8,81,-1.9
1961,10,138,22.1,13.1,83,-1.6
1961,11,11,15.9,7.8,45,-1.5
1961,12,3,12.4,3.9,27,-1.4
1962,1,28,13.6,4.1,38,-0.8
1962,2,36,14,5.9,42,1.1
1962,3,62,18.1,8.1,72,1
1962,4,95,21.4,12,96,1.1
1962,5,142,21.2,13.7,110,0.8
1962,6,468,22.8,17.1,91,1.1
1962,7,459,24.1,17.7,102,-0.7
1962,8,771,22.6,17.5,87,1.6
1962,9,342,22.7,16.5,78,1.6
1962,10,46,21.5,11.9,70,0.7
1962,11,0,19.1,8,36,-1.3
1962,12,7,14.5,5.8,24,-1.3
1963,1,6,13.4,3.1,21,-1.6
1963,2,1,16.4,5.4,8,-2.3
1963,3,86,17,8.9,84,-1.6
1963,4,113,19.6,11.4,108,-1
1963,5,186,20.9,13.5,106,-0.6
1963,6,488,23.2,16.7,93,1.7
1963,7,632,23.6,17.8,90,1.8
1963,8,514,23.3,17.8,89,1.8
1963,9,313,23,16,79,1.6
1963,10,125,21.1,13.4,82,1.4
1963,11,43,16.4,9.4,53,2.1
1963,12,1,15.2,5.7,30,2
1964,1,1,14.1,5.1,27,1.6
1964,2,6,15,6.4,27,1.1
1964,3,29,19.1,9.8,38,-1.1
1964,4,82,21.4,13.3,84,-1.2
1964,5,184,21,13,119,-0.9
1964,6,276,24.6,17,112,-1.6
1964,7,811,22.9,17.6,97,1.3
1964,8,422,23.4,17.6,94,0.8
1964,9,278,22.6,17,75,-0.3
1964,10,50,23.4,13.8,66,-1.2
1964,11,5,18.5,8.7,37,-1.5
1964,12,0,15.3,5.2,24,-1.7
1965,1,1,14.6,3.9,19,-2
1965,2,27,14.5,4.7,34,-1.9
1965,3,84,16.4,7.6,84,-1.5
1965,4,67,21.4,11.8,67,-2
1965,5,119,23.1,14.3,110,-2.3
1965,6,334,24.2,16.9,109,-2.8
1965,7,479,23.1,17.3,101,-3.1
1965,8,651,23.1,16.9,101,-2
1965,9,239,22.8,15.3,93,-2.5
1965,10,74,20.7,11.6,81,-2.8
1965,11,57,16.8,7.9,62,-1.5
1965,12,2,15.2,4.5,30,-1.1
1966,1,66,12.1,3.8,47,2.7
1966,2,27,16,7.7,44,3
1966,3,17,19.4,9.2,53,2.1
1966,4,60,22,12.1,69,1.2
1966,5,84,23.9,14.6,86,-2
1966,6,316,23.9,17.1,114,-2.7
1966,7,574,23.9,17.6,100,-2.5
1966,8,751,23.3,18,90,-0.8
1966,9,226,22,15.1,91,-1.6
1966,10,40,20.6,10.9,69,-2.2
1966,11,9,19.7,8.9,37,-2.4
1966,12,5,15.2,5.9,26,-2.4
1967,1,3,14.1,5.1,18,-2.6
1967,2,8,16.8,6.2,15,-3
1967,3,126,16.9,8.4,89,-1.4
1967,4,103,20.3,11,103,-0.7
1967,5,125,22.3,13.4,115,-1
1967,6,327,23.4,16.7,108,-1.5
1967,7,434,24.2,17.3,100,-2.2
1967,8,440,23.6,17.4,106,-2.2
1967,9,316,22.8,15.6,91,-2.1
1967,10,60,20.6,11.1,77,-2.6
1967,11,6,15.3,7.2,38,-2.6
1967,12,0,15.2,6.1,21,-2.7
1968,1,28,11.3,4.8,35,-2
1968,2,10,14.3,5.7,24,-2.2
1968,3,92,17.9,9.6,88,-1.4
1968,4,67,20.7,11.5,70,-1.7
1968,5,94,22.3,13.9,94,-2.5
1968,6,408,22,16.5,105,-2.5
1968,7,618,22.8,17.5,93,-2.1
1968,8,444,24.1,17.2,107,-2.2
1968,9,318,23.7,16.7,73,-1.8
1968,10,413,19.6,11.5,86,3.3
1968,11,3,17.4,8.3,41,2.6
1968,12,1,14.5,5.8,27,2.1
1969,1,3,13.2,4.8,24,1.5
1969,2,5,16.3,6.3,17,0.7
1969,3,113,19.6,9.7,94,1.6
1969,4,76,21.4,11.9,84,1.2
1969,5,138,22.3,14.1,106,0.8
1969,6,408,23.9,17,109,0.6
1969,7,606,23.5,17.9,105,0.6
1969,8,389,23.6,16.9,101,-1.1
1969,9,297,22.8,16.4,84,-1.2
1969,10,36,21.2,12.2,68,-1.9
1969,11,23,19.5,9.2,42,-1.7
1969,12,0,15.9,5.8,23,-1.9
1970,1,14,13,5.1,27,-1.8
1970,2,40,14.3,6.1,44,-1.3
1970,3,46,18.8,9.1,50,-1.6
1970,4,49,22.5,12.1,51,-2.2
1970,5,95,23.8,15.3,93,-2.9
1970,6,470,23.9,16.9,105,-2.5
1970,7,601,23.5,18.1,102,-2.2
1970,8,543,23.7,17.8,98,-1.7
1970,9,250,23.1,16.5,81,-2.1
1970,10,72,22.4,13,80,-2.5
1970,11,3,17.9,8,40,-2.6
1970,12,0,16.6,4.8,24,-2.6
1971,1,5,13.7,5.1,22,-2.7
1971,2,10,15,5,19,-2.9
1971,3,38,18.4,8.6,42,-3.3
1971,4,190,20.1,11.9,103,-1.2
1971,5,174,20.6,13.6,101,2.4
1971,6,628,22.3,17.4,95,4
1971,7,540,23.2,16.8,109,3.2
1971,8,491,23.1,16.3,101,2.9
1971,9,290,24,15.8,89,2.3
1971,10,245,21.2,13.6,81,3.4
1971,11,32,17,8,52,3.5
1971,12,0,15.6,5.1,31,3.2
1972,1,8,15.1,5.5,28,2.8
1972,2,25,14.8,5.7,36,2.7
1972,3,65,19.6,9.7,73,2.4
1972,4,80,21.6,11.2,84,1.9
1972,5,135,24.3,14.6,105,1.4
1972,6,312,24.3,16.2,122,-1.2
1972,7,551,25.4,17.7,102,-1.3
1972,8,359,24.1,16.8,117,-2
1972,9,462,22.8,15.4,86,-0.6
1972,10,66,22.1,12.1,77,-1.1
1972,11,28,17.1,7.9,48,-0.7
1972,12,0,15.4,5.9,29,-0.7
1973,1,24,14.2,6.6,37,0.3
1973,2,46,15.2,7.4,49,1.4
1973,3,52,18.4,8.1,63,1
1973,4,52,23.3,12.3,57,-0.7
1973,5,181,22.4,14.2,118,0.2
1973,6,665,22.6,17.2,98,1.8
1973,7,446,25,17.1,107,0.8
1973,8,537,23.6,17.2,105,0.9
1973,9,336,23,16.9,89,0.9
1973,10,443,20.1,13.9,83,4.4
1973,11,34,16.5,8.9,51,4.4
1973,12,0,15,6.1,31,4.1
1974,1,15,12.8,5.2,34,3.8
1974,2,1,16.1,6.9,24,2.8
1974,3,62,18.3,10.1,69,2.4
1974,4,109,22.5,12.7,108,2.2
1974,5,193,22.2,14.4,116,2.3
1974,6,371,23.8,16.8,101,2
1974,7,831,22.9,17.2,109,3.1
1974,8,525,23.4,17.4,103,3
1974,9,299,22.8,15.7,91,2.4
1974,10,138,24.3,15.1,86,2.3
1974,11,3,19.5,7.6,43,1.7
1974,12,4,14.6,5.5,28,1.4
1975,1,19,12.8,5.1,33,1.4
1975,2,18,14.5,6.7,32,1.1
1975,3,43,18.8,9,49,-0.5
1975,4,70,23,12,71,-1.3
1975,5,158,23.1,13.8,123,-1.3
1975,6,493,24.4,17.2,115,-0.9
1975,7,713,23.2,17,99,1
1975,8,286,24.3,17,100,-1.1
1975,9,637,21.7,16.6,82,2.8
1975,10,108,23.6,15.1,83,2.3
1975,11,0,19.7,7.9,49,1.5
1975,12,1,15.3,5.2,26,1
1976,1,14,13.7,4.4,28,0.8
1976,2,47,15.6,8,49,1.2
1976,3,23,19.4,10.2,30,-1.2
1976,4,97,22.1,12.3,97,-1.3
1976,5,210,21.7,14.2,129,-0.8
1976,6,538,23.2,16.7,110,1.2
1976,7,488,23.7,16.6,98,0.6
1976,8,639,23.2,16.9,108,1.2
1976,9,195,22.6,15.7,81,-1
1976,10,65,21.9,11.9,78,-1.6
1976,11,1,21.7,10.2,38,-1.9
1976,12,0,16.3,5.2,25,-2.1
1977,1,3,14.1,5.7,20,-2.4
1977,2,10,17.2,6.5,17,-2.8
1977,3,35,20.7,10.7,38,-3.2
1977,4,142,20.8,12.4,124,-2.2
1977,5,229,20,12.6,114,-1.1
1977,6,289,22.4,16,104,-1.2
1977,7,492,23.6,17.7,99,-1.6
1977,8,541,23.9,17.7,96,-1.2
1977,9,200,23.3,16.2,86,-2.1
1977,10,190,20.1,12.9,86,-1.2
1977,11,54,19.1,10.2,54,1.7
1977,12,14,13.9,6.6,38,2.2
1978,1,17,11.8,3.6,39,2.4
1978,2,17,13.9,5.9,37,2.3
1978,3,120,17.1,7.9,103,3.4
1978,4,95,20.8,11.5,100,3.4
1978,5,274,22.1,14.8,120,4.5
1978,6,501,23.3,16.9,113,5
1978,7,606,23.6,17.1,104,4.6
1978,8,439,23.5,17.5,89,3.9
1978,9,378,22.1,16.3,86,4
1978,10,113,21.8,13.9,78,3.4
1978,11,60,18.8,10.6,58,4.4
1978,12,4,15.2,6.1,35,4.2
1979,1,3,14.5,5.2,29,3.8
1979,2,44,13.6,6,50,4.1
1979,3,8,18.4,9.7,31,2.7
1979,4,106,22.3,13.1,105,2.6
1979,5,82,25.3,14.4,87,1.2
1979,6,375,24.6,17.2,119,-2.1
1979,7,578,24,17.5,99,-1.9
1979,8,536,23.9,17.7,100,-1.5
1979,9,259,22.8,15.2,91,-1.9
1979,10,178,21.5,13.6,83,-1.2
1979,11,36,20.8,11.4,48,1.1
1979,12,21,13.6,8.2,36,1.9
1980,1,4,13.2,5,31,1.7
1980,2,26,15.5,7.1,38,1.8
1980,3,88,17.9,9.4,86,2.5
1980,4,59,22.8,13.4,75,1.7
1980,5,208,20.8,14.3,116,2.1
1980,6,420,23.6,17.3,104,2.3
1980,7,596,24,17.8,108,2.1
1980,8,498,24.2,17.7,96,1.9
1980,9,317,23.4,17,91,1.6
1980,10,56,20.8,13.2,77,0.8
1980,11,11,19.5,8.3,39,-0.2
1980,12,2,17.1,6.8,23,-1.1
1981,1,36,11.5,5.2,37,0.6
1981,2,14,16.3,6.7,29,-0.2
1981,3,79,17.6,9.2,78,0.7
1981,4,108,20.6,11.7,101,1.1
1981,5,204,21.6,13.8,120,1.5
1981,6,375,24.3,17.2,110,1.4
1981,7,680,23.3,18.1,98,1.8
1981,8,437,24.8,17.9,96,1.3
1981,9,260,23.2,16.2,96,0.6
1981,10,4,23.9,12.4,51,-1.8
1981,11,8,18.5,8.5,37,-2.3
1981,12,5,14.7,5,20,-2.5
1982,1,0,14.6,5.1,9,-2.9
1982,2,21,14.1,6.5,25,-2.9
1982,3,65,17.8,8.6,66,-2.6
1982,4,101,21.1,12.1,98,-2.2
1982,5,90,23.2,13.6,88,-3.2
1982,6,345,23.7,16.9,102,-3.6
1982,7,466,24.8,17.7,97,-3.9
1982,8,289,25.1,17.2,115,-4.6
1982,9,257,24.7,16.1,92,-4.8
1982,10,86,21.1,12.2,86,-4.8
1982,11,29,17.5,9,46,-3.9
1982,12,2,15.4,6.7,27,-3.3
1983,1,16,12.4,4.3,31,-2.8
1983,2,16,13.8,5,33,-2.5
1983,3,43,18.5,8.9,55,-2.6
1983,4,98,20.2,10.9,98,-2.2
1983,5,258,21.3,13.4,108,-0.8
1983,6,288,24.8,16.8,115,-1
1983,7,698,25.5,17.6,99,1.5
1983,8,304,25.5,16.9,106,-1
1983,9,279,23.4,17,84,-1.3
1983,10,89,22.3,13.3,90,-1.7
1983,11,0,18.6,7.2,41,-1.9
1983,12,15,15.3,5,32,-1.4
1984,1,24,13.5,4.7,35,-1
1984,2,23,15.9,6.7,36,-0.9
1984,3,30,21.1,10,38,-1.5
1984,4,90,22.2,12.7,91,-1.5
1984,5,195,23.4,15,105,-0.9
1984,6,591,23.3,17.4,106,1.7
1984,7,776,22.4,17.8,94,2.6
1984,8,406,23.5,16.7,106,1.9
1984,9,537,22.1,15.4,83,3.6
1984,10,54,23.7,14.4,68,2.5
1984,11,2,17.5,7.5,39,1.8
1984,12,2,16.9,7.7,23,1.3
1985,1,5,12.7,5.9,20,0.9
1985,2,25,16.4,6.7,31,0.7
1985,3,30,21.9,11.4,35,-1.8
1985,4,66,23,13,67,-2.2
1985,5,155,21.9,14.2,119,-2.1
1985,6,267,24,17.4,112,-2.9
1985,7,766,21.9,17.1,100,-1.6
1985,8,388,24.2,18.1,105,-2
1985,9,372,22.3,16.7,87,-1.4
1985,10,188,21.5,13.3,82,1.3
1985,11,10,18.1,8.8,42,1.1
1985,12,22,15.7,7.4,35,1.7
1986,1,1,14.5,5.8,24,1.3
1986,2,10,15.4,6.4,30,0.8
1986,3,20,18.9,9.5,29,-1.4
1986,4,138,20.4,12.1,110,0.8
1986,5,158,21,12.9,119,0.8
1986,6,264,25,17.4,110,-0.8
1986,7,443,23.6,17.4,106,-1.5
1986,8,318,24.2,17.2,105,-2.3
1986,9,269,22.5,15.8,89,-2.6
1986,10,148,20.2,11.9,87,-2.1
1986,11,22,18.9,8.8,43,-1.6
1986,12,19,14.2,6.1,36,-0.8
1987,1,8,13.3,4.8,29,-0.6
1987,2,32,15.8,7,42,1.3
1987,3,102,18.4,9.6,81,2.4
1987,4,136,21,12.3,119,3.3
1987,5,103,22.5,13.2,118,2.3
1987,6,308,24.4,18,88,1.5
1987,7,489,23.6,18,101,0.8
1987,8,699,22.6,17.5,92,1.9
1987,9,343,22.8,17.2,80,1.9
1987,10,274,21.4,12.8,78,3.4
1987,11,5,18.5,8.3,39,2.8
1987,12,2,15.7,6.3,27,2.5
1988,1,4,14.9,6.6,23,2
1988,2,33,16.4,8.1,41,2
1988,3,86,19,10.4,84,2.4
1988,4,109,22,12.9,106,2.5
1988,5,162,22.9,14.7,130,2.1
1988,6,290,23.8,16.8,116,1.1
1988,7,655,22.9,18.2,97,1.4
1988,8,690,23,18.1,76,2.5
1988,9,254,23.5,16.7,78,1.7
1988,10,17,23.3,12.5,65,-1.5
1988,11,28,18.4,8.9,47,-1.4
1988,12,19,15.8,7.3,28,-1.1
1989,1,45,13.5,5.6,45,0.8
1989,2,49,14.9,7.5,52,1.4
1989,3,62,18.8,10.8,68,1.4
1989,4,50,22.3,12.5,55,-0.9
1989,5,180,23.8,14.7,109,0.2
1989,6,461,23.2,17.3,99,0.7
1989,7,667,24,17.5,90,1.1
1989,8,430,23,17.5,93,0.7
1989,9,415,23.1,17.7,66,1.6
1989,10,41,22.5,14,73,0.6
1989,11,14,17.9,9.2,39,-0.2
1989,12,2,13.9,5.5,23,-1.2
1990,1,1,16.7,6.2,16,-1.5
1990,2,51,14.3,7.3,49,-0.7
1990,3,58,17,8.9,61,0.1
1990,4,98,20.6,12.2,96,0.8
1990,5,203,21.9,14.6,106,1.3
1990,6,380,24.4,17.7,81,1.4
1990,7,493,23,17.9,87,0.8
1990,8,381,23.7,17.7,90,-0.5
1990,9,380,22.8,16.9,72,0.6
1990,10,102,21.6,13.2,88,-0.3
1990,11,2,20.4,9.4,43,-0.8
1990,12,1,15.7,6.6,26,-1
1991,1,55,12,4.5,49,1.1
1991,2,19,16.6,7.7,35,1.1
1991,3,72,19.8,10,75,1.4
1991,4,42,21.8,12.4,51,-0.9
1991,5,105,23.1,13.9,105,-1.6
1991,6,543,22.3,17.3,97,-0.8
1991,7,336,23.8,18.2,108,-2.2
1991,8,648,23.1,17.7,95,-1.1
1991,9,519,22.5,16.1,89,2.5
1991,10,18,22.9,12.8,60,1.2
1991,11,16,18.8,7.6,38,0.8
1991,12,8,14,5.9,25,-1.2
1992,1,15,13.4,5.1,25,-1.2
1992,2,22,13.5,5.5,29,-1.2
1992,3,31,21.2,11.3,35,-1.9
1992,4,110,22.7,12.3,107,-1.6
1992,5,183,20.7,13.5,116,-1.2
1992,6,193,23.9,16.5,111,-2.3
1992,7,519,22.9,16.9,109,-2.5
1992,8,584,23.2,17.5,99,-1.7
1992,9,266,23.6,15.9,99,-2.2
1992,10,99,22,13.3,85,-2.3
1992,11,6,18.2,8,44,-2.3
1992,12,3,13.8,5.6,27,-2.1
1993,1,40,14.6,7.6,44,-1.2
1993,2,12,16.5,7.3,29,-1.2
1993,3,72,17.5,8.5,77,-0.9
1993,4,138,20.4,11.8,106,1.6
1993,5,179,22.3,13.8,115,1.8
1993,6,315,23.3,16.7,99,1.4
1993,7,400,24.8,17.4,98,-1.2
1993,8,499,23.7,18,91,-1
1993,9,379,22.2,16.3,94,0.4
1993,10,18,22.7,14,55,-0.9
1993,11,10,19.7,8.8,34,-1.2
1993,12,0,16.3,6.8,20,-1.5
1994,1,40,14.3,6.3,43,-0.9
1994,2,46,13.9,6.5,48,0.5
1994,3,36,19.5,10.3,42,-0.4
1994,4,83,20.8,12.1,84,-0.7
1994,5,132,22.8,14.7,110,-0.9
1994,6,396,24.1,17.6,105,-1.1
1994,7,339,25,16.9,111,-2.4
1994,8,473,24.1,17.5,103,-2.3
1994,9,241,24,16.9,87,-2.8
1994,10,15,22.8,12.1,59,-3.5
1994,11,45,16.6,8.9,55,-2.7
1994,12,0,15.4,6.1,22,-2.8
1995,1,44,11.9,4.6,45,-1.7
1995,2,32,15.2,7.9,36,-1.2
1995,3,21,19.9,10.8,31,-1.9
1995,4,35,22.2,12,39,-2.7
1995,5,94,25,15.9,93,-3.4
1995,6,359,24.6,18.3,87,-3.5
1995,7,486,23.6,17.8,108,-3.8
1995,8,477,23.5,17.4,105,-3.5
1995,9,345,23.3,16.7,97,-3
1995,10,14,23.4,13.5,62,-3.7
1995,11,61,18.4,9,62,-2.5
1995,12,6,15.2,7.3,26,-2.3
1996,1,52,14.5,6.6,48,-1
1996,2,32,14.3,5.5,41,1.9
1996,3,54,19.9,10.7,61,1.8
1996,4,60,22.3,12.1,67,1
1996,5,84,23.3,15,85,-1.5
1996,6,425,23,16.3,100,-1.5
1996,7,599,23.5,18.2,95,-1.2
1996,8,515,23.5,17.4,105,-1
1996,9,251,22.2,16.6,90,-1.6
1996,10,82,22.2,14.3,83,-1.9
1996,11,0,20.6,9.5,40,-2.2
1996,12,0,16.7,5,26,-2.2
1997,1,28,13.5,4.4,35,-1.6
1997,2,18,14.2,6.9,28,-1.5
1997,3,73,18.9,10,75,-1
1997,4,237,19.1,11.6,100,3.2
1997,5,143,21.5,14.3,128,3.2
1997,6,382,23.1,17,93,3.3
1997,7,520,23.9,17.9,107,2.5
1997,8,445,24.3,17.3,101,2
1997,9,524,21.8,16.4,89,3.5
1997,10,16,19.7,11.8,66,2.2
1997,11,8,17.9,9.5,34,1.3
1997,12,32,13.3,6.4,38,1.7
1998,1,1,14.9,6.2,15,0.9
1998,2,13,16.6,7.7,19,-1.7
1998,3,125,18.1,9.5,92,1.3
1998,4,125,21.6,12.9,106,2.1
1998,5,134,24.2,15.5,105,1.9
1998,6,446,25,18.4,96,2.1
1998,7,600,23.2,18.4,93,2
1998,8,701,23.2,18.5,73,3.1
1998,9,317,23.7,17.1,84,2.7
1998,10,124,24,15.9,77,2.4
1998,11,19,19.6,10.4,51,2.2
1998,12,1,15.7,6.9,29,1.9
1999,1,7,14.7,5.6,27,1.5
1999,2,4,18.4,8.6,18,0.7
1999,3,18,21.6,10.6,25,-1.9
1999,4,88,24.8,14.1,87,-1.7
1999,5,268,23,16,117,1.2
1999,6,409,23.6,18.1,101,1.6
1999,7,787,22.9,17.6,104,2.5
1999,8,696,22.9,17.7,90,3.4
1999,9,411,23.2,16.6,93,3.7
1999,10,209,21.3,14.6,83,4.3
1999,11,7,19.2,10.4,43,3.6
1999,12,0,15.2,8.3,25,3.1
2000,1,9,13.5,6.4,28,2.6
2000,2,19,13.9,6.3,32,2.2
2000,3,48,17.3,9.3,54,1.7
2000,4,171,21.1,12.7,114,2.8
2000,5,365,22.6,15.2,106,5.4
2000,6,455,23.6,18.2,102,5.6
2000,7,475,23.5,18.1,110,4.3
2000,8,634,23.4,17.7,93,4.7
2000,9,420,22.1,16.1,88,5
2000,10,15,22.7,13.8,61,3.5
2000,11,4,20,10.2,30,2.5
2000,12,0,17,6.2,19,1.6
2001,1,7,16.8,6.6,16,0.9
2001,2,23,18.2,8.6,27,-2.5
2001,3,36,18.4,9.4,38,-2.9
2001,4,145,21.4,12.4,118,-1.8
2001,5,448,22,14.9,106,4.4
2001,6,454,23.4,17.6,109,4.6
2001,7,662,24.4,18,114,4.5
2001,8,526,23.7,18.3,102,4.2
2001,9,219,23.4,17,91,2.8
2001,10,114,22.6,14.5,88,2.4
2001,11,1,20,9.4,39,1.7
2001,12,0,16.5,6.4,27,1.4
2002,1,24,13.2,5.7,35,1.5
2002,2,13,17,7.7,28,1.1
2002,3,72,19.6,10.4,74,1.2
2002,4,115,22,12.6,106,1.6
2002,5,208,21.9,14.5,117,2
2002,6,268,24.1,17.6,98,1.3
2002,7,639,23.4,18.6,94,1.5
2002,8,624,23.8,17.8,97,2.1
2002,9,228,22.5,16.5,91,1
2002,10,109,22.1,12.7,84,0.7
2002,11,15,19.6,9.4,46,0.6
2002,12,1,16.2,6.9,26,0
2003,1,36,15.1,4.8,44,0.6
2003,2,66,14.5,6.7,55,1.9
2003,3,48,18.3,10.1,61,2
2003,4,84,22.5,13.1,88,1.9
2003,5,122,21.6,14.2,117,1.3
2003,6,482,22.9,17.7,89,1.6
2003,7,666,23.6,18,90,1.9
2003,8,385,25,18.5,93,1.2
2003,9,405,23.2,17.6,84,1.8
2003,10,138,23.3,14.3,84,1.7
2003,11,3,20.3,10.1,41,1.2
2003,12,9,15,6.9,31,1.2
2004,1,23,13.2,5.7,36,1.4
2004,2,6,16.4,6.8,22,0.9
2004,3,31,22.6,11.7,39,-0.5
2004,4,123,21.5,13.2,109,0.6
2004,5,255,23.5,15.7,106,1.8
2004,6,295,23.1,17.9,88,1.5
2004,7,824,22.2,17.7,89,2.8
2004,8,342,24.4,18,100,1.7
2004,9,232,24.3,16.6,78,0.8
2004,10,108,21.2,13.2,93,-1.6
2004,11,45,17.5,9,56,-0.6
2004,12,0,17.3,7.3,29,0.1
2005,1,35,13.5,7.5,42,1.6
2005,2,17,15.9,8.7,38,1.5
2005,3,99,19.9,11.5,92,2.3
2005,4,88,21.8,12.7,98,2.1
2005,5,133,21.8,14.2,120,1.6
2005,6,251,24.3,17.8,95,-1.3
2005,7,508,23.9,18.7,107,-1.6
2005,8,437,24.3,18.7,96,-1.7
2005,9,290,24,17.2,99,-1.9
2005,10,159,21.6,14.4,90,-1.4
2005,11,0,20,9.1,42,-1.7
2005,12,0,16.2,6.1,28,-1.8
2006,1,0,17.9,6.9,22,-2.2
2006,2,5,19.9,9.1,14,-2.6
2006,3,69,19.5,10.9,71,-2.3
2006,4,228,20.6,12.8,113,2.4
2006,5,238,22.9,15.7,115,3.7
2006,6,374,24.2,18.2,98,3.6
2006,7,457,25.2,18.5,118,2.4
2006,8,354,24.5,18.1,111,1.4
2006,9,293,23.6,16.8,79,1.1
2006,10,59,21.8,13.9,76,-2.1
2006,11,57,18.2,11.1,58,-0.8
2006,12,4,17.8,7.9,30,1.2
2007,1,8,16.9,6.7,29,1
2007,2,66,14.1,7.1,51,2.2
2007,3,30,20.5,10.5,54,1.8
2007,4,78,22.9,13.3,82,1.6
2007,5,185,24.1,15.9,123,1.6
2007,6,329,24.6,17.3,92,1.2
2007,7,645,23.8,18.3,80,1.5
2007,8,485,24.4,18.5,95,1.3
2007,9,476,23.1,17.6,75,2.6
2007,10,30,23.7,15.1,62,1.5
2007,11,23,19.5,9.8,45,1.3
2007,12,0,17.3,7.4,23,0.8
2008,1,20,14.2,8.2,31,0.7
2008,2,4,15.1,6.4,14,-1.5
2008,3,100,19.4,10.9,83,0.9
2008,4,43,22.6,14.1,52,-0.7
2008,5,289,22.2,16,102,1.7
2008,6,729,22.7,18.5,92,3.9
2008,7,651,23.5,18.2,103,3.9
2008,8,485,23.5,18.1,81,3.5
2008,9,166,23.4,16.7,87,1.8
2008,10,115,22.1,13,89,1.4
2008,11,1,20,9.5,40,0.9
2008,12,0,17.6,7.8,23,0.7
2009,1,7,17.1,7.3,26,-1.7
2009,2,12,17.7,8.4,26,-1.9
2009,3,70,19.8,10.7,73,-1.6
2009,4,31,24.2,13.8,34,-2.5
2009,5,330,22.3,15.1,107,2.1
2009,6,177,24.5,18,92,1
2009,7,504,25.5,18.5,103,-1.2
2009,8,571,24.8,18.3,89,-0.6
2009,9,225,24,17.1,93,-1.5
2009,10,132,23.8,14,86,-1.3
2009,11,10,20.6,10.2,46,-1.3
2009,12,4,16.2,7.7,28,-1.2
2010,1,0,15.5,5.3,24,-1.5
2010,2,5,17.3,6.5,17,-2
2010,3,81,21.8,12.1,81,-1.5
2010,4,48,24.2,14.2,51,-2.2
2010,5,238,23.1,15.7,113,-1.1
2010,6,318,24.9,18.5,93,-1
2010,7,567,24.7,18.9,92,-1
2010,8,669,24.2,19,86,1.6
2010,9,607,23,17.8,74,4
2010,10,151,22.4,15.3,85,3.8
2010,11,29,20.4,11.7,48,3.8
2010,12,0,15.8,6.7,32,3.5
2011,1,10,14.3,6.3,31,3.1
2011,2,82,16.1,5.9,62,4.4
2011,3,44,19.3,11,62,4.1
2011,4,75,21,12.8,84,3.5
2011,5,345,22.1,15.7,101,5.5
2011,6,400,23.4,17.9,96,5.4
2011,7,768,23.3,18.7,86,5.9
2011,8,524,23.9,17.7,92,5.5
2011,9,481,23.3,17.2,92,6.3
2011,10,29,22.2,13.1,65,4.7
2011,11,9,19.1,9.3,34,3.9
2011,12,0,18.2,7.5,20,3
2012,1,28,12,5,35,2.9
2012,2,49,15.7,7.8,52,3
2012,3,47,19.9,10.2,52,2.3
2012,4,89,21.3,13,89,1.9
2012,5,129,23.4,15.2,121,1.2
2012,6,296,24.7,18.4,100,-2.2
2012,7,575,24,18.5,89,-2
2012,8,467,24.6,18,97,-1.9
2012,9,407,23.5,16.5,88,-1
2012,10,32,21.9,11.9,69,-1.8
2012,11,0,19.2,7.8,34,-2.3
2012,12,0,17,6.5,18,-2.7
2013,1,9,14.6,5.1,18,-2.9
2013,2,42,15.6,7.2,45,-2.4
2013,3,33,19.8,10.3,36,-2.8
2013,4,99,21.5,13,97,-2.4
2013,5,158,22.9,15.5,120,-2.4
2013,6,485,24.4,18.8,94,-1.7
2013,7,514,23.8,18.8,97,-1.9
2013,8,401,24.3,17.4,107,-2.2
2013,9,183,23.2,16.3,98,-3.3
2013,10,343,21.1,14.7,82,-0.6
2013,11,0,18.9,8.3,42,-0.9
2013,12,0,15.2,6.6,26,-1.1
2014,1,0,13.6,5.9,22,-1.4
2014,2,40,14.7,6.7,45,-1
2014,3,45,18.7,10,50,-1.3
2014,4,41,22.6,13.2,43,-2.2
2014,5,100,22.1,14.7,98,-2.8
2014,6,276,24.7,17.9,92,-3.6
2014,7,306,24,18.6,104,-4.8
2014,8,456,23.8,17.7,94,-4.4
2014,9,360,22.8,16.6,96,-3.7
2014,10,41,22.1,13.1,77,-4.2
2014,11,4,19.6,8.8,33,-4.4
2014,12,3,15.6,6.8,22,-4.3
2015,1,33,12.1,5.6,38,-3.6
2015,2,42,15.1,6.1,44,-2.9
2015,3,34,18.5,10.1,39,-3.2
2015,4,155,19.6,12.3,109,-1.7
2015,5,134,22.9,14.9,116,-1.6
2015,6,365,24.3,17.9,103,-1.7
2015,7,304,24.8,17.4,112,-3.1
2015,8,713,24.1,17.7,88,-1.6
2015,9,310,23.6,16,95,-1.6
2015,10,87,22.5,13.2,91,-1.9
2015,11,8,19.4,8.8,40,-2
2015,12,2,14.9,6,25,-1.9
2016,1,17,12.5,5.2,29,-1.5
2016,2,13,16.1,8.6,27,-1.6
2016,3,98,19,11.1,91,-1
2016,4,57,22.3,12.8,64,-1.9
2016,5,200,22.2,14.3,115,-1.1
2016,6,432,24.2,17.6,92,1.3
2016,7,754,23.8,17.8,81,1.6
2016,8,263,25,18.1,113,-1.2
2016,9,371,23.3,16.7,76,1.2
2016,10,137,23.4,14.3,90,1.3
2016,11,4,19.4,9.3,43,1
2016,12,3,16.5,7.7,28,0.8
2017,1,5,13.5,5.9,26,-0.2
2017,2,7,16,7.9,19,-1.1
2017,3,187,17.2,9.6,79,1.4
2017,4,151,20.6,13,101,1.7
2017,5,200,22.7,14.8,111,2
2017,6,270,24,17.3,105,1.4
2017,7,525,24.1,18.2,107,1.1
2017,8,588,24.4,18.1,87,1.3
2017,9,214,23.9,16.9,91,1.1
2017,10,145,22.7,13.9,90,1.1
2017,11,6,19.6,9.7,46,0.8
2017,12,4,16.7,8.3,29,0.6
2018,1,3,13.7,5.6,21,-0.1
2018,2,19,15.5,8.2,29,0.2
2018,3,72,18.4,10.5,72,1.8
2018,4,147,20.3,12.1,89,5.1
2018,5,213,21.8,14.1,97,5.8
2018,6,355,24.7,17.5,103,5.3
2018,7,419,24.2,18.2,98,5.1
2018,8,399,24.3,18.1,86,5.4
2018,9,204,24.1,16.9,92,4.9
2018,10,53,21,12.3,71,4.4
2018,11,4,18.5,8.6,36,3.9
2018,12,10,14.6,6.3,27,3.9
2019,1,20,12.8,4.5,31,-2
2019,2,28,15.5,7,35,-1.6
2019,3,51,18.7,9.4,59,-1.6
2019,4,198,22,12.6,105,2.1
2019,5,218,23.4,15.2,107,3.1
2019,6,400,25,18.4,108,3.2
2019,7,807,24.8,18.7,100,4
2019,8,382,25.6,19.4,109,2.9
2019,9,454,24.1,17.5,74,3.8
2019,10,86,23.2,14.4,84,3
2019,11,21,20.8,11.1,46,2.8
2019,12,6,14.3,5.2,30,2.7
