Product: Historical Climate - TerraClimate(http://www.climatologylab.org/terraclimate.html) 
Location (Lat/Lon of 4-km Grid Cell Center): 27.2708 North,88.3958 East 
Data Source: NW Climate Toolbox(https://climatetoolbox.org/tool/point-data-download)
Download Date: 07/25/2020
Variable List: 
ppt: ppt (Precipitation)
tmax: tmax (Maximum Temperature)
tmin: tmin (Minimum Temperature)
aet: aet (Actual Evapotranspiration)
PDSI: pdsi (Palmer Drought Severity Index (PDSI))
********************************************************
Year,Month,ppt(mm),tmax(degC),tmin(degC),aet(mm),PDSI(unitless)
1958,1,41,16.4,8.8,45,0.8
1958,2,7,16.8,9.1,26,-0.3
1958,3,43,20.6,11,50,-0.9
1958,4,130,24.2,15.1,115,0.4
1958,5,152,25.2,17.3,123,-0.8
1958,6,235,26.7,19.6,116,-2.1
1958,7,542,26.8,20.2,107,-2.5
1958,8,927,24.9,20,89,-0.7
1958,9,262,25.7,18.9,83,-1.5
1958,10,74,25.7,16.4,80,-2
1958,11,9,22.9,10.7,41,-1.9
1958,12,1,18.4,8.7,25,-1.9
1959,1,38,15.3,8,42,-1
1959,2,7,16.4,8.2,26,-1.2
1959,3,73,20.7,11,76,-1
1959,4,84,24,14.9,86,-1.2
1959,5,150,24.5,16.6,115,-1.6
1959,6,347,25.1,18.7,102,-2.2
1959,7,598,25.8,20,106,-2.4
1959,8,481,25.5,19.5,104,-2.5
1959,9,503,24.3,17.5,80,-1.3
1959,10,213,22.6,17,74,1.6
1959,11,0,21.1,11.5,36,1.1
1959,12,0,18.3,8.6,27,0.8
1960,1,1,14.9,5.9,23,-0.4
1960,2,8,18.9,9.3,20,-1.3
1960,3,118,19.3,10.2,95,1
1960,4,41,24.6,14.1,53,-1
1960,5,165,25.4,16.9,116,-1.3
1960,6,298,25.6,18.9,114,-2.2
1960,7,652,25.2,20,94,-2.1
1960,8,524,25.5,20.1,102,-2
1960,9,500,24,18.8,78,-0.9
1960,10,64,23.7,15.8,76,-1.5
1960,11,0,20.8,10.2,37,-1.8
1960,12,0,19.1,8.6,24,-1.9
1961,1,5,16,8.2,20,-2.1
1961,2,37,16.7,8,42,-1.7
1961,3,65,20.2,11.8,68,-1.5
1961,4,72,24.2,14.2,73,-2.1
1961,5,145,24.6,16.8,116,-2.4
1961,6,527,25.6,18.8,114,-2.2
1961,7,496,26.1,19.7,115,-2.8
1961,8,688,25.7,20.1,105,-2
1961,9,335,24.8,18.8,87,-2.1
1961,10,160,24.2,15.4,87,-1.8
1961,11,10,18.3,10.2,45,-1.7
1961,12,4,14.9,6.2,28,-1.5
1962,1,30,15.7,6.1,39,-0.9
1962,2,37,16.2,7.9,44,0.5
1962,3,67,20.1,9.8,75,0.9
1962,4,108,23.2,13.8,106,0.9
1962,5,185,23.1,15.8,112,0.8
1962,6,568,24.3,18.8,98,1.3
1962,7,546,26.1,19.8,113,-0.6
1962,8,897,24.3,19.4,92,1.4
1962,9,414,24.7,18.5,85,1.5
1962,10,51,23.5,14.2,73,-0.8
1962,11,0,21.5,10.3,36,-1.3
1962,12,7,16.9,8,25,-1.3
1963,1,7,15.5,5.1,22,-1.6
1963,2,1,18.5,7.4,8,-2.4
1963,3,91,18.8,10.5,88,-1.7
1963,4,130,21.2,13.2,113,-1
1963,5,224,22.9,15.6,108,1.2
1963,6,567,24.7,18.4,99,1.9
1963,7,759,25.6,19.8,100,2
1963,8,592,25,19.7,96,1.9
1963,9,380,25,18.1,87,1.7
1963,10,135,23.1,15.6,85,1.4
1963,11,37,18.7,11.7,52,2
1963,12,0,17.5,7.9,31,2
1964,1,1,16.2,7,27,1.5
1964,2,7,17.1,8.4,26,0.9
1964,3,34,20.9,11.4,41,-1.4
1964,4,95,23.1,15,96,-1.4
1964,5,224,22.9,15.2,120,-1.1
1964,6,333,26.1,18.7,117,-1.6
1964,7,944,24.8,19.7,104,1
1964,8,489,25.2,19.5,102,0.6
1964,9,324,24.6,19,83,-0.4
1964,10,58,25.3,16.1,73,-1.3
1964,11,4,20.9,11.2,38,-1.5
1964,12,0,17.7,7.4,25,-1.8
1965,1,1,16.7,5.8,17,-2.1
1965,2,35,16.6,6.7,41,-1.9
1965,3,91,18.2,9.2,89,-1.5
1965,4,75,23.1,13.6,75,-2
1965,5,146,25,16.4,120,-2.4
1965,6,374,25.7,18.6,115,-2.9
1965,7,554,25.1,19.3,109,-3.2
1965,8,765,24.8,18.8,105,-2.1
1965,9,281,24.7,17.4,95,-2.7
1965,10,77,22.7,13.9,83,-3
1965,11,51,19.2,10.3,60,-1.7
1965,12,2,17.6,6.7,32,-1.3
1966,1,73,14.2,5.8,51,2.9
1966,2,29,18.1,9.7,48,3.2
1966,3,21,21.3,10.8,54,2.1
1966,4,70,23.7,13.8,79,1.2
1966,5,103,25.8,16.7,103,-2.3
1966,6,381,25.4,18.8,119,-2.9
1966,7,667,25.9,19.6,108,-2.8
1966,8,851,25,19.9,97,-1.3
1966,9,269,24,17.2,93,-2
1966,10,46,22.5,13.2,72,-2.6
1966,11,8,22.1,11.3,39,-2.7
1966,12,6,17.6,8.1,28,-2.7
1967,1,3,16.2,7,17,-2.9
1967,2,9,18.9,8.2,16,-3.4
1967,3,144,18.8,10,91,-1.4
1967,4,119,22,12.7,115,-0.7
1967,5,146,24.2,15.5,117,-0.9
1967,6,373,24.9,18.4,113,-1.3
1967,7,521,26.2,19.3,108,-1.9
1967,8,499,25.4,19.4,113,-2
1967,9,388,24.8,17.6,93,-1.8
1967,10,77,22.5,13.4,84,-2.2
1967,11,6,17.7,9.6,39,-2.2
1967,12,0,17.6,8.2,24,-2.2
1968,1,29,13.4,6.8,37,-1.6
1968,2,11,16.4,7.7,27,-1.8
1968,3,93,19.7,11.2,90,-1.1
1968,4,83,22.4,13.2,86,-1.3
1968,5,121,24.2,15.9,116,-2.1
1968,6,474,23.6,18.3,107,-2.2
1968,7,759,24.8,19.5,101,-1.7
1968,8,503,25.9,19.1,113,-1.8
1968,9,365,25.6,18.8,80,-1.7
1968,10,493,21.6,13.8,88,3.3
1968,11,2,19.7,10.7,41,2.7
1968,12,1,16.8,7.9,28,2.2
1969,1,4,15.3,6.7,25,1.6
1969,2,5,18.4,8.4,16,0.7
1969,3,122,21.4,11.3,100,1.6
1969,4,86,23.2,13.7,95,1.2
1969,5,172,24.3,16.2,112,0.8
1969,6,471,25.4,18.7,115,0.6
1969,7,718,25.5,19.9,114,0.6
1969,8,462,25.3,18.8,105,-1
1969,9,355,24.7,18.5,89,-1.1
1969,10,44,23.2,14.4,73,-1.8
1969,11,22,21.8,11.5,42,-1.6
1969,12,0,18.3,8,25,-1.7
1970,1,16,15.2,7,29,-1.6
1970,2,47,16.4,8.1,50,-1
1970,3,52,20.7,10.8,57,-1.3
1970,4,57,24.2,13.9,58,-2
1970,5,115,25.7,17.4,111,-2.8
1970,6,543,25.4,18.6,112,-2.6
1970,7,701,25.5,20.1,111,-2.3
1970,8,639,25.4,19.7,104,-1.8
1970,9,296,25,18.6,88,-2.2
1970,10,88,24.4,15.2,87,-2.6
1970,11,3,20.4,10.4,42,-2.6
1970,12,0,19.1,6.9,27,-2.6
1971,1,6,15.8,7,24,-2.6
1971,2,11,17.2,7.1,21,-2.9
1971,3,42,20.3,10.2,46,-3.3
1971,4,199,21.7,13.6,108,-1.2
1971,5,192,22.5,15.6,105,2.1
1971,6,701,23.9,19.2,100,3.4
1971,7,639,25.2,18.9,115,2.7
1971,8,571,24.9,18.2,104,2.5
1971,9,351,25.9,17.9,90,2
1971,10,287,23.2,15.9,84,3.1
1971,11,31,19.4,10.5,51,3.4
1971,12,0,18,7.3,32,3.1
1972,1,9,17.3,7.5,29,2.7
1972,2,29,16.9,7.8,40,2.5
1972,3,76,21.5,11.4,80,2.4
1972,4,88,23.4,13,92,1.8
1972,5,164,26.2,16.8,117,1.2
1972,6,349,25.8,17.9,125,-1.4
1972,7,641,27.3,19.7,110,-1.5
1972,8,413,25.9,18.7,121,-2.1
1972,9,550,24.7,17.5,88,-0.6
1972,10,78,24.1,14.4,83,-1.2
1972,11,25,19.5,10.4,48,-0.8
1972,12,0,17.9,8.1,30,-0.7
1973,1,23,16.4,8.5,37,0.2
1973,2,52,17.4,9.5,54,1.4
1973,3,54,20.3,9.8,65,1
1973,4,67,25,14.1,70,-0.7
1973,5,217,24.3,16.3,121,0.1
1973,6,761,24.2,18.9,103,1.7
1973,7,541,27,19.1,117,0.8
1973,8,611,25.4,19.1,113,0.9
1973,9,398,25,18.9,92,0.9
1973,10,525,22.1,16.1,87,4.4
1973,11,29,18.8,11.3,51,4.5
1973,12,0,17.4,8.3,32,4.1
1974,1,18,14.9,7.1,34,3.8
1974,2,1,18.2,8.9,21,2.7
1974,3,79,20.1,11.7,82,2.5
1974,4,121,24.2,14.5,118,2.4
1974,5,230,24.1,16.5,117,2.4
1974,6,434,25.3,18.5,105,2.2
1974,7,997,24.9,19.2,116,3.2
1974,8,596,25.2,19.3,111,3
1974,9,360,24.7,17.7,92,2.5
1974,10,155,26.3,17.4,92,2.2
1974,11,2,22,10.1,45,1.6
1974,12,4,17,7.7,28,1.4
1975,1,20,14.9,7.1,32,1.3
1975,2,19,16.6,8.7,32,0.9
1975,3,44,20.7,10.6,49,-1.2
1975,4,83,24.7,13.8,83,-1.5
1975,5,192,25,15.9,123,-1.5
1975,6,547,26,19,121,-1.1
1975,7,838,25.1,19,105,0.6
1975,8,329,26.1,18.9,105,-1
1975,9,746,23.7,18.6,85,2.7
1975,10,125,25.5,17.3,91,2.1
1975,11,0,22.1,10.2,49,1.4
1975,12,1,17.7,7.4,28,0.9
1976,1,14,15.8,6.3,28,0.7
1976,2,54,17.7,10,55,1.2
1976,3,27,21.2,11.8,33,-1.3
1976,4,112,23.8,14.1,111,-1.2
1976,5,251,23.6,16.3,130,-0.8
1976,6,601,24.7,18.3,112,1.2
1976,7,585,25.7,18.6,105,0.6
1976,8,731,24.8,18.8,112,1.2
1976,9,230,24.6,17.7,82,-1
1976,10,71,23.8,14.2,82,-1.6
1976,11,1,24.1,12.5,40,-1.9
1976,12,0,18.7,7.4,27,-2.1
1977,1,4,16.3,7.6,19,-2.4
1977,2,11,19.3,8.6,18,-2.9
1977,3,39,22.5,12.3,42,-3.4
1977,4,163,22.5,14.2,126,-2.2
1977,5,287,21.9,14.7,116,-0.8
1977,6,358,23.9,17.7,107,-1
1977,7,588,25.6,19.7,108,-1.3
1977,8,629,25.6,19.6,103,-1
1977,9,241,25.3,18.3,92,-1.9
1977,10,219,22.1,15.1,88,-1
1977,11,46,21.4,12.6,54,1.6
1977,12,13,16.3,8.8,38,2.1
1978,1,18,13.9,5.5,38,2.3
1978,2,20,16.1,8,39,2.1
1978,3,130,19,9.6,104,3.2
1978,4,105,22.4,13.3,107,3.2
1978,5,337,23.9,16.8,121,4.6
1978,6,591,24.9,18.6,117,5
1978,7,723,25.6,19.1,111,4.6
1978,8,511,25.3,19.4,96,3.9
1978,9,464,24,18.3,88,4.1
1978,10,127,23.8,16.2,84,3.5
1978,11,55,21.1,13,58,4.4
1978,12,3,17.6,8.3,35,4.3
1979,1,4,16.6,7.2,30,3.8
1979,2,51,15.8,8.1,56,4.3
1979,3,8,20.2,11.4,28,2.6
1979,4,115,24,14.9,113,2.5
1979,5,104,27.2,16.4,107,1
1979,6,421,26.2,18.9,127,-2.5
1979,7,692,26,19.5,106,-2.3
1979,8,629,25.6,19.6,107,-1.8
1979,9,306,24.7,17.3,94,-2.2
1979,10,210,23.5,15.9,86,-1.4
1979,11,33,23.2,13.7,50,-0.6
1979,12,21,16,10.3,39,1.9
1980,1,4,15.3,6.9,31,1.7
1980,2,29,17.6,9.1,41,1.8
1980,3,100,19.8,11.1,96,2.4
1980,4,72,24.5,15.2,85,1.6
1980,5,259,22.7,16.3,116,2.2
1980,6,497,25.1,19,110,2.3
1980,7,696,26,19.8,116,2
1980,8,583,26,19.6,102,1.9
1980,9,377,25.3,19,98,1.6
1980,10,69,22.8,15.4,84,0.7
1980,11,9,21.9,10.6,40,-0.2
1980,12,2,19.5,9,26,-1.1
1981,1,42,13.6,7.2,43,0.8
1981,2,15,18.5,8.8,32,-0.3
1981,3,88,19.4,10.8,85,0.9
1981,4,120,22.1,13.4,105,1.2
1981,5,253,23.5,15.8,122,1.8
1981,6,423,25.9,19,118,1.6
1981,7,811,25.3,20.1,107,1.9
1981,8,506,26.5,19.8,104,1.4
1981,9,309,25.2,18.2,99,0.7
1981,10,4,25.9,14.8,53,-1.7
1981,11,7,21,10.9,37,-2.3
1981,12,7,17,7.1,22,-2.5
1982,1,0,16.7,7,8,-3
1982,2,23,16.2,8.5,27,-3
1982,3,69,19.6,10.2,69,-2.7
1982,4,115,22.7,13.9,110,-2.3
1982,5,108,25.1,15.7,105,-3.4
1982,6,408,25.2,18.6,107,-3.7
1982,7,548,26.8,19.8,105,-4
1982,8,346,26.8,19.1,121,-4.5
1982,9,298,26.6,18.1,95,-4.7
1982,10,105,23.1,14.4,93,-4.6
1982,11,25,19.8,11.4,46,-3.8
1982,12,1,17.8,8.9,29,-3.3
1983,1,18,14.5,6.3,33,-2.7
1983,2,19,15.9,6.9,36,-2.5
1983,3,53,20.3,10.5,63,-2.5
1983,4,104,21.8,12.7,103,-2.2
1983,5,305,23.2,15.5,109,-0.8
1983,6,327,26.4,18.6,119,-1.2
1983,7,801,27.4,19.7,107,-0.6
1983,8,360,27.1,18.8,111,-1.4
1983,9,334,25.3,19,89,-1.6
1983,10,106,24.3,15.5,99,-2
1983,11,0,21,9.6,44,-2.2
1983,12,15,17.7,7.1,33,-1.7
1984,1,29,15.6,6.6,38,-1.1
1984,2,26,18,8.7,41,-1
1984,3,36,23,11.7,44,-1.6
1984,4,105,23.8,14.5,105,-1.6
1984,5,247,25.2,17,105,-0.8
1984,6,703,24.9,19.2,113,1.9
1984,7,937,24.3,19.8,102,2.7
1984,8,495,25.3,18.6,113,2.1
1984,9,631,24.1,17.5,83,3.7
1984,10,67,25.5,16.6,76,2.7
1984,11,2,19.9,9.9,41,2
1984,12,2,19.3,9.9,25,1.5
1985,1,7,14.8,7.8,23,1
1985,2,31,18.4,8.7,36,1
1985,3,35,23.7,13,39,-1.9
1985,4,83,24.7,14.8,82,-2.1
1985,5,188,23.7,16.3,119,-2.1
1985,6,328,25.5,19.1,118,-2.7
1985,7,926,23.8,19.2,106,-1.5
1985,8,455,25.9,20,113,-1.8
1985,9,443,24.3,18.7,91,-1.2
1985,10,224,23.4,15.5,85,1.4
1985,11,8,20.5,11.2,42,1.2
1985,12,21,18.1,9.6,37,1.7
1986,1,1,16.6,7.8,25,1.3
1986,2,10,17.5,8.4,28,0.7
1986,3,28,20.8,11.2,35,-1.5
1986,4,163,22,13.8,112,1.1
1986,5,186,22.9,15,121,1
1986,6,324,26.5,19.1,116,-0.6
1986,7,553,25.6,19.4,113,-1.1
1986,8,367,26,19.2,110,-1.8
1986,9,324,24.4,17.8,90,-2.1
1986,10,181,22.2,14.1,90,-1.5
1986,11,20,21.3,11.2,44,-1.1
1986,12,19,16.6,8.3,38,1.2
1987,1,9,15.4,6.8,31,1.1
1987,2,37,17.9,9,46,1.4
1987,3,113,20.2,11.2,83,2.5
1987,4,153,22.6,14.1,123,3.4
1987,5,126,24.4,15.4,132,2.5
1987,6,352,25.9,19.8,98,1.7
1987,7,573,25.5,20,109,1
1987,8,798,24.3,19.4,99,1.8
1987,9,405,24.8,19.2,88,1.8
1987,10,322,23.4,15,82,3.4
1987,11,4,20.9,10.6,41,2.8
1987,12,2,18,8.6,28,2.4
1988,1,4,17,8.6,24,1.8
1988,2,38,18.5,10.1,44,1.9
1988,3,90,20.7,12.1,88,2.2
1988,4,120,23.6,14.7,115,2.2
1988,5,194,24.8,16.8,133,1.8
1988,6,338,25.3,18.5,122,0.9
1988,7,781,24.9,20.2,105,1.2
1988,8,804,24.7,20,84,2.1
1988,9,314,25.5,18.8,86,1.4
1988,10,18,25.3,14.8,69,-1.4
1988,11,26,20.8,11.3,47,-1.5
1988,12,20,18.2,9.4,30,-1.2
1989,1,49,15.6,7.5,48,0.8
1989,2,60,17,9.5,61,1.6
1989,3,67,20.6,12.4,71,1.5
1989,4,59,24,14.3,62,-1
1989,5,213,25.6,16.7,122,0.1
1989,6,551,24.8,19.1,104,0.6
1989,7,807,25.9,19.5,96,1
1989,8,487,24.7,19.4,98,0.6
1989,9,483,25.1,19.7,72,1.4
1989,10,47,24.5,16.2,78,-0.8
1989,11,13,20.2,11.6,39,-1
1989,12,2,16.3,7.8,23,-1.3
1990,1,1,18.8,8.1,15,-1.7
1990,2,65,16.4,9.3,57,1
1990,3,68,18.7,10.6,70,1.2
1990,4,113,22.2,14,108,1.3
1990,5,251,23.8,16.7,108,1.8
1990,6,441,26,19.5,88,1.8
1990,7,588,25,20,95,1.3
1990,8,442,25.4,19.6,97,0.7
1990,9,456,24.8,18.9,79,1.2
1990,10,126,23.6,15.4,91,0.8
1990,11,2,22.8,11.8,45,-0.4
1990,12,1,18.1,8.7,27,-0.9
1991,1,62,14.1,6.5,51,1.3
1991,2,24,18.7,9.7,40,1.3
1991,3,79,21.7,11.7,81,1.5
1991,4,45,23.5,14.2,54,-1
1991,5,134,24.9,15.9,125,-1.7
1991,6,633,23.9,19.1,99,-1
1991,7,407,25.8,20.2,118,-2.1
1991,8,747,24.9,19.6,101,-1.1
1991,9,643,24.5,18.1,90,2.5
1991,10,25,24.9,15,65,1.3
1991,11,13,21.1,9.9,37,0.9
1991,12,9,16.4,8.1,26,0.6
1992,1,17,15.6,7.1,26,-1.2
1992,2,27,15.6,7.5,33,-1.2
1992,3,36,23,12.8,39,-1.9
1992,4,125,24.3,14.1,121,-1.5
1992,5,226,22.6,15.6,117,-1.1
1992,6,231,25.4,18.2,118,-2.1
1992,7,625,24.8,18.9,115,-2.2
1992,8,679,24.9,19.4,106,-1.5
1992,9,331,25.6,18,101,-1.8
1992,10,119,24,15.5,87,-1.9
1992,11,4,20.6,10.4,44,-2
1992,12,3,16.2,7.8,28,-1.9
1993,1,47,16.7,9.5,48,-0.8
1993,2,15,18.7,9.3,33,-0.8
1993,3,81,19.3,10.1,84,0.3
1993,4,153,22,13.6,111,1.8
1993,5,213,24.1,15.8,118,2
1993,6,386,24.8,18.4,102,1.7
1993,7,488,26.8,19.4,107,0.7
1993,8,605,25.4,19.9,94,0.8
1993,9,449,24.2,18.4,96,1.2
1993,10,24,24.7,16.3,59,-1.1
1993,11,10,22,11.2,35,-1.3
1993,12,0,18.7,9,21,-1.6
1994,1,44,16.4,8.2,47,-0.9
1994,2,51,16,8.5,52,1
1994,3,42,21.2,11.9,49,0.6
1994,4,100,22.5,13.9,100,-0.2
1994,5,156,24.7,16.9,120,-1
1994,6,464,25.6,19.3,109,-1.1
1994,7,396,27,18.9,122,-2.3
1994,8,543,25.9,19.4,111,-2.2
1994,9,281,26,19,96,-2.7
1994,10,23,24.8,14.4,64,-3.4
1994,11,40,19,11.3,54,-2.7
1994,12,0,17.8,8.3,23,-2.8
1995,1,48,14,6.6,48,-1.7
1995,2,36,17.3,9.9,40,-1.1
1995,3,22,21.8,12.5,31,-1.9
1995,4,42,23.8,13.8,46,-2.8
1995,5,114,26.9,17.9,112,-3.7
1995,6,417,26.1,20,96,-3.9
1995,7,596,25.6,19.8,117,-3.9
1995,8,552,25.2,19.3,111,-3.6
1995,9,440,25.2,18.7,99,-2.9
1995,10,18,25.4,15.8,67,-3.6
1995,11,53,20.9,11.5,59,-2.5
1995,12,6,17.6,9.5,26,-2.5
1996,1,58,16.6,8.5,52,-1.1
1996,2,34,16.5,7.5,44,-0.6
1996,3,60,21.7,12.3,67,0
1996,4,69,24,13.9,73,-0.8
1996,5,109,25.1,17,106,-1.6
1996,6,476,24.6,18,105,-1.8
1996,7,720,25.5,20.2,104,-1.5
1996,8,594,25.3,19.3,109,-1.3
1996,9,305,24.2,18.6,98,-1.7
1996,10,101,24.2,16.5,90,-2
1996,11,0,22.9,11.8,41,-2.3
1996,12,0,19.1,7.2,28,-2.3
1997,1,29,15.6,6.4,37,-1.6
1997,2,21,16.2,8.9,32,-1.5
1997,3,83,20.7,11.6,83,-1
1997,4,259,20.7,13.4,106,3.4
1997,5,166,23.4,16.5,131,3.4
1997,6,456,24.6,18.8,98,3.3
1997,7,614,25.9,19.9,117,2.5
1997,8,531,26.1,19.2,108,2.1
1997,9,596,23.8,18.4,90,3.4
1997,10,19,21.7,14.1,69,2.1
1997,11,7,20.3,11.8,34,1.1
1997,12,31,15.7,8.5,38,1.4
1998,1,2,17,8.2,12,0.6
1998,2,15,18.7,9.7,20,-1.9
1998,3,142,20,11.1,94,1.5
1998,4,144,23.3,14.7,111,2.4
1998,5,175,26,17.5,116,2.3
1998,6,516,26.5,20.1,102,2.6
1998,7,698,25.2,20.4,100,2.4
1998,8,799,24.9,20.4,79,3.2
1998,9,375,25.7,19.1,91,2.8
1998,10,152,26,18.1,87,2.5
1998,11,17,21.9,12.7,52,2.3
1998,12,1,18.1,9.1,31,1.9
1999,1,8,16.8,7.6,28,1.4
1999,2,5,20.6,10.6,16,-1.2
1999,3,22,23.4,12.2,28,-2.3
1999,4,109,26.5,15.8,106,-2
1999,5,313,24.8,18,122,-0.6
1999,6,481,25.1,19.8,111,1.4
1999,7,898,24.9,19.6,113,2
1999,8,811,24.6,19.6,96,2.8
1999,9,489,25.2,18.6,100,3.2
1999,10,253,23.3,16.8,90,3.9
1999,11,7,21.5,12.8,45,3.3
1999,12,0,17.5,10.5,27,2.8
2000,1,11,15.6,8.4,29,2.3
2000,2,23,16.1,8.3,35,1.9
2000,3,56,19.1,11,60,1.4
2000,4,201,22.7,14.5,119,2.9
2000,5,423,24.4,17.3,110,5.8
2000,6,514,25.1,19.9,106,5.7
2000,7,551,25.5,20.1,119,4.4
2000,8,725,25.1,19.6,99,4.6
2000,9,485,24.1,18.1,90,4.9
2000,10,19,24.7,16,66,3.4
2000,11,4,22.3,12.5,31,2.4
2000,12,0,19.3,8.4,18,1.4
2001,1,8,18.9,8.5,16,0.7
2001,2,27,20.3,10.6,30,-2.6
2001,3,43,20.2,11,44,-3.1
2001,4,173,23,14.2,123,-1.7
2001,5,516,23.9,17,110,4.9
2001,6,518,24.9,19.3,116,4.9
2001,7,769,26.3,20,124,4.6
2001,8,612,25.4,20.2,111,4.3
2001,9,270,25.4,19.1,99,3
2001,10,142,24.5,16.8,94,2.5
2001,11,1,22.3,11.8,41,1.9
2001,12,0,18.9,8.6,28,1.5
2002,1,27,15.3,7.7,37,1.6
2002,2,15,19.1,9.7,30,1.1
2002,3,77,21.4,12,79,1.2
2002,4,137,23.6,14.4,109,1.7
2002,5,245,23.8,16.6,122,2.1
2002,6,323,25.6,19.3,105,1.5
2002,7,749,25.3,20.6,101,1.6
2002,8,709,25.5,19.7,104,2
2002,9,271,24.4,18.6,98,0.9
2002,10,119,24.1,15,89,-1.1
2002,11,13,22,11.7,47,-1
2002,12,1,18.6,9.1,27,-1
2003,1,40,17.2,6.8,47,0.7
2003,2,76,16.6,8.8,60,2.1
2003,3,51,20.1,11.7,64,2.2
2003,4,102,24.1,14.9,102,2.2
2003,5,157,23.5,16.3,121,1.6
2003,6,568,24.4,19.4,96,1.9
2003,7,789,25.5,20,98,2.1
2003,8,439,26.7,20.4,103,1.4
2003,9,457,25.1,19.7,92,1.8
2003,10,172,25.2,16.5,89,1.8
2003,11,3,22.6,12.5,42,1.3
2003,12,9,17.4,9.1,33,1.3
2004,1,26,15.3,7.7,38,1.5
2004,2,8,18.5,8.8,24,1
2004,3,34,24.3,13.3,40,-1
2004,4,142,23.1,14.9,112,0.7
2004,5,292,25.3,17.8,117,1.9
2004,6,354,24.6,19.6,94,1.4
2004,7,940,24.2,19.7,96,2.3
2004,8,387,26.1,19.9,110,1.3
2004,9,266,26.2,18.6,85,-1.5
2004,10,130,23.2,15.4,96,-1.6
2004,11,39,19.8,11.4,55,-0.7
2004,12,0,19.6,9.4,31,0.1
2005,1,39,15.6,9.4,45,1.5
2005,2,20,18,10.7,41,1.4
2005,3,110,21.7,13.1,99,2.2
2005,4,105,23.5,14.5,110,2
2005,5,165,23.7,16.3,120,1.5
2005,6,289,25.8,19.5,105,-1.2
2005,7,604,25.9,20.7,117,-1.5
2005,8,506,26,20.6,104,-1.6
2005,9,341,25.9,19.2,107,-1.8
2005,10,193,23.6,16.7,95,-1.3
2005,11,0,22.4,11.4,43,-1.6
2005,12,0,18.6,8.3,29,-1.7
2006,1,0,20,8.7,19,-2.2
2006,2,8,22.1,11.1,16,-2.7
2006,3,76,21.3,12.5,78,-2.4
2006,4,265,22.2,14.6,117,2.7
2006,5,278,24.8,17.8,125,4.1
2006,6,417,25.7,19.9,105,3.7
2006,7,547,27.2,20.5,129,2.6
2006,8,405,26.2,20,123,1.6
2006,9,357,25.5,18.9,88,1.3
2006,10,70,23.7,16.2,84,-2
2006,11,48,20.5,13.5,57,-0.8
2006,12,4,20.2,10,31,-0.6
2007,1,9,18.9,8.5,30,-0.6
2007,2,74,16.2,9.1,56,2.2
2007,3,32,22.3,12.1,57,1.7
2007,4,98,24.6,15.1,98,1.5
2007,5,228,26,18,133,1.5
2007,6,377,26.1,19,98,1.1
2007,7,771,25.8,20.3,90,1.4
2007,8,573,26.1,20.4,104,1.2
2007,9,565,25,19.6,84,2.5
2007,10,41,25.6,17.3,71,1.4
2007,11,20,21.9,12.2,46,1.1
2007,12,0,19.6,9.5,24,0.6
2008,1,25,16.3,10.1,34,0
2008,2,5,17.1,8.4,13,-1.7
2008,3,118,21.3,12.6,89,1.1
2008,4,52,24.2,15.9,65,-0.7
2008,5,329,24.1,18.1,112,1.7
2008,6,817,24.2,20.2,98,3.5
2008,7,765,25.5,20.2,111,3.4
2008,8,557,25.2,20,89,3.1
2008,9,191,25.4,18.8,96,1.4
2008,10,146,24.1,15.2,96,1.1
2008,11,1,22.2,11.8,42,0.6
2008,12,1,20,10,25,-1.6
2009,1,8,19.2,9.2,27,-1.7
2009,2,14,19.8,10.4,26,-2.1
2009,3,76,21.6,12.3,78,-1.8
2009,4,40,25.8,15.6,42,-2.7
2009,5,367,24.2,17.2,116,-0.6
2009,6,206,26,19.8,100,-1.5
2009,7,617,27.5,20.5,115,-1.7
2009,8,661,26.5,20.2,97,-1.2
2009,9,279,25.9,19.1,102,-1.9
2009,10,163,25.7,16.2,93,-1.6
2009,11,9,22.9,12.5,48,-1.6
2009,12,4,18.6,9.8,29,-1.5
2010,1,0,17.6,7.2,24,-1.8
2010,2,5,19.4,8.5,15,-2.4
2010,3,97,23.6,13.7,95,-1.7
2010,4,60,25.9,15.9,62,-2.5
2010,5,281,25,17.8,123,-1.4
2010,6,397,26.4,20.2,101,-1.4
2010,7,681,26.6,20.9,104,-1.3
2010,8,758,25.9,20.9,96,1.2
2010,9,689,25,19.8,82,3.4
2010,10,181,24.4,17.5,93,3.3
2010,11,27,22.7,14,49,3.4
2010,12,0,18.1,8.8,33,3.1
2011,1,11,16.3,8.1,32,2.7
2011,2,92,18.3,7.9,68,4.1
2011,3,50,21.1,12.6,68,3.8
2011,4,85,22.6,14.6,92,3.1
2011,5,387,24,17.7,109,5.1
2011,6,466,25,19.7,103,4.8
2011,7,900,25.2,20.7,94,5.2
2011,8,629,25.6,19.6,100,4.9
2011,9,552,25.3,19.2,102,5.6
2011,10,32,24.2,15.3,70,4.1
2011,11,9,21.4,11.7,35,3.2
2011,12,0,20.5,9.6,20,2.4
2012,1,33,14.1,6.9,38,2.4
2012,2,55,17.8,9.8,58,2.6
2012,3,53,21.7,11.8,56,1.9
2012,4,105,22.9,14.8,103,1.6
2012,5,167,25.2,17.2,133,0.9
2012,6,344,26.1,20,105,-2.1
2012,7,684,25.9,20.5,98,-1.9
2012,8,546,26.4,19.9,106,-1.8
2012,9,475,25.4,18.6,89,-1
2012,10,41,23.9,14.1,74,-1.7
2012,11,0,21.5,10.1,36,-2.3
2012,12,0,19.3,8.6,20,-2.7
2013,1,9,16.7,7,18,-2.9
2013,2,49,17.7,9.2,51,-2.3
2013,3,39,21.7,12,41,-2.8
2013,4,111,23.1,14.8,107,-2.4
2013,5,198,24.7,17.5,121,-2.3
2013,6,545,25.9,20.5,102,-1.7
2013,7,610,25.8,20.8,106,-1.9
2013,8,457,26,19.3,113,-2.1
2013,9,215,25.2,18.4,103,-3.2
2013,10,390,23.1,16.9,85,2.3
2013,11,0,21.3,10.6,43,1.7
2013,12,0,17.5,8.8,27,1.3
2014,1,0,15.7,7.9,22,0.7
2014,2,48,16.8,8.8,52,1
2014,3,50,20.6,11.6,54,-0.5
2014,4,50,24.3,15,52,-2
2014,5,126,24,16.7,120,-2.6
2014,6,332,26.2,19.7,97,-3.4
2014,7,391,26,20.6,116,-4.3
2014,8,567,25.5,19.6,97,-3.8
2014,9,454,24.8,18.6,97,-3
2014,10,51,24.1,15.3,83,-3.5
2014,11,3,22,11.2,34,-3.7
2014,12,3,18,9,23,-3.8
2015,1,35,14.2,7.6,40,-3.1
2015,2,48,17.3,8.1,50,-2.3
2015,3,37,20.3,11.7,41,-2.7
2015,4,172,21.3,14.1,113,-1.3
2015,5,165,24.8,17,116,-1.2
2015,6,432,25.8,19.6,106,-1.1
2015,7,369,26.8,19.4,119,-2.4
2015,8,828,25.7,19.6,90,-1
2015,9,384,25.6,18.1,96,-0.9
2015,10,94,24.5,15.4,96,-1.5
2015,11,6,21.8,11.1,40,-1.5
2015,12,2,17.3,8.2,27,-1.4
2016,1,20,14.6,7.2,31,-1.1
2016,2,12,18.2,10.6,28,-1.2
2016,3,111,20.8,12.7,96,-0.7
2016,4,69,24,14.6,78,-1.7
2016,5,248,24.1,16.4,119,-1
2016,6,495,25.7,19.4,99,1.1
2016,7,887,25.8,19.9,88,1.3
2016,8,293,26.7,20,120,-1.1
2016,9,429,25.2,18.8,79,1
2016,10,159,25.4,16.6,95,1.2
2016,11,3,21.8,11.7,44,0.8
2016,12,3,18.9,9.9,29,0.7
2017,1,5,15.6,7.8,26,-0.2
2017,2,8,18.2,9.9,18,-1.2
2017,3,209,19,11.3,83,1.6
2017,4,176,22.2,14.7,105,2
2017,5,234,24.6,16.9,115,2.5
2017,6,327,25.6,19.1,111,1.7
2017,7,634,26.1,20.3,116,1.4
2017,8,680,26.1,20,93,1.5
2017,9,255,25.9,19,94,1.3
2017,10,175,24.7,16.2,94,1.2
2017,11,5,22,12.1,47,1
2017,12,5,19.1,10.5,30,0.7
2018,1,3,15.8,7.6,21,-0.1
2018,2,23,17.6,10.2,32,0.2
2018,3,85,20.2,12.1,82,2.4
2018,4,165,22,13.9,94,6.1
2018,5,253,23.6,16.2,102,6.8
2018,6,405,26.2,19.3,108,6
2018,7,496,26.2,20.3,106,5.7
2018,8,459,26,20,91,5.8
2018,9,236,26.1,19,95,5.5
2018,10,57,23,14.5,75,5
2018,11,3,20.9,11,37,4.6
2018,12,10,17,8.5,28,4.4
2019,1,14,15.6,7.1,27,-2.3
2019,2,33,17.7,9.1,39,-1.9
2019,3,71,20.5,11,73,-1.5
2019,4,192,23.5,14.3,111,1.8
2019,5,289,25.1,17.1,109,3.3
2019,6,406,26.5,20.1,113,2.9
2019,7,913,26.8,20.7,108,3.4
2019,8,442,27.3,21.2,117,2.4
2019,9,562,25.9,19.4,77,3.5
2019,10,105,25,16.6,89,2.7
2019,11,19,23,13.2,46,2.6
2019,12,7,16.5,7.2,32,2.6
