Product: Historical Climate - TerraClimate(http://www.climatologylab.org/terraclimate.html) 
Location (Lat/Lon of 4-km Grid Cell Center): 11.2292 North,78.8958 East 
Data Source: NW Climate Toolbox(https://climatetoolbox.org/tool/point-data-download)
Download Date: 07/25/2020
Variable List: 
ppt: ppt (Precipitation)
tmax: tmax (Maximum Temperature)
tmin: tmin (Minimum Temperature)
aet: aet (Actual Evapotranspiration)
PDSI: pdsi (Palmer Drought Severity Index (PDSI))
********************************************************
Year,Month,ppt(mm),tmax(degC),tmin(degC),aet(mm),PDSI(unitless)
1958,1,16,29.7,20.6,22,-0.5
1958,2,1,31.8,21.8,6,-0.9
1958,3,24,35.4,24,26,-0.9
1958,4,62,36.2,26.3,62,0.4
1958,5,127,36.6,26.8,123,1.5
1958,6,17,37.2,27.2,18,0.7
1958,7,16,34.8,25.8,17,-1.4
1958,8,190,34,25.1,173,0.8
1958,9,60,34.6,24.7,60,-0.6
1958,10,153,31.4,23.8,129,-1
1958,11,124,29.7,22.6,106,-1.1
1958,12,20,29.1,20.9,29,-2
1959,1,10,30.2,20.6,16,-2.7
1959,2,32,32.7,21.4,35,-2.5
1959,3,0,36.1,22.5,4,-2.9
1959,4,105,36.7,26.1,103,-1.6
1959,5,80,37.6,26.9,78,-1.4
1959,6,62,35.7,26.5,61,-0.7
1959,7,17,34.1,25.4,18,-1.4
1959,8,56,35.1,25,55,-2
1959,9,78,34.3,25,75,-2.3
1959,10,178,31.9,24.2,135,-2.4
1959,11,181,29.5,22.3,108,-1.7
1959,12,41,28.6,20.6,65,-2.1
1960,1,5,29.6,20.6,28,-2.5
1960,2,6,31.4,20.9,19,-2.6
1960,3,5,35.2,23,14,-2.8
1960,4,60,36.2,25.9,64,-2.2
1960,5,68,37.3,26.2,69,-2.2
1960,6,26,36.9,26.7,28,-2.3
1960,7,120,34.4,25.7,117,-0.9
1960,8,65,35.5,25.6,65,-1.6
1960,9,76,33.3,24.7,74,-1.9
1960,10,103,32,23.6,99,-2.9
1960,11,253,29,21.7,101,-1.4
1960,12,14,28.9,20.6,58,-2
1961,1,142,28.9,21,131,2
1961,2,13,31.5,21.5,52,2.2
1961,3,0,36.1,23.5,19,1.5
1961,4,17,37.1,26.2,28,0.9
1961,5,77,36.9,27,81,0.8
1961,6,65,35.6,26.1,67,1.3
1961,7,45,33.9,25.1,47,0.7
1961,8,157,34.2,25.1,152,0.8
1961,9,110,34.2,24.3,107,-0.3
1961,10,193,32.2,23.4,132,-0.6
1961,11,66,29.4,21.9,73,-1.3
1961,12,52,28.1,20.5,63,-2
1962,1,18,28.7,20,26,-2.6
1962,2,6,31.3,21.2,12,-2.8
1962,3,23,35.1,22.8,27,-2.7
1962,4,38,36,25.8,40,-2.6
1962,5,84,36.6,26.3,83,-2.1
1962,6,36,37,26.1,37,-2.1
1962,7,22,34.8,25.7,23,-2.8
1962,8,159,34.3,25.2,153,-2.2
1962,9,99,33.8,24.7,96,-2.2
1962,10,290,30.9,24,118,-1
1962,11,50,29.9,21.7,78,-1.6
1962,12,50,28.9,20.7,77,-2
1963,1,163,28.2,20.4,128,2.1
1963,2,5,31.4,20,57,2.5
1963,3,36,34.8,23,59,2.7
1963,4,54,35.8,25.2,65,2.8
1963,5,42,37.8,26.6,49,1.9
1963,6,59,36.7,26.8,62,2.2
1963,7,107,35.2,25.6,107,2.7
1963,8,96,34.9,25.2,95,2.1
1963,9,109,34.8,24.8,106,1.8
1963,10,149,32.2,23.7,136,1
1963,11,140,29.4,22.6,108,0.9
1963,12,121,28.7,20.8,115,1
1964,1,0,30.2,19.4,10,-1.1
1964,2,0,32.9,20.9,7,-1.6
1964,3,9,36,23.6,14,-1.8
1964,4,10,37.6,26.3,14,-2.4
1964,5,68,38.9,27.6,68,-2.3
1964,6,46,37.5,26.5,46,-2
1964,7,137,35,25.5,133,1.5
1964,8,112,34.5,24.8,108,1.2
1964,9,72,34,24.3,70,-0.6
1964,10,241,32.9,23.6,136,0.3
1964,11,166,29.2,21.5,111,0.7
1964,12,76,29,19.9,93,0.6
1965,1,5,29.8,19.8,53,-0.2
1965,2,11,31.4,21.2,34,-0.1
1965,3,4,35.2,23,17,-0.6
1965,4,93,35.8,25.3,98,1
1965,5,49,37.5,26.6,53,-0.4
1965,6,32,37.5,26.3,35,-0.6
1965,7,43,35.9,25.1,45,-0.9
1965,8,226,34.5,24.8,163,1.3
1965,9,74,35,24.9,90,0.9
1965,10,160,32.6,23.8,146,-0.5
1965,11,65,29.9,22.7,72,-1.5
1965,12,188,28.3,21.4,114,0.9
1966,1,19,29.6,21.1,56,0
1966,2,3,32.5,21.5,24,-0.4
1966,3,11,35.9,23.7,22,-0.7
1966,4,36,36.9,25.8,42,-0.8
1966,5,60,38.3,26.8,63,-1.1
1966,6,75,36.8,25.9,76,0.9
1966,7,59,35.1,25.7,60,0.9
1966,8,258,35.5,25.4,158,2.6
1966,9,118,34,24.7,125,2.8
1966,10,341,31.6,23.2,131,4.3
1966,11,174,30.1,22.5,108,4.8
1966,12,96,28.6,20.9,109,5
1967,1,91,29.6,19.7,110,6.4
1967,2,0,32.2,19.6,79,7
1967,3,38,35.3,22.6,97,7.9
1967,4,42,37.2,25.6,77,7.3
1967,5,52,37.5,26.8,67,6.4
1967,6,65,36.4,26.4,73,6.5
1967,7,60,34.9,24.9,65,5.9
1967,8,93,34.6,24.5,93,4.9
1967,9,80,34.2,24.5,80,4
1967,10,219,31,23.3,127,3.8
1967,11,164,29,20.7,117,3.8
1967,12,183,28.6,21.2,108,4.7
1968,1,4,29.3,20,70,4.6
1968,2,6,32,20.4,57,4.6
1968,3,32,34.8,23.3,59,4.7
1968,4,147,35.6,25.1,146,6.3
1968,5,45,37.6,26.7,55,5.2
1968,6,35,36.7,26.8,42,4.7
1968,7,31,34.5,25.6,35,3.6
1968,8,100,35.6,25.3,100,3
1968,9,112,34.1,24.8,110,2.7
1968,10,146,32.3,23.5,134,1.8
1968,11,107,29.1,22.3,102,1.3
1968,12,65,28.6,20.7,65,0.6
1969,1,1,29.4,19.8,4,-2.9
1969,2,6,32,20.7,8,-3.2
1969,3,2,36.3,23.5,4,-3.5
1969,4,11,37.1,26,12,-3.7
1969,5,52,37.7,26.6,51,-3.7
1969,6,16,37.4,26.8,17,-4
1969,7,25,35.1,25.4,25,-4.3
1969,8,158,34.8,25.3,151,-3.4
1969,9,19,35,24.7,19,-4.5
1969,10,254,31.6,23.4,121,-3.4
1969,11,146,29.9,22.2,102,-2.7
1969,12,110,27.7,21.3,106,-1.9
1970,1,22,29.3,20.4,67,-1.3
1970,2,26,32.1,21.1,62,2.2
1970,3,3,35.8,23.5,26,1.8
1970,4,93,36.3,26.4,101,2.8
1970,5,109,37.3,27.1,112,3.3
1970,6,47,36.5,26.7,51,3.2
1970,7,68,35.1,25.4,69,2.9
1970,8,122,34.2,24.8,120,2.6
1970,9,66,34.2,24.5,66,1.7
1970,10,192,31.7,23.6,135,1.4
1970,11,199,28.5,22.6,109,2
1970,12,15,28.3,19.1,58,1
1971,1,24,29,20.3,53,0.8
1971,2,20,32.2,20.5,38,0.8
1971,3,42,35,22.7,52,1.2
1971,4,69,36.8,25.3,73,1.6
1971,5,140,37.3,26.6,139,2.8
1971,6,26,35.3,26.2,29,2.1
1971,7,43,34.9,25.2,45,1.6
1971,8,168,34.5,24.5,160,2
1971,9,103,33.9,24.5,100,1.7
1971,10,186,31.7,23.1,133,1.3
1971,11,62,29.5,21,69,-1.1
1971,12,165,27.3,20.1,106,0.7
1972,1,2,29,18.9,35,-0.4
1972,2,0,32,20,17,-0.8
1972,3,0,35.6,21.4,11,-1.3
1972,4,13,36.8,25.7,20,-1.8
1972,5,217,36.5,26.4,178,2.8
1972,6,45,37.9,26.9,57,3.5
1972,7,44,35.8,25.5,51,2.8
1972,8,45,35.9,25.2,49,1.6
1972,9,172,34.8,25.5,153,2.3
1972,10,243,31.6,23.6,120,2.8
1972,11,79,30,22.2,91,2
1972,12,168,28.8,21.8,113,2.9
1973,1,0,30.9,19.4,60,2.7
1973,2,0,33.4,21.3,48,2.5
1973,3,1,36.4,23.2,22,1.9
1973,4,5,37.5,26.5,17,1.1
1973,5,55,38.8,26.9,60,0.8
1973,6,42,37,26.8,45,0.8
1973,7,62,35.3,26.2,63,0.8
1973,8,92,34.2,24.8,91,-0.3
1973,9,144,34.5,24.7,139,0.4
1973,10,209,31.8,23.9,128,0.1
1973,11,65,29.8,21.9,78,-1
1973,12,103,27.9,20.4,100,-0.9
1974,1,1,29.4,19.1,20,-1.5
1974,2,13,32.6,19.5,23,-1.7
1974,3,11,35.8,22.5,18,-1.8
1974,4,18,37.2,26,23,-2.1
1974,5,83,37.4,26,83,-1.6
1974,6,47,37.2,26.2,48,-1.2
1974,7,56,35.6,25.2,56,-1.2
1974,8,50,35,24.7,50,-1.9
1974,9,145,33.8,24.3,140,-1.2
1974,10,160,32.4,23,128,-1.5
1974,11,12,30.2,21.5,19,-2.9
1974,12,23,29.3,19.4,27,-3.7
1975,1,5,29.7,19.3,9,-4.3
1975,2,1,32.8,21.1,4,-4.6
1975,3,36,35.3,23.3,36,-4
1975,4,5,37.4,25.7,7,-4.3
1975,5,68,38,26.7,67,-4
1975,6,14,36.2,26.5,15,-4.3
1975,7,123,34.9,24.7,118,-2.9
1975,8,157,34.4,25.3,150,-2.2
1975,9,105,33.6,24.2,101,-2
1975,10,208,31.7,23.6,147,-1.9
1975,11,128,29,21.8,115,-1.9
1975,12,40,28.3,19.4,54,-2.4
1976,1,1,29.1,19.5,11,-3.1
1976,2,0,31.5,19.8,7,-3.3
1976,3,9,35.8,22,14,-3.4
1976,4,61,36.5,25.4,62,-2.8
1976,5,60,38.5,27.1,60,-2.9
1976,6,45,37.7,26.4,45,-2.6
1976,7,50,35.4,25.2,50,-2.5
1976,8,169,34.8,24.7,162,-1.7
1976,9,62,34.5,25,60,-2.1
1976,10,135,32.2,23.8,128,-2.7
1976,11,202,28.9,23.2,112,-1.8
1976,12,41,28.8,20.7,61,-2.3
1977,1,2,30.3,19,20,-2.8
1977,2,36,32.1,21.1,45,-2.4
1977,3,22,35.7,23,28,-2.2
1977,4,59,36.6,26.4,62,-1.7
1977,5,95,36.7,26.6,95,-1.1
1977,6,51,36.9,26.8,52,-0.6
1977,7,42,35.8,25.6,43,-0.8
1977,8,191,35.3,24.8,166,1.5
1977,9,68,35.2,24.9,70,0.8
1977,10,360,30.8,23.8,129,2.5
1977,11,314,29.6,23.2,100,4.7
1977,12,11,29,20.7,76,3.8
1978,1,1,30,20.3,71,3.6
1978,2,16,32.1,21.7,64,3.8
1978,3,2,35.6,23.3,37,3.2
1978,4,48,36.9,26.8,63,3.1
1978,5,49,38,27.1,58,2.5
1978,6,19,36.5,26.7,25,1.9
1978,7,59,34.9,25.5,62,1.7
1978,8,83,34.2,25.3,83,1.2
1978,9,148,34.3,24.9,142,1.7
1978,10,138,32.1,24.1,115,1
1978,11,238,30,22.5,100,2.1
1978,12,157,27.7,22.4,120,2.9
1979,1,1,29.6,21.4,64,2.8
1979,2,49,32.2,22.7,77,3.7
1979,3,20,35.1,24,52,3.8
1979,4,12,37.3,27.1,28,2.9
1979,5,27,37.6,27.4,36,1.8
1979,6,31,37,27.5,36,1.4
1979,7,53,35,25.9,55,1
1979,8,82,35.2,25.9,82,-1.9
1979,9,154,33.6,25.2,146,-1
1979,10,164,32.3,23.8,142,-1.3
1979,11,304,28.8,23.6,92,2.2
1979,12,44,28.9,22.1,82,1.9
1980,1,1,30.4,20.1,69,1.8
1980,2,0,32.5,21.3,50,1.7
1980,3,7,35.6,24,28,1.3
1980,4,45,36.9,27.1,55,1.3
1980,5,53,38.7,28,59,0.9
1980,6,24,36.7,27,29,-0.5
1980,7,39,35.8,25.7,41,-1.3
1980,8,79,35.1,25.2,79,-1.8
1980,9,44,35,25.3,45,-2.7
1980,10,150,32.4,24.2,139,-3.1
1980,11,154,30.1,22.9,112,-2.7
1980,12,74,29.3,21.5,79,-2.8
1981,1,17,29.2,21.2,26,-3.2
1981,2,1,32.2,20.8,8,-3.5
1981,3,30,35.8,23.8,33,-3.1
1981,4,18,37.1,26.9,21,-3.3
1981,5,113,38,27.4,110,-2.2
1981,6,23,36.3,27.3,24,-2.6
1981,7,98,35.6,25.9,95,-1.8
1981,8,95,35.1,25,92,-2.1
1981,9,155,33.6,25.1,148,-1.2
1981,10,286,31.7,24.6,123,1.7
1981,11,124,29.7,22.7,117,1.5
1981,12,46,28.2,20.9,76,1.1
1982,1,0,29.7,20.1,49,0.7
1982,2,0,32.3,21.1,24,-0.3
1982,3,9,35.7,23.8,22,-0.9
1982,4,29,37.3,26.9,37,-1
1982,5,49,37.5,27.5,53,-1.3
1982,6,38,36.8,26.9,40,-1.2
1982,7,33,35.9,25.7,35,-1.8
1982,8,47,35.6,25.5,48,-2.7
1982,9,61,35.4,25.1,61,-3.4
1982,10,136,32.8,24.1,130,-3.8
1982,11,177,29.4,23.4,106,-3
1982,12,30,28.6,21.2,50,-3.6
1983,1,0,30,20.3,13,-4.2
1983,2,0,33.5,22.3,8,-4.4
1983,3,1,37,24.3,7,-4.6
1983,4,2,38,26.7,6,-5
1983,5,103,38.5,27.9,102,-4
1983,6,44,38,27.4,44,-3.5
1983,7,63,36.2,26.2,62,-3.2
1983,8,160,35,25.7,153,-2.3
1983,9,152,34.2,24.6,146,-1.7
1983,10,124,32.7,24,119,-2.5
1983,11,67,30.5,21.9,65,-3.3
1983,12,315,28.6,20.9,104,2.5
1984,1,58,28.3,22,84,3.3
1984,2,56,31.3,19.7,82,4.6
1984,3,84,33.8,23.9,111,6.8
1984,4,54,36.1,26.3,92,7.1
1984,5,18,38.7,27.2,39,5.4
1984,6,10,37,26.6,22,4.1
1984,7,132,34.9,24.6,134,5
1984,8,60,36,25.1,63,3.6
1984,9,109,34.5,24.4,108,3.2
1984,10,149,32.4,23.2,140,2.2
1984,11,74,29.6,22,74,1.2
1984,12,68,29.3,20.6,68,-2.6
1985,1,95,29.3,21.4,93,-1.8
1985,2,11,32.7,21.3,12,-2.2
1985,3,13,36.2,23.7,15,-2.4
1985,4,47,37.4,27,46,-2.2
1985,5,44,38.6,27.3,43,-2.7
1985,6,27,36.3,26.1,26,-2.9
1985,7,76,35.2,24.8,73,-2.4
1985,8,152,35.3,24.8,146,-1.9
1985,9,149,34.8,24.5,142,-1.3
1985,10,127,32.6,23.4,121,-2.1
1985,11,146,29,21.9,113,-2
1985,12,58,28.8,21.5,60,-2.4
1986,1,77,28.6,20.7,77,-1.9
1986,2,24,31.8,21.1,26,-1.9
1986,3,9,35,23.9,12,-2.2
1986,4,13,37.4,26.1,14,-2.7
1986,5,60,38.7,27.2,58,-2.8
1986,6,27,37.3,27.1,28,-3
1986,7,63,36.4,26,61,-2.9
1986,8,53,34.8,25.2,51,-3.5
1986,9,129,34.8,25.3,124,-3.1
1986,10,194,32.8,23.5,138,-2.9
1986,11,126,30.4,22.2,120,-2.9
1986,12,66,28.7,22.3,72,-3.1
1987,1,9,30.3,20.9,17,-3.7
1987,2,0,32.1,20.3,6,-4
1987,3,22,35.7,23.6,25,-3.8
1987,4,27,37.2,26.8,29,-3.8
1987,5,74,38,27.3,73,-3.4
1987,6,40,38.5,27,40,-3.2
1987,7,17,36.7,26.7,18,-3.9
1987,8,79,36,25.2,76,-4.1
1987,9,85,35.8,25.4,83,-4.1
1987,10,278,32.4,24,127,-2.9
1987,11,85,30.6,23,96,-3
1987,12,176,28.5,22.3,110,-1.5
1988,1,1,30.1,20.7,65,-1.3
1988,2,4,33.4,21.6,52,-1
1988,3,14,36.5,24.9,35,-0.9
1988,4,97,36.3,26.7,105,2.3
1988,5,49,38.8,27.1,54,1.7
1988,6,83,37.8,26.5,85,2.5
1988,7,108,35.7,25.5,107,3.3
1988,8,323,35,25.5,149,5.5
1988,9,246,34.5,24.6,154,7.5
1988,10,53,33.6,24.3,107,6.1
1988,11,113,29.4,22.5,114,5.5
1988,12,59,29.9,20.2,90,4.8
1989,1,8,30,20,63,4.3
1989,2,0,32.7,19.3,39,3.7
1989,3,38,35.1,23,55,3.7
1989,4,40,37.4,26.3,50,3.3
1989,5,47,39,26.9,52,2.4
1989,6,39,36.8,26,43,2.1
1989,7,123,34.8,25,121,3.2
1989,8,50,35.9,24.7,51,2.1
1989,9,136,34.9,24.6,132,2.2
1989,10,190,32.8,24.1,127,1.9
1989,11,128,29.9,22.7,112,1.7
1989,12,44,29.4,21,61,0.9
1990,1,86,29.6,20.6,92,1.3
1990,2,3,33.2,22.1,14,0.7
1990,3,22,36.1,24.8,29,0.7
1990,4,8,38,26.9,13,-1.3
1990,5,111,36.9,26.8,110,0.9
1990,6,45,37.2,26.4,46,0.9
1990,7,32,35.9,25.1,34,-0.6
1990,8,67,35.4,25.3,66,-1.1
1990,9,93,35.4,25,90,-1.2
1990,10,282,32.4,23.8,134,0.8
1990,11,118,30.4,22.7,115,-0.1
1990,12,57,29.1,21.5,80,-0.2
1991,1,22,30.3,21.4,59,0
1991,2,14,32.6,21.6,37,0
1991,3,5,36.5,23.7,19,-0.6
1991,4,65,37.6,26.6,71,0.4
1991,5,51,38.9,27.6,55,-0.4
1991,6,65,36.2,26.6,66,0.7
1991,7,35,35.4,25.8,37,-0.7
1991,8,118,35.3,25.2,115,-0.8
1991,9,72,35.7,25.2,71,-1.3
1991,10,258,32,24,135,-0.6
1991,11,217,29.7,22.3,109,1.6
1991,12,15,29.1,20.7,70,0.9
1992,1,7,29.8,19.8,66,0.8
1992,2,0,33.3,20.5,39,0.6
1992,3,0,36.2,22.1,19,-0.4
1992,4,15,37.8,26,25,-1.3
1992,5,75,38.2,26.5,79,-1.1
1992,6,34,37.4,26.8,38,-1.1
1992,7,42,35.8,25.6,44,-1.4
1992,8,120,35.6,24.9,118,-1.4
1992,9,96,35.1,24.6,94,-1.6
1992,10,119,33,23.5,115,-2.4
1992,11,205,29.5,23.1,109,-1.5
1992,12,41,28.9,20.2,64,-2
1993,1,1,30.2,19.6,21,-2.6
1993,2,2,33.3,20.5,14,-2.9
1993,3,9,36.2,23.2,17,-2.9
1993,4,28,37.7,25.8,32,-3
1993,5,80,38.9,26.8,80,-2.6
1993,6,52,37.9,26.5,53,-2.1
1993,7,35,36.1,25.2,36,-2.5
1993,8,84,36.1,24.6,82,-2.9
1993,9,45,35.5,24.4,45,-3.6
1993,10,220,32.4,23.6,127,-3
1993,11,185,29.4,22.7,104,-2
1993,12,143,27.8,21.3,112,-0.9
1994,1,6,30.5,20.3,65,1.8
1994,2,17,32.9,21.2,59,2.3
1994,3,4,36.7,22.9,31,2
1994,4,61,37,26.3,73,2.3
1994,5,84,39.2,26.9,90,2.4
1994,6,24,37.7,26.8,29,1.7
1994,7,50,35.5,25.4,52,1.2
1994,8,73,35.8,24.9,73,-1.3
1994,9,56,35.7,24.6,57,-2.1
1994,10,251,32.4,23.4,126,-1.3
1994,11,155,29.4,22.2,110,-0.8
1994,12,34,28.5,20.8,76,-1.3
1995,1,46,30.3,20.5,74,-0.7
1995,2,6,33.2,21,36,-0.7
1995,3,18,36.3,23.2,33,-0.6
1995,4,52,37.1,26,59,0.3
1995,5,87,37.1,26.4,90,1.1
1995,6,37,38.1,26.7,40,0.9
1995,7,51,35.8,25.8,52,0.6
1995,8,171,35.6,25.3,164,1.2
1995,9,78,35.3,24.8,77,-0.6
1995,10,139,33.3,23.6,132,-1.2
1995,11,81,31,23.4,79,-1.9
1995,12,6,29.1,21.4,7,-3.3
1996,1,12,30.9,20.1,13,-3.9
1996,2,7,33.5,20.5,8,-4.1
1996,3,5,37.4,22.2,6,-4.3
1996,4,62,37.4,25.8,60,-3.5
1996,5,37,39.8,27.3,36,-4
1996,6,57,36.7,26.2,55,-3
1996,7,38,35,26.2,37,-3.3
1996,8,109,35.2,25.4,105,-3.1
1996,9,103,34.2,25,98,-2.9
1996,10,157,33,23.2,137,-3.2
1996,11,77,30.4,22.8,75,-3.7
1996,12,116,29,20.6,110,-3.4
1997,1,11,30.2,20.3,12,-3.8
1997,2,0,33.2,20.6,2,-4.1
1997,3,22,36.8,23,22,-4
1997,4,52,36.3,26.3,51,-3.4
1997,5,44,38.6,27.1,43,-3.5
1997,6,36,38.3,27.2,35,-3.3
1997,7,48,36.3,26.5,47,-3.4
1997,8,107,36.1,25.8,102,-3.4
1997,9,85,35.2,24.9,81,-3.5
1997,10,290,33.2,23.5,139,-2.4
1997,11,279,30,23.3,101,2.5
1997,12,127,29.6,22.9,105,3.4
1998,1,12,31.6,21.6,85,3.8
1998,2,2,34.8,22,76,4.3
1998,3,2,38.4,23.3,61,4
1998,4,23,38.1,27.3,46,3.4
1998,5,113,39.4,27.3,121,3.9
1998,6,17,38.7,27.4,25,3
1998,7,79,35.9,26.1,81,3
1998,8,200,35.5,25.6,145,3.9
1998,9,86,35,25.1,102,3.3
1998,10,187,33.1,23.8,143,2.8
1998,11,162,31,23,113,2.8
1998,12,201,28.7,21.6,116,4
1999,1,11,30.8,19.5,75,3.9
1999,2,15,33.3,20.9,66,4.2
1999,3,2,37.6,23,29,3.6
1999,4,61,37.4,25.9,73,3.7
1999,5,74,37.1,26.4,80,3.4
1999,6,34,37.2,26.2,38,2.9
1999,7,28,35,25.9,32,2
1999,8,72,35.6,25.4,72,1.2
1999,9,86,35.9,24.7,85,-1.7
1999,10,250,32.2,24,122,-0.9
1999,11,139,30.7,22.5,123,-0.7
1999,12,45,29.9,20.3,74,-1.1
2000,1,20,30.3,20.9,54,-1
2000,2,19,32.7,22.2,39,-0.8
2000,3,2,36.3,23,14,-1.1
2000,4,57,37.9,26.4,62,-0.7
2000,5,57,38.8,27.3,60,-0.8
2000,6,27,36.5,26.9,30,-1.1
2000,7,38,35.9,25.5,40,-1.5
2000,8,218,34.3,25.5,169,1.2
2000,9,206,34.8,25.3,148,2.7
2000,10,179,32.8,23.8,147,2.5
2000,11,142,31,22.4,121,2.4
2000,12,86,28.4,20.7,97,2.3
2001,1,31,30.1,20.5,66,2.4
2001,2,4,33.2,21.6,31,2.2
2001,3,1,36.9,24.3,16,1.6
2001,4,103,36.2,25.3,107,2.7
2001,5,28,39.3,28.1,33,1.5
2001,6,35,37.4,26.9,38,1.2
2001,7,73,36.3,26.3,73,1.2
2001,8,78,36,25.9,77,-1.2
2001,9,88,35.4,25.4,86,-1.4
2001,10,225,32.4,23.8,129,-1
2001,11,99,29.9,22.6,98,-1.2
2001,12,88,28.7,21,94,-1.1
2002,1,21,30.4,20.8,47,-1.3
2002,2,4,32.5,20.9,18,-1.6
2002,3,5,36.2,23.6,14,-1.8
2002,4,13,37.4,26.5,19,-2.2
2002,5,87,39.2,28.1,88,-1.8
2002,6,41,37.2,26.8,42,-1.5
2002,7,18,36.7,26.8,20,-2.3
2002,8,63,36.4,26.4,62,-2.9
2002,9,73,36.5,26.5,72,-3.4
2002,10,294,32.7,24,136,-2.1
2002,11,163,30.3,23,116,-1.4
2002,12,46,29.2,21.5,87,-1.6
2003,1,8,30.9,21.3,65,-1.5
2003,2,10,33.9,22.2,40,-1.3
2003,3,18,36.5,23.9,33,-1.2
2003,4,51,37.6,26.8,59,-0.9
2003,5,68,39.5,28.3,71,-0.9
2003,6,39,38.1,27.7,42,-0.8
2003,7,84,35.7,25.8,84,0.5
2003,8,192,35.2,25.1,174,1.7
2003,9,60,36.2,26.3,62,0.7
2003,10,208,32.6,24,129,0.7
2003,11,130,29.6,22.3,109,0.7
2003,12,13,29.2,21.5,49,-1.4
2004,1,19,30.6,21,38,-1.8
2004,2,9,32.7,21,20,-2
2004,3,8,36.5,23.8,16,-2.3
2004,4,42,37.9,27.1,45,-2
2004,5,189,36.3,25.1,162,2.4
2004,6,54,36.9,26.5,60,3.1
2004,7,61,35.2,25.3,64,2.8
2004,8,67,36.3,26.2,68,1.8
2004,9,287,34.2,24.2,136,4.2
2004,10,245,31.9,23.3,121,5
2004,11,102,29.4,22.1,105,4.6
2004,12,39,29.2,21.4,92,3.9
2005,1,21,30.9,21.3,80,4
2005,2,7,33.3,21.7,65,4.1
2005,3,8,36.8,24.1,37,3.6
2005,4,77,35.7,24.9,89,4.1
2005,5,73,38.2,27,79,3.8
2005,6,18,37.7,27.3,24,2.9
2005,7,61,36,26,63,2.6
2005,8,80,36,25.9,80,1.7
2005,9,68,34.9,25,68,0.9
2005,10,313,32.5,23.8,118,2.1
2005,11,195,29,21.7,108,2.8
2005,12,126,28.8,21,112,3.6
2006,1,25,29.7,20.1,89,4.1
2006,2,1,32,20.3,76,4.7
2006,3,86,35.5,22.8,111,6.5
2006,4,36,37.1,26.2,75,6.1
2006,5,48,38,26.8,65,5.2
2006,6,34,37.4,26.9,44,4.8
2006,7,32,36.9,26.9,39,3.5
2006,8,84,36.1,26,85,2.7
2006,9,77,35,25.1,78,2
2006,10,334,32.5,23.9,124,3.3
2006,11,150,29.9,22.6,95,3.5
2006,12,9,29.1,21.3,75,2.7
2007,1,12,30.4,20.8,73,2.6
2007,2,16,32.7,21.1,61,2.8
2007,3,1,36,23.3,29,2.2
2007,4,67,36.6,25.7,79,2.6
2007,5,72,38.7,27.5,78,2.5
2007,6,38,37.1,26.7,42,2.5
2007,7,94,35.8,25.9,95,2.9
2007,8,146,35,24.9,141,3.1
2007,9,106,35.5,25.5,104,2.6
2007,10,231,33.1,24.5,128,2.7
2007,11,90,30,22.7,97,2
2007,12,107,28.7,21,105,1.9
2008,1,19,29.9,20.3,50,1.4
2008,2,26,32.5,20.9,41,1.3
2008,3,86,34.3,21.7,92,2.7
2008,4,43,36,25.2,48,2.5
2008,5,25,38.5,27.4,29,1.4
2008,6,50,37.4,27,51,1.6
2008,7,63,35.7,25.7,63,1.5
2008,8,342,35.1,25,159,4
2008,9,64,35.3,25.4,111,3.6
2008,10,281,32.4,23.8,120,4.7
2008,11,208,30,22.7,112,5.4
2008,12,75,28.9,21.2,99,5.3
2009,1,12,30,20.4,81,5.4
2009,2,0,32.8,21.2,71,5.5
2009,3,33,36.2,23.5,77,5.6
2009,4,42,37.7,26.8,61,5.2
2009,5,77,38.9,27.8,85,4.9
2009,6,41,38,27.6,47,4.5
2009,7,23,36.8,26.8,28,3.2
2009,8,190,36.3,26.2,171,3.7
2009,9,97,35.7,25.8,99,3.1
2009,10,74,33.7,25.1,75,1.3
2009,11,234,30.2,22.9,95,2.3
2009,12,113,29.2,21.5,110,2.5
2010,1,14,30.5,20.9,63,2.3
2010,2,1,33.3,21.6,35,1.9
2010,3,2,36.9,24.2,20,1.3
2010,4,36,38.3,27.5,45,1.1
2010,5,52,39.1,27.9,57,0.8
2010,6,39,37.8,27.4,42,0.8
2010,7,112,36,26,110,1.7
2010,8,116,35.5,25.4,114,1.6
2010,9,244,34.9,25,145,3.4
2010,10,211,33.3,24.7,134,3.6
2010,11,230,30.1,22.8,97,4.6
2010,12,100,28.8,21.1,103,4.9
2011,1,17,30.2,20.6,90,5.2
2011,2,42,32.5,20.8,91,6.3
2011,3,1,36.2,23.6,71,6.2
2011,4,89,36.6,25.7,106,6.8
2011,5,43,39.1,28,58,5.7
2011,6,26,38.2,27.8,35,4.8
2011,7,52,36.6,26.7,56,4
2011,8,137,36,26,135,3.9
2011,9,73,36.5,26.5,73,2.8
2011,10,198,32.7,24.1,115,2.6
2011,11,176,29.7,22.4,110,2.9
2011,12,99,29.1,21.3,105,2.9
2012,1,16,30.1,20.5,62,2.7
2012,2,3,33,21.3,34,2.3
2012,3,6,37,24.4,22,1.8
2012,4,27,37.5,26.7,36,1.3
2012,5,26,38.4,27.2,32,-1.3
2012,6,11,38.1,27.7,16,-1.9
2012,7,28,36.5,26.6,30,-2.5
2012,8,99,36.1,26,97,-2.5
2012,9,105,36.5,26.5,102,-2.5
2012,10,220,32.3,23.7,128,-2
2012,11,119,30.7,23.4,118,-2.1
2012,12,89,30.3,22.6,97,-2
2013,1,12,31.2,21.6,35,-2.5
2013,2,30,33.4,21.8,41,-2.2
2013,3,55,36.5,23.8,61,-1.3
2013,4,7,38.2,27.4,13,-1.8
2013,5,88,40.1,28.9,89,-1.4
2013,6,52,38.2,27.8,53,-1.1
2013,7,52,36.4,26.5,53,-1.4
2013,8,102,35.7,25.7,100,-1.5
2013,9,87,35.4,25.4,85,-1.7
2013,10,131,33.6,25,125,-2.4
2013,11,144,30.2,22.9,117,-2.3
2013,12,60,29,21.3,63,-2.7
2014,1,15,34.1,24.5,19,-3.5
2014,2,7,32.5,20.9,10,-3.7
2014,3,4,36,23.4,6,-4
2014,4,14,38.1,27.3,16,-4.2
2014,5,99,38.4,27.3,96,-3.2
2014,6,50,38.7,28.2,49,-2.8
2014,7,42,36.9,26.9,42,-3.2
2014,8,93,35.8,25.8,89,-3.2
2014,9,119,36.1,26.1,114,-2.9
2014,10,338,33,24.3,123,-1.1
2014,11,67,30,22.8,88,-1.5
2014,12,58,29.4,21.7,82,-1.5
2015,1,24,30.7,21.1,68,-1.1
2015,2,7,33,21.4,46,-0.9
2015,3,23,36.7,24.1,40,-0.7
2015,4,92,36.9,26.1,98,1.8
2015,5,133,37.2,26.1,132,3
2015,6,33,37.3,26.9,37,2.7
2015,7,60,37.3,27.4,61,2.3
2015,8,154,36.5,26.4,150,2.4
2015,9,197,36.4,26.4,164,3.3
2015,10,158,33.3,24.7,142,2.6
2015,11,260,30,22.7,100,3.8
2015,12,70,30.1,22.3,89,3.6
2016,1,16,30.8,20.9,71,3.3
2016,2,4,33.4,22.4,51,3.1
2016,3,13,36.9,25.2,34,2.4
2016,4,18,38.3,28.1,29,1.5
2016,5,121,37,27.6,123,0.9
2016,6,45,34.5,26.4,49,1
2016,7,53,34.2,25.7,55,1
2016,8,59,35.9,25.7,60,-1.5
2016,9,77,35.8,25.5,76,-2.7
2016,10,67,34.7,25.5,66,-4
2016,11,69,31.7,22.8,68,-5.4
2016,12,139,30.6,21.3,127,-6
2017,1,29,30.4,21.2,30,-6.3
2017,2,3,33,20.3,5,-6.4
2017,3,25,34.1,24.4,25,-5.7
2017,4,19,38.9,27.7,20,-5.9
2017,5,68,37,27.3,66,-5.3
2017,6,40,36,27,40,-5.3
2017,7,47,36.2,26.2,46,-5.4
2017,8,262,32,25,135,-3.7
2017,9,148,31.6,24.5,129,-2.4
2017,10,214,31.2,24.7,117,-1.9
2017,11,145,29.3,23.7,107,-1.7
2017,12,61,29.2,21.2,92,-1.6
2018,1,8,30.3,20,73,-1.7
2018,2,6,32.6,20.6,63,-1.8
2018,3,28,35.9,23.5,55,-1.6
2018,4,32,36,26.7,46,-1
2018,5,71,35.6,26.7,77,2.8
2018,6,34,34,26.3,39,4.9
2018,7,44,33.8,25.9,47,5.2
2018,8,126,34.2,25.4,123,4.8
2018,9,99,34.8,25.2,97,4.5
2018,10,208,32.1,24.1,128,3.9
2018,11,141,30.3,23.1,112,3
2018,12,56,30.4,21.8,76,1.6
2019,1,2,30.9,21.3,29,-1.2
2019,2,3,34.9,23.3,17,-1.5
2019,3,2,37.6,25,12,-1.9
2019,4,17,38.3,27.5,22,-2.3
2019,5,18,40,28.9,22,-3.2
2019,6,31,39.4,29,33,-3.2
2019,7,85,36.9,27,84,-2.6
2019,8,138,35.9,25.8,134,-2.1
2019,9,105,35.4,25.4,102,-2
2019,10,209,33.3,24.6,126,-1.6
2019,11,134,31.6,24.3,118,-1.5
2019,12,62,30,22.2,74,-1.6
