Product: Historical Climate - TerraClimate(http://www.climatologylab.org/terraclimate.html) 
Location (Lat/Lon of 4-km Grid Cell Center): 10.3958 North,78.8125 East 
Data Source: NW Climate Toolbox(https://climatetoolbox.org/tool/point-data-download)
Download Date: 07/25/2020
Variable List: 
ppt: ppt (Precipitation)
tmax: tmax (Maximum Temperature)
tmin: tmin (Minimum Temperature)
aet: aet (Actual Evapotranspiration)
PDSI: pdsi (Palmer Drought Severity Index (PDSI))
********************************************************
Year,Month,ppt(mm),tmax(degC),tmin(degC),aet(mm),PDSI(unitless)
1958,1,21,29.5,21.1,29,-1.2
1958,2,3,30.9,22.2,9,-1.6
1958,3,32,33.9,23.8,35,-1.3
1958,4,47,34.8,25.8,49,-0.9
1958,5,99,35.2,26.5,97,1.3
1958,6,12,35.7,26.7,14,-0.7
1958,7,28,34.2,26.2,29,-1.3
1958,8,223,33.1,25,157,0.8
1958,9,55,33.4,24.3,70,-0.6
1958,10,127,31,23.8,122,-1.2
1958,11,123,29.5,23,105,-1.2
1958,12,23,29.2,21.5,37,-2.1
1959,1,13,29.9,21.1,22,-2.7
1959,2,21,31.8,21.8,27,-2.8
1959,3,0,34.7,22.4,5,-3.2
1959,4,107,35.2,25.5,105,-1.7
1959,5,59,36.3,26.6,59,-1.4
1959,6,96,34.5,26.2,93,2.1
1959,7,17,33.6,25.8,18,1
1959,8,84,34.3,25,81,-1.2
1959,9,81,33.1,24.6,79,-1.6
1959,10,172,31.5,24.1,128,-1.8
1959,11,166,29.3,22.7,106,-1.1
1959,12,42,28.7,21.1,63,-1.7
1960,1,2,29.3,21.1,23,-2.2
1960,2,14,30.6,21.3,26,-2.3
1960,3,4,33.8,22.9,12,-2.5
1960,4,55,34.8,25.4,58,-2
1960,5,47,35.4,25.3,49,-1.8
1960,6,11,35.7,26.4,14,-2.3
1960,7,271,33.7,25.9,144,2
1960,8,43,34.5,25.4,88,1.4
1960,9,68,32.2,24.5,89,0.7
1960,10,106,31.5,23.6,108,-1.6
1960,11,257,28.9,22.2,100,1.5
1960,12,21,29,21.1,68,0.7
1961,1,137,28.7,21.6,130,2.3
1961,2,6,30.7,21.9,58,2.5
1961,3,3,34.7,23.3,36,2.1
1961,4,18,35.7,25.7,34,1.5
1961,5,57,35.6,26.6,65,1.6
1961,6,60,34.4,25.9,64,1.7
1961,7,52,33.3,25.5,55,0.8
1961,8,161,33.4,25.1,157,0.8
1961,9,88,33.1,24,87,-1.1
1961,10,175,31.8,23.4,131,-1.2
1961,11,83,29.3,22.5,85,-1.7
1961,12,55,28.2,21.1,62,-2.3
1962,1,19,28.6,20.7,26,-2.9
1962,2,9,30.5,21.6,14,-3.1
1962,3,18,33.7,22.7,21,-3.1
1962,4,28,34.6,25.3,30,-3.1
1962,5,68,35.4,26.1,67,-2.4
1962,6,32,35.8,25.9,33,-2.5
1962,7,19,34.2,25.9,20,-3.3
1962,8,162,33.6,25.3,155,-2.8
1962,9,101,32.7,24.4,98,-2.8
1962,10,318,30.4,23.9,116,-1.4
1962,11,64,29.7,22.1,88,-1.8
1962,12,40,29,21.2,75,-2.2
1963,1,178,27.9,20.9,125,2.1
1963,2,5,30.8,20.6,64,2.6
1963,3,33,33.4,22.9,75,3.1
1963,4,56,34.5,24.8,73,3.2
1963,5,20,36.6,26.3,31,2.4
1963,6,79,35.6,26.6,83,2.8
1963,7,197,34.6,25.9,175,3.6
1963,8,99,34.2,25.3,103,3
1963,9,115,33.7,24.6,116,2.5
1963,10,124,31.7,23.6,120,1.5
1963,11,156,29.1,22.9,106,1.5
1963,12,117,28.8,21.3,112,1.4
1964,1,1,30,20,20,0.6
1964,2,0,32.2,21.4,12,-1.7
1964,3,11,34.6,23.5,18,-1.9
1964,4,14,36.2,25.8,19,-2.3
1964,5,36,37.4,27.1,39,-2.4
1964,6,51,36.3,26.3,51,-2.1
1964,7,267,34.3,25.7,150,1.9
1964,8,122,33.7,24.8,133,2
1964,9,65,32.9,24.1,90,1.3
1964,10,214,32.3,23.4,133,1.4
1964,11,79,29.2,22.1,90,0.8
1964,12,111,29.1,20.4,111,0.8
1965,1,3,29.6,20.4,50,-0.4
1965,2,14,30.6,21.6,36,-0.9
1965,3,5,33.8,22.9,18,-1.2
1965,4,59,34.5,24.9,65,-0.7
1965,5,29,36.1,26.2,34,-1
1965,6,34,36.2,25.9,37,-1.1
1965,7,47,35.4,25.5,48,-1.6
1965,8,253,33.7,24.8,151,1.1
1965,9,93,33.9,24.6,109,0.8
1965,10,177,32.1,23.8,138,0.6
1965,11,80,29.7,23.1,88,-0.5
1965,12,184,28.3,21.9,113,0.9
1966,1,33,29.4,21.7,76,1.2
1966,2,5,31.8,22,53,1.2
1966,3,9,34.5,23.6,31,0.8
1966,4,48,35.6,25.4,58,0.9
1966,5,20,37,26.5,28,-0.6
1966,6,97,35.6,25.7,98,1.1
1966,7,73,34.5,26,74,0.8
1966,8,289,34.6,25.3,150,2.2
1966,9,186,32.9,24.4,146,2.6
1966,10,302,31.2,23.2,125,3.9
1966,11,117,29.9,22.9,108,3.8
1966,12,103,28.7,21.4,110,3.9
1967,1,23,29.4,20.2,89,4.3
1967,2,1,31.4,20,74,4.6
1967,3,29,34,22.6,83,4.9
1967,4,22,35.9,25.1,48,4.2
1967,5,30,36.2,26.5,43,3.5
1967,6,94,35.2,26.1,98,4.2
1967,7,67,34.3,25.3,70,3.4
1967,8,88,33.8,24.5,88,2.6
1967,9,87,33.1,24.2,86,1.8
1967,10,269,30.7,23.3,123,2.3
1967,11,135,29,21.3,115,2.3
1967,12,202,28.6,21.6,107,3.4
1968,1,5,29.1,20.6,81,3.4
1968,2,4,31.2,20.8,64,3.6
1968,3,44,33.5,23.2,83,4.2
1968,4,140,34.3,24.7,140,5.9
1968,5,20,36.3,26.4,37,4.8
1968,6,29,35.4,26.3,38,4.1
1968,7,69,33.7,25.8,73,3.3
1968,8,95,34.5,25.1,96,2.5
1968,9,122,33,24.5,120,2.1
1968,10,150,31.9,23.5,131,1.4
1968,11,130,28.9,22.7,106,1.3
1968,12,70,28.6,21.1,76,0.7
1969,1,3,29.1,20.3,11,-2.5
1969,2,12,31.2,21.1,18,-2.7
1969,3,0,34.8,23.3,5,-3
1969,4,23,35.8,25.6,26,-3.1
1969,5,31,36.4,26.4,32,-3.2
1969,6,20,36.2,26.5,21,-3.4
1969,7,21,34.5,25.7,22,-4
1969,8,164,33.9,25.2,156,-3.3
1969,9,26,33.8,24.5,27,-4.1
1969,10,174,31.3,23.5,119,-3.9
1969,11,122,29.8,22.7,105,-3.5
1969,12,129,27.8,21.9,108,-2.9
1970,1,21,29.1,21,45,-2.6
1970,2,18,31.4,21.6,31,-2.5
1970,3,3,34.5,23.3,12,-2.7
1970,4,95,35,26,97,-1.3
1970,5,77,36,26.8,78,-0.7
1970,6,43,35.4,26.6,44,-0.7
1970,7,87,34.6,25.7,86,-0.8
1970,8,138,33.5,24.9,133,-0.8
1970,9,75,33.1,24.2,74,-1.3
1970,10,150,31.4,23.7,135,-1.7
1970,11,186,28.5,23.2,109,-1
1970,12,16,28.4,19.7,42,-1.9
1971,1,29,28.7,20.8,43,-2.1
1971,2,22,31.3,20.9,30,-2.1
1971,3,36,33.6,22.6,41,-1.7
1971,4,49,35.4,24.8,52,-1.4
1971,5,94,36.1,26.3,93,1.1
1971,6,14,34.2,26,17,-0.7
1971,7,65,34.2,25.5,64,-1.1
1971,8,236,33.6,24.3,165,0.9
1971,9,113,32.7,24.2,118,-0.1
1971,10,175,31.4,23.2,135,-0.2
1971,11,49,29.5,21.6,66,-1.1
1971,12,169,27.3,20.5,106,0.6
1972,1,3,28.9,19.6,54,-0.3
1972,2,0,31.1,20.4,24,-0.7
1972,3,0,34.2,21.3,14,-1.1
1972,4,5,35.4,25.2,13,-1.7
1972,5,162,35.1,25.9,156,2.2
1972,6,81,36.5,26.5,83,2.8
1972,7,69,35.1,25.8,70,2.2
1972,8,41,35,25,42,1
1972,9,226,33.6,25.1,152,1.8
1972,10,240,31.1,23.6,120,2.3
1972,11,95,29.8,22.6,102,1.8
1972,12,126,28.9,22.3,110,2.2
1973,1,0,30.7,20,62,2
1973,2,1,32.6,21.7,48,1.9
1973,3,2,35,23.1,24,1.4
1973,4,10,36,25.9,22,0.8
1973,5,38,37.4,26.5,44,-0.2
1973,6,40,35.8,26.5,44,-0.8
1973,7,115,34.6,26.4,114,-0.6
1973,8,66,33.4,24.8,67,-1.1
1973,9,161,33.4,24.5,153,-0.8
1973,10,256,31.4,23.9,127,0.6
1973,11,68,29.7,22.4,85,-0.6
1973,12,149,28,20.9,106,0.6
1974,1,1,29.2,19.7,53,-0.1
1974,2,20,31.8,19.9,51,0.5
1974,3,12,34.4,22.4,29,0.3
1974,4,24,35.8,25.5,33,-0.2
1974,5,59,36.1,25.7,64,0.3
1974,6,44,36,25.9,48,0
1974,7,60,34.9,25.4,61,-0.5
1974,8,59,34.1,24.7,60,-1.1
1974,9,178,32.6,23.9,153,-0.5
1974,10,114,32,23,111,-1.2
1974,11,14,30.1,21.9,19,-2.6
1974,12,34,29.5,20,37,-3.4
1975,1,7,29.4,19.8,10,-4
1975,2,2,31.9,21.5,5,-4.3
1975,3,39,33.7,23,40,-3.7
1975,4,10,36.1,25.3,11,-3.9
1975,5,39,36.7,26.4,39,-3.8
1975,6,6,35,26.1,7,-4.3
1975,7,262,34.4,25.1,180,-2.2
1975,8,232,33.5,25.3,171,-0.9
1975,9,117,32.5,24,125,-0.8
1975,10,149,31.3,23.7,144,-1.1
1975,11,132,28.9,22.3,118,-0.9
1975,12,59,28.5,20,79,-1.3
1976,1,1,28.8,20,32,-1.7
1976,2,0,30.7,20.2,16,-2
1976,3,13,34.3,21.8,22,-2
1976,4,56,35.2,25,60,-1.6
1976,5,44,37.1,26.7,47,-1.6
1976,6,54,36.5,26.2,55,-1.4
1976,7,48,34.9,25.6,49,-1.8
1976,8,151,34.1,24.8,145,-1.5
1976,9,90,33.4,24.7,88,-1.7
1976,10,108,31.8,23.8,105,-2.5
1976,11,181,28.8,23.7,113,-1.8
1976,12,49,28.9,21.3,64,-2.4
1977,1,1,30.1,19.6,14,-3
1977,2,42,31.3,21.5,48,-2.7
1977,3,38,33.9,22.5,42,-2.2
1977,4,49,35.3,25.9,51,-1.8
1977,5,94,35.4,26.3,93,-0.8
1977,6,42,35.7,26.6,43,-0.8
1977,7,87,35.2,25.9,85,-0.8
1977,8,168,34.5,24.8,160,0.3
1977,9,94,34,24.7,92,-0.4
1977,10,432,30.4,23.8,123,2.6
1977,11,299,29.3,23.6,100,4.9
1977,12,25,29.1,21.2,80,4.1
1978,1,0,29.8,20.9,75,3.8
1978,2,11,31.4,22.2,63,3.8
1978,3,1,34.2,23.2,41,3.3
1978,4,36,35.6,26.4,54,3
1978,5,32,36.6,26.6,42,2.5
1978,6,12,35.3,26.4,19,1.6
1978,7,89,34.3,25.8,90,1.4
1978,8,65,33.3,25.3,66,0.7
1978,9,166,33.2,24.7,150,1
1978,10,153,31.6,24,107,0.7
1978,11,197,29.8,22.9,101,1.5
1978,12,183,27.8,22.9,121,2.4
1979,1,1,29.3,21.9,68,2.3
1979,2,62,31.3,23,86,3.5
1979,3,24,33.7,23.9,65,3.9
1979,4,13,35.9,26.6,33,3.1
1979,5,12,36.3,27.2,23,2.1
1979,6,37,35.8,27.3,43,1.7
1979,7,70,34.4,26.2,73,1.1
1979,8,90,34.3,25.7,90,-1.8
1979,9,169,32.4,25,145,-1.2
1979,10,176,31.9,23.8,138,-1.3
1979,11,280,28.4,23.9,93,2.1
1979,12,75,28.9,22.5,93,2
1980,1,1,30.2,20.7,74,2
1980,2,0,31.7,21.7,59,2.1
1980,3,3,34.2,23.9,31,1.6
1980,4,44,35.5,26.6,57,1.6
1980,5,32,37.4,27.7,40,1.2
1980,6,33,35.7,26.9,38,0.7
1980,7,60,35.2,26,62,-1.1
1980,8,83,34.3,25.2,83,-1.6
1980,9,73,33.9,25,72,-2.1
1980,10,141,32,24.2,133,-2.5
1980,11,138,29.9,23.3,110,-2.3
1980,12,73,29.5,22.1,76,-2.5
1981,1,22,28.8,21.6,27,-2.9
1981,2,4,31.4,21.2,8,-3.3
1981,3,13,34.5,23.7,16,-3.4
1981,4,19,35.7,26.4,21,-3.5
1981,5,69,36.7,27.2,68,-2.8
1981,6,31,34.9,26.8,31,-3
1981,7,184,35,26.2,173,-1.8
1981,8,94,34.3,25.1,91,-2.1
1981,9,206,32.5,24.8,148,-1.1
1981,10,262,31.3,24.6,122,1.7
1981,11,122,29.5,23.1,115,1.6
1981,12,79,28.4,21.5,96,1.5
1982,1,0,29.5,20.7,59,1.2
1982,2,0,31.4,21.4,39,1
1982,3,6,34.3,23.6,25,0.7
1982,4,22,35.9,26.4,32,-0.3
1982,5,29,36.2,27.3,35,-0.9
1982,6,40,35.6,26.7,44,-1
1982,7,52,35.3,26,54,-1.6
1982,8,46,34.8,25.5,47,-2.4
1982,9,86,34.4,24.9,85,-2.8
1982,10,123,32.4,24.1,118,-3.3
1982,11,180,29.1,23.8,106,-2.5
1982,12,51,28.7,21.7,66,-2.9
1983,1,1,29.8,20.9,16,-3.5
1983,2,0,32.5,22.6,10,-3.8
1983,3,1,35.6,24.2,7,-4.1
1983,4,4,36.7,26.3,9,-4.5
1983,5,77,37.3,27.7,77,-3.5
1983,6,59,36.9,27.2,59,-2.9
1983,7,87,35.6,26.6,85,-2.8
1983,8,200,34.3,25.8,163,-2
1983,9,159,33.2,24.4,153,-1.6
1983,10,132,32.4,24.1,127,-2
1983,11,84,30.3,22.3,86,-2.6
1983,12,323,28.7,21.4,101,2.3
1984,1,86,28,22.5,97,3.4
1984,2,51,30.3,19.8,80,4.6
1984,3,80,32.4,23.8,109,6.8
1984,4,65,34.6,25.7,99,7.8
1984,5,12,37.4,26.9,57,6.8
1984,6,16,35.7,26.2,37,5.7
1984,7,226,34.3,24.8,170,6.5
1984,8,71,35.1,25,100,5.4
1984,9,129,33.4,24.1,129,4.9
1984,10,122,32,23.2,121,3.6
1984,11,93,29.6,22.5,94,2.7
1984,12,72,29.3,21.1,78,1.7
1985,1,103,29.1,22,102,2.1
1985,2,16,31.8,21.7,23,1.6
1985,3,11,34.8,23.6,15,1
1985,4,38,36.1,26.6,40,0.7
1985,5,32,37.3,26.9,33,-2
1985,6,24,35,25.7,26,-2.4
1985,7,130,34.7,25.2,125,-1.8
1985,8,207,34.5,24.8,170,-1.1
1985,9,182,33.7,24.2,162,1.2
1985,10,127,32.2,23.4,125,-0.7
1985,11,152,28.9,22.4,114,0.5
1985,12,66,28.9,22,76,0
1986,1,46,28.5,21.4,60,-0.1
1986,2,26,31.1,21.6,35,-0.1
1986,3,13,33.6,23.8,20,-0.3
1986,4,17,36.1,25.7,21,-0.9
1986,5,42,37.4,26.9,44,-1.1
1986,6,27,36.2,26.9,29,-1.4
1986,7,137,35.7,26.2,132,-1
1986,8,51,34,25.1,51,-1.8
1986,9,144,33.6,24.9,138,-1.6
1986,10,171,32.4,23.5,134,-1.8
1986,11,107,30.2,22.6,105,-2.1
1986,12,83,28.8,22.8,84,-2.3
1987,1,12,30,21.4,17,-3
1987,2,1,31.5,20.9,5,-3.5
1987,3,10,34.5,23.7,13,-3.6
1987,4,19,35.9,26.3,21,-3.8
1987,5,64,36.8,27.2,63,-3.2
1987,6,43,37.4,26.8,43,-3
1987,7,17,36,27,18,-3.8
1987,8,66,35.2,25.2,64,-4.2
1987,9,124,34.6,25.1,120,-3.9
1987,10,293,32,24,124,-2.6
1987,11,79,30.5,23.5,94,-2.8
1987,12,175,28.6,22.8,111,-1.7
1988,1,1,29.9,21.3,68,-1.5
1988,2,6,32.6,22,56,-1.1
1988,3,19,35.1,24.8,41,-1
1988,4,77,35,26.3,87,1.8
1988,5,18,37.5,26.8,26,1.1
1988,6,149,36.6,26.2,148,3
1988,7,180,35.1,25.9,144,3.7
1988,8,401,34.3,25.6,144,6
1988,9,351,33.4,24.4,154,7.8
1988,10,47,33.2,24.3,106,6.3
1988,11,93,29.3,22.9,105,5.4
1988,12,57,30,20.7,91,4.6
1989,1,11,29.7,20.5,67,4.1
1989,2,0,31.9,19.7,48,3.5
1989,3,31,33.7,22.9,51,3.4
1989,4,51,36.1,25.9,61,3.2
1989,5,34,37.7,26.6,41,2.5
1989,6,42,35.6,25.7,46,2.2
1989,7,220,34.2,25.4,138,3.5
1989,8,48,35.1,24.7,78,2.6
1989,9,155,33.8,24.3,148,2.6
1989,10,180,32.4,24.1,124,2.3
1989,11,122,29.7,23.1,112,2.1
1989,12,46,29.5,21.5,69,1.3
1990,1,113,29.2,21,114,2.1
1990,2,3,32.4,22.5,28,1.6
1990,3,15,34.7,24.7,28,1.4
1990,4,5,36.7,26.5,14,0.6
1990,5,76,35.8,26.7,79,1.2
1990,6,71,36,26.2,73,1.6
1990,7,49,35.3,25.4,50,0.8
1990,8,56,34.7,25.4,57,-1.2
1990,9,96,34.4,24.9,94,-1.4
1990,10,291,32.1,23.9,129,0.8
1990,11,115,30.3,23.2,113,-0.1
1990,12,82,29.2,22,95,-0.1
1991,1,30,30,21.9,67,0.6
1991,2,11,31.8,22,46,0.6
1991,3,10,35.2,23.6,27,-0.2
1991,4,44,36.3,26.2,53,0.1
1991,5,34,37.7,27.4,40,-0.2
1991,6,69,35.1,26.5,71,0.6
1991,7,57,34.9,26.3,58,-0.6
1991,8,102,34.5,25.3,101,-1
1991,9,86,34.6,25,84,-1.4
1991,10,228,31.6,24,130,-1
1991,11,164,29.7,22.9,110,0.5
1991,12,29,29.2,21.3,63,-0.6
1992,1,4,29.7,20.5,46,-1
1992,2,0,32.5,20.9,20,-1.4
1992,3,0,34.8,22,12,-1.8
1992,4,15,36.5,25.6,22,-2.1
1992,5,67,37,26.3,70,-1.5
1992,6,43,36.2,26.5,46,-1.5
1992,7,76,35.1,25.8,76,-1.6
1992,8,159,34.8,24.9,154,-1.4
1992,9,123,34,24.3,119,-1.4
1992,10,123,32.5,23.4,118,-2
1992,11,212,29.3,23.5,107,-1
1992,12,54,29,20.8,73,-1.4
1993,1,1,29.9,20.1,27,-2
1993,2,3,32.5,20.9,18,-2.3
1993,3,8,34.9,23.1,17,-2.5
1993,4,21,36.4,25.4,27,-2.6
1993,5,35,37.6,26.6,39,-2.7
1993,6,72,36.7,26.2,72,-1.9
1993,7,56,35.4,25.5,57,-2.3
1993,8,105,35.2,24.5,102,-2.5
1993,9,47,34.5,24.2,47,-3.1
1993,10,219,32,23.6,123,-2.6
1993,11,203,29.2,23.1,102,-1.3
1993,12,190,27.9,21.8,109,2.3
1994,1,11,30.2,20.8,80,2.6
1994,2,21,32.1,21.6,71,3.3
1994,3,5,35.3,22.7,63,3.4
1994,4,56,35.7,25.9,77,3.7
1994,5,45,37.8,26.5,56,3.3
1994,6,25,36.5,26.4,33,2.5
1994,7,69,34.9,25.8,72,1.8
1994,8,63,35,24.9,64,0.9
1994,9,60,34.6,24.3,61,-2.1
1994,10,243,31.9,23.4,123,-1.5
1994,11,156,29.3,22.7,110,-0.9
1994,12,30,29.1,21.8,75,-1.5
1995,1,45,30.1,21.1,73,-1.2
1995,2,11,32.4,21.4,38,-1.1
1995,3,14,34.9,23.1,28,-1.1
1995,4,55,35.8,25.6,62,-0.6
1995,5,68,36.1,26.3,72,0.5
1995,6,37,36.9,26.4,40,-0.2
1995,7,71,35.2,26.2,71,-0.5
1995,8,142,34.8,25.3,137,-0.4
1995,9,71,34.2,24.6,70,-1.1
1995,10,155,33,23.7,133,-1.5
1995,11,73,30.6,23.7,74,-2.1
1995,12,9,29.6,22.3,13,-3.4
1996,1,16,30.6,20.6,18,-4
1996,2,11,32.8,21,13,-4.2
1996,3,4,36,22.1,6,-4.4
1996,4,67,36.1,25.4,66,-3.4
1996,5,24,38.4,26.9,24,-3.7
1996,6,72,35.6,26,70,-2.8
1996,7,67,34.4,26.5,65,-2.9
1996,8,102,34.5,25.5,98,-3
1996,9,200,33.1,24.8,154,-2
1996,10,146,32.7,23.3,136,-2.3
1996,11,82,30.1,23.2,84,-2.7
1996,12,104,29.1,21.1,101,-2.7
1997,1,8,30.1,21,15,-3.2
1997,2,0,32.4,21,5,-3.6
1997,3,17,35.4,22.9,20,-3.5
1997,4,38,35.1,26,39,-3.2
1997,5,34,37.4,26.9,35,-3.1
1997,6,36,37.1,27,37,-3
1997,7,110,35.7,26.8,106,-2.8
1997,8,91,35.3,25.8,88,-3
1997,9,93,34.1,24.6,90,-3.2
1997,10,279,32.8,23.5,134,-2.2
1997,11,252,29.8,23.7,102,2.2
1997,12,130,29.6,23.4,107,2.8
1998,1,21,31.3,22,90,3.3
1998,2,2,34,22.4,76,3.8
1998,3,2,37,23.1,67,3.6
1998,4,20,37,27.1,44,3
1998,5,91,38.1,27,101,3.7
1998,6,19,37.4,27,28,2.7
1998,7,124,35.3,26.4,124,2.8
1998,8,212,34.7,25.6,139,3.3
1998,9,96,33.9,24.8,111,2.7
1998,10,157,32.8,23.9,142,2
1998,11,157,30.7,23.4,114,2.1
1998,12,218,28.8,22.1,113,3.2
1999,1,22,30.5,20,81,3.3
1999,2,28,32.5,21.3,73,3.8
1999,3,3,36.2,22.9,38,3.4
1999,4,48,36,25.4,64,3.3
1999,5,45,35.8,26.1,53,3
1999,6,29,36,25.9,35,2.4
1999,7,40,34.5,26.2,43,1.4
1999,8,59,34.8,25.4,60,-1.6
1999,9,97,34.8,24.5,95,-1.9
1999,10,237,31.7,24,115,-1.3
1999,11,129,30.5,22.9,122,-1.1
1999,12,45,30,20.8,72,-1.6
2000,1,33,30,21.3,60,-1.5
2000,2,31,31.8,22.5,49,-1.1
2000,3,3,35,23,15,-1.4
2000,4,45,36.5,25.9,50,-1.1
2000,5,33,37.5,27,37,-1.3
2000,6,22,35.3,26.7,25,-1.6
2000,7,44,35.3,25.9,45,-2.1
2000,8,271,33.6,25.6,160,-0.7
2000,9,310,33.7,25,145,2.9
2000,10,137,32.5,23.8,139,2.7
2000,11,126,30.8,22.8,122,2.6
2000,12,111,28.9,21.6,116,2.9
2001,1,41,29.6,20.8,89,3.5
2001,2,6,32.5,22,69,4
2001,3,1,35.4,24,54,3.9
2001,4,84,34.9,25,98,4.7
2001,5,16,38,27.8,30,3.6
2001,6,48,36.3,26.8,55,3.3
2001,7,119,35.8,26.7,120,3.2
2001,8,90,35.2,26,91,2.4
2001,9,89,34.2,25.2,88,1.7
2001,10,192,32.4,24.2,128,1.4
2001,11,98,29.8,23.1,97,1
2001,12,93,28.9,21.6,95,0.6
2002,1,12,30.2,21.4,28,-1.9
2002,2,6,31.2,20.8,16,-2.1
2002,3,7,34.7,23.3,13,-2.4
2002,4,16,36.1,26.2,21,-2.6
2002,5,54,37.6,27.4,56,-2.2
2002,6,45,36.3,26.8,46,-2
2002,7,19,36.2,27.1,20,-2.8
2002,8,50,35.4,26.1,50,-3.5
2002,9,93,35.2,26.2,90,-3.7
2002,10,296,32,23.8,131,-2.4
2002,11,164,30,23.4,113,-1.6
2002,12,68,29.3,21.9,97,-1.6
2003,1,13,30.6,21.7,72,-1.4
2003,2,15,32.8,22.4,55,-1.1
2003,3,14,35.1,23.6,33,-1
2003,4,49,36.2,26.3,58,-0.7
2003,5,65,37.9,27.8,70,1.3
2003,6,48,37,27.5,52,1.2
2003,7,148,35.4,26.4,142,1.6
2003,8,254,34.8,25.6,163,2.5
2003,9,76,35.3,26.2,104,1.7
2003,10,187,32.1,23.9,131,1.5
2003,11,163,29.2,22.5,103,1.9
2003,12,12,29.5,22.1,63,0.8
2004,1,11,30.5,21.7,54,-1.1
2004,2,14,31.9,21.5,35,-1.3
2004,3,8,35.3,23.8,20,-1.5
2004,4,29,36.6,26.7,36,-1.5
2004,5,137,35.1,25,133,1.9
2004,6,71,35.9,26.3,73,2.3
2004,7,72,34.9,25.9,72,1.7
2004,8,76,35.7,26.4,76,0.9
2004,9,440,33,24,134,3.8
2004,10,231,31.4,23.2,115,4.7
2004,11,106,29.1,22.4,105,4.4
2004,12,64,29.1,21.8,101,4
2005,1,25,30.7,21.9,89,4.2
2005,2,5,32.6,22.1,71,4.3
2005,3,6,35.5,24,51,4
2005,4,71,34.4,24.5,85,4.4
2005,5,35,36.9,26.8,47,3.9
2005,6,16,36.6,27.1,24,2.9
2005,7,94,35.4,26.4,96,2.5
2005,8,54,35.3,26.1,56,1.4
2005,9,59,33.6,24.5,60,-2.1
2005,10,215,32.2,24,118,-1.6
2005,11,185,29,22.4,107,-0.7
2005,12,122,29,21.6,114,1.3
2006,1,38,29.4,20.6,79,1.7
2006,2,2,31.5,21.1,55,1.8
2006,3,75,34.1,22.6,89,3
2006,4,30,35.9,26,44,2.7
2006,5,24,36.6,26.4,33,2
2006,6,24,36.3,26.8,30,1.5
2006,7,39,36.2,27.1,42,0.6
2006,8,97,35.1,25.9,96,-1.7
2006,9,86,33.9,24.8,85,-1.9
2006,10,348,32.1,23.8,117,1.5
2006,11,172,29.7,23,93,2.3
2006,12,12,29.2,21.9,80,1.5
2007,1,20,30.3,21.4,83,1.7
2007,2,11,31.9,21.5,63,2
2007,3,2,34.6,23.2,41,1.6
2007,4,55,35.3,25.4,71,1.9
2007,5,54,37.7,27.5,63,1.9
2007,6,37,36.2,26.7,43,1.8
2007,7,144,35.5,26.5,139,2.2
2007,8,133,34.3,25.1,129,2
2007,9,100,34.3,25.3,100,1.5
2007,10,237,32.8,24.6,124,1.7
2007,11,95,29.8,23.1,102,1.1
2007,12,99,28.9,21.6,101,1
2008,1,12,29.9,21.1,49,-0.4
2008,2,23,32,21.6,40,-0.7
2008,3,69,32.9,21.4,77,1.1
2008,4,37,34.7,24.8,43,1
2008,5,14,36.9,26.8,18,-0.7
2008,6,62,36,26.5,64,0.6
2008,7,79,35.2,26.1,79,-0.2
2008,8,488,34.3,25.1,150,3.5
2008,9,57,34.2,25.1,123,2.7
2008,10,245,32.2,24,120,3.5
2008,11,189,30,23.3,112,4.3
2008,12,135,29,21.7,115,4.7
2009,1,12,29.9,21.1,86,4.8
2009,2,1,32.2,21.8,76,5.1
2009,3,39,35,23.5,85,5.6
2009,4,49,36.4,26.5,79,5.4
2009,5,39,37.9,27.8,54,4.8
2009,6,35,37.1,27.6,44,4.1
2009,7,37,36.3,27.3,42,2.9
2009,8,252,35.5,26.3,160,3.7
2009,9,76,34.9,25.9,103,2.8
2009,10,92,33.7,25.5,102,1.4
2009,11,225,30,23.4,98,2.5
2009,12,118,29.3,21.9,113,2.6
2010,1,21,30.5,21.7,74,2.6
2010,2,1,32.7,22.2,49,2.4
2010,3,1,35.6,24.2,23,1.8
2010,4,24,37,27.1,35,1.4
2010,5,31,37.8,27.7,38,1
2010,6,31,36.8,27.3,36,0.7
2010,7,218,35.7,26.7,156,2
2010,8,104,35.2,25.9,111,1.9
2010,9,402,34,24.9,143,4.2
2010,10,220,32.9,24.7,133,4.8
2010,11,229,29.9,23.2,98,6
2010,12,122,28.9,21.5,108,6.2
2011,1,24,30.1,21.3,93,6.3
2011,2,29,31.9,21.4,86,7
2011,3,2,35,23.6,77,6.9
2011,4,75,35.3,25.4,94,7.1
2011,5,17,37.9,27.7,34,5.9
2011,6,21,37.1,27.6,31,4.8
2011,7,65,36.4,27.3,70,3.8
2011,8,106,35.3,26.1,106,3.2
2011,9,62,35.3,26.2,63,2
2011,10,175,32.3,24.1,114,1.7
2011,11,174,29.6,22.9,111,2.1
2011,12,125,29.2,21.8,118,2.2
2012,1,16,30.1,21.3,60,2
2012,2,4,32.4,22,30,1.6
2012,3,9,35.6,24.1,23,1.2
2012,4,32,36.2,26.2,40,1
2012,5,11,37.1,27,17,-1.6
2012,6,9,36.9,27.4,14,-2.2
2012,7,32,36.3,27.2,34,-2.8
2012,8,76,35.2,26,76,-3.1
2012,9,135,35.3,26.2,131,-2.9
2012,10,243,31.9,23.6,123,-2.1
2012,11,96,30.5,23.9,104,-2.4
2012,12,88,30.4,23,98,-2.4
2013,1,19,31,22.2,49,-2.7
2013,2,34,32.4,22,49,-2.3
2013,3,53,34.8,23.3,61,-1.5
2013,4,6,37.1,27.2,13,-2
2013,5,47,38.7,28.6,50,-1.9
2013,6,40,37,27.5,42,-1.9
2013,7,64,36.2,27.1,64,-2.2
2013,8,102,35.2,25.9,100,-2.4
2013,9,69,34.1,25,68,-2.8
2013,10,117,33.7,25.4,113,-3.5
2013,11,112,30.5,23.8,107,-3.5
2013,12,89,29.6,22.2,86,-3.8
2014,1,24,33.6,24.8,24,-4.3
2014,2,8,31.8,21.4,8,-4.5
2014,3,4,34.7,23.2,5,-4.6
2014,4,16,36.7,26.8,16,-4.8
2014,5,83,36.9,26.8,80,-3.6
2014,6,32,37.6,28.1,32,-3.7
2014,7,58,36.6,27.5,56,-4
2014,8,77,35.1,25.8,74,-4.2
2014,9,152,35,25.9,145,-3.6
2014,10,313,32.5,24.2,117,-2.1
2014,11,61,29.8,23.1,81,-2.4
2014,12,73,29.3,22,86,-2.3
2015,1,14,30.4,21.6,60,-2.1
2015,2,12,32.4,21.9,43,-2
2015,3,18,35.4,23.9,33,-1.8
2015,4,87,35.6,25.7,93,-0.5
2015,5,100,36.1,26,103,2.3
2015,6,37,36.3,26.8,41,2
2015,7,102,36.8,27.8,101,1.7
2015,8,192,35.8,26.5,170,2
2015,9,322,35.1,26,161,3.5
2015,10,175,32.7,24.5,133,3.4
2015,11,205,29.9,23.2,102,4.4
2015,12,113,29.9,22.6,108,4.6
2016,1,12,30.6,21.7,91,4.6
2016,2,8,32.5,23,76,4.8
2016,3,11,35.4,24.9,73,4.4
2016,4,12,36.4,27.5,37,3.3
2016,5,101,35.3,27.3,109,3
2016,6,46,34.3,26.6,53,2.6
2016,7,66,34.4,26.5,69,2.2
2016,8,38,35.7,26.2,41,1
2016,9,58,35.7,25.9,59,-2.7
2016,10,44,33.8,25.5,44,-3.8
2016,11,60,31,23.6,59,-4.9
2016,12,118,30.8,22.1,113,-5.5
2017,1,39,30.3,21.9,39,-5.3
2017,2,2,32.2,21,4,-5.6
2017,3,26,32.9,24.1,26,-4.9
2017,4,13,37.9,27.4,13,-5.2
2017,5,42,35.4,27.2,41,-4.4
2017,6,44,34.8,27,43,-4.2
2017,7,61,36.2,27,59,-4.5
2017,8,305,31.5,25.4,133,-3.2
2017,9,163,30.2,24.3,126,-2
2017,10,165,30.8,24.6,118,-1.4
2017,11,145,29.3,24.1,108,-0.8
2017,12,76,29.5,21.9,100,-0.9
2018,1,4,30.1,20.8,76,-0.7
2018,2,9,32,21.6,67,1.6
2018,3,23,34.4,23.8,56,1.7
2018,4,33,34.4,26.2,48,2.1
2018,5,65,33.8,26.5,72,4
2018,6,47,33,26.2,52,7.3
2018,7,59,34.3,26.5,61,7.5
2018,8,132,34.2,25.8,130,6.6
2018,9,111,34.3,25.2,108,6.1
2018,10,218,31,24.1,121,5.8
2018,11,160,29.9,23.6,111,5
2018,12,43,30.3,22.2,74,4
2019,1,3,30.1,21.3,44,-1
2019,2,6,33.7,23.3,25,-1.3
2019,3,1,35.8,24.4,13,-1.7
2019,4,12,36.9,27,19,-2.1
2019,5,10,38.5,28.4,15,-2.8
2019,6,21,38.4,28.9,24,-3.1
2019,7,89,36.9,27.8,88,-3.1
2019,8,165,35.2,26,157,-2.5
2019,9,179,34,24.9,146,-1.7
2019,10,169,32.4,24.2,118,-1.6
2019,11,122,31.4,24.7,117,-1.5
2019,12,68,30,22.7,77,-1.7
