Product: Historical Climate - TerraClimate(http://www.climatologylab.org/terraclimate.html) 
Location (Lat/Lon of 4-km Grid Cell Center): 10.9792 North,78.0625 East 
Data Source: NW Climate Toolbox(https://climatetoolbox.org/tool/point-data-download)
Download Date: 07/25/2020
Variable List: 
ppt: ppt (Precipitation)
tmax: tmax (Maximum Temperature)
tmin: tmin (Minimum Temperature)
aet: aet (Actual Evapotranspiration)
PDSI: pdsi (Palmer Drought Severity Index (PDSI))
********************************************************
Year,Month,ppt(mm),tmax(degC),tmin(degC),aet(mm),PDSI(unitless)
1958,1,11,31.4,20.8,11,-0.6
1958,2,2,33.5,22.3,2,-0.9
1958,3,21,36.8,24.7,21,0.3
1958,4,78,37,26.4,75,1.1
1958,5,97,36.6,26.8,93,2
1958,6,10,36.5,26.8,10,1.3
1958,7,22,34.3,25.7,21,0.6
1958,8,116,33.9,25.2,111,1.4
1958,9,41,34.6,24.8,40,-0.8
1958,10,125,31.8,23.8,119,-1.4
1958,11,99,30.7,22.6,94,-1.2
1958,12,10,30.7,20.9,10,-2.2
1959,1,6,31.9,20.8,6,-2.6
1959,2,22,34.2,21.8,21,-2.1
1959,3,0,37.5,23.2,0,-2.5
1959,4,98,37.6,26.3,93,-1.1
1959,5,67,37.7,26.9,64,-0.9
1959,6,48,35.2,26.3,46,1.9
1959,7,31,33.6,25.4,30,1.4
1959,8,38,35,25.1,37,-1
1959,9,63,34.4,25.1,60,-1.3
1959,10,169,32.3,24.1,139,-1.3
1959,11,137,30.5,22.3,115,0.8
1959,12,38,30.2,20.7,41,-0.1
1960,1,0,31.3,20.8,5,-0.7
1960,2,5,33,21.4,8,-0.9
1960,3,6,36.7,23.7,9,-1
1960,4,79,37,26,77,0.8
1960,5,72,37.1,26,70,0.8
1960,6,10,36.3,26.5,11,-0.5
1960,7,91,33.9,25.6,88,1.6
1960,8,36,35.2,25.6,36,0.6
1960,9,51,33.4,24.9,49,-1.3
1960,10,117,32.3,23.6,112,-2.1
1960,11,171,30,21.7,106,-0.6
1960,12,8,30.6,20.7,22,-1.1
1961,1,100,30.6,21.3,103,2.3
1961,2,12,33.2,22,18,2.1
1961,3,1,37.8,24.3,6,1.5
1961,4,22,38,26.4,25,0.8
1961,5,76,36.9,26.9,76,1
1961,6,38,35.1,25.9,39,1.4
1961,7,48,33.4,25,48,1.2
1961,8,78,34.1,25.3,76,1.1
1961,9,63,34.3,24.5,61,-0.6
1961,10,176,32.6,23.4,140,-0.6
1961,11,48,30.6,22.1,53,-1.3
1961,12,30,29.9,20.7,34,-1.9
1962,1,20,30.6,20.4,23,-1.9
1962,2,16,32.9,21.7,18,-1.7
1962,3,17,36.6,23.5,19,-1.5
1962,4,49,36.8,25.9,48,-1.2
1962,5,69,36.8,26.4,67,-0.9
1962,6,20,36.6,26,20,-1
1962,7,27,34.3,25.6,27,-1.5
1962,8,98,34.2,25.4,94,-0.9
1962,9,71,33.9,24.9,68,-1.1
1962,10,261,31.2,23.9,128,1.3
1962,11,33,30.9,21.7,63,0.6
1962,12,49,30.5,20.8,71,0.6
1963,1,99,29.9,20.7,105,2.6
1963,2,3,33.2,20.6,17,2.3
1963,3,15,36.2,23.7,24,2.3
1963,4,53,36.8,25.4,56,2.4
1963,5,32,37.9,26.6,35,1.5
1963,6,33,36.2,26.6,35,1.7
1963,7,70,34.7,25.5,70,2.2
1963,8,59,34.8,25.4,58,1.7
1963,9,68,35,25,67,1.3
1963,10,151,32.6,23.7,139,0.8
1963,11,89,30.3,22.6,87,0.6
1963,12,82,30.4,21,80,0.9
1964,1,0,31.9,19.7,2,-1
1964,2,0,34.6,21.4,2,-1.4
1964,3,6,37.4,24.3,7,-1.6
1964,4,15,38.5,26.5,16,-2.1
1964,5,75,38.8,27.5,72,-1.7
1964,6,26,37,26.3,26,-1.5
1964,7,111,34.4,25.4,106,2
1964,8,97,34.4,24.9,93,2.3
1964,9,59,34.1,24.4,57,1.6
1964,10,262,33.1,23.4,141,2.5
1964,11,107,30.2,21.6,106,2.9
1964,12,51,30.6,20,75,3.2
1965,1,0,31.4,20,23,2.7
1965,2,3,33.1,21.7,16,2.4
1965,3,4,36.6,23.7,13,2
1965,4,73,36.8,25.6,75,2.5
1965,5,33,37.5,26.6,36,1.6
1965,6,12,36.9,26,16,1.1
1965,7,26,35.4,25,27,-1.4
1965,8,126,34.4,25,122,1.2
1965,9,50,35.1,25.1,50,-0.6
1965,10,141,33,23.9,135,-1.1
1965,11,43,30.9,22.8,42,-2.1
1965,12,90,30,21.5,87,-1.4
1966,1,21,31.3,21.4,21,-1.4
1966,2,2,34.3,22.1,3,-1.7
1966,3,4,37.3,24.4,5,-1.9
1966,4,52,37.9,26.1,50,-1.7
1966,5,32,38.2,26.8,31,-2.4
1966,6,40,36.3,25.8,39,-1.6
1966,7,49,34.6,25.6,47,-1.2
1966,8,116,35.4,25.5,111,1.7
1966,9,99,34.1,24.9,95,2
1966,10,279,32.1,23.3,136,3.1
1966,11,113,31.1,22.5,109,3.6
1966,12,54,30.3,21.1,79,4.1
1967,1,53,31.3,19.9,76,5.1
1967,2,0,33.9,20.1,21,4.8
1967,3,27,36.7,23.3,38,5.1
1967,4,27,38.2,25.8,34,4.3
1967,5,39,37.7,26.9,43,3.5
1967,6,46,35.9,26.2,48,4
1967,7,46,34.3,24.8,47,3.7
1967,8,51,34.5,24.6,51,2.9
1967,9,52,34.3,24.7,51,2
1967,10,191,31.4,23.3,135,2
1967,11,96,30.1,20.8,97,2
1967,12,84,30.1,21.2,88,2.4
1968,1,2,31,20.3,12,1.7
1968,2,7,33.7,20.9,13,1.4
1968,3,33,36.2,23.9,36,2
1968,4,118,36.6,25.3,116,3.5
1968,5,38,37.8,26.8,40,2.6
1968,6,22,36.1,26.4,23,2.3
1968,7,31,33.8,25.3,31,1.6
1968,8,63,35.2,25.3,61,1.2
1968,9,78,34.2,24.9,76,1
1968,10,130,32.7,23.5,125,-1.5
1968,11,75,30.1,22.3,72,-1.8
1968,12,36,30.2,20.8,36,-2.1
1969,1,2,31.1,20.1,3,-2.6
1969,2,4,33.7,21.3,5,-2.6
1969,3,1,37.7,24.2,2,-2.8
1969,4,28,38.1,26.2,27,-2.9
1969,5,44,37.8,26.8,42,-3.1
1969,6,12,36.9,26.6,12,-3.3
1969,7,21,34.6,25.3,21,-3.6
1969,8,123,34.7,25.4,118,-2.1
1969,9,23,35,24.8,22,-3.2
1969,10,195,32.1,23.5,129,-2.6
1969,11,80,31,22.3,82,-2.2
1969,12,70,29.3,21.4,75,-1.7
1970,1,19,31.1,20.8,26,-1.6
1970,2,25,33.8,21.6,30,-0.9
1970,3,2,37.2,24.1,6,-1.2
1970,4,104,37.3,26.7,102,1.9
1970,5,90,37.2,27.1,88,2.4
1970,6,19,36,26.5,21,2
1970,7,44,34.6,25.2,44,1.8
1970,8,76,34.1,25,74,1.6
1970,9,46,34.3,24.7,45,0.7
1970,10,186,32.1,23.6,139,0.8
1970,11,108,29.6,22.7,105,1.1
1970,12,6,30,19.2,15,-0.7
1971,1,18,30.7,20.6,23,-0.9
1971,2,13,33.7,20.9,17,-0.8
1971,3,14,36.4,23.4,17,-0.6
1971,4,62,37.7,25.5,62,0.4
1971,5,109,37.3,26.6,106,1.6
1971,6,12,34.7,25.9,14,1
1971,7,34,34.3,25,34,0.6
1971,8,112,34.3,24.6,108,1.4
1971,9,86,33.9,24.7,83,1.4
1971,10,188,32.1,23.2,141,1.4
1971,11,35,30.6,21.1,43,-0.8
1971,12,95,28.9,20.1,94,0.8
1972,1,1,30.8,19.2,7,-0.6
1972,2,0,33.7,20.5,5,-0.9
1972,3,0,37,22.1,4,-1.3
1972,4,16,37.7,25.9,18,-1.8
1972,5,144,36.5,26.3,140,2.1
1972,6,29,37.3,26.6,29,2.2
1972,7,38,35.2,25.3,38,1.7
1972,8,30,35.6,25.2,30,-1.2
1972,9,139,34.9,25.6,134,1.3
1972,10,210,32,23.7,128,1.7
1972,11,66,31,22.2,76,1.4
1972,12,94,30.4,21.9,97,2.1
1973,1,0,32.6,19.7,14,1.5
1973,2,0,35,21.7,9,1.1
1973,3,1,37.8,23.9,8,0.6
1973,4,15,38.4,26.7,19,-1.4
1973,5,50,38.7,26.9,52,-1.4
1973,6,28,36.5,26.6,29,-1.1
1973,7,54,34.7,26,54,-0.7
1973,8,62,34.1,25,61,-0.8
1973,9,78,34.7,24.9,76,-0.8
1973,10,210,32.2,23.9,136,0.5
1973,11,41,30.9,22,58,-0.7
1973,12,71,29.6,20.6,77,0.4
1974,1,0,31.1,19.4,10,-0.7
1974,2,6,34.2,20,13,-0.7
1974,3,4,37.3,23.2,8,-0.9
1974,4,35,38.1,26.2,38,-1
1974,5,65,37.5,26,65,-0.7
1974,6,24,36.7,26,26,0.1
1974,7,43,34.9,25,43,0
1974,8,40,34.8,24.9,40,-0.7
1974,9,119,33.9,24.4,115,0.8
1974,10,116,32.8,23,112,-0.8
1974,11,13,31.3,21.5,13,-2.3
1974,12,10,31.1,19.7,11,-3
1975,1,4,31.4,19.5,5,-3.3
1975,2,3,34.4,21.6,4,-3.4
1975,3,34,36.7,23.9,34,-2.4
1975,4,14,38.3,25.9,14,-2.8
1975,5,68,37.9,26.6,65,-2.4
1975,6,15,35.6,26.1,15,-2.5
1975,7,77,34.3,24.6,74,-1.5
1975,8,93,34.1,25.4,89,-0.9
1975,9,88,33.7,24.4,84,-0.6
1975,10,171,32,23.5,153,-0.8
1975,11,72,30,21.8,70,-1.1
1975,12,15,30.1,19.6,15,-2
1976,1,0,30.9,19.9,2,-2.5
1976,2,0,33.5,20.6,1,-2.7
1976,3,5,37.3,22.7,6,-2.8
1976,4,81,37.4,25.6,77,-1.9
1976,5,54,38.3,27,52,-2
1976,6,27,37.3,26.3,27,-1.8
1976,7,23,35,25.2,22,-2.2
1976,8,98,34.8,24.9,94,-1.4
1976,9,50,34.6,25.2,48,-1.8
1976,10,113,32.6,23.8,108,-2.6
1976,11,143,30,23.3,119,-1.7
1976,12,19,30.6,21,21,-2.1
1977,1,0,32.1,19.3,2,-2.6
1977,2,29,33.8,21.6,29,-1.9
1977,3,17,37.1,23.7,17,-1.7
1977,4,71,37.6,26.6,68,-1
1977,5,88,36.7,26.6,85,1.4
1977,6,25,36.4,26.6,25,1.3
1977,7,33,35.1,25.4,32,0.8
1977,8,96,35.2,25,92,1.2
1977,9,70,35.3,25.1,67,0.8
1977,10,328,31.3,23.9,133,2.8
1977,11,211,30.6,23.2,107,5.2
1977,12,5,30.7,20.9,76,5.2
1978,1,1,31.7,20.6,69,5.9
1978,2,13,33.8,22.2,60,6.6
1978,3,2,37.1,24.1,29,6.1
1978,4,53,37.8,27,65,5.9
1978,5,53,37.9,26.9,60,5.4
1978,6,13,35.8,26.4,19,4.6
1978,7,37,34.3,25.3,40,4
1978,8,40,34,25.5,42,3.1
1978,9,88,34.4,25,87,3
1978,10,134,32.4,24.1,122,2.4
1978,11,171,31,22.5,109,3.5
1978,12,72,29.4,22.6,83,4
1979,1,0,31.3,21.6,15,3.3
1979,2,57,33.7,23.1,64,4.6
1979,3,11,36.6,24.7,17,4.2
1979,4,21,38.2,27.3,25,3.3
1979,5,36,37.7,27.5,39,2.3
1979,6,25,36.4,27.3,27,2.1
1979,7,43,34.3,25.7,44,1.8
1979,8,59,34.9,25.9,58,1.2
1979,9,105,33.7,25.5,101,1.8
1979,10,143,32.7,23.8,137,1
1979,11,233,29.7,23.6,100,3.3
1979,12,20,30.5,22.1,57,3.1
1980,1,1,32.1,20.3,30,2.8
1980,2,0,34.2,21.8,16,2.4
1980,3,6,37,24.7,16,2.1
1980,4,50,37.8,27.3,55,2.1
1980,5,43,38.8,28,46,1.6
1980,6,15,36.1,26.8,19,1.2
1980,7,29,35.2,25.5,31,-1
1980,8,49,34.9,25.3,49,-1.5
1980,9,41,35.1,25.5,42,-2.2
1980,10,147,32.8,24.2,140,-2.4
1980,11,103,31.1,23,100,-2.1
1980,12,36,31,21.6,36,-2.4
1981,1,8,30.8,21.4,9,-2.7
1981,2,2,34,21.4,3,-2.8
1981,3,25,37.2,24.5,24,-2.2
1981,4,28,38,27.1,27,-2.4
1981,5,75,38,27.5,72,-1.9
1981,6,19,35.6,26.9,19,-2
1981,7,68,35.1,25.8,66,-1.2
1981,8,63,34.9,25.1,60,-1.4
1981,9,121,33.7,25.3,116,1.1
1981,10,232,32.1,24.6,126,1.9
1981,11,78,30.7,22.7,87,1.7
1981,12,26,30,21.2,48,1.1
1982,1,0,31.4,20.3,14,0.6
1982,2,0,34,21.6,9,-0.2
1982,3,6,37.2,24.5,13,-1
1982,4,30,38.2,27.1,34,-1.1
1982,5,53,37.6,27.6,55,-1.1
1982,6,25,36.2,26.7,27,-0.9
1982,7,23,35.3,25.6,24,-1.5
1982,8,33,35.5,25.6,34,-2.3
1982,9,50,35.5,25.3,49,-2.9
1982,10,121,33.2,24.1,116,-3.4
1982,11,123,30.4,23.4,114,-2.7
1982,12,15,30.2,21.3,16,-3.3
1983,1,1,31.7,20.6,2,-3.7
1983,2,0,35.2,22.8,1,-3.8
1983,3,1,38.6,25.2,2,-3.9
1983,4,4,39,26.9,4,-4.5
1983,5,95,38.6,28.1,91,-3.2
1983,6,33,37.6,27.3,33,-2.6
1983,7,42,35.7,26.2,40,-2.5
1983,8,96,34.9,25.9,92,-1.7
1983,9,104,34.4,24.9,99,-1.1
1983,10,117,33.1,24.1,112,-1.9
1983,11,60,31.5,21.9,57,-2.6
1983,12,149,30.6,21.3,117,1.8
1984,1,36,30,22.3,38,2.5
1984,2,51,33.1,20.3,51,3.4
1984,3,57,35.3,24.6,57,4.5
1984,4,54,36.9,26.4,54,4.3
1984,5,23,38.8,27.2,24,2.8
1984,6,12,36.3,26.3,13,2
1984,7,81,34.4,24.5,79,2.7
1984,8,30,35.7,25.1,29,1.4
1984,9,82,34.7,24.6,79,1.3
1984,10,172,32.7,23.1,143,1
1984,11,41,30.8,22.1,43,-2
1984,12,48,31,20.8,49,-2.2
1985,1,66,31,21.7,65,-1
1985,2,9,34.4,21.8,11,-1.1
1985,3,11,37.7,24.4,13,-1.2
1985,4,50,38.3,27.2,49,-1
1985,5,47,38.6,27.2,46,-1.4
1985,6,17,35.7,25.8,18,-1.6
1985,7,47,34.8,24.8,46,-1.4
1985,8,89,35.2,25,86,-1
1985,9,88,35,24.8,84,-0.8
1985,10,114,33,23.4,109,-1.8
1985,11,102,30.1,22,98,-1.7
1985,12,30,30.5,21.7,29,-2.2
1986,1,42,30.5,21.1,40,-1.6
1986,2,22,33.5,21.6,22,-1.2
1986,3,5,36.5,24.7,6,-1.4
1986,4,14,38.6,26.5,14,-2.1
1986,5,66,38.8,27.2,64,-1.9
1986,6,22,36.8,26.8,21,-1.9
1986,7,42,35.7,25.8,40,-2
1986,8,36,34.7,25.4,34,-2.6
1986,9,101,34.8,25.4,96,-2.1
1986,10,143,33.3,23.6,136,-2.4
1986,11,99,31.4,22.2,95,-2.3
1986,12,30,30.3,22.4,29,-2.8
1987,1,6,31.9,21.1,6,-3.1
1987,2,0,34,21,1,-3.3
1987,3,12,37.2,24.4,11,-3.2
1987,4,25,38.2,27,24,-3.4
1987,5,65,38.2,27.5,62,-3
1987,6,26,37.9,26.7,25,-2.7
1987,7,13,36.3,26.7,13,-3.5
1987,8,54,35.9,25.4,51,-3.6
1987,9,75,36,25.6,72,-3.5
1987,10,251,32.9,24.1,131,-2.1
1987,11,57,31.7,23.1,74,-2.1
1987,12,109,30.1,22.4,107,-0.6
1988,1,0,31.8,21,22,-0.7
1988,2,3,35.1,22.2,15,-0.7
1988,3,10,37.9,25.6,19,1.3
1988,4,102,37.3,26.9,103,2.6
1988,5,35,38.8,27.2,38,1.8
1988,6,43,37.3,26.3,44,2.3
1988,7,72,35.2,25.4,72,2.9
1988,8,166,34.9,25.7,158,4.8
1988,9,156,34.6,24.8,150,6.1
1988,10,38,33.9,24.2,39,3.5
1988,11,63,30.5,22.6,61,2.4
1988,12,29,31.6,20.4,29,1.4
1989,1,5,31.7,20.2,6,0.6
1989,2,0,34.5,19.9,1,-3.4
1989,3,22,36.6,23.8,22,-2.8
1989,4,52,38.3,26.5,50,-2.5
1989,5,46,39,26.8,45,-2.7
1989,6,23,36.2,25.8,23,-2.5
1989,7,79,34.4,25,76,-1.2
1989,8,31,35.8,24.8,30,-1.9
1989,9,104,35,24.8,100,-1.1
1989,10,182,33.2,24.1,129,-0.9
1989,11,73,30.9,22.7,78,-1.1
1989,12,20,31,21.1,25,-1.8
1990,1,73,31.2,20.8,74,1.1
1990,2,2,34.8,22.5,6,0.6
1990,3,11,37.6,25.5,14,0
1990,4,8,38.9,27.1,10,-1.1
1990,5,84,37,27,82,0.7
1990,6,22,36.7,26.2,23,-0.1
1990,7,25,35.3,25,25,-0.6
1990,8,41,35.3,25.4,41,-1.1
1990,9,56,35.7,25.3,55,-1.5
1990,10,241,32.9,23.9,139,0.8
1990,11,91,31.4,22.7,97,1
1990,12,28,30.7,21.6,52,-0.3
1991,1,15,32,21.6,28,-0.1
1991,2,13,34.3,22.2,22,0.6
1991,3,3,38.1,24.4,10,0.3
1991,4,75,38.5,26.8,77,1
1991,5,53,39,27.7,54,0.8
1991,6,40,35.8,26.5,42,1.4
1991,7,29,34.9,25.7,30,0.8
1991,8,73,35.1,25.4,72,0.6
1991,9,48,35.9,25.4,47,-1.3
1991,10,241,32.4,24,137,0.9
1991,11,132,30.8,22.4,116,1.8
1991,12,9,30.8,20.9,47,1.5
1992,1,3,31.5,20.1,23,1.2
1992,2,0,35,21.1,12,1
1992,3,0,37.7,22.9,8,0.6
1992,4,21,38.7,26.2,26,-0.4
1992,5,62,38.3,26.6,63,0.1
1992,6,22,36.8,26.6,24,-0.7
1992,7,34,35.1,25.4,35,-0.9
1992,8,70,35.4,25,69,-0.9
1992,9,71,35.2,24.8,69,-1
1992,10,123,33.3,23.4,119,-1.7
1992,11,154,30.5,23.2,116,-0.7
1992,12,19,30.7,20.4,26,-1.1
1993,1,0,31.9,19.9,6,-1.6
1993,2,2,35,21,6,-1.9
1993,3,7,37.7,24,10,-1.9
1993,4,33,38.7,26.1,35,-2
1993,5,52,39,27,52,-2
1993,6,29,37.3,26.3,29,-1.6
1993,7,29,35.4,25,29,-2
1993,8,55,36,24.8,53,-2.3
1993,9,39,35.6,24.6,39,-3
1993,10,218,32.8,23.6,131,-2
1993,11,141,30.4,22.7,114,-0.7
1993,12,74,29.5,21.5,86,2.7
1994,1,3,32.2,20.5,30,2.5
1994,2,11,34.5,21.7,25,2.6
1994,3,4,38.1,23.6,14,2.3
1994,4,79,38,26.6,82,3
1994,5,75,39.1,26.9,76,3.1
1994,6,18,37.1,26.5,22,2.6
1994,7,37,34.9,25.3,38,2.1
1994,8,46,35.7,25,47,1.3
1994,9,44,35.8,24.8,44,-1.7
1994,10,255,32.7,23.4,129,1.2
1994,11,98,30.5,22.3,102,1.6
1994,12,13,30.4,21,55,1.1
1995,1,24,32,20.8,43,1.3
1995,2,5,35,21.6,17,1.2
1995,3,13,37.8,23.9,21,1.2
1995,4,60,38,26.2,63,1.6
1995,5,65,37.3,26.5,66,1.7
1995,6,26,37.6,26.5,29,1.7
1995,7,43,35.3,25.7,44,1.5
1995,8,111,35.5,25.4,108,2.2
1995,9,49,35.5,25.1,49,1.2
1995,10,122,33.7,23.6,118,-1.4
1995,11,56,31.8,23.2,55,-2
1995,12,2,30.9,21.5,3,-3.3
1996,1,11,32.6,20.4,11,-3.4
1996,2,7,35.2,21,8,-3.3
1996,3,5,38.9,23,6,-3.4
1996,4,61,38.3,26,59,-2.6
1996,5,37,39.7,27.2,36,-3
1996,6,32,36.3,26.1,31,-2.3
1996,7,30,34.4,26.1,29,-2.6
1996,8,67,35.1,25.6,65,-2.4
1996,9,64,34.4,25.2,62,-2.5
1996,10,116,33.4,23.2,111,-3.2
1996,11,32,31.4,22.8,31,-4.1
1996,12,53,30.6,20.7,51,-3.9
1997,1,6,32,20.7,6,-4
1997,2,0,35,21.2,0,-4.1
1997,3,15,38.2,23.7,14,-3.7
1997,4,52,37.3,26.6,50,-3.1
1997,5,38,38.8,27.2,36,-3.3
1997,6,26,37.8,27,25,-2.9
1997,7,36,35.7,26.3,35,-2.9
1997,8,64,35.9,25.9,61,-3
1997,9,70,35.4,25.2,67,-3
1997,10,291,33.6,23.5,146,-1.3
1997,11,191,31.1,23.4,108,3.4
1997,12,67,31.3,23,89,4.5
1998,1,7,33.3,21.9,66,5.3
1998,2,3,36.4,22.4,44,5.7
1998,3,1,39.8,23.9,21,5.2
1998,4,31,39.2,27.7,42,4.6
1998,5,83,39.4,27.3,88,4.8
1998,6,11,38.1,27.1,17,3.9
1998,7,61,35.3,26,63,4.1
1998,8,132,35.4,25.7,129,5.1
1998,9,72,35.1,25.2,72,4.4
1998,10,178,33.4,23.7,147,3.9
1998,11,121,31.9,22.9,115,4
1998,12,125,30.4,21.8,120,5.3
1999,1,5,32.5,19.8,12,4.8
1999,2,12,35,21.5,17,4.3
1999,3,3,39.1,23.7,7,3.5
1999,4,65,38.2,26,65,3.6
1999,5,74,37,26.3,73,3.6
1999,6,19,36.6,26,20,3.1
1999,7,26,34.5,25.7,26,2.2
1999,8,42,35.5,25.6,42,1.3
1999,9,55,36.1,24.9,54,0.6
1999,10,257,32.6,24,123,1.8
1999,11,97,31.7,22.5,105,1.9
1999,12,23,31.5,20.4,58,1.6
2000,1,17,31.9,21.1,39,1.7
2000,2,23,34.3,22.6,35,2.2
2000,3,1,37.9,23.8,10,1.7
2000,4,60,38.7,26.5,64,2
2000,5,56,38.7,27.2,58,1.8
2000,6,14,36,26.7,18,1.4
2000,7,29,35.4,25.4,31,0.8
2000,8,147,34.3,25.8,143,2.3
2000,9,149,34.9,25.5,143,3.7
2000,10,158,33.2,23.7,150,2.9
2000,11,96,32,22.4,94,2.4
2000,12,55,30.2,20.9,54,2
2001,1,32,31.9,20.9,32,1.8
2001,2,6,35.3,22.4,7,1.4
2001,3,1,38.2,24.7,2,0.8
2001,4,112,36.9,25.3,108,2.3
2001,5,25,38.8,27.7,25,1
2001,6,17,36.4,26.3,17,0.7
2001,7,53,35.4,25.8,51,0.8
2001,8,59,35.4,25.6,57,-1.2
2001,9,71,35.6,25.7,68,-1.3
2001,10,193,33.2,24.2,137,-0.9
2001,11,62,31.1,22.8,68,-1.1
2001,12,34,30.5,21.2,40,-1.6
2002,1,7,32.3,21.3,12,-1.8
2002,2,3,34.1,21.2,7,-2
2002,3,4,37.6,24.2,7,-2.1
2002,4,16,38.6,27.1,18,-2.5
2002,5,69,38.9,27.7,68,-2.1
2002,6,26,36.9,26.8,27,-1.7
2002,7,14,35.9,26.4,15,-2.5
2002,8,37,35.7,25.9,37,-3.1
2002,9,47,36.3,26.4,46,-3.7
2002,10,292,32.9,23.9,140,-1.8
2002,11,102,31.4,23.1,106,-1
2002,12,19,31.1,21.7,63,-0.9
2003,1,5,32.5,21.5,32,-0.8
2003,2,12,35.6,22.7,27,1.7
2003,3,9,37.8,24.4,18,1.6
2003,4,68,38.5,27,71,2.1
2003,5,49,39.3,28.1,52,1.6
2003,6,23,37.4,27.3,26,1.5
2003,7,56,35.5,26,57,1.8
2003,8,106,35.5,25.8,104,2.3
2003,9,37,36.2,26.4,37,0.9
2003,10,207,33.1,24.1,133,1.3
2003,11,85,30.9,22.7,90,1.3
2003,12,5,31.3,22,22,-1.3
2004,1,13,32.5,21.5,23,-1.4
2004,2,8,34.7,21.8,15,-1.3
2004,3,5,38.2,24.8,10,-1.4
2004,4,44,38.8,27.2,46,-1.2
2004,5,140,36.1,25,136,2.3
2004,6,30,36.4,26.3,32,2.3
2004,7,49,35.2,25.7,49,2.2
2004,8,45,35.8,26,45,1.3
2004,9,190,34.6,24.8,146,3.7
2004,10,208,32,23,127,4.1
2004,11,67,30.1,21.9,81,3.7
2004,12,17,30.7,21.4,49,2.9
2005,1,22,32.5,21.5,38,2.8
2005,2,6,34.9,22,16,2.5
2005,3,5,37.9,24.5,12,2.2
2005,4,79,36.8,25.3,81,2.9
2005,5,49,38.7,27.5,51,2.5
2005,6,14,37.2,27.1,16,1.9
2005,7,50,35.4,25.9,50,1.8
2005,8,50,35.8,26.1,50,1.1
2005,9,59,35.1,25.3,58,-1.2
2005,10,212,32.8,23.8,125,0.6
2005,11,121,30.1,21.8,115,1.4
2005,12,53,30.8,21.4,70,1.9
2006,1,17,31.6,20.6,34,1.9
2006,2,1,33.7,20.9,12,1.6
2006,3,54,36.9,23.4,59,3
2006,4,33,38,26.5,37,2.6
2006,5,45,37.7,26.6,47,2
2006,6,20,36.8,26.7,23,1.8
2006,7,25,35.9,26.4,27,0.9
2006,8,51,35.8,26,51,-1.4
2006,9,82,34.9,25.1,80,-1.1
2006,10,273,33,24,132,1.5
2006,11,98,30.8,22.6,97,2
2006,12,3,30.7,21.4,51,1.7
2007,1,7,32,21,33,1.5
2007,2,8,34.4,21.6,23,1.6
2007,3,2,37.7,24.2,11,1.3
2007,4,78,37.7,26.2,81,2
2007,5,81,38.8,27.7,82,2.4
2007,6,18,37,26.9,21,2.2
2007,7,63,35.4,25.8,63,2.6
2007,8,88,35.2,25.4,86,2.7
2007,9,98,35.5,25.6,95,2.8
2007,10,220,33.2,24.1,132,3.2
2007,11,69,30.9,22.6,82,2.7
2007,12,47,30.5,21.1,64,2.4
2008,1,7,31.6,20.6,19,1.8
2008,2,24,34.4,21.6,31,2.2
2008,3,59,35.4,22,63,3.7
2008,4,48,37.1,25.6,51,3.6
2008,5,22,38.5,27.3,25,2.3
2008,6,28,36.9,26.8,29,2.3
2008,7,53,35.4,25.8,53,2.4
2008,8,192,35.3,25.5,167,4.7
2008,9,58,35.3,25.5,60,4.2
2008,10,274,32.8,23.8,126,5.2
2008,11,110,31.4,23.1,111,5.4
2008,12,38,30.8,21.5,73,5.4
2009,1,5,31.8,20.8,46,5.1
2009,2,0,34.8,22,20,4.7
2009,3,24,37.8,24.3,35,4.8
2009,4,45,38.5,27,51,4.5
2009,5,56,39,27.9,59,4
2009,6,35,37.6,27.5,37,4.1
2009,7,20,35.6,26.1,23,2.9
2009,8,102,36.1,26.3,100,3.3
2009,9,79,35.8,25.9,78,2.9
2009,10,79,34.1,25.1,77,1.2
2009,11,160,31.3,23.1,105,2.1
2009,12,61,31.3,22,71,2.4
2010,1,14,32.6,21.6,23,1.9
2010,2,1,35.1,22.3,8,1.4
2010,3,2,38.5,25.1,7,0.9
2010,4,55,39.4,27.9,56,1
2010,5,52,39.1,28,52,0.8
2010,6,18,37.5,27.4,20,0.6
2010,7,78,35.2,25.7,76,1.6
2010,8,63,35.5,25.7,62,1.3
2010,9,164,35.2,25.3,153,3.1
2010,10,226,33.3,24.3,137,3.5
2010,11,164,30.9,22.6,102,4.8
2010,12,50,30.5,21.2,75,5.2
2011,1,10,32.1,21.1,52,5.5
2011,2,34,34.1,21.2,52,6.2
2011,3,1,37.7,24.2,13,5.5
2011,4,82,37.3,25.8,86,6
2011,5,33,39.1,28,37,4.8
2011,6,14,37.2,27.1,18,4
2011,7,38,35.8,26.2,39,3.4
2011,8,82,35.7,25.9,81,3.4
2011,9,64,35.9,26,63,2.6
2011,10,170,33.2,24.2,123,2.5
2011,11,108,30.8,22.6,105,2.6
2011,12,53,30.8,21.4,61,2.5
2012,1,7,31.8,20.8,14,1.8
2012,2,5,34.7,21.8,11,1.4
2012,3,4,38.5,25.1,8,0.9
2012,4,37,38.4,26.9,39,0.7
2012,5,26,38.7,27.5,27,-1.7
2012,6,6,37.4,27.3,8,-2.2
2012,7,22,35.9,26.4,23,-2.7
2012,8,63,35.7,26,62,-2.6
2012,9,66,36.1,26.3,64,-2.8
2012,10,171,32.9,23.8,135,-2.5
2012,11,94,32.1,23.8,96,-2.4
2012,12,39,32.2,22.9,43,-2.7
2013,1,7,33.1,22.1,11,-3
2013,2,23,35.2,22.3,25,-2.5
2013,3,28,38,24.6,30,-1.7
2013,4,9,39.2,27.7,11,-2.3
2013,5,64,39.7,28.6,63,-2.1
2013,6,27,36.8,26.7,28,-1.8
2013,7,44,35.4,25.9,43,-1.7
2013,8,57,35.6,25.9,55,-1.9
2013,9,66,35.3,25.4,64,-2.1
2013,10,119,34,25,114,-2.8
2013,11,109,31.8,23.6,104,-2.5
2013,12,29,31.3,21.9,28,-3.1
2014,1,11,35.3,24.3,11,-3.3
2014,2,5,34.6,21.7,5,-3.3
2014,3,3,37.6,24.2,4,-3.4
2014,4,23,39.3,27.8,23,-3.6
2014,5,74,38.4,27.3,71,-2.9
2014,6,24,38.2,28.1,23,-2.7
2014,7,36,36,26.5,34,-2.9
2014,8,59,35.5,25.7,57,-2.9
2014,9,118,35.8,26,113,-1.9
2014,10,317,33.1,24,126,2.7
2014,11,45,31.2,22.9,76,2.2
2014,12,25,31.5,22.1,61,2.1
2015,1,18,32.4,21.4,51,2.4
2015,2,5,34.7,21.9,23,2.3
2015,3,20,37.9,24.4,30,2.6
2015,4,98,37.5,26,101,3.8
2015,5,121,37.3,26.2,120,5.2
2015,6,19,37,26.9,23,4.7
2015,7,43,36.6,27.1,44,4.1
2015,8,84,36.4,26.6,83,3.9
2015,9,142,36.3,26.5,137,4.8
2015,10,162,34,25,148,4
2015,11,190,31.1,22.8,107,5.3
2015,12,41,31.7,22.4,63,5.2
2016,1,11,32.1,21.2,28,4.5
2016,2,3,35,22.7,14,3.9
2016,3,11,38.4,25.6,18,3.2
2016,4,19,39.8,28.4,24,2.2
2016,5,94,38.2,28,94,1.6
2016,6,26,35.1,26.5,28,1.5
2016,7,41,34.2,26,42,1.2
2016,8,35,36.2,26.1,35,-2.3
2016,9,39,36.4,25.9,39,-3.8
2016,10,52,35.3,25.5,51,-5.3
2016,11,39,33.7,23.4,38,-6.7
2016,12,69,32.4,21.9,67,-6.7
2017,1,17,32.6,22.1,17,-6.6
2017,2,2,35.6,21,3,-6.4
2017,3,19,36.3,24.8,19,-5.6
2017,4,27,40.7,28.6,26,-5.8
2017,5,60,37.7,27.9,58,-5
2017,6,22,35.9,26.9,22,-5
2017,7,28,35.7,26.3,28,-5.4
2017,8,151,33.2,25.8,144,-4.1
2017,9,124,32.1,25.1,119,-2.9
2017,10,195,31.3,24.5,119,-3
2017,11,86,30.3,23.6,89,-3.2
2017,12,39,30.2,21.3,51,-3.4
2018,1,4,31.9,20.5,13,-3.7
2018,2,6,34.3,20.8,13,-3.8
2018,3,19,37.2,24,23,-3.3
2018,4,42,37.9,26.7,44,-2.3
2018,5,65,37,27.4,65,3.9
2018,6,20,34,26.3,22,7.4
2018,7,37,33.3,25.8,38,8
2018,8,81,34.1,25.5,79,7.4
2018,9,62,35.6,25.4,60,6.7
2018,10,188,32.4,23.7,130,6.4
2018,11,89,31.7,23.2,92,5.4
2018,12,26,32.1,22.3,36,4.2
2019,1,2,32.6,21.6,9,-1.2
2019,2,1,36.5,23.7,7,-1.5
2019,3,0,39.1,25.7,5,-1.8
2019,4,49,39.2,27.7,50,-1.6
2019,5,35,40.4,29.2,36,-2.1
2019,6,22,38.7,28.6,24,-2
2019,7,53,36.6,27,53,-1.6
2019,8,115,35.5,25.7,111,1.1
2019,9,75,35.6,25.8,73,1.1
2019,10,213,33.5,24.4,124,1.6
2019,11,95,32.6,24.3,99,1.7
2019,12,21,31.6,22.3,41,1.1
