Product: Historical Climate - TerraClimate(http://www.climatologylab.org/terraclimate.html) 
Location (Lat/Lon of 4-km Grid Cell Center): 12.2292 North,79.0625 East 
Data Source: NW Climate Toolbox(https://climatetoolbox.org/tool/point-data-download)
Download Date: 07/24/2020
Variable List: 
ppt: ppt (Precipitation)
tmax: tmax (Maximum Temperature)
tmin: tmin (Minimum Temperature)
aet: aet (Actual Evapotranspiration)
PDSI: pdsi (Palmer Drought Severity Index (PDSI))
********************************************************
Year,Month,ppt(mm),tmax(degC),tmin(degC),aet(mm),PDSI(unitless)
1958,1,35,29.2,19.4,81,0
1958,2,2,31.2,20.5,59,-0.7
1958,3,5,34.4,22.5,39,-1
1958,4,52,35.4,25.1,66,0.5
1958,5,137,36.1,26,138,1.6
1958,6,43,36.6,26.6,49,1.1
1958,7,33,33.7,25,37,-1.3
1958,8,255,32.8,24.2,161,1.1
1958,9,105,33.3,23.5,116,-0.5
1958,10,255,30.7,23.1,122,0.8
1958,11,157,29.3,21.6,100,0.9
1958,12,23,28.6,19.6,79,-0.4
1959,1,1,29.6,19.4,66,-0.6
1959,2,40,32.1,20.1,74,0.6
1959,3,0,35.1,21,36,-0.4
1959,4,50,35.9,24.9,65,0.7
1959,5,99,37.2,26,104,0.9
1959,6,55,34.6,25.5,60,1
1959,7,46,33,24.6,49,-0.8
1959,8,91,33.9,24.1,90,-1.5
1959,9,138,33,23.8,133,-1.7
1959,10,184,31.3,23.5,127,-2.1
1959,11,200,29.1,21.3,106,-1.5
1959,12,27,28.2,19.4,64,-2.1
1960,1,13,29,19.4,52,-2.4
1960,2,0,30.6,19.4,22,-2.8
1960,3,3,34.2,21.5,15,-3
1960,4,17,35.4,24.7,24,-3
1960,5,39,37.3,25.7,43,-3.5
1960,6,79,35.9,25.7,79,-2.6
1960,7,159,33.4,25,142,-1.4
1960,8,104,34.4,24.8,104,-1.8
1960,9,163,32.1,23.6,143,-1.7
1960,10,135,31.4,23,129,-2.4
1960,11,298,28.8,20.9,98,-0.9
1960,12,21,28.5,19.5,73,-1.3
1961,1,118,28.5,19.9,116,2
1961,2,31,30.9,20.2,74,2.7
1961,3,0,35,21.8,48,2.5
1961,4,5,36.3,25,25,1.9
1961,5,78,36.3,26,86,1.7
1961,6,85,34.6,25.1,88,2.2
1961,7,109,32.8,24.3,109,1.9
1961,8,213,33,24.2,179,2.1
1961,9,172,32.8,23,162,1.9
1961,10,185,31.5,22.6,122,1.4
1961,11,72,29,20.9,80,-0.7
1961,12,25,27.6,19.3,52,-1.9
1962,1,12,28.1,18.7,29,-2.6
1962,2,10,30.5,19.8,20,-2.9
1962,3,11,34.1,21.2,17,-3.1
1962,4,40,35.1,24.5,43,-2.6
1962,5,168,36,25.3,161,-0.7
1962,6,64,35.8,25,65,1.8
1962,7,54,33.7,24.9,55,0.8
1962,8,202,33.1,24.3,161,1.2
1962,9,174,32.5,23.4,152,1.2
1962,10,285,30.1,23.1,114,1.8
1962,11,38,29.4,20.6,77,0.7
1962,12,81,28.4,19.4,96,0.7
1963,1,118,27.5,19.1,116,2.1
1963,2,0,30.5,18.4,60,2.3
1963,3,39,33.8,21.4,69,2.7
1963,4,38,34.9,23.9,53,2.8
1963,5,50,37.3,25.6,57,2
1963,6,65,35.6,25.7,68,1.9
1963,7,111,34.2,24.9,111,1.7
1963,8,157,33.6,24.2,151,1.5
1963,9,170,33.6,23.7,142,1.4
1963,10,215,31.5,22.9,128,1.1
1963,11,141,29,21.6,106,0.9
1963,12,106,28.3,19.7,106,1.2
1964,1,0,29.6,18.2,52,0.6
1964,2,0,32.2,19.5,29,-0.4
1964,3,2,35,22.1,17,-1.2
1964,4,3,36.8,25.1,12,-1.8
1964,5,57,38.4,26.8,60,-2
1964,6,23,36.5,25.5,27,-2.5
1964,7,207,33.9,24.8,140,-0.7
1964,8,139,33.2,23.8,139,1.6
1964,9,134,32.5,22.9,133,1.1
1964,10,251,32.2,22.8,130,1.2
1964,11,301,28.6,20.4,107,2.7
1964,12,35,28.5,18.6,87,2.2
1965,1,14,29.1,18.5,76,2
1965,2,15,30.6,19.7,67,2.1
1965,3,2,34.1,21.4,40,1.6
1965,4,66,34.8,23.9,80,2.3
1965,5,36,37,25.7,45,1.4
1965,6,43,36.6,25.4,49,1
1965,7,74,34.7,24.2,76,-1.3
1965,8,267,33.2,23.8,142,1.3
1965,9,113,33.6,23.6,123,0.9
1965,10,88,32.1,23.2,105,-1.4
1965,11,104,29.5,21.7,102,-1.8
1965,12,174,28.1,20.4,109,-0.7
1966,1,40,29.2,20,75,0.2
1966,2,2,31.8,20.1,45,-0.2
1966,3,5,35,22.3,25,-0.6
1966,4,12,36.2,24.7,23,-1
1966,5,133,37.8,26,134,0.8
1966,6,68,35.9,25.1,70,1.1
1966,7,91,34.1,25,91,1
1966,8,230,34.3,24.5,140,1.8
1966,9,197,32.6,23.4,143,2.3
1966,10,311,30.9,22.5,128,3.2
1966,11,307,29.7,21.6,103,4.9
1966,12,93,28.1,19.7,105,4.9
1967,1,165,29.1,18.5,117,7.2
1967,2,0,31.5,18.2,80,7.4
1967,3,41,34.2,21,102,8.7
1967,4,21,36.4,24.4,74,8.3
1967,5,91,37.1,26,108,7.8
1967,6,55,35.5,25.6,65,7.3
1967,7,137,33.7,24,132,7.2
1967,8,125,33.3,23.5,126,6.1
1967,9,92,32.9,23.3,93,4.6
1967,10,145,30.3,22.5,121,3.4
1967,11,149,28.5,19.7,113,2.7
1967,12,182,28.3,20.1,103,3.5
1968,1,1,28.7,18.7,51,2.7
1968,2,8,31.5,19.2,38,2.3
1968,3,6,33.8,21.7,22,1.7
1968,4,89,34.8,23.9,94,2.9
1968,5,47,37.1,25.8,51,2
1968,6,60,35.9,25.9,62,2
1968,7,36,33.6,25,38,0.8
1968,8,77,34.6,24.7,77,-2.1
1968,9,140,32.8,23.6,134,-2.1
1968,10,141,31.5,22.6,125,-2.7
1968,11,66,28.7,21.3,67,-3.4
1968,12,67,28.2,19.6,67,-3.9
1969,1,0,28.8,18.5,3,-4.9
1969,2,6,31.4,19.5,8,-5.2
1969,3,2,35.4,22,4,-5.4
1969,4,5,36.4,24.9,6,-5.5
1969,5,101,37.1,25.7,97,-4.5
1969,6,25,36.5,25.9,25,-4.7
1969,7,69,34,24.7,67,-4.7
1969,8,215,33.7,24.5,145,-3.5
1969,9,30,33.7,23.6,46,-4.7
1969,10,450,30.9,22.7,118,-2.3
1969,11,205,29.6,21.4,100,-1.1
1969,12,89,27.2,20,96,3
1970,1,7,28.9,19.3,75,2.9
1970,2,20,31.4,19.7,75,3.3
1970,3,2,34.9,22,61,3.2
1970,4,33,35.6,25.2,54,3.2
1970,5,72,36.8,26.2,81,2.9
1970,6,61,35.3,25.5,66,2.9
1970,7,109,34,24.5,109,2.7
1970,8,146,32.9,23.8,140,2.4
1970,9,120,32.9,23.3,117,1.7
1970,10,173,31,22.8,126,0.9
1970,11,186,28,21.6,104,1
1970,12,8,27.7,17.7,51,-1.7
1971,1,26,28.5,19.1,50,-1.9
1971,2,16,31.6,19.2,33,-2
1971,3,35,34,21.1,44,-1.6
1971,4,55,36,24.1,59,-0.9
1971,5,105,36.8,25.6,105,1.2
1971,6,45,34.1,25,47,0.8
1971,7,102,33.9,24.6,100,0.7
1971,8,169,33.4,23.7,147,0.9
1971,9,122,32.7,23.4,119,-0.4
1971,10,250,31,22.4,123,0.5
1971,11,65,28.9,19.9,81,-0.4
1971,12,116,26.9,18.9,104,0
1972,1,15,28.3,17.5,56,-0.4
1972,2,0,31.4,18.7,28,-0.8
1972,3,0,34.6,19.9,15,-1.2
1972,4,14,36.1,24.5,23,-1.4
1972,5,204,36.2,25.6,172,2.2
1972,6,72,37.1,26.1,82,3.2
1972,7,50,34.8,24.9,56,2.1
1972,8,72,34.9,24.5,74,0.8
1972,9,160,33.7,24.5,137,0.7
1972,10,305,31,22.9,113,1.5
1972,11,83,29.6,21.2,95,0.8
1972,12,211,28.4,20.6,110,2.6
1973,1,2,30.5,18.3,74,2.4
1973,2,0,32.7,19.9,69,2.6
1973,3,0,35.4,21.7,55,2.3
1973,4,2,36.8,25.4,24,1.6
1973,5,56,38.5,26.2,65,1.2
1973,6,47,36.1,25.9,53,1.1
1973,7,86,34.3,25.6,87,0.7
1973,8,168,33,23.9,151,0.8
1973,9,191,33.4,23.7,143,1.1
1973,10,187,31.1,23.1,122,0.8
1973,11,51,29.3,20.8,74,-1.2
1973,12,81,27.6,19.3,87,-1.2
1974,1,5,28.9,17.9,37,-1.8
1974,2,0,31.9,18.1,17,-2.3
1974,3,5,35,21.1,15,-2.5
1974,4,5,36.5,24.9,12,-2.8
1974,5,79,36.9,25.1,81,-2.4
1974,6,63,36.2,25.2,64,-1.9
1974,7,111,34.5,24.4,109,-1.6
1974,8,65,33.8,23.9,64,-2.4
1974,9,235,32.6,23.2,141,-1.3
1974,10,223,31.7,22.3,121,-1
1974,11,28,29.7,20.4,69,-2
1974,12,5,28.8,18.2,48,-2.8
1975,1,12,29.1,18.1,47,-3.1
1975,2,1,32.1,19.7,19,-3.5
1975,3,16,34.4,21.9,26,-3.4
1975,4,2,36.7,24.6,9,-3.7
1975,5,56,37.6,26,59,-3.7
1975,6,39,35.3,25.5,41,-3.7
1975,7,167,33.7,23.9,152,-2.4
1975,8,153,33.1,24.4,146,-2
1975,9,178,32.2,22.9,130,-1.5
1975,10,297,30.9,22.7,133,-0.6
1975,11,141,28.5,20.7,112,1.6
1975,12,16,27.8,18.2,73,1
1976,1,12,28.4,18.2,65,0.8
1976,2,0,30.7,18.3,47,0.7
1976,3,8,35,20.6,31,-0.2
1976,4,20,35.8,24.3,32,-0.8
1976,5,33,38,26.2,40,-1.5
1976,6,47,36.6,25.4,50,-1.5
1976,7,121,34.3,24.3,118,-1
1976,8,286,33.5,23.7,150,1.8
1976,9,60,33.2,23.8,91,0.8
1976,10,225,31.5,23.1,121,1
1976,11,247,28.6,22.3,108,2
1976,12,25,28.5,19.7,80,1.5
1977,1,3,29.7,17.7,70,1.1
1977,2,14,31.4,19.7,62,1.2
1977,3,4,34.9,21.6,39,0.9
1977,4,39,35.8,25.2,55,1.1
1977,5,85,36.2,25.7,91,1.1
1977,6,81,35.8,25.8,84,1.7
1977,7,75,34.7,24.8,76,1.3
1977,8,235,34.1,23.9,146,2.1
1977,9,113,34,23.8,122,1.4
1977,10,347,30.2,23.2,128,2.5
1977,11,310,29.3,22.3,97,4.3
1977,12,4,28.6,19.5,73,3.3
1978,1,5,29.5,19.1,67,2.7
1978,2,37,31.2,20.1,73,3
1978,3,1,34.6,21.7,39,2.5
1978,4,61,36,25.5,76,3
1978,5,51,37.5,26.2,59,2.4
1978,6,40,35.4,25.6,45,2
1978,7,107,33.7,24.6,107,1.9
1978,8,122,33,24.5,118,1.5
1978,9,236,33,23.7,142,2.1
1978,10,163,31.5,23.5,115,1.7
1978,11,203,29.8,21.7,99,2.1
1978,12,167,27.3,21.3,115,3.3
1979,1,2,29,20.2,78,3
1979,2,54,31.5,21.3,87,4.1
1979,3,5,34.2,22.5,81,4.4
1979,4,16,36.5,25.9,41,3.8
1979,5,89,37,26.4,98,3.7
1979,6,46,36,26.5,52,3.1
1979,7,93,34,25.2,94,2.5
1979,8,96,34.1,25.1,96,1.5
1979,9,227,32.3,24.1,137,2.1
1979,10,134,31.7,23.1,129,1.2
1979,11,326,28.5,22.7,88,2.9
1979,12,25,28.5,21,78,2.3
1980,1,1,29.9,19,73,1.8
1980,2,0,31.9,20,59,1.5
1980,3,6,34.7,22.6,34,1
1980,4,24,36.1,25.9,38,0.8
1980,5,60,38.3,27.2,67,-1
1980,6,33,35.5,25.8,38,-1.4
1980,7,77,34.7,24.9,78,-1.8
1980,8,122,33.8,24.2,119,-2.1
1980,9,72,33.8,24.2,72,-3.2
1980,10,132,31.7,23.5,126,-3.9
1980,11,162,29.6,21.8,110,-3.8
1980,12,62,28.9,20.3,72,-4
1981,1,48,28.6,20,56,-4.2
1981,2,1,31.6,19.5,8,-4.7
1981,3,30,34.7,22.2,34,-4.3
1981,4,16,36.3,25.7,19,-4.3
1981,5,126,37.4,26.5,123,-3.1
1981,6,49,35.4,26.4,49,-3
1981,7,152,34.5,25.2,146,-2.1
1981,8,150,34.1,24.3,145,-2.1
1981,9,211,32.3,23.8,135,-1.3
1981,10,294,31,23.8,117,1.9
1981,11,79,29.2,21.6,97,1.2
1981,12,36,27.8,19.8,77,0.7
1982,1,1,29.2,19,59,-1.1
1982,2,0,31.7,19.8,46,-1.3
1982,3,9,34.9,22.3,29,-1.5
1982,4,28,36.4,25.6,38,-1.3
1982,5,48,36.9,26.5,54,-1.6
1982,6,73,35.8,25.9,75,-1.1
1982,7,68,34.9,25,69,-1.7
1982,8,65,34.4,24.6,65,-2.7
1982,9,102,34.1,23.9,99,-3.4
1982,10,143,32.1,23.3,133,-4
1982,11,186,29.1,22.5,103,-3.5
1982,12,23,28.2,20,50,-4.1
1983,1,0,29.4,19.1,17,-4.9
1983,2,0,32.9,21.1,10,-5.3
1983,3,15,35.8,22.5,21,-5.1
1983,4,1,37.1,25.4,6,-5.4
1983,5,84,38,27,84,-4.8
1983,6,62,37.1,26.6,62,-4.1
1983,7,114,35.1,25.4,111,-3.5
1983,8,174,33.7,24.7,147,-2.9
1983,9,222,32.8,23.3,152,-1.9
1983,10,144,31.9,23.1,131,-2.3
1983,11,55,30,20.8,74,-3.1
1983,12,218,28.5,20,100,-1.3
1984,1,29,28,21,66,-0.9
1984,2,59,30.7,18.4,79,2.7
1984,3,77,32.9,22.4,103,4.4
1984,4,33,35.3,25.1,61,4.6
1984,5,21,38.4,26.4,36,3.1
1984,6,20,36.1,25.7,29,2
1984,7,197,33.8,23.8,155,3.2
1984,8,62,34.8,24.2,77,1.9
1984,9,175,33.3,23.3,146,1.8
1984,10,170,31.7,22.5,131,1.2
1984,11,96,29.2,20.9,98,-1.7
1984,12,72,29,19.6,82,-2
1985,1,98,28.9,20.3,99,-1.1
1985,2,5,32,20,26,-1.6
1985,3,10,35.4,22.3,22,-1.8
1985,4,36,36.7,25.9,42,-1.5
1985,5,35,38.1,26.4,39,-2.2
1985,6,46,35.3,25.1,48,-2.2
1985,7,131,34,24,127,-1.6
1985,8,140,34.1,23.9,135,-1.6
1985,9,244,33.7,23.4,150,-0.7
1985,10,128,31.8,22.6,127,-1.3
1985,11,131,28.6,20.9,108,-1.5
1985,12,50,28.4,20.4,68,-1.8
1986,1,139,28,19.5,110,1.5
1986,2,27,31.2,19.8,58,1.9
1986,3,3,34.1,22.5,27,1.4
1986,4,4,36.6,24.9,17,0.8
1986,5,48,38.3,26.3,54,-1.2
1986,6,41,36.2,26,45,-1.4
1986,7,66,35.4,25.3,68,-2
1986,8,70,33.8,24.5,70,-2.7
1986,9,194,33.7,24.3,154,-2.2
1986,10,251,32.2,22.8,133,-1.8
1986,11,138,30.1,21.3,116,-1.8
1986,12,52,28.4,21.2,78,-1.8
1987,1,5,29.6,19.6,58,-2.1
1987,2,0,31.3,18.8,29,-2.5
1987,3,28,34.5,21.9,42,-2.2
1987,4,23,36.5,25.7,32,-2.1
1987,5,47,37.3,26.3,51,-2.4
1987,6,62,37.5,26,63,-2
1987,7,40,35.6,26,41,-3
1987,8,123,34.8,24.3,120,-3
1987,9,79,34.7,24.4,78,-3.9
1987,10,264,31.8,23.4,119,-3.2
1987,11,98,30.2,22,100,-3.4
1987,12,169,28,21,102,-1.9
1988,1,0,29.5,19.5,64,-2
1988,2,2,32.7,20.2,55,-1.7
1988,3,4,35.5,23.4,29,-1.8
1988,4,75,35.5,25.5,84,1.4
1988,5,87,38.5,26.4,91,1.5
1988,6,47,37,25.7,51,1.2
1988,7,166,34.5,24.6,133,2.1
1988,8,350,33.7,24.5,130,4.4
1988,9,275,33.1,23.3,138,6
1988,10,61,32.7,23.4,109,4.8
1988,11,154,29,21.4,118,4.4
1988,12,61,29.5,19.1,93,3.9
1989,1,8,29.4,18.8,70,3.4
1989,2,0,32.1,18,59,3.1
1989,3,39,34.1,21.4,68,3.1
1989,4,13,36.6,25.1,28,2.5
1989,5,39,38.5,26,46,1.5
1989,6,62,35.8,25,65,1.6
1989,7,173,33.6,24.2,131,2.6
1989,8,59,34.7,23.8,72,1.5
1989,9,212,33.5,23.3,140,1.9
1989,10,204,32.2,23.4,121,1.8
1989,11,148,29.4,21.6,109,1.7
1989,12,46,28.9,19.7,79,1.3
1990,1,51,29,19.4,85,1.6
1990,2,6,32.5,20.7,58,1.6
1990,3,27,35.1,23.3,54,1.8
1990,4,6,37.1,25.6,21,1.2
1990,5,115,36,25.5,119,1.9
1990,6,35,36,25.2,40,1.4
1990,7,52,34.8,24.3,54,-1.1
1990,8,97,34.1,24.3,95,-1.5
1990,9,163,34.2,23.9,140,-1.3
1990,10,287,31.6,23,125,-0.7
1990,11,112,30,21.7,110,-0.9
1990,12,35,28.7,20.3,73,-1.3
1991,1,16,29.8,20.2,58,-1.5
1991,2,12,32,20.3,45,-1.5
1991,3,1,35.7,22.2,18,-1.9
1991,4,37,36.7,25.3,45,-1.5
1991,5,50,38.3,26.6,55,-1.8
1991,6,99,35,25.5,99,1.1
1991,7,62,34.3,25,63,-0.8
1991,8,151,34,24.3,146,-0.9
1991,9,118,34.3,23.9,115,-1.4
1991,10,283,31.4,23.4,128,-1
1991,11,281,29.3,21.3,107,1.6
1991,12,5,28.7,19.6,74,0.9
1992,1,15,29.1,18.5,76,0.7
1992,2,0,32.7,19.2,54,-0.1
1992,3,0,35.4,20.7,29,-1.1
1992,4,7,36.9,24.7,21,-1.4
1992,5,61,37.7,25.6,67,-1.5
1992,6,42,36.4,25.8,47,-1.6
1992,7,60,34.8,25,62,-2.1
1992,8,128,34.3,23.9,125,-2.3
1992,9,111,33.8,23.4,109,-2.8
1992,10,129,32.3,22.7,124,-3.5
1992,11,196,29.2,22.2,108,-3.1
1992,12,37,28.4,19,61,-3.6
1993,1,0,29.7,18.5,19,-4.4
1993,2,1,32.5,19,13,-4.8
1993,3,8,35.2,21.7,15,-4.8
1993,4,16,36.8,24.5,21,-4.7
1993,5,136,38.4,26,133,-3.4
1993,6,65,36.9,25.5,65,-2.8
1993,7,67,35.1,24.6,66,-3.3
1993,8,120,34.9,23.7,116,-3.4
1993,9,80,34.2,23.2,78,-4.2
1993,10,234,31.7,22.9,121,-3.8
1993,11,166,29.1,21.8,104,-3.3
1993,12,133,27.4,20.1,108,-2.2
1994,1,2,29.9,19.1,60,-2.2
1994,2,26,32.2,19.8,63,-1.5
1994,3,1,35.8,21.5,31,-1.5
1994,4,29,36.2,25.1,43,-1.2
1994,5,111,38.8,26.1,115,1.3
1994,6,36,36.7,25.7,41,0.7
1994,7,82,34.3,24.5,83,-0.5
1994,8,112,34.6,24,110,-1.3
1994,9,74,34.5,23.5,73,-2.5
1994,10,247,31.7,22.7,120,-2.2
1994,11,161,28.9,21.1,106,-1.9
1994,12,51,27.9,19.4,84,-2
1995,1,75,29.5,19.1,90,-1.1
1995,2,2,32.5,19.7,51,-1
1995,3,18,35.3,21.6,40,-0.9
1995,4,25,36.2,24.7,37,-0.8
1995,5,88,36.4,25.3,92,0.4
1995,6,47,37.3,25.9,50,-0.1
1995,7,100,34.6,24.9,100,-0.1
1995,8,277,34.4,24.4,152,1.8
1995,9,161,34,23.6,154,1.8
1995,10,151,32.5,22.8,122,1.4
1995,11,85,30.5,22.4,94,0.6
1995,12,4,28.9,20.4,54,-1.9
1996,1,6,30.4,19,35,-2.6
1996,2,2,32.8,19.1,18,-3.1
1996,3,2,36.5,20.7,12,-3.4
1996,4,45,36.5,24.5,49,-2.7
1996,5,35,39.3,26.4,38,-3.2
1996,6,60,35.7,25.3,61,-2.6
1996,7,55,33.9,25.4,55,-3.1
1996,8,151,34,24.5,144,-2.8
1996,9,103,33,23.9,100,-3.3
1996,10,191,32.2,22.3,125,-3.4
1996,11,84,30,21.9,88,-3.9
1996,12,134,28.6,19.4,105,-3.3
1997,1,21,29.6,19,46,-3.3
1997,2,0,32.5,19.2,14,-3.8
1997,3,15,35.7,21.4,24,-3.8
1997,4,41,35.3,24.9,45,-3.1
1997,5,35,38.1,26.2,38,-3.5
1997,6,57,37.4,26.3,58,-3
1997,7,49,35.3,25.8,50,-3.7
1997,8,138,34.9,24.9,134,-3.7
1997,9,124,34,23.8,120,-3.9
1997,10,300,32.5,22.7,135,-3.1
1997,11,333,29.7,22.4,98,-0.8
1997,12,131,29.3,21.9,100,3.2
1998,1,5,31.1,20.5,77,3
1998,2,1,34.1,20.6,71,3.2
1998,3,1,37.4,21.7,55,2.8
1998,4,20,36.7,25.5,41,2.5
1998,5,101,38.9,26.5,109,2.7
1998,6,25,37.8,26.6,32,1.8
1998,7,133,34.8,25.4,129,2.1
1998,8,245,34.2,24.6,128,3.2
1998,9,119,33.7,23.9,127,2.6
1998,10,200,32.3,23,133,2.3
1998,11,172,30.6,22,109,2.3
1998,12,156,28.3,20.5,113,3.3
1999,1,5,30.2,18.3,81,3.1
1999,2,9,32.6,19.5,74,3.3
1999,3,1,36.7,21.6,51,2.9
1999,4,43,36.7,24.8,62,3.1
1999,5,77,36.5,25.5,85,2.9
1999,6,60,36.2,25.2,65,2.8
1999,7,55,33.8,25,58,1.7
1999,8,125,34.4,24.5,123,1.2
1999,9,124,34.6,23.4,122,-1.6
1999,10,246,31.5,23.3,120,-1.3
1999,11,139,30.3,21.6,120,-1.4
1999,12,43,29.5,19.1,73,-1.8
2000,1,8,29.8,19.8,47,-2.2
2000,2,15,32,20.8,35,-2.3
2000,3,1,35.4,21.5,13,-2.6
2000,4,38,37,25.1,45,-2.1
2000,5,61,38.1,26.1,64,-2.1
2000,6,53,35.3,25.7,54,-1.9
2000,7,86,34.6,24.5,86,-2
2000,8,221,33.1,24.6,152,-1
2000,9,230,33.5,24.1,138,1.6
2000,10,241,32.1,22.9,135,2
2000,11,129,30.7,21.5,116,1.8
2000,12,55,27.9,19.3,91,1.7
2001,1,14,29.6,19.4,75,1.7
2001,2,1,33.1,20.7,59,1.7
2001,3,1,35.9,22.7,36,1.3
2001,4,74,35.3,24,87,2.3
2001,5,37,38.9,27.4,45,1.3
2001,6,35,36.3,25.8,40,0.8
2001,7,118,35.3,25.6,117,0.7
2001,8,83,34.7,25,83,-1.7
2001,9,153,34.2,24.3,144,-1.7
2001,10,282,31.7,22.9,121,-1.1
2001,11,105,29.6,21.8,101,-1.3
2001,12,90,28.5,20,99,-0.9
2002,1,44,29.8,19.6,75,0.3
2002,2,3,32,19.6,51,0.6
2002,3,0,35.4,22.1,22,-0.4
2002,4,3,36.4,25.2,15,-0.8
2002,5,103,38.4,26.9,106,0.4
2002,6,52,36.1,25.7,56,0.5
2002,7,41,35.5,25.9,43,-0.6
2002,8,111,35.4,25.6,109,-1.1
2002,9,108,35.3,25.5,105,-2
2002,10,282,32.2,23.5,131,-1.5
2002,11,163,30,22.1,113,-1.2
2002,12,24,29.2,20.7,76,-1.7
2003,1,1,30.2,20,56,-2.2
2003,2,5,33.1,20.7,32,-2.5
2003,3,19,35.7,22.4,32,-2.4
2003,4,27,36.4,25.1,35,-2.2
2003,5,35,39.3,27.8,39,-2.7
2003,6,49,37.1,26.7,51,-2.5
2003,7,135,34.2,24.6,130,-1.7
2003,8,192,33.8,24.1,157,-1.1
2003,9,89,35.6,25.8,95,-2.1
2003,10,235,32.1,23.3,122,-1.8
2003,11,76,30,22.1,90,-2.4
2003,12,15,29.3,20.7,53,-3.3
2004,1,32,29.9,19.7,56,-3.6
2004,2,4,32,19.6,18,-4
2004,3,7,35.4,22.2,15,-4.1
2004,4,36,37,25.8,40,-3.6
2004,5,180,35.5,23.9,157,-1.3
2004,6,63,35.8,25.4,69,2.6
2004,7,124,34.3,24.7,122,2.6
2004,8,71,35.5,25.7,72,1.3
2004,9,303,33.1,23.2,130,2.8
2004,10,264,31.4,22.7,119,3.5
2004,11,97,29.2,21.3,103,2.9
2004,12,12,29.2,20.6,82,2
2005,1,12,30.5,20.3,70,1.6
2005,2,11,32.6,20.3,61,1.3
2005,3,7,35.8,22.6,32,0.9
2005,4,50,35.1,23.9,61,1.4
2005,5,113,37.7,26.2,117,2
2005,6,32,36.6,26.2,36,1.3
2005,7,108,34.9,25.3,107,1.3
2005,8,133,34.8,25,130,0.8
2005,9,131,33.6,23.7,126,-1
2005,10,510,31.7,22.9,110,2.5
2005,11,215,28.4,20.5,104,3.3
2005,12,144,27.9,19.4,102,4.2
2006,1,11,29.1,18.9,80,4
2006,2,0,31.3,18.9,71,4.1
2006,3,74,34.9,21.7,103,5.3
2006,4,27,36.4,25.2,61,5.1
2006,5,65,37.9,26.4,79,4.4
2006,6,71,36.2,25.8,78,4.6
2006,7,75,36,26.4,79,3.4
2006,8,109,35.4,25.6,109,2.5
2006,9,104,34,24.1,103,1.4
2006,10,342,32,23.2,122,2.2
2006,11,127,29.6,21.8,95,2
2006,12,7,28.7,20.2,70,1.2
2007,1,4,29.9,19.7,65,0.7
2007,2,28,31.9,19.6,65,0.9
2007,3,1,35.1,21.9,28,-1.3
2007,4,46,35.7,24.5,58,-0.7
2007,5,58,38.2,26.7,64,-0.8
2007,6,61,35.6,25.2,64,0.5
2007,7,170,34.9,25.2,131,1.8
2007,8,224,33.7,23.9,140,2.7
2007,9,175,34,24.1,146,2.9
2007,10,220,32.3,23.6,120,3.1
2007,11,74,29.6,21.7,97,2.2
2007,12,116,28.5,20,108,2.7
2008,1,37,29.4,19.2,83,3
2008,2,33,32.1,19.8,73,3.6
2008,3,70,33.6,20.4,94,5.3
2008,4,32,35.5,24.3,66,5.5
2008,5,31,38.4,26.9,46,4.3
2008,6,62,36.7,26.3,70,4.3
2008,7,124,34.8,25.1,122,4.2
2008,8,269,34.3,24.5,139,5.2
2008,9,114,33.9,24.1,126,4.4
2008,10,329,31.7,23,114,5.3
2008,11,245,30.1,22.2,111,6
2008,12,20,28.5,20,77,5.1
2009,1,17,29.6,19.4,75,4.6
2009,2,0,32.3,20,62,4.2
2009,3,15,35.2,22,46,3.7
2009,4,17,36.6,25.4,32,3.1
2009,5,105,37.9,26.3,110,3.3
2009,6,63,36.5,26.1,66,3.3
2009,7,40,36,26.4,43,1.8
2009,8,181,35.4,25.6,156,1.9
2009,9,193,34.4,24.5,153,2
2009,10,51,33.5,24.8,68,-1.9
2009,11,248,30.3,22.4,93,-0.9
2009,12,103,29,20.4,103,1.2
2010,1,5,30.1,19.9,64,0.8
2010,2,0,32.8,20.4,53,0.6
2010,3,2,36,22.8,25,-0.4
2010,4,26,37.3,26.1,37,-0.7
2010,5,69,38.5,26.9,74,-0.7
2010,6,79,36.5,26.1,81,0.7
2010,7,134,34.6,25,129,1.2
2010,8,160,34.1,24.3,132,1.4
2010,9,211,33.8,23.9,137,1.9
2010,10,184,32.4,23.6,122,1.7
2010,11,222,30,22.1,94,2.4
2010,12,83,28.3,19.7,92,2.7
2011,1,12,29.6,19.4,82,2.7
2011,2,67,31.7,19.3,97,3.9
2011,3,0,35.2,22,73,4.1
2011,4,67,35.6,24.3,88,4.8
2011,5,74,38.7,27.2,85,4.4
2011,6,52,37.1,26.6,58,3.9
2011,7,110,35.5,25.8,111,3.5
2011,8,227,34.9,25.1,147,4
2011,9,136,35.2,25.4,140,3.3
2011,10,236,32.2,23.5,110,3.3
2011,11,181,29.4,21.5,106,3.3
2011,12,71,28.4,19.9,95,3.2
2012,1,21,29.1,18.9,79,3.2
2012,2,2,32.2,19.9,67,3.2
2012,3,1,36.1,22.8,45,2.7
2012,4,10,36.4,25.2,29,2.1
2012,5,37,38.2,26.7,47,1.3
2012,6,22,37.5,27.1,29,-1.6
2012,7,66,35.5,25.9,68,-2
2012,8,176,35.1,25.3,163,-1.7
2012,9,142,34.8,25,137,-1.8
2012,10,218,31.9,23.2,126,-1.8
2012,11,136,30.6,22.8,124,-2
2012,12,88,30,21.5,97,-1.9
2013,1,3,30.4,20.2,38,-2.6
2013,2,31,32.5,20.2,47,-2.5
2013,3,44,35.6,22.3,52,-2
2013,4,5,36.8,25.6,12,-2.3
2013,5,123,38.9,27.4,122,-1.4
2013,6,109,37,26.6,108,1.8
2013,7,119,35,25.4,116,1.6
2013,8,139,35.1,25.3,135,1.2
2013,9,186,33.7,23.8,146,1.2
2013,10,159,32.5,23.7,125,-0.6
2013,11,177,30.1,22.2,115,0.1
2013,12,34,29,20.5,65,-1.2
2014,1,4,33.1,22.9,34,-2.1
2014,2,8,31.7,19.4,23,-2.5
2014,3,2,35,21.8,12,-2.8
2014,4,5,36.8,25.6,12,-3.1
2014,5,73,38.1,26.5,75,-2.7
2014,6,117,37.8,27.4,115,-1.2
2014,7,64,36.1,26.5,64,-2
2014,8,149,35.2,25.4,143,-1.8
2014,9,141,35.1,25.2,136,-2.1
2014,10,376,32.5,23.8,123,-0.7
2014,11,72,30,22.2,95,-1.2
2014,12,49,29.5,20.9,84,-1.2
2015,1,38,30.2,20,79,-0.9
2015,2,2,32,19.7,58,-0.7
2015,3,18,35.5,22.3,44,-0.7
2015,4,62,35.9,24.7,74,1.2
2015,5,116,36.7,25.2,119,2
2015,6,45,36.2,25.8,49,1.8
2015,7,108,36.8,27.2,108,1.4
2015,8,172,35.8,26,162,1.4
2015,9,153,35.2,25.4,146,1
2015,10,121,32.6,23.9,118,-1.3
2015,11,317,29.4,21.5,94,1.4
2015,12,32,29.8,21.2,75,0.9
2016,1,22,29.9,19.7,71,-0.3
2016,2,1,32.7,20.8,55,-0.9
2016,3,10,35.7,23.4,34,-1.2
2016,4,8,37.2,26.7,21,-1.7
2016,5,118,36.9,26.5,121,-2
2016,6,86,32.8,24.9,87,-1.5
2016,7,111,32.4,24.5,109,-1.6
2016,8,68,34.5,24.5,69,-2.3
2016,9,138,34.3,24.2,133,-3.7
2016,10,25,34.6,24.5,26,-5.3
2016,11,36,32.2,21.5,36,-6.7
2016,12,184,30,20,121,-7.1
2017,1,16,29.9,19.8,34,-7.7
2017,2,1,32.5,18.9,12,-8
2017,3,22,33.7,22.7,29,-7.6
2017,4,9,37.6,26.3,14,-7.3
2017,5,78,37.4,26.5,78,-6.8
2017,6,52,35.1,25.8,52,-6.8
2017,7,96,35.1,25.2,93,-6.9
2017,8,336,31.2,23.9,124,-5.2
2017,9,233,31.2,23.4,123,-4.1
2017,10,312,30.9,24,114,-3.1
2017,11,158,28.9,22.8,103,-3
2017,12,41,28.9,19.9,85,-2.8
2018,1,4,29.7,18.7,72,-2.6
2018,2,3,31.8,18.9,63,-2.3
2018,3,27,35.1,21.7,60,-2.2
2018,4,17,35.5,25.5,33,-1.6
2018,5,71,36.1,25.9,78,-0.6
2018,6,44,32.4,25.1,49,4.6
2018,7,79,31.8,24.7,80,5.7
2018,8,163,32.5,24.1,155,6
2018,9,142,33.1,23.8,136,5.8
2018,10,201,31.8,23.2,127,5.4
2018,11,107,30,22,104,4.6
2018,12,48,29.9,20.6,65,3.8
2019,1,3,30.5,20.3,21,-2.6
2019,2,2,34.5,22.2,13,-3.2
2019,3,3,37.2,24,10,-3.6
2019,4,5,37.6,26.4,10,-3.9
2019,5,35,39.7,28.1,37,-4.3
2019,6,46,38.3,27.9,47,-4.1
2019,7,116,36,26.4,113,-3.5
2019,8,147,35.4,25.6,142,-3.3
2019,9,223,34.1,24.3,134,-2.2
2019,10,241,32.5,23.8,119,-1.6
2019,11,116,31.6,23.8,113,-1.7
2019,12,82,29.7,21.1,91,-1.2
