Product: Historical Climate - TerraClimate(http://www.climatologylab.org/terraclimate.html) 
Location (Lat/Lon of 4-km Grid Cell Center): 23.2292 North,91.5625 East 
Data Source: NW Climate Toolbox(https://climatetoolbox.org/tool/point-data-download)
Download Date: 07/24/2020
Variable List: 
ppt: ppt (Precipitation)
tmax: tmax (Maximum Temperature)
tmin: tmin (Minimum Temperature)
aet: aet (Actual Evapotranspiration)
PDSI: pdsi (Palmer Drought Severity Index (PDSI))
********************************************************
Year,Month,ppt(mm),tmax(degC),tmin(degC),aet(mm),PDSI(unitless)
1958,1,3,26.7,13.1,40,-0.2
1958,2,25,27.7,14.5,52,0.3
1958,3,41,32.7,18.9,73,-0.3
1958,4,85,33.5,23.2,99,-0.8
1958,5,224,32.5,24.9,138,-0.9
1958,6,300,32,25.3,129,-0.8
1958,7,324,31,24.6,116,-1.4
1958,8,545,30.5,24.6,106,-1
1958,9,272,31.6,24.9,105,-0.7
1958,10,225,30.8,23.5,102,0.3
1958,11,2,28.8,17.9,55,-0.7
1958,12,1,25.6,14,41,-0.8
1959,1,39,25,12.5,54,1
1959,2,37,26.8,13.8,59,1.7
1959,3,149,31.1,18.8,123,3.2
1959,4,49,32.9,23,88,2.3
1959,5,301,32.3,24.1,133,2.6
1959,6,535,30.7,24.6,119,2.4
1959,7,502,30.5,24.5,115,2.3
1959,8,683,30.3,24.6,113,2.7
1959,9,321,30,24.5,95,3.4
1959,10,380,29.2,22.5,89,4.8
1959,11,0,27.4,16.4,55,3.6
1959,12,1,26,12.8,41,3
1960,1,0,25.3,11.4,37,2.3
1960,2,1,30,14.9,39,1.4
1960,3,57,31.1,17.6,79,1.1
1960,4,15,34.2,23.6,44,-3
1960,5,230,33.5,25,148,-2.9
1960,6,485,31.1,25,122,-2.6
1960,7,655,29.5,24.4,105,-1.4
1960,8,402,31,25,114,-1.5
1960,9,377,31.1,24.8,99,2.3
1960,10,195,30.4,22.8,109,2.1
1960,11,45,27.4,16.9,71,2.1
1960,12,0,25.9,13.6,43,2.1
1961,1,5,26,12.5,40,1.8
1961,2,13,26,13.2,48,1.6
1961,3,28,31.6,21.4,69,1
1961,4,99,33.5,23.3,112,-0.4
1961,5,151,32.6,24.7,134,-1.5
1961,6,2106,30.5,24.4,122,-1.3
1961,7,253,30.1,24.6,114,-2.3
1961,8,744,30.7,24.9,112,-1.2
1961,9,189,30.8,24.7,109,-2.1
1961,10,177,30.2,22.9,107,-2
1961,11,2,27.3,16.3,53,-2.5
1961,12,0,24.2,10.8,41,-2.4
1962,1,16,24.4,9.8,44,-2
1962,2,25,28,14.2,50,-1.4
1962,3,7,32.7,18.2,55,-2.1
1962,4,96,33.1,23,106,-2.4
1962,5,277,32.6,23.6,138,-1.9
1962,6,430,30.3,24.3,106,-1.7
1962,7,556,31.3,24.9,125,-1.1
1962,8,418,30.2,24.7,111,-1.2
1962,9,185,31.9,24.9,108,-2.1
1962,10,264,30,22.7,112,-1.3
1962,11,0,27.8,16.4,54,-1.9
1962,12,0,25.5,12.4,40,-1.9
1963,1,0,25.6,10.4,37,-2.1
1963,2,1,29.8,15.3,40,-2.6
1963,3,37,32,18.7,67,-2.8
1963,4,78,32.1,21.7,93,-3.2
1963,5,243,31.2,23.6,143,-3
1963,6,409,30,24.8,109,-2.7
1963,7,607,30.1,24.8,107,-1.7
1963,8,324,30.8,25,115,-2
1963,9,170,31.9,24.9,116,-3.1
1963,10,333,29.8,22.7,102,-1.6
1963,11,3,28.1,17.2,56,-2.1
1963,12,0,25.7,13.3,42,-2.1
1964,1,16,24.6,11.6,43,-1.7
1964,2,31,28.2,15,57,-1.1
1964,3,22,32.5,20.8,63,-1.6
1964,4,178,31.4,22.6,141,-1
1964,5,180,32.3,23.9,141,-1.2
1964,6,836,30.6,24.4,117,-1.1
1964,7,518,29.2,24.1,110,-0.7
1964,8,438,30.8,24.8,123,-0.8
1964,9,303,31.3,25.2,105,0.6
1964,10,396,30,23.7,107,2.4
1964,11,39,28.2,18.7,70,2.2
1964,12,0,25.9,13.7,44,2.1
1965,1,0,25.5,12.1,39,1.6
1965,2,47,27.7,14.3,63,2.5
1965,3,29,30.9,17.9,68,1.9
1965,4,18,32.3,22.4,58,-1.6
1965,5,165,32.6,24.7,145,-2.1
1965,6,559,30.1,24.5,112,-1.9
1965,7,678,29.6,24.2,116,-0.7
1965,8,702,29.4,24.2,114,1.6
1965,9,228,30.9,24.7,109,1
1965,10,113,30.2,22.7,107,-1.1
1965,11,39,28.6,17.7,71,-0.9
1965,12,4,25.6,14.4,46,-0.6
1966,1,15,24.8,13.2,46,0.3
1966,2,0,29.7,15.7,42,-0.4
1966,3,65,31.5,19.1,88,0.1
1966,4,50,33.6,23.1,82,-1.2
1966,5,141,33.4,24.9,139,-2.1
1966,6,510,29.2,24.5,102,-1.9
1966,7,319,30.7,24.7,116,-2.4
1966,8,562,30.2,24.9,108,-1.9
1966,9,443,30.8,24.8,114,2.7
1966,10,280,29.4,21.8,118,3.1
1966,11,15,28.4,18.8,62,2.3
1966,12,10,24.7,13.7,45,2.4
1967,1,48,24.8,13.2,60,3.5
1967,2,1,28.1,15.2,46,2.9
1967,3,125,29.7,19,120,3.8
1967,4,153,32.3,21.4,141,3.8
1967,5,139,32.3,24.3,137,2.8
1967,6,305,30.9,24.3,127,2.5
1967,7,492,30.5,24.6,112,2.4
1967,8,509,30.8,24.7,118,2.2
1967,9,382,30.2,24.6,107,3.7
1967,10,218,29.7,22.2,112,3.5
1967,11,0,27.4,15.4,55,2.4
1967,12,0,25.9,12.9,40,2
1968,1,7,24.7,11.6,39,1.6
1968,2,8,26.9,13.6,40,1.1
1968,3,80,31.7,19,94,1.3
1968,4,76,32.2,22.1,95,0.6
1968,5,330,32.1,23.7,144,1.1
1968,6,1364,29.2,23.8,102,1
1968,7,373,30.2,24.6,112,-0.5
1968,8,526,30.5,24.5,115,0.2
1968,9,131,31.4,25,108,-2.4
1968,10,98,30.1,22.8,103,-2.9
1968,11,12,28.1,18,57,-3.1
1968,12,0,26,13,43,-2.9
1969,1,1,24.8,11.2,37,-3
1969,2,0,29,14.1,38,-3.3
1969,3,136,32,20,130,-1.9
1969,4,191,32.8,22.5,144,-1
1969,5,66,33.2,24.7,100,-2.2
1969,6,551,30.7,24.4,114,-1.9
1969,7,557,30.4,24.8,114,-1.3
1969,8,703,29.6,24.2,109,1.3
1969,9,267,31.5,25,114,1.1
1969,10,51,30.1,22.4,87,-1.1
1969,11,19,28,17.7,56,-1.4
1969,12,0,25.8,13,39,-1.7
1970,1,22,24.6,11.4,45,-1.3
1970,2,16,28,15,45,-1.3
1970,3,27,31.2,20,62,-1.8
1970,4,118,32.9,23.2,120,-1.8
1970,5,140,32.4,25,134,-2.5
1970,6,715,30.5,24.8,120,-2.2
1970,7,382,29.7,24.5,108,-2.4
1970,8,418,30.5,24.8,115,-2.3
1970,9,276,30.4,25.1,102,-1.8
1970,10,392,29.1,23,104,2
1970,11,91,27,18.3,84,3.1
1970,12,0,25.6,13,46,3.1
1971,1,13,24.6,12.5,46,3.2
1971,2,4,27.2,13.5,46,2.9
1971,3,2,32,17.7,60,1.8
1971,4,16,30.7,22,52,-1.9
1971,5,102,31.9,24,107,-2.9
1971,6,345,29.7,24.3,111,-2.6
1971,7,560,29,24.2,105,-2
1971,8,560,29.2,24,100,-1.5
1971,9,211,31.1,24.8,109,-2.1
1971,10,153,29.8,23.3,108,-2.2
1971,11,66,27.4,16.8,77,-1.2
1971,12,0,25.7,12.6,45,-0.8
1972,1,0,25.9,12,40,-0.8
1972,2,16,25.7,12.9,49,0.2
1972,3,19,31.2,19.2,64,-0.5
1972,4,97,31.6,21.7,109,-0.8
1972,5,115,32.5,25,122,-1.9
1972,6,351,31,24.3,132,-1.7
1972,7,340,30.9,24.8,123,-2.3
1972,8,518,29.9,24.3,122,-2
1972,9,179,31.7,24.7,121,-3.1
1972,10,76,30.5,22.4,102,-3.7
1972,11,1,28.7,17.9,53,-4.2
1972,12,0,26.4,12.4,40,-4.3
1973,1,7,26.2,12,36,-4.2
1973,2,19,28.9,16.1,47,-4
1973,3,50,30.9,18.5,73,-3.9
1973,4,99,32.8,24.2,109,-4
1973,5,428,30.9,23.3,131,-2.1
1973,6,401,30.5,24.7,114,-1.9
1973,7,423,30.7,24.8,122,-2
1973,8,271,30.5,24.7,121,-2.4
1973,9,322,30.5,24.9,109,-1.3
1973,10,187,30.2,23.3,106,-1.2
1973,11,130,27.1,18.5,91,2.9
1973,12,8,24.2,13.6,49,3.2
1974,1,8,24.3,11.7,44,3.3
1974,2,0,27.8,13.6,47,2.8
1974,3,175,30.6,19.3,125,4.6
1974,4,114,31.4,22.6,124,4.3
1974,5,252,31.7,23.9,133,4.3
1974,6,496,30.2,24.2,114,3.8
1974,7,763,28.7,24.1,113,4.9
1974,8,443,30.2,24.8,119,4.3
1974,9,319,30.6,24.5,109,4.6
1974,10,199,30.7,23.7,106,4.2
1974,11,42,28.3,20.1,70,3.9
1974,12,0,24.3,12.4,45,3.6
1975,1,0,24.7,12,38,3
1975,2,14,28,14.9,49,2.7
1975,3,3,32.2,19.6,52,1.5
1975,4,58,32.6,23.4,81,-1.9
1975,5,219,31.9,24,142,-2
1975,6,243,31.2,24.8,123,-1.8
1975,7,655,29.1,24,100,-0.9
1975,8,278,30.6,24.9,112,-1.4
1975,9,265,30.4,24.7,108,-1.2
1975,10,237,30.2,23.8,106,-0.7
1975,11,84,26.2,17.8,84,1.5
1975,12,0,24.5,11.9,47,1.7
1976,1,0,25.1,12,41,1.5
1976,2,7,27.8,15.4,47,1.3
1976,3,34,31.3,20.1,74,0.8
1976,4,48,32.4,22.9,80,-1.3
1976,5,205,31.8,23.5,145,-1.5
1976,6,1322,29.7,23.8,114,-1.4
1976,7,375,30.1,24.4,110,-1.7
1976,8,491,30.1,24.1,118,-1.5
1976,9,153,31.3,24.7,109,-2.8
1976,10,145,30,22.3,102,-2.9
1976,11,70,28.6,19.1,79,-1.8
1976,12,1,25.1,12.9,46,-1.3
1977,1,3,24.9,11.5,42,-1.1
1977,2,52,27.1,14.1,68,2.3
1977,3,7,31.9,21.2,64,1.4
1977,4,349,29.8,21.6,135,3.8
1977,5,289,30.3,23,142,4.6
1977,6,455,29.4,23.9,106,4.1
1977,7,498,29.9,24.9,111,3.8
1977,8,276,30.2,25,114,2.8
1977,9,170,31.3,25.2,119,1.1
1977,10,124,29.7,22.1,116,-2.4
1977,11,45,27.9,19,70,-1.9
1977,12,1,25.2,13.4,45,-1.5
1978,1,0,23.4,10.5,39,-1.6
1978,2,3,27.2,14.5,41,-1.7
1978,3,13,31.2,18,60,-2.3
1978,4,79,32.1,21.8,92,-2.7
1978,5,346,31.4,23.7,136,-1.6
1978,6,576,29.8,24,105,-1.5
1978,7,369,30.4,24.6,114,-1.8
1978,8,449,31.4,25.4,114,-1.7
1978,9,300,30.6,24.8,108,-1
1978,10,141,31,23.8,115,-1.4
1978,11,1,28.7,18.7,54,-2
1978,12,0,26.3,13.4,42,-2
1979,1,12,26.2,12.6,45,-1.8
1979,2,9,27.2,14.4,45,-1.9
1979,3,30,31.2,19.2,66,-2.4
1979,4,45,33.1,23.2,67,-3.3
1979,5,107,33.4,25.4,116,-4.4
1979,6,329,30.8,25.1,126,-3.9
1979,7,420,30.4,25,122,-4.2
1979,8,654,30.1,25.1,105,-3.2
1979,9,344,30.8,25.1,109,-1.7
1979,10,85,30.2,23,105,-2.5
1979,11,31,29.4,19.8,65,-2.4
1979,12,7,25.2,15.2,45,-2.1
1980,1,1,24.6,12.4,39,-2.3
1980,2,35,27.2,15,55,-1.5
1980,3,79,30.8,20.1,94,-1
1980,4,54,33.2,23.7,86,-1.9
1980,5,409,31.4,23.1,145,1.2
1980,6,286,30.6,24.7,105,1.1
1980,7,529,30.3,24.6,108,1.3
1980,8,477,30.6,24.8,108,1.2
1980,9,236,31.5,25.2,109,0.7
1980,10,246,29.6,22.5,104,1.1
1980,11,0,28.7,17.5,61,-0.8
1980,12,0,25.9,14.6,42,-1.1
1981,1,41,24.5,12.9,55,1
1981,2,12,27,15.1,46,-0.1
1981,3,136,30.2,18.9,115,2.1
1981,4,348,29.6,21.5,114,4.7
1981,5,336,31,23.8,131,5.9
1981,6,850,31,24.8,117,5.3
1981,7,511,29.4,24.7,106,5
1981,8,400,31,25.1,108,4.3
1981,9,175,30.7,25,113,2.6
1981,10,28,30.9,23,87,1
1981,11,1,29.1,17.8,52,-3.3
1981,12,7,24.8,13.4,37,-3.5
1982,1,0,25.7,12.3,31,-4
1982,2,23,26.9,15.5,42,-3.8
1982,3,32,30.5,18.2,59,-4.1
1982,4,176,31.6,21.8,130,-3.2
1982,5,140,33.4,24.5,143,-3.8
1982,6,530,30.1,24.6,102,-3.4
1982,7,430,30.8,24.9,123,-3.3
1982,8,676,30.1,24.8,108,-2.3
1982,9,293,30.8,25,109,-1.6
1982,10,36,30.8,23.1,89,-2.7
1982,11,33,27.3,17.1,63,-2.6
1982,12,1,24.7,12.5,37,-2.9
1983,1,16,24.2,12.5,40,-2.6
1983,2,36,26.5,14.3,54,-1.8
1983,3,167,29.8,20,115,2.3
1983,4,229,32.1,22,137,3.4
1983,5,334,31.8,23.7,134,4.5
1983,6,676,31.1,25,122,4
1983,7,369,30.9,24.9,117,3.1
1983,8,526,30.8,24.9,105,3
1983,9,253,31.1,25.3,104,2.6
1983,10,312,30.5,23.2,101,3.4
1983,11,23,28.7,18.9,62,2.8
1983,12,9,24.5,13.1,45,2.9
1984,1,13,24.3,11.8,44,2.8
1984,2,2,27.3,14,42,2.2
1984,3,1,32.3,19.1,54,0.9
1984,4,131,33.2,23,131,0.7
1984,5,512,31.3,23.8,134,2.8
1984,6,402,30.7,24.5,104,2.5
1984,7,777,30.2,24.3,116,3.8
1984,8,470,31,24.9,114,3.4
1984,9,289,30.8,24.3,115,3.3
1984,10,149,31,23.5,103,2.6
1984,11,1,28.5,17.4,61,1.5
1984,12,1,25.8,13.3,42,1.1
1985,1,15,25.3,12.7,44,1.1
1985,2,7,28.1,14.2,41,0.6
1985,3,144,31.4,21.3,130,1.8
1985,4,103,32.4,23.7,114,1.4
1985,5,363,31.9,23.6,147,2.2
1985,6,843,30.7,24.5,111,2
1985,7,198,29.7,24,113,-1.3
1985,8,476,31.1,24.9,114,-1.2
1985,9,273,31,24.8,110,-0.9
1985,10,56,31.3,22.9,95,-1.9
1985,11,37,28.3,17.2,67,-1.8
1985,12,0,26.5,14.4,38,-2
1986,1,9,25.1,12.9,38,-2
1986,2,2,28.4,15,39,-2.5
1986,3,14,32.5,19.6,52,-3.2
1986,4,167,32.1,22,133,-2.5
1986,5,184,32.6,23.5,152,-2.7
1986,6,320,31.7,25.2,125,-2.4
1986,7,566,30.3,24.4,110,-1.7
1986,8,326,31.5,25,114,-2
1986,9,343,30.3,24.5,98,1.3
1986,10,229,30.1,22.2,107,1.5
1986,11,144,28.1,18.5,82,3.8
1986,12,0,26,14.1,48,3.7
1987,1,5,26,12.7,46,3.5
1987,2,7,28.9,15.5,46,3.1
1987,3,89,30.5,19.5,101,3.5
1987,4,239,31.9,22.7,142,4.5
1987,5,84,33,24.3,133,2.9
1987,6,757,31.6,25.9,131,2.6
1987,7,410,30.4,24.9,115,2.1
1987,8,640,30.6,25.2,111,2.3
1987,9,357,31.3,25.5,111,3.4
1987,10,141,31.3,23,120,2.5
1987,11,32,29,19.3,70,2.1
1987,12,5,26.1,14.4,46,2.1
1988,1,0,26,13.1,41,1.6
1988,2,20,28.9,15.8,50,1.5
1988,3,81,31.1,20.3,96,1.7
1988,4,125,33,23.4,129,1.5
1988,5,400,31.6,24.5,136,2.7
1988,6,461,30.6,24.7,108,2.4
1988,7,491,30.3,25,109,2.3
1988,8,491,30.4,25,100,2.1
1988,9,272,31.7,25.3,110,2
1988,10,256,31,23.4,113,2.3
1988,11,59,29,19.2,77,2.6
1988,12,1,26.3,15.7,45,2.6
1989,1,0,24.3,11.2,41,2.2
1989,2,11,27.5,15.1,47,1.9
1989,3,17,31.6,19.1,61,1.1
1989,4,124,33.1,23.5,131,0.7
1989,5,120,33.3,25.4,127,-2.1
1989,6,515,31.2,24.6,124,-1.9
1989,7,375,30.6,24.8,115,-2.1
1989,8,160,31.4,25.2,120,-2.9
1989,9,320,31,25.4,103,-1.7
1989,10,358,29.5,23.4,89,2.4
1989,11,4,28.3,17.5,61,1.4
1989,12,0,25.3,12.7,43,1
1990,1,1,25.8,13.7,36,-1.3
1990,2,39,27.1,16.4,54,0.7
1990,3,131,29.2,19.9,100,2.1
1990,4,194,30.6,22.3,130,2.9
1990,5,201,31.7,24.6,128,2.8
1990,6,848,30.7,25.3,114,2.5
1990,7,437,29.9,24.9,100,2.1
1990,8,320,30.9,25.3,113,1.4
1990,9,212,31,25.5,111,0.6
1990,10,236,29.2,22.8,108,0.9
1990,11,63,28.8,19.8,74,1.5
1990,12,6,25.6,14.6,48,1.8
1991,1,20,23.6,11.9,48,2.3
1991,2,34,28.5,15.8,59,3
1991,3,56,32,20.9,84,2.9
1991,4,190,31.8,22.7,129,3.5
1991,5,335,31.2,23.7,125,4.4
1991,6,471,29.8,24.3,105,4
1991,7,433,30.3,24.7,111,3.4
1991,8,434,30.4,25.1,112,2.9
1991,9,401,30.3,24.6,108,4.6
1991,10,325,29.6,22.9,98,5.3
1991,11,38,27.1,17.1,70,4.8
1991,12,5,23.9,12.9,43,4.6
1992,1,2,23.4,11.7,37,4
1992,2,57,25.7,14.2,65,5.1
1992,3,10,31.4,19.5,66,3.9
1992,4,14,33.4,23.1,54,2.1
1992,5,156,31.5,23.7,150,1.1
1992,6,273,31.1,24.8,129,0.9
1992,7,380,29.9,24.4,113,-3
1992,8,343,30.7,24.8,118,-3.1
1992,9,187,30.9,24.5,111,-3.9
1992,10,203,29.7,22.7,102,-3.3
1992,11,3,28,17.8,54,-3.7
1992,12,1,23.9,12.2,41,-3.4
1993,1,4,24.2,12.3,37,-3.3
1993,2,60,27.3,15.6,69,-1.5
1993,3,133,29.6,18.1,119,2.7
1993,4,122,31.1,22,121,2.6
1993,5,463,31,23.4,129,4.5
1993,6,561,30,24.2,107,4.1
1993,7,473,30.3,24.4,114,3.7
1993,8,531,30.2,24.9,100,3.5
1993,9,282,30.5,24.5,98,3.6
1993,10,180,30,22.7,98,3.2
1993,11,18,27.8,17.8,61,2.5
1993,12,0,25.8,13.8,43,2.2
1994,1,18,25.5,12.5,47,2.2
1994,2,16,26.1,14.8,48,2
1994,3,192,30.8,19.9,121,4.1
1994,4,213,31.8,22.6,133,5
1994,5,156,32.7,24.8,147,4.3
1994,6,474,30.4,24.7,110,3.9
1994,7,266,30.8,24.9,117,2.5
1994,8,448,30.8,25.1,110,2.1
1994,9,122,31.7,24.9,119,-3.1
1994,10,65,30.5,22.5,90,-3.7
1994,11,7,27.4,18.5,51,-3.9
1994,12,0,25,12.8,40,-4
1995,1,6,24,12.2,37,-3.9
1995,2,27,27,15.4,46,-3.2
1995,3,38,31.6,19.7,69,-3.4
1995,4,73,33.6,23.5,92,-3.8
1995,5,211,33.3,25.6,159,-3.9
1995,6,435,31,25.6,108,-3.5
1995,7,550,30.2,24.8,112,-2.7
1995,8,577,30.8,25,102,-2.1
1995,9,210,30.9,25.3,107,-2.6
1995,10,83,31,23.3,91,-3.1
1995,11,152,27.9,19.3,76,2.7
1995,12,0,24.8,13.4,47,2.7
1996,1,6,24.8,12.5,44,2.7
1996,2,15,28.1,14.9,50,2.7
1996,3,112,31.8,21,117,3.4
1996,4,136,32.7,22.9,135,3.3
1996,5,229,32.7,24.8,154,3
1996,6,428,31,24.3,113,2.7
1996,7,434,30.3,24.8,107,2.2
1996,8,371,30.3,24.7,96,1.8
1996,9,224,31.2,25.7,100,1.2
1996,10,314,30.2,22.5,107,2.1
1996,11,13,28.6,18,61,1.4
1996,12,0,26.1,13.4,42,1.1
1997,1,7,24.6,11.9,39,0.9
1997,2,21,26,14.6,46,1
1997,3,128,31,20.3,118,2.1
1997,4,91,30,21.6,100,1.8
1997,5,181,32.6,24.3,142,1.2
1997,6,750,30.8,24.6,114,1.1
1997,7,459,30.4,24.6,101,1
1997,8,353,31,25.1,102,-0.3
1997,9,394,30.7,24.8,102,1.9
1997,10,64,30.3,22.2,100,0.7
1997,11,9,28.6,19,56,-1.7
1997,12,7,24,13.8,41,-1.8
1998,1,33,23.7,11.9,50,-1
1998,2,33,27.7,15.8,51,1
1998,3,137,29.7,18.5,120,2.3
1998,4,179,31.7,23.2,125,2.9
1998,5,254,32.8,25,135,3
1998,6,362,31.9,25.6,119,2.7
1998,7,681,30.3,24.9,108,3.5
1998,8,553,30.2,25.5,100,3.4
1998,9,228,32,25.4,105,2.6
1998,10,109,31.9,24.8,107,1.6
1998,11,116,29,19.6,88,3.3
1998,12,0,26.1,14,50,3.3
1999,1,0,25.9,12.6,44,2.9
1999,2,0,30.3,16.4,47,2.2
1999,3,5,33,20.4,58,1.1
1999,4,14,34.2,24.6,42,-2.6
1999,5,304,31.5,24.4,128,-1.8
1999,6,403,31,25,108,-1.7
1999,7,718,30.2,24.7,107,1.6
1999,8,477,30,25.1,102,1.5
1999,9,335,30.9,24.8,108,2.4
1999,10,302,30.4,23.9,100,3.1
1999,11,10,28.4,18.4,62,2.2
1999,12,2,26,14.6,40,1.9
2000,1,47,24.2,11.6,59,3
2000,2,23,26.3,14.9,50,3.2
2000,3,109,30,19.2,110,3.8
2000,4,149,31.9,22.1,143,3.8
2000,5,454,31.4,23.6,139,5.4
2000,6,366,31.1,24.1,117,4.9
2000,7,360,31,24.5,118,3.8
2000,8,451,30.9,24.4,100,3.4
2000,9,178,30.8,24.2,102,2
2000,10,244,30.5,23,96,2.3
2000,11,9,28.4,18.1,61,1.5
2000,12,0,25.5,12.9,43,1.1
2001,1,1,26.5,11.9,40,0.6
2001,2,7,29.3,16,40,-2
2001,3,25,31.5,20,61,-2.5
2001,4,41,32.8,23.5,62,-3.4
2001,5,253,31.1,24.9,126,-2.9
2001,6,504,30.1,24.7,98,-2.6
2001,7,306,30.6,24.9,113,-3.1
2001,8,463,30.7,25.5,108,-2.8
2001,9,240,31.4,25.9,111,-2.9
2001,10,294,30,24.3,97,-1.6
2001,11,25,29.2,18.9,59,-1.6
2001,12,0,26.2,13.8,46,-1.4
2002,1,21,24.7,13.5,46,-0.8
2002,2,1,29.1,15.6,44,-1.2
2002,3,71,31.6,20.3,90,-0.8
2002,4,164,31.6,22.9,141,1
2002,5,100,31.3,24.7,107,-0.9
2002,6,908,30.4,24.9,110,-0.8
2002,7,595,29.5,25.1,108,0.6
2002,8,278,30.3,24.8,100,-0.6
2002,9,225,31.1,25.3,110,-1.1
2002,10,101,30.5,22.9,100,-1.7
2002,11,140,28.8,18.8,80,2.4
2002,12,0,25.7,14.7,46,2.5
2003,1,3,25.1,11.2,44,2.3
2003,2,10,27.5,15.7,46,2.2
2003,3,56,29.9,19.4,80,2.1
2003,4,67,32.4,23.5,92,1.4
2003,5,168,31.6,24.8,150,0.6
2003,6,546,29.7,25,94,-1
2003,7,783,30.3,25.2,114,1.5
2003,8,163,31.4,25.5,114,-0.9
2003,9,194,31.5,26,105,-1.7
2003,10,293,30.9,24,104,-0.6
2003,11,34,29,17.8,72,-0.7
2003,12,5,24.9,13.8,43,0.2
2004,1,3,24.5,12.7,40,-0.1
2004,2,3,28.1,14.8,43,-0.5
2004,3,45,33.3,20.4,79,-0.9
2004,4,189,31.1,23.3,132,0.7
2004,5,172,32.6,25.4,156,-0.5
2004,6,793,30.4,25.3,111,0
2004,7,199,29.5,24.8,102,-1.6
2004,8,231,31.2,25.1,104,-2.2
2004,9,259,31.3,25,102,-1.9
2004,10,437,29.7,22.5,109,2.1
2004,11,3,27.7,18.2,58,1.2
2004,12,2,26.6,14,42,0.9
2005,1,14,24.7,13.2,43,0.9
2005,2,6,28.4,16.6,44,-1
2005,3,75,31.3,20.9,90,-0.7
2005,4,119,32.6,23.2,124,-0.8
2005,5,211,32.2,24.5,158,-1.1
2005,6,322,31.5,25.5,127,-1
2005,7,380,30.3,25.1,126,-1.4
2005,8,154,30.6,25.7,104,-2.2
2005,9,245,31.6,24.9,108,-2.2
2005,10,279,29.3,24.2,100,-1.2
2005,11,0,28.8,17.4,58,-1.8
2005,12,0,26.2,14.4,42,-1.9
2006,1,0,26.8,12.2,39,-2.2
2006,2,4,31,16.8,42,-2.7
2006,3,5,32.4,21,44,-3.6
2006,4,321,31.6,23.7,145,-1.2
2006,5,124,31.8,24.9,130,-1.5
2006,6,351,30.6,25,117,-1.4
2006,7,303,31,25.3,115,-2
2006,8,282,31.6,25.1,123,-2.4
2006,9,284,31.6,25.4,116,-2
2006,10,100,30.6,24,103,-2.5
2006,11,22,27.7,19.5,63,-2.6
2006,12,1,26.9,14.2,43,-2.4
2007,1,1,26.1,12.2,39,-2.6
2007,2,42,26.2,15.8,57,-1.5
2007,3,14,31.7,18.8,59,-2
2007,4,313,32.2,23,136,2.1
2007,5,101,32.2,24.6,117,1.3
2007,6,661,31.1,24.7,116,1.2
2007,7,347,29.9,25.2,103,-0.5
2007,8,1376,31.2,25.7,108,2.7
2007,9,303,30.9,25.6,98,3.2
2007,10,342,31.1,24,101,4.2
2007,11,50,28.6,19,69,4.1
2007,12,0,26.5,13.5,48,3.9
2008,1,29,24.9,13.5,52,4.4
2008,2,12,26.4,14,48,4.1
2008,3,39,31,20.6,67,3.6
2008,4,71,32.6,23.8,97,2.6
2008,5,145,31.4,25.5,139,1.5
2008,6,450,29.6,25.1,98,1.4
2008,7,567,30.1,25.1,99,1.8
2008,8,331,30,25.5,102,1.2
2008,9,216,31.8,25.6,104,-1.4
2008,10,179,30.2,23.6,102,-1.3
2008,11,7,28.3,18.4,63,-1.9
2008,12,1,26.7,15.1,40,-1.9
2009,1,0,27.2,13.7,38,-2.1
2009,2,19,30.1,16.4,52,-2.1
2009,3,22,32,20.4,58,-2.6
2009,4,218,33.4,24,144,-1.4
2009,5,112,32.4,25,123,-2.2
2009,6,324,31.4,25.6,121,-1.9
2009,7,559,31.3,25.3,111,-1.3
2009,8,293,30.8,25.5,97,-1.6
2009,9,233,32.3,25.8,102,-1.8
2009,10,214,31.7,23.4,111,-1.4
2009,11,43,29.8,18.4,74,-1.1
2009,12,1,26.2,14,47,-0.9
2010,1,0,26.6,11.5,42,-1.1
2010,2,2,29.8,14.7,42,-1.5
2010,3,142,33,20.9,137,1.1
2010,4,282,33.6,23.7,148,2.7
2010,5,197,32.6,25.2,143,2.5
2010,6,558,30.6,25.2,105,2.3
2010,7,276,30.4,25.7,118,1.1
2010,8,247,31.2,26,107,-1.5
2010,9,259,31,26.1,99,-1.3
2010,10,262,30.5,24.8,105,0.6
2010,11,10,29.4,20,62,-0.6
2010,12,3,25.5,14.1,46,-0.6
2011,1,7,24.5,11.7,41,-0.7
2011,2,16,29.2,14.5,48,-0.8
2011,3,20,31.1,20.4,58,-1.4
2011,4,94,31.8,23.5,101,-1.7
2011,5,209,31.7,24.8,129,-1.7
2011,6,902,30.6,25.4,103,-1.5
2011,7,363,30.2,25.4,112,-1.9
2011,8,1435,30.6,25,96,2.9
2011,9,199,31.7,25.3,102,1.9
2011,10,74,31.1,23.8,98,0.7
2011,11,24,28.6,17.6,67,-1.9
2011,12,0,26.6,13.9,41,-2.1
2012,1,25,23.2,11.1,46,-1.5
2012,2,1,27.3,13.6,38,-2
2012,3,103,32,19.7,108,-1.2
2012,4,189,30.9,22.1,125,1.3
2012,5,235,33.3,24.5,150,1.3
2012,6,268,30.4,25,114,1.2
2012,7,502,29.8,24.9,107,1.2
2012,8,497,31,25.1,103,1.2
2012,9,172,30.8,24.9,100,-1.1
2012,10,273,29.9,22,106,0.7
2012,11,23,28.9,16.8,65,-0.3
2012,12,3,26.5,12.6,46,0
2013,1,1,24.8,10.6,39,-0.6
2013,2,5,28.1,14.5,44,-1
2013,3,9,31.6,19.4,51,-1.8
2013,4,87,32,22.5,97,-2.2
2013,5,253,30.5,23.7,117,-1.8
2013,6,387,31.6,25,117,-1.6
2013,7,460,30.8,24.7,118,-1.5
2013,8,457,30.4,24.6,102,-1.3
2013,9,198,31,24.8,98,-1.9
2013,10,275,29.3,22.8,98,-1
2013,11,0,27.4,16.4,61,-1.7
2013,12,0,23.8,12.7,41,-1.8
2014,1,0,23.2,11.5,36,-2.1
2014,2,27,25.7,13.9,50,-1.7
2014,3,19,30.9,18.9,58,-2.3
2014,4,46,33.8,23.1,69,-3.1
2014,5,123,32.9,24.8,124,-3.9
2014,6,370,30.6,24.4,116,-3.5
2014,7,396,30.9,25,118,-3.6
2014,8,602,30.3,24.6,99,-2.8
2014,9,250,31,24.8,111,-2.7
2014,10,60,30.5,22.4,95,-3.5
2014,11,0,27.8,17.1,55,-4
2014,12,0,24.3,13,36,-4.3
2015,1,10,24,12.4,36,-4.2
2015,2,13,27,14.6,40,-4.1
2015,3,22,31.2,19.1,54,-4.5
2015,4,162,31.1,22,120,-3.6
2015,5,98,32.7,24.3,110,-4.3
2015,6,540,30.7,24.5,109,-3.9
2015,7,888,30.1,24.3,97,-1.4
2015,8,560,30.7,24.7,100,-0.9
2015,9,313,31.4,24.8,106,2.7
2015,10,125,30.3,22.6,109,1.9
2015,11,6,27.9,17.6,58,1
2015,12,1,23.9,12.9,39,0.8
2016,1,8,22.4,11.9,39,-1.2
2016,2,10,27.8,16.9,41,-1.3
2016,3,58,31.3,20.8,79,-1
2016,4,86,32.3,23.4,100,0.7
2016,5,185,31.8,23.9,141,1.6
2016,6,278,31.8,24.9,120,1.4
2016,7,508,30.3,24.5,109,1
2016,8,453,31.5,24.9,121,1
2016,9,219,31.6,25.1,112,1.4
2016,10,184,31,23.4,104,1.6
2016,11,54,27.5,17.8,73,2.3
2016,12,0,25.6,14.2,45,2.4
2017,1,0,24.7,12,43,2
2017,2,12,28,15.2,48,1.5
2017,3,106,28.7,18.9,103,2.5
2017,4,274,30.4,22.5,122,3.9
2017,5,145,32.9,24.6,139,4.1
2017,6,429,31.1,24.4,111,3.7
2017,7,691,30.4,24.6,109,3.9
2017,8,555,31.1,24.9,105,3.5
2017,9,326,31.5,25,99,4.5
2017,10,306,30.1,23.2,105,5.4
2017,11,10,28.8,18.7,63,4.8
2017,12,8,25.8,15.2,44,4.7
2018,1,8,23.6,11.7,41,5.3
2018,2,9,27.2,15.4,42,4.5
2018,3,25,31.2,20.2,60,4.6
2018,4,143,31.2,21.8,123,4.7
2018,5,206,31.2,23.3,121,5.6
2018,6,359,31.3,24.3,117,5
2018,7,509,31,24.7,117,4.1
2018,8,298,31.6,25,120,3.3
2018,9,151,31.9,24.9,117,1.5
2018,10,152,29.3,21.8,108,0.9
2018,11,3,27.6,16.6,59,-2.4
2018,12,2,24.5,13.1,42,-2.3
2019,1,1,25.4,12.8,39,-3
2019,2,16,27.9,15.4,43,-2.8
2019,3,42,31.3,19.8,67,-2.7
2019,4,111,33.3,23.9,115,-2.6
2019,5,137,34,26.2,142,-3.5
2019,6,267,32.4,26.4,134,-3.1
2019,7,528,31.1,25.5,117,-3.1
2019,8,417,32.1,26.5,118,-3
2019,9,212,32.1,26,110,-3.3
2019,10,142,31.2,23.9,105,-3.4
2019,11,48,28.6,18.8,73,-2.8
2019,12,1,24.7,12.9,45,-2.3
