Product: Historical Climate - TerraClimate(http://www.climatologylab.org/terraclimate.html) 
Location (Lat/Lon of 4-km Grid Cell Center): 28.8542 North,78.7708 East 
Data Source: NW Climate Toolbox(https://climatetoolbox.org/tool/point-data-download)
Download Date: 07/24/2020
Variable List: 
ppt: ppt (Precipitation)
tmax: tmax (Maximum Temperature)
tmin: tmin (Minimum Temperature)
aet: aet (Actual Evapotranspiration)
PDSI: pdsi (Palmer Drought Severity Index (PDSI))
********************************************************
Year,Month,ppt(mm),tmax(degC),tmin(degC),aet(mm),PDSI(unitless)
1958,1,33,22.1,9.8,44,0.6
1958,2,6,24.5,10.1,44,-0.3
1958,3,12,31.5,16.4,59,-0.6
1958,4,1,38.8,22.6,21,-0.7
1958,5,3,40.7,25.6,14,-1.1
1958,6,32,40.4,27.7,38,-2
1958,7,460,32.8,26.9,135,-0.6
1958,8,391,32.9,26.1,101,2.4
1958,9,279,31.6,25.3,124,3.1
1958,10,140,30.9,19.2,104,3.8
1958,11,1,27.8,12.9,48,3.8
1958,12,11,22.8,9.6,37,3.8
1959,1,47,20.9,8.3,50,4.1
1959,2,13,23.7,9.6,46,3.7
1959,3,10,32.1,15.7,61,3.6
1959,4,2,37,21.3,24,3.2
1959,5,18,39.6,25.6,29,3
1959,6,48,39.5,28.2,54,2.4
1959,7,349,32.7,26.5,151,2.3
1959,8,239,32.7,26.7,123,1.8
1959,9,167,32.1,25.8,122,1.4
1959,10,87,31.7,20.3,101,1.5
1959,11,6,27.7,12,52,1.8
1959,12,0,23.6,8.8,32,1.5
1960,1,26,20.3,7.5,39,1.4
1960,2,0,28.5,12.4,36,0.7
1960,3,31,29.4,14.9,57,1
1960,4,2,35.9,20,20,0.7
1960,5,6,41.1,25.8,16,-0.3
1960,6,39,40.4,28,44,-1.3
1960,7,357,33.7,26.3,131,-0.8
1960,8,355,32.5,26.7,114,1.2
1960,9,120,33.5,25.1,119,-0.8
1960,10,254,31.5,18.7,116,2.8
1960,11,0,28.1,10.2,56,2.9
1960,12,5,23.3,8.8,35,2.7
1961,1,53,21.1,8.4,50,3.2
1961,2,44,22.2,8.8,59,3.9
1961,3,1,31,16.1,55,3.9
1961,4,2,36.8,20.6,29,3.6
1961,5,7,40,25.4,21,3.1
1961,6,77,39.2,27.2,81,3.1
1961,7,293,33.7,26.8,142,2.6
1961,8,479,32.4,26.2,113,3.6
1961,9,126,32.4,25.5,120,2.6
1961,10,222,31,19.3,103,4.5
1961,11,1,25.1,12,42,4.4
1961,12,10,20.2,6.1,30,4.3
1962,1,61,20.2,6.9,51,5
1962,2,17,24.7,10.9,44,5
1962,3,18,30.1,15.4,61,5.6
1962,4,2,37.5,21.3,47,6.3
1962,5,6,40.1,25.3,25,5.7
1962,6,63,40.3,27.6,70,5
1962,7,294,34.6,27.4,142,4.3
1962,8,269,33.5,26.2,114,3.6
1962,9,294,31.7,24.6,123,4.4
1962,10,1,31.7,18.6,63,3.2
1962,11,2,27.6,12.6,44,2.7
1962,12,8,21.8,8.4,26,2.3
1963,1,14,21.6,6.5,31,1.6
1963,2,11,27,11.2,35,1
1963,3,27,30.1,14.9,48,0.7
1963,4,4,35.8,20.5,16,-1.6
1963,5,12,39,24.2,19,-1.5
1963,6,75,38.9,27.2,77,-1.3
1963,7,220,35.5,27.4,134,-1.9
1963,8,377,32.2,26.1,122,-1.7
1963,9,339,32.1,24.2,121,1.7
1963,10,27,32.9,19.9,81,1
1963,11,8,27.9,14.2,48,1
1963,12,14,23.3,7.6,33,1
1964,1,9,19.6,7.2,30,-0.6
1964,2,4,24.3,10.4,29,-1.2
1964,3,7,32.5,16.5,30,-1.9
1964,4,1,37.6,21.7,14,-2
1964,5,15,38.7,23.1,22,-1.8
1964,6,31,39.5,27.7,35,-2.6
1964,7,551,32.4,25.6,135,2
1964,8,322,33.4,26.4,131,2.3
1964,9,288,31.9,24.6,119,3.2
1964,10,1,32.5,19.2,71,2
1964,11,1,28,10.8,40,1.5
1964,12,9,22.5,8.5,32,1.1
1965,1,15,23.1,9.4,32,-1.6
1965,2,26,23.9,10.1,43,-1.5
1965,3,14,29.8,14.1,33,-2
1965,4,6,34.5,19.4,17,-1.9
1965,5,4,38.9,24.5,11,-2.2
1965,6,20,40.7,28.6,24,-3.4
1965,7,319,34.1,26.3,149,-3.1
1965,8,235,33.3,25.5,125,-3.3
1965,9,151,32.9,24.3,131,-3.5
1965,10,52,32.3,19.7,89,-3.3
1965,11,1,28.7,13,47,-2.9
1965,12,0,22.8,7.1,28,-2.9
1966,1,4,23.2,7.4,25,-3.3
1966,2,20,27.1,12.4,42,-3.1
1966,3,2,31.1,15.2,28,-3.6
1966,4,0,36.9,21.5,14,-3.6
1966,5,20,40.9,24.6,28,-3.1
1966,6,97,38.7,26.4,98,-2.1
1966,7,264,35.9,26.4,154,-2.5
1966,8,358,33,26,127,-2.2
1966,9,95,32.8,24,120,-3
1966,10,59,32.7,18.9,90,-2.8
1966,11,7,27.4,12.3,43,-2.5
1966,12,3,22.9,6.7,30,-2.6
1967,1,10,21,6.6,26,-2.8
1967,2,7,27.6,11.3,31,-3.1
1967,3,37,29.1,14,56,-2.5
1967,4,1,36,19.8,13,-2.6
1967,5,2,40.1,24.3,9,-2.8
1967,6,54,40.5,27.5,56,-3
1967,7,328,34.2,26.1,132,-2.6
1967,8,482,31.9,25.5,119,-0.7
1967,9,163,32.6,23.8,121,-0.9
1967,10,33,31.9,18.1,78,-1.2
1967,11,3,26.8,11.6,40,-1
1967,12,28,22.4,8.1,38,1.4
1968,1,53,19.5,7.1,51,2.1
1968,2,13,22.7,8.3,39,2
1968,3,12,30.6,14.3,52,2.3
1968,4,2,36.5,20,25,2.3
1968,5,2,39.9,24.5,14,1.7
1968,6,68,39.5,26.8,72,1.5
1968,7,353,33.7,25.5,137,1.7
1968,8,266,33.1,25.7,127,1.5
1968,9,104,35.1,24.2,119,-0.9
1968,10,47,31.8,18.4,81,-1
1968,11,1,28.8,10.9,41,-1
1968,12,5,22.8,8.4,29,-1.1
1969,1,20,20.9,8.1,34,-1.3
1969,2,12,24.8,11.5,34,-1.4
1969,3,12,35.2,15.6,37,-1.8
1969,4,3,36.3,21.2,16,-1.7
1969,5,12,38.8,23.9,20,-1.5
1969,6,47,40.1,27.8,50,-2
1969,7,354,34.3,25.6,144,-1.5
1969,8,283,33.5,25.9,113,-1.2
1969,9,335,32.2,24.4,117,2
1969,10,6,33.1,19.7,71,1
1969,11,0,29.8,12.5,43,0.7
1969,12,0,24.1,7.7,22,-1.2
1970,1,56,21.3,8.1,51,0.8
1970,2,33,23.8,9.4,45,1.2
1970,3,22,29.6,15,51,1.4
1970,4,0,38.7,21.5,20,1.2
1970,5,24,40.7,25.6,34,1.6
1970,6,98,37.7,25.7,101,2.3
1970,7,187,35.5,26.2,132,1.1
1970,8,322,33.3,26.1,126,-1.5
1970,9,176,33.2,25.1,120,-1.5
1970,10,67,33.4,19.4,90,-1.3
1970,11,0,28.6,10.6,45,-1
1970,12,0,24,8.2,29,-1.1
1971,1,31,20.3,6.9,39,-0.7
1971,2,20,25.3,9.9,42,0.1
1971,3,8,31.1,15,48,0
1971,4,6,37.7,20.8,24,0.2
1971,5,21,38.1,23.5,30,0.9
1971,6,131,36.7,26.3,125,2.6
1971,7,345,32.6,25.6,123,2.7
1971,8,368,32.2,25,103,3.5
1971,9,249,33,23.4,122,3.8
1971,10,167,31.9,19,110,4.8
1971,11,3,28.1,11.7,50,4.7
1971,12,0,24.5,7.9,35,4.2
1972,1,12,22.2,8.7,33,3.4
1972,2,25,22.5,8.4,46,3.4
1972,3,5,31.9,15.6,47,3.1
1972,4,3,36.1,19.4,25,2.9
1972,5,1,42.2,25.4,13,2.1
1972,6,38,40.6,27.6,44,1.2
1972,7,327,35.5,26.3,148,1
1972,8,295,33.1,25.5,134,0.9
1972,9,240,32.5,23,118,1.4
1972,10,71,31.5,18.6,88,1.4
1972,11,3,27.8,12.6,43,1.6
1972,12,3,22.9,9.1,35,1.4
1973,1,42,20.6,8.4,46,1.7
1973,2,19,25.9,11,42,1.7
1973,3,11,30.4,14.9,52,1.9
1973,4,0,39.6,21.9,23,1.6
1973,5,10,41.2,25.3,21,1.4
1973,6,90,38.9,27.2,94,1.9
1973,7,219,34.7,26.3,140,0.9
1973,8,346,32.4,25.5,125,-0.3
1973,9,165,33.3,24.5,117,-1.1
1973,10,204,31.4,18.7,102,1.9
1973,11,1,28.2,11.2,43,2.1
1973,12,2,21.1,6.9,35,2
1974,1,8,20.9,7.2,31,1.3
1974,2,7,23.7,9.4,34,1
1974,3,7,32.4,16.7,49,0.9
1974,4,1,39.2,21.7,21,0.7
1974,5,6,39.9,24.7,18,-0.2
1974,6,43,38.5,26.7,48,-1
1974,7,340,33.8,25.7,138,-0.8
1974,8,199,33.5,25.6,125,-1.3
1974,9,57,34.1,23.9,95,-2.4
1974,10,83,32.6,20,93,-1.9
1974,11,0,27.6,11,41,-1.8
1974,12,11,20.9,7.2,32,-1.6
1975,1,50,19.2,6.9,52,-0.8
1975,2,15,23.5,9.3,40,-0.9
1975,3,13,29.7,14.5,44,-1
1975,4,0,37.2,20.7,15,-1.2
1975,5,4,41.2,25.6,13,-1.5
1975,6,120,37.6,26.1,120,1
1975,7,315,32.8,25,136,0
1975,8,310,32.4,25.8,110,1
1975,9,312,30.9,24.5,134,2.1
1975,10,126,32.4,20.2,112,2.7
1975,11,0,27.5,10.5,52,2.7
1975,12,0,23.4,7.9,33,2.4
1976,1,3,21.7,8.8,29,1.5
1976,2,28,24.2,11,49,1.6
1976,3,8,29.3,15.3,48,1.3
1976,4,3,36.1,19.7,21,1.1
1976,5,17,39.8,23.9,26,1.2
1976,6,79,36.7,26,82,1.3
1976,7,324,34,26.4,138,1.1
1976,8,403,31.5,25,125,1.9
1976,9,111,33.5,22.7,110,0.9
1976,10,21,33.3,18.4,75,-1.2
1976,11,2,29.6,12.8,45,-1.2
1976,12,1,22.8,8.4,28,-1.5
1977,1,41,20.7,8.3,45,-1
1977,2,2,25.2,9.8,30,-1.5
1977,3,2,33.2,15.6,25,-2.2
1977,4,10,36.3,20.5,22,-1.9
1977,5,18,37.4,23,25,-1.5
1977,6,58,37.1,26.7,60,-1.6
1977,7,454,32.1,25.4,143,1.1
1977,8,189,32.8,25.9,115,0.6
1977,9,198,31.4,24.1,131,0
1977,10,75,32.5,19.2,96,0.6
1977,11,0,29.4,13.8,47,0.8
1977,12,12,23,8.9,37,0.9
1978,1,6,20.4,7,28,-0.6
1978,2,24,22.9,9.8,43,0.2
1978,3,44,27.5,13.4,67,1
1978,4,3,37,20.1,25,1.2
1978,5,4,43.2,26.5,15,0.8
1978,6,100,39,26.8,102,1.4
1978,7,296,32.5,25.7,123,1.2
1978,8,327,31.9,25.9,122,1.3
1978,9,263,31.7,24.5,115,2
1978,10,11,32.4,19.1,68,1.2
1978,11,7,26,13.3,39,1.1
1978,12,8,23.1,8.1,30,1
1979,1,28,21.1,8.1,38,0.9
1979,2,50,22.4,9.2,56,1.7
1979,3,16,27.9,14.2,54,1.8
1979,4,3,37.7,21.5,22,1.7
1979,5,17,38.8,24,27,1.7
1979,6,61,39.2,26.8,65,1.3
1979,7,228,34.3,26.2,149,-0.8
1979,8,147,34.5,26.1,145,-2.3
1979,9,44,33.6,24,75,-3.3
1979,10,15,32.9,20.2,30,-4.2
1979,11,7,28,15.5,16,-5
1979,12,12,22.8,9.3,17,-5
1980,1,8,21.1,7.9,12,-5.5
1980,2,13,25.9,11.4,16,-5.9
1980,3,32,29.2,14.7,33,-5.7
1980,4,1,39.2,21.9,3,-5.9
1980,5,8,42.3,27,9,-5.8
1980,6,94,38,26.5,91,-4.7
1980,7,494,32.4,26,135,-2.8
1980,8,310,33.2,25.7,122,-2
1980,9,174,33.1,24.4,119,-2
1980,10,50,32,19.9,88,-2
1980,11,2,28.1,12.5,45,-1.7
1980,12,14,23.1,8.9,36,-1.3
1981,1,39,20.2,8.5,43,-0.8
1981,2,9,25.6,11,39,-0.9
1981,3,34,29,14.8,59,1.7
1981,4,1,37.4,20.6,22,1.6
1981,5,16,39.9,24.9,27,1.7
1981,6,130,39.5,27.4,131,2.8
1981,7,376,32.8,26.1,138,2.9
1981,8,167,33.3,26.2,132,1.9
1981,9,123,33.7,24.7,124,1
1981,10,1,32,18.7,73,-2.1
1981,11,18,25.8,12.1,45,-1.7
1981,12,3,22,7.5,26,-1.8
1982,1,40,21,9.4,44,-1.3
1982,2,13,22.4,10.1,34,-1.4
1982,3,51,27,13.2,67,0.9
1982,4,11,35.2,19.7,27,1.3
1982,5,24,36.6,23.1,33,1.8
1982,6,55,38.4,26.5,59,1.3
1982,7,249,35.6,27,159,-1.1
1982,8,373,32.8,25.9,115,-0.9
1982,9,63,33.6,23.7,106,-2
1982,10,51,32,19.8,83,-2.1
1982,11,8,27,13.4,41,-2
1982,12,11,22.7,9.6,32,-1.9
1983,1,64,20.1,7.8,53,-0.7
1983,2,14,22.8,9,37,-0.7
1983,3,11,28.7,14.6,41,-0.9
1983,4,12,33,18.3,26,0.4
1983,5,25,37.6,23.6,32,1.2
1983,6,75,37.3,26.4,77,1.1
1983,7,235,33.9,26.1,134,-0.6
1983,8,295,32.9,26.4,106,-1
1983,9,300,32.9,24.8,105,1.4
1983,10,141,30.9,18.9,106,2.3
1983,11,1,27.7,11.1,49,2.4
1983,12,7,22.1,8.7,33,2.4
1984,1,13,19.7,7.5,33,1.9
1984,2,31,22.8,8.9,52,2.2
1984,3,3,32.7,16.5,54,1.9
1984,4,6,37,20.9,26,2
1984,5,6,42.7,26.5,17,1.4
1984,6,86,39.1,27.6,89,1.6
1984,7,206,32.1,26.5,143,0.6
1984,8,268,33.3,25.4,122,-1.7
1984,9,129,31.7,24,124,-2.2
1984,10,6,32.2,18.4,71,-2.7
1984,11,0,27.3,11.5,37,-2.8
1984,12,5,22.7,9.2,27,-2.9
1985,1,29,20.3,7.8,36,-2.6
1985,2,1,26.5,10.2,28,-3.2
1985,3,3,33.1,17.4,17,-4.1
1985,4,6,37.4,21.3,14,-4
1985,5,9,40.7,25.5,15,-3.8
1985,6,59,38.8,27.2,60,-3.9
1985,7,466,32.7,25.9,137,-2.3
1985,8,267,33.1,26.1,126,-1.9
1985,9,202,32.5,24,120,-1.6
1985,10,296,30.1,18.2,100,4.3
1985,11,0,27.3,12.9,50,4.2
1985,12,28,22.9,9.6,45,4.8
1986,1,18,20.9,8.2,36,4.2
1986,2,28,23.8,10.4,50,4.2
1986,3,15,29.3,15.1,56,4.4
1986,4,4,36.3,20.2,33,4.4
1986,5,23,37.5,22.9,36,4.4
1986,6,60,38.2,26.6,66,3.7
1986,7,286,32.8,25.7,136,3.1
1986,8,213,33.4,25.9,133,1.9
1986,9,156,33.2,24,128,1.3
1986,10,61,30.7,19.2,89,1.1
1986,11,3,28,13.4,45,1.3
1986,12,18,21.2,7.2,35,1.7
1987,1,31,21.5,8.1,41,1.7
1987,2,19,25.9,11.9,43,1.7
1987,3,12,31.3,16.7,55,1.7
1987,4,3,37.4,21.5,22,1.5
1987,5,29,36.8,22.8,38,2
1987,6,22,39.6,27.6,28,-1.4
1987,7,214,36.2,27.2,182,-2.5
1987,8,229,34.4,26.3,142,-3.4
1987,9,86,34.5,25.1,103,-3.9
1987,10,32,32.7,20.1,61,-4.2
1987,11,0,29.8,11.8,23,-4.9
1987,12,11,23,9.2,21,-4.8
1988,1,7,22.4,9.7,16,-5.2
1988,2,14,26.1,11.7,20,-5.5
1988,3,31,30,15.4,33,-5.5
1988,4,7,38.2,21.9,10,-5.2
1988,5,8,41.6,26.4,10,-5.2
1988,6,65,38.3,26.4,64,-4.8
1988,7,389,32.8,26.3,116,-3.6
1988,8,402,32.3,25.6,112,-2
1988,9,159,32.9,25.1,121,-2.1
1988,10,19,32.3,19.2,79,-2.5
1988,11,0,27.8,12,40,-2.4
1988,12,11,22.9,8.4,31,-2.2
1989,1,83,19.2,7,59,1.7
1989,2,7,23.5,10,38,1.5
1989,3,25,29.5,15.1,60,1.6
1989,4,0,35.8,19.6,21,1.2
1989,5,7,39.9,25,18,0.8
1989,6,40,37,26.1,45,-1.1
1989,7,275,34.5,25.7,142,-1.4
1989,8,281,32.8,25.3,117,-1.6
1989,9,200,33.2,24,123,-1.3
1989,10,16,32.3,18.9,77,-1.8
1989,11,11,27.1,12,46,-1.5
1989,12,4,21.3,8.1,25,-1.5
1990,1,0,23.7,10.3,28,-2.4
1990,2,54,23.1,10.8,58,-1.3
1990,3,21,27.4,13.5,46,-1
1990,4,2,35.7,20,17,-1.1
1990,5,22,38.9,25.1,30,1
1990,6,81,38.6,27.9,83,1.1
1990,7,381,32.8,25.9,121,1.7
1990,8,294,32.7,25.9,112,1.9
1990,9,256,31.7,25.2,102,2.7
1990,10,19,30.6,18.5,75,1.8
1990,11,4,27.7,12.5,43,1.6
1990,12,25,22,8.7,39,1.9
1991,1,0,18.8,6.6,24,1
1991,2,33,24.2,11.3,46,1.2
1991,3,8,29.8,15.6,38,0.7
1991,4,4,35,19.7,18,0.6
1991,5,15,39.7,25.6,23,-0.1
1991,6,46,38,26.6,49,-1.2
1991,7,137,35.9,27.4,134,-2.7
1991,8,364,32.5,25.9,117,-3.1
1991,9,97,32.5,24.9,110,-3.7
1991,10,0,31.7,18.2,71,-4.1
1991,11,9,26.3,11.7,41,-3.9
1991,12,19,22,8.5,31,-3.3
1992,1,47,20.6,8.9,50,-2.6
1992,2,19,22.7,9,38,-2.4
1992,3,12,29,16.2,36,-2.7
1992,4,1,35.8,20.9,14,-2.6
1992,5,9,38.4,24,17,-2.6
1992,6,36,38.8,27.3,40,-3.2
1992,7,210,32.9,26.6,152,-3.9
1992,8,256,32.2,25.8,106,-4.3
1992,9,127,32.2,23.6,121,-4.5
1992,10,75,31,19,93,-3.9
1992,11,13,26.8,12.4,45,-3
1992,12,0,23,8.8,28,-2.8
1993,1,31,19.7,8.2,43,-2.4
1993,2,23,26.4,11.8,44,-2
1993,3,18,26.8,13.7,51,-1.6
1993,4,2,35.7,19.6,18,-1.4
1993,5,8,40,25.6,17,-1.4
1993,6,114,39,27.9,114,1.5
1993,7,365,32.7,26.5,141,1.7
1993,8,187,33.9,26,134,0.9
1993,9,385,31.2,25.4,105,3.1
1993,10,1,31.7,19.9,74,1.9
1993,11,0,28.6,13.3,40,1.4
1993,12,0,23.8,8.4,24,0.7
1994,1,43,21.1,10.4,46,0.9
1994,2,21,23.4,11,40,0.7
1994,3,1,32.3,16.9,25,-2
1994,4,6,34.8,20.2,18,-1.7
1994,5,11,40.7,25.7,19,-1.7
1994,6,56,39,27.7,59,-1.8
1994,7,524,32.5,26.6,131,1.8
1994,8,342,32,26.4,114,2.4
1994,9,52,32.2,24.9,101,0.8
1994,10,0,31.4,18.8,63,-2.1
1994,11,1,27.6,13.1,31,-2.6
1994,12,0,22.8,9.6,19,-3
1995,1,72,18.9,7.4,56,-1.7
1995,2,28,24.2,10.8,42,-1.2
1995,3,18,28.4,15.1,38,-1.5
1995,4,5,34.9,20.2,17,-1.5
1995,5,1,40.3,26.1,9,-1.9
1995,6,32,40.5,28.5,36,-2.8
1995,7,206,34.4,27.5,137,-3.4
1995,8,498,31.3,26.7,124,-2.2
1995,9,266,32.6,25.2,117,-1.1
1995,10,2,32.2,20.5,70,-1.8
1995,11,1,27.8,12.9,41,-1.9
1995,12,1,22,10.2,25,-2.2
1996,1,33,20.5,9.6,41,-2
1996,2,24,25.3,12,42,-1.8
1996,3,7,31.3,17.7,30,-2.4
1996,4,2,36.8,21.5,14,-2.3
1996,5,8,39.2,25.5,15,-2.4
1996,6,118,38.5,28.7,117,-0.9
1996,7,180,34.1,26.8,132,-1.9
1996,8,311,31.8,25.8,110,-2.3
1996,9,228,32.3,25.4,111,-1.6
1996,10,126,30.7,19.8,105,-0.6
1996,11,0,27.3,12.2,52,1.5
1996,12,0,23.1,7.4,34,1.3
1997,1,16,20.5,7.3,35,0.9
1997,2,4,24.1,9.4,40,-0.4
1997,3,8,29.9,16.4,43,-1
1997,4,13,35,20.2,28,0.5
1997,5,21,37.2,23.8,30,0.8
1997,6,112,36.5,26.2,113,1.6
1997,7,139,34.3,26.5,121,-1.3
1997,8,255,32.3,25.9,130,-2.3
1997,9,122,32.2,25.1,116,-2.5
1997,10,143,29.8,17.3,96,-1.2
1997,11,16,24.1,13.1,44,1.6
1997,12,35,18.6,8.7,39,2.7
1998,1,0,19.8,7.2,26,1.9
1998,2,21,24.3,10.8,43,2.1
1998,3,34,28.1,14,62,3
1998,4,7,36.4,21.1,32,3.6
1998,5,10,40.5,25.8,22,3.4
1998,6,100,39.4,28,103,3.6
1998,7,281,33.7,26.8,131,3.1
1998,8,309,32.7,26,126,2.7
1998,9,222,31.7,25.7,122,2.8
1998,10,289,29.8,21.2,102,5.6
1998,11,7,27.4,13.8,50,5.6
1998,12,0,23.8,8.1,31,5
1999,1,48,19.8,8.1,50,5.2
1999,2,7,26.1,12.4,42,4.6
1999,3,0,31.8,17.1,54,4.1
1999,4,0,38.4,21.4,21,3.6
1999,5,7,39.1,25.8,19,3
1999,6,100,37.8,26.9,102,3.4
1999,7,241,34.1,26,132,2.5
1999,8,145,33.2,27,120,1
1999,9,209,32.8,25.5,103,1.3
1999,10,125,31.8,20.7,104,2
1999,11,0,29.2,14.1,53,2.1
1999,12,4,23.9,8.7,31,2
2000,1,31,21.6,8.8,44,1.9
2000,2,44,22.6,9.3,57,2.6
2000,3,16,29.5,14.5,58,3.1
2000,4,2,38.8,22.5,30,3.1
2000,5,17,40,26.6,30,3.1
2000,6,91,36.8,26.9,96,3.4
2000,7,321,33,26.7,128,3.2
2000,8,317,33.2,26.8,127,3.1
2000,9,86,33.1,25.2,112,1.7
2000,10,3,33.8,20.4,66,0.7
2000,11,6,28.4,14.6,41,-2
2000,12,0,24.3,9.1,23,-2.4
2001,1,17,20.2,8.3,30,-2.7
2001,2,13,25.7,11.8,33,-3.1
2001,3,3,30.5,15.8,16,-3.8
2001,4,10,36.1,20.8,17,-3.4
2001,5,34,39.7,26,38,-2.3
2001,6,84,36,27.2,84,-1.4
2001,7,188,33.4,27.1,129,-2.3
2001,8,147,34,27.1,138,-3.5
2001,9,57,33.4,25.8,77,-4.2
2001,10,14,32.8,21.3,25,-4.9
2001,11,0,28.8,14,8,-5.8
2001,12,0,22.1,11.1,6,-6.2
2002,1,34,21.3,8.1,35,-5.7
2002,2,32,24.8,10.9,34,-5.4
2002,3,12,32.3,15.3,14,-5.8
2002,4,2,37.8,22.7,5,-5.8
2002,5,1,42,26.2,3,-5.8
2002,6,36,38.8,28.2,36,-6.1
2002,7,81,36.1,27.4,78,-7.8
2002,8,165,32.6,27.8,120,-8.6
2002,9,316,30,25.2,112,-6.3
2002,10,10,31.5,21.1,72,-6.4
2002,11,0,28,14.3,40,-6
2002,12,6,23.1,10.9,27,-5.6
2003,1,50,21.9,7.4,52,-4.5
2003,2,57,24.2,10.8,63,-3
2003,3,10,30.3,14.9,47,-2.8
2003,4,1,38.1,21.7,18,-2.5
2003,5,4,39,25.2,14,-2.6
2003,6,79,39.3,29.1,81,-2.1
2003,7,474,32.8,26.6,125,2.2
2003,8,157,32.8,27,112,1.4
2003,9,143,32.6,24.7,98,0.9
2003,10,61,32.5,19.6,93,0.8
2003,11,6,27.5,13.1,47,1
2003,12,17,22.3,8.9,33,1.3
2004,1,11,20.8,8.9,30,0.9
2004,2,2,26.6,9.9,36,-0.5
2004,3,0,35,16.9,32,-1.5
2004,4,1,39.2,23,16,-1.5
2004,5,11,40.9,25.3,20,-1.4
2004,6,82,36.2,27.1,84,-0.9
2004,7,40,34.7,27.7,42,-3.2
2004,8,174,33.1,26.2,135,-4.4
2004,9,28,34.5,24.7,40,-5.2
2004,10,222,30.5,19.4,102,-3
2004,11,0,28.6,12.8,36,-2.9
2004,12,1,24.8,9.7,22,-3.1
2005,1,9,21.1,8.1,23,-3.4
2005,2,54,23.3,11.5,60,-2.3
2005,3,22,32,16.2,41,-2.2
2005,4,1,36.5,20.8,12,-2.2
2005,5,1,37.3,24.3,9,-2.5
2005,6,38,39.4,29.1,42,-3.2
2005,7,267,32.9,26.5,134,-3.2
2005,8,128,34.7,26.4,131,-4.2
2005,9,221,32.4,26.1,123,-3.4
2005,10,37,31.4,20.1,80,-3.5
2005,11,0,28,13.4,45,-3.2
2005,12,0,21.8,8.2,23,-3.2
2006,1,5,21.3,11.2,27,-3.7
2006,2,1,28.6,14.1,31,-4.3
2006,3,22,30.6,15.3,36,-4.2
2006,4,1,36.6,22.6,10,-4.1
2006,5,20,40.1,26.4,25,-3.4
2006,6,67,36.9,27.7,68,-3.1
2006,7,439,34.1,26.4,143,-1.9
2006,8,98,32.1,27.8,123,-2.8
2006,9,176,32.7,25.1,132,-2.8
2006,10,36,31.8,21.5,85,-2.9
2006,11,4,27.6,15.3,46,-2.6
2006,12,5,22.5,9.9,29,-2.5
2007,1,1,22.3,8,26,-3.1
2007,2,48,24.4,11.1,55,-2.1
2007,3,49,30.6,14.4,72,-1.2
2007,4,6,38.9,22.6,22,-1
2007,5,28,38.2,25.6,37,1.8
2007,6,73,38.5,27.9,76,1.7
2007,7,122,33.9,27.5,120,-1.6
2007,8,247,33.7,27.3,131,-2.7
2007,9,74,32.9,26.3,91,-3.2
2007,10,8,32.3,20.1,50,-3.9
2007,11,1,29.5,12.7,20,-4.6
2007,12,1,21.3,9.2,12,-5.1
2008,1,5,19.1,10.8,12,-5.5
2008,2,3,24.3,9.3,8,-6.1
2008,3,1,33.9,17.1,4,-6.8
2008,4,8,36.3,19.9,11,-6.4
2008,5,4,37.8,25.9,6,-6.2
2008,6,75,35.7,27.2,73,-5
2008,7,219,33,27.1,117,-5.2
2008,8,255,32.2,26.3,111,-5.5
2008,9,117,32.1,25.7,118,-5.7
2008,10,4,33.1,20.6,70,-5.9
2008,11,1,29.4,13.7,39,-5.6
2008,12,0,24.6,10.2,23,-5.5
2009,1,5,21.9,9.9,24,-5.7
2009,2,6,26.2,13,32,-6
2009,3,4,32.4,16.8,18,-6.3
2009,4,3,38.3,21.6,11,-6.1
2009,5,35,40,26.8,39,-4.7
2009,6,10,39.2,28.5,14,-5.9
2009,7,139,34.1,27.8,134,-6.8
2009,8,157,34.4,27.2,130,-7.7
2009,9,294,32.2,24.7,120,-5.8
2009,10,182,31.8,20.5,116,-3.7
2009,11,12,27.7,14.1,52,-2.6
2009,12,1,23.2,10.2,33,-2.2
2010,1,9,22.3,7.2,33,-2.4
2010,2,30,25.9,11.3,53,-1.8
2010,3,0,34.3,17.7,49,-1.8
2010,4,0,40.4,24.4,20,-1.8
2010,5,4,40.8,26.7,15,-1.9
2010,6,5,38.5,28.8,12,-3.2
2010,7,241,34.1,27.6,136,-3.5
2010,8,292,32.1,27.6,112,-3.5
2010,9,283,31.5,25.9,101,-1.9
2010,10,21,32.3,21,77,-2.3
2010,11,11,29.1,13.8,45,-1.8
2010,12,5,22.3,8.5,28,-1.8
2011,1,13,20.1,7.1,32,-2
2011,2,42,24.3,12.3,53,-1.2
2011,3,6,31.9,16.8,38,-1.5
2011,4,4,36,20.9,20,-1.2
2011,5,14,40.2,26.7,23,-0.9
2011,6,122,35.8,27.9,122,1.7
2011,7,254,33.5,27.2,125,1.1
2011,8,421,32.5,26.9,118,1.7
2011,9,189,32.4,25.7,129,1.4
2011,10,6,31.9,20.7,75,-0.8
2011,11,2,29.6,14,40,-1
2011,12,1,23.2,9.6,23,-1.3
2012,1,23,18.5,8.1,34,-1.4
2012,2,2,23,12.1,28,-1.9
2012,3,13,30.2,16.6,33,-2.3
2012,4,6,36.3,21.2,17,-2.2
2012,5,1,40.4,26.5,9,-2.5
2012,6,7,40.3,30.4,12,-4.2
2012,7,225,34.9,27.7,139,-4.5
2012,8,427,32.4,26.6,115,-3.6
2012,9,351,32.4,25.9,120,-1.4
2012,10,9,30.3,20.6,76,-2
2012,11,2,26.6,13.3,41,-2
2012,12,8,21.9,10.1,30,-2
2013,1,49,20.2,7,51,-1.3
2013,2,72,25.2,8.6,71,2.4
2013,3,10,31.2,16,49,2.1
2013,4,5,36.4,21.4,22,2
2013,5,3,41,26.8,13,1.4
2013,6,124,36.9,27.7,124,2.7
2013,7,393,33.2,27.2,118,3.2
2013,8,218,32.1,27,120,2.7
2013,9,95,32.3,26.3,110,1.5
2013,10,127,31.3,21,102,2.2
2013,11,1,26.7,13.3,50,2.3
2013,12,5,22.8,9.7,31,2.3
2014,1,24,20,8.9,37,2.1
2014,2,52,22.7,10.6,60,3
2014,3,26,29.4,15.2,61,3.8
2014,4,3,35.9,20.7,41,4.3
2014,5,19,38.1,24.8,35,4.4
2014,6,35,39.5,29.3,43,3
2014,7,172,33.8,28.3,140,1.5
2014,8,152,34.1,27.4,140,-3.3
2014,9,94,33,25.2,99,-3.5
2014,10,147,31.6,20.7,105,-2.4
2014,11,0,28.2,14.2,28,-2.8
2014,12,10,21.5,9.4,21,-3
2015,1,42,19.7,8.5,42,-2.4
2015,2,14,26,12,24,-2.9
2015,3,53,29.5,15.1,57,-2.1
2015,4,11,35.9,20.6,15,-1.9
2015,5,4,40.2,27,7,-2.1
2015,6,97,36.8,28.6,95,-1.4
2015,7,319,32.5,27.4,142,-1.3
2015,8,222,32.7,27.7,117,-1.8
2015,9,57,33.8,26,109,-2.9
2015,10,14,32.6,21.2,67,-3.4
2015,11,2,28,15.3,34,-3.7
2015,12,1,22.4,10,20,-3.9
2016,1,1,22.4,9.4,17,-4.4
2016,2,5,27.2,12,22,-4.9
2016,3,27,32.5,17.6,35,-4.9
2016,4,2,38.6,23.4,8,-4.9
2016,5,16,41.1,26.7,20,-4.3
2016,6,37,39.3,29.1,39,-4.2
2016,7,483,33.6,27.3,132,-3.3
2016,8,172,32.5,26.9,127,-3.9
2016,9,104,33.6,25.9,117,-4.8
2016,10,12,33.1,21.2,76,-4.7
2016,11,0,28.9,14.3,42,-4.8
2016,12,0,25.1,10.6,22,-4.9
2017,1,38,20.6,9.9,43,-3.9
2017,2,3,26.7,12.8,29,-4.3
2017,3,10,31.9,16.8,24,-4.6
2017,4,8,38.9,23.1,16,-4.4
2017,5,24,40,26.8,29,-4.1
2017,6,140,36.4,25.8,137,-4.3
2017,7,324,33.4,27.1,131,-4.9
2017,8,219,33.6,27.2,120,-5.6
2017,9,253,33.2,26.1,121,-5.2
2017,10,1,33.6,21.5,73,-5.6
2017,11,5,27.7,13.4,42,-5.8
2017,12,1,23.3,10.7,22,-5.7
2018,1,9,23,9.5,30,-6
2018,2,2,26.8,13.2,27,-5.9
2018,3,4,33,17.8,20,-6.3
2018,4,3,38.2,22.7,12,-5.6
2018,5,9,40.6,26.7,15,-5.2
2018,6,74,38.4,28.5,75,-4.9
2018,7,322,33.5,27.3,128,-4.1
2018,8,329,33.1,27,111,-3
2018,9,229,32.1,25.2,112,-1.8
2018,10,5,31.2,20.7,70,-1.7
2018,11,16,27.8,14.3,47,-1.2
2018,12,8,21.8,8.8,30,-1.2
2019,1,33,20.3,7.8,36,-0.9
2019,2,44,23.6,9.7,47,1.3
2019,3,6,28.8,14.1,47,1.2
2019,4,9,36.9,20.8,28,1.5
2019,5,5,39.7,25,16,0.9
2019,6,12,39.2,27.9,19,-1.5
2019,7,302,34.4,27,141,-1.5
2019,8,244,34,27.1,132,-2
2019,9,137,33.7,25.5,125,-2.4
2019,10,23,32.4,19.9,74,-2.6
2019,11,11,28.8,13.7,49,-2.1
2019,12,36,20.5,6.4,41,-0.9
