Product: Historical Climate - TerraClimate(http://www.climatologylab.org/terraclimate.html) 
Location (Lat/Lon of 4-km Grid Cell Center): 26.9375 North,81.1875 East 
Data Source: NW Climate Toolbox(https://climatetoolbox.org/tool/point-data-download)
Download Date: 07/24/2020
Variable List: 
ppt: ppt (Precipitation)
tmax: tmax (Maximum Temperature)
tmin: tmin (Minimum Temperature)
aet: aet (Actual Evapotranspiration)
PDSI: pdsi (Palmer Drought Severity Index (PDSI))
********************************************************
Year,Month,ppt(mm),tmax(degC),tmin(degC),aet(mm),PDSI(unitless)
1958,1,37,24.3,10.6,51,0.5
1958,2,3,26.5,11.3,38,0.4
1958,3,27,33.4,16.8,54,0.7
1958,4,1,39.6,23.2,16,-0.1
1958,5,3,41.1,26.6,12,-0.5
1958,6,43,39.9,27.7,47,-1.5
1958,7,265,32.3,27.2,143,-1.7
1958,8,401,32.3,26,108,-0.8
1958,9,86,31.3,26.1,109,-1.6
1958,10,47,31.4,20.2,89,-1.7
1958,11,0,28.4,13.1,43,-1.6
1958,12,6,24.2,10.1,35,-1.6
1959,1,66,23,9,65,1.1
1959,2,6,25.6,10.4,39,0.9
1959,3,9,34.2,16,46,0.6
1959,4,1,38.3,22.2,19,0
1959,5,19,40,26,29,0.7
1959,6,69,38.3,27.2,73,-0.5
1959,7,251,32.5,26.7,155,-1.1
1959,8,293,32.1,26.6,130,-1.3
1959,9,116,31.8,25.9,119,-1.7
1959,10,204,31.4,21.3,126,2
1959,11,0,28.3,12.6,55,2.3
1959,12,0,24.8,9.2,39,2.2
1960,1,16,22.4,8.1,43,1.7
1960,2,0,29.7,12.6,40,1.5
1960,3,14,31.8,15.5,61,1.6
1960,4,1,37.4,21.2,22,1.4
1960,5,9,41,25.8,21,1
1960,6,64,39,27.7,69,-0.6
1960,7,393,32.9,26.4,140,0.7
1960,8,305,31.7,26.6,124,1.3
1960,9,75,32.8,25.2,98,-0.8
1960,10,110,31.5,19.5,116,0.6
1960,11,0,28.3,10.7,50,0.9
1960,12,2,24.3,8.5,35,0.7
1961,1,53,22.9,9.4,57,1.4
1961,2,14,24.1,9.8,48,1.6
1961,3,0,33.2,16.7,48,1.3
1961,4,0,38,21.7,21,1.2
1961,5,6,40.2,26.3,18,0.8
1961,6,138,37.5,26.3,139,1.4
1961,7,279,33,26.8,153,0.9
1961,8,408,31.9,26.3,129,1.4
1961,9,138,31.7,25.7,127,1.1
1961,10,185,31.1,19.8,122,2.8
1961,11,0,25.9,12.2,52,2.9
1961,12,8,21.3,6.4,39,3
1962,1,47,21.9,7.4,60,3.5
1962,2,12,25.7,11.6,46,3.7
1962,3,15,32.2,15.6,73,4.3
1962,4,4,38,21.9,34,4.3
1962,5,5,39.8,25.9,21,3.7
1962,6,85,39.2,27.7,91,3.2
1962,7,489,34,27.2,155,4.3
1962,8,301,32.3,25.8,119,4.6
1962,9,235,31.4,25,121,5.3
1962,10,2,31.4,18.3,73,3.9
1962,11,0,28.3,12.5,45,3.4
1962,12,2,23.4,9.1,32,2.8
1963,1,17,23.3,6.7,37,2.1
1963,2,7,28.3,11.6,34,1.7
1963,3,20,31.5,15.2,48,1.5
1963,4,3,36.4,21.3,18,1.3
1963,5,14,38.6,25,24,1.3
1963,6,86,37,26.1,89,1
1963,7,477,33.6,26.4,130,2.4
1963,8,356,31.7,26.2,121,3.4
1963,9,190,32.1,24.3,123,3.6
1963,10,34,32.6,20.3,89,2.7
1963,11,2,28.5,14.8,48,2.5
1963,12,7,24.9,8,35,2.3
1964,1,7,22.2,7.8,35,1.4
1964,2,4,26,11.4,35,1
1964,3,5,34.8,17.1,36,-1.5
1964,4,2,38.7,23,18,-1.5
1964,5,12,39,24.2,21,-1.4
1964,6,67,38.5,26.6,71,-1.8
1964,7,492,31.9,25.8,136,1.6
1964,8,246,32.5,26.4,138,1.7
1964,9,172,31.7,25,118,1.9
1964,10,17,33.6,19.8,83,1
1964,11,0,28.5,11.5,43,0.8
1964,12,7,24.1,8.7,38,0.6
1965,1,17,24.7,9.3,40,-1.1
1965,2,8,25.8,11.2,37,-1.2
1965,3,27,31.5,14.9,54,-1
1965,4,4,36.1,20.6,19,-1
1965,5,2,39.6,25.4,11,-1.3
1965,6,49,39.9,27.8,53,-2.3
1965,7,267,33.5,26.6,152,-2.5
1965,8,214,33.2,25.7,123,-3
1965,9,90,32.8,24,110,-3.7
1965,10,73,32.3,20,96,-3.4
1965,11,0,29,13.1,40,-3.4
1965,12,1,24.5,7,27,-3.6
1966,1,6,24.5,8.3,25,-4
1966,2,9,28.4,13.1,30,-4
1966,3,0,33.1,16.2,14,-4.7
1966,4,0,38.1,22.1,9,-4.6
1966,5,8,41,25.5,14,-4.4
1966,6,172,37.5,26.4,166,-3
1966,7,210,35.2,26.8,165,-3.8
1966,8,213,32.1,26,118,-4.4
1966,9,35,33.1,24.8,77,-5.9
1966,10,13,33.2,19.5,47,-6.6
1966,11,3,29.1,12.9,20,-7.1
1966,12,7,24,7.4,18,-7.4
1967,1,21,23,7.6,27,-7.2
1967,2,4,28.8,12,9,-7.7
1967,3,27,30.9,14.8,30,-7.2
1967,4,2,36.8,20.7,5,-7.1
1967,5,6,40.3,25.3,9,-6.9
1967,6,58,39.2,27,57,-7.1
1967,7,292,33.6,26.1,145,-6.6
1967,8,431,31.2,25.8,126,-5
1967,9,204,32.2,24.3,123,-3.8
1967,10,17,32.4,18.8,81,-4.1
1967,11,0,27.4,12.2,43,-3.7
1967,12,14,24.1,8.8,37,-3.1
1968,1,56,21.4,8.2,59,-1.9
1968,2,5,24.8,9.8,39,-1.7
1968,3,12,32.6,15.3,54,-1.5
1968,4,1,37.1,20.7,21,-1.2
1968,5,1,39.7,25,13,-1.5
1968,6,119,37,26.1,121,-1
1968,7,270,32.9,25.8,136,-1.2
1968,8,244,32.6,25.9,135,-1.6
1968,9,103,34.3,24.5,118,-2.2
1968,10,81,31.6,19.4,100,-1.8
1968,11,0,29.7,11.6,40,-1.6
1968,12,5,24.1,8.8,35,-1.5
1969,1,8,22.8,8.7,35,-2
1969,2,3,27.2,11.9,32,-2.1
1969,3,8,35.9,16.6,32,-2.5
1969,4,2,37.3,22.2,16,-2.4
1969,5,15,38.9,24.6,24,-2
1969,6,60,39,27.1,63,-2.5
1969,7,398,33.2,25.7,140,-1.4
1969,8,221,32.4,25.4,121,-1.2
1969,9,158,31.8,24.7,118,-0.9
1969,10,8,33.3,20.2,79,-1.7
1969,11,1,30.8,13.2,46,-1.6
1969,12,3,25.5,8,27,-1.6
1970,1,60,23.4,8.9,62,-0.6
1970,2,32,25.4,10.2,48,1.5
1970,3,8,31.7,15.7,51,1.5
1970,4,0,39.7,22,22,1.5
1970,5,36,40.6,26,47,2.3
1970,6,117,36.4,25.2,119,2.4
1970,7,275,34.4,25.8,134,1.9
1970,8,271,32.8,26.2,136,1.4
1970,9,367,32.3,25.1,122,4.2
1970,10,76,33.4,20.1,100,3.9
1970,11,0,28.9,11.6,47,3.8
1970,12,0,25.3,8.2,36,3.4
1971,1,20,22.4,7.9,40,3
1971,2,10,26,10,42,2.9
1971,3,8,32.6,15.1,53,2.7
1971,4,8,37.8,20.9,29,2.8
1971,5,29,37.6,23.9,40,3.4
1971,6,201,34.5,25.2,148,4.8
1971,7,231,31.5,25.3,143,3.9
1971,8,338,31.4,24.9,117,3.9
1971,9,161,33,23.7,128,3.5
1971,10,177,31.8,19.8,124,4.8
1971,11,1,28.3,11.9,54,4.8
1971,12,0,25.3,7.7,38,4.4
1972,1,18,23.7,8.6,43,3.9
1972,2,18,24.2,9.3,51,4
1972,3,4,33.3,15.7,59,3.8
1972,4,1,37.3,20.3,24,3.5
1972,5,2,42,25.5,14,2.7
1972,6,46,39.8,27.2,52,1.3
1972,7,193,35,26.3,161,-2.5
1972,8,234,32.5,25.4,143,-3.3
1972,9,198,32.3,23.4,126,-2.9
1972,10,114,31.5,19.1,112,-1.9
1972,11,2,28,12.5,39,-1.5
1972,12,1,24.3,9.2,33,-1.5
1973,1,50,22.9,9.5,56,-0.8
1973,2,10,27.2,12.2,34,-0.6
1973,3,8,32.6,15.1,38,1.1
1973,4,0,40.6,22.5,16,0.9
1973,5,8,41.1,26.2,18,0.7
1973,6,114,37.3,27.3,115,0.9
1973,7,305,34.3,26.4,157,0.6
1973,8,379,31.9,25.9,130,1.1
1973,9,149,32.3,25.1,115,1.1
1973,10,245,31,20.3,114,3.7
1973,11,1,28,11.8,45,3.8
1973,12,0,22.8,7.4,38,3.6
1974,1,16,22.6,7.8,43,3.1
1974,2,4,25.4,10.1,38,2.9
1974,3,6,34,17,58,3.1
1974,4,0,40,22.5,28,2.9
1974,5,5,40,25.5,19,2.3
1974,6,77,37.8,26.7,82,1.8
1974,7,360,32.8,25.9,154,2
1974,8,252,32.5,25.7,129,1.7
1974,9,72,33.6,24.3,98,0.7
1974,10,47,33.4,20.9,88,-1.2
1974,11,0,28.4,11.3,41,-1.2
1974,12,4,22.5,7.6,31,-1.2
1975,1,35,21.4,7.9,48,-0.9
1975,2,8,25.2,10.5,38,-0.9
1975,3,18,32.2,15.4,50,-0.8
1975,4,1,39.1,21.5,18,-0.9
1975,5,6,41.4,26.1,16,-1.1
1975,6,194,37.2,26.1,187,1.2
1975,7,264,32.3,25.2,135,0.8
1975,8,309,32,25.7,117,0.7
1975,9,156,30.7,25.4,135,0.6
1975,10,100,32.9,21,115,1
1975,11,0,28.2,10.8,53,1.3
1975,12,0,24.3,7.9,39,1.2
1976,1,22,23.4,9.2,46,0.9
1976,2,6,25.9,12,43,0.7
1976,3,1,32,16.2,41,-0.4
1976,4,1,37.2,20.6,20,-0.6
1976,5,10,39.6,24.9,21,-0.7
1976,6,65,36.2,26.4,70,-1.2
1976,7,261,33.3,26.4,136,-1.4
1976,8,248,31.4,25.3,129,-1.8
1976,9,210,32.2,24.2,122,-0.9
1976,10,16,33.3,19.1,81,-1.6
1976,11,0,30.7,13.5,50,-1.5
1976,12,0,24.1,8.4,33,-1.7
1977,1,27,22.3,8.6,42,-1.6
1977,2,7,26.7,10.8,40,-1.8
1977,3,2,35,16.3,28,-2.5
1977,4,3,37.3,21.6,17,-2.4
1977,5,12,37.6,23.9,21,-2.2
1977,6,73,36.3,26.2,75,-2.4
1977,7,323,31.8,25.8,147,-2.1
1977,8,236,32.3,26.2,121,-2.3
1977,9,93,31.6,24.5,116,-2.8
1977,10,106,32.3,19.8,115,-2
1977,11,0,30.1,14.2,46,-1.5
1977,12,11,24.1,9.5,41,-1.1
1978,1,24,22,7.7,44,-1.1
1978,2,24,24.3,10.5,47,1.3
1978,3,28,29.9,14.1,66,2
1978,4,2,37.7,20.8,26,2.1
1978,5,8,42.2,26.8,21,1.7
1978,6,161,37.5,26.6,162,2.3
1978,7,239,32.2,25.9,133,1.6
1978,8,237,31.4,26.1,127,0.8
1978,9,163,31.1,25,123,0.7
1978,10,13,32.1,20.1,77,-1.7
1978,11,2,27.9,13.8,41,-1.6
1978,12,5,24.1,8.6,34,-1.6
1979,1,31,23.4,9.1,41,-1.3
1979,2,14,24,10.5,36,-1.1
1979,3,3,30.8,15.1,34,-1.3
1979,4,3,38.7,22.2,19,-1
1979,5,11,39.7,24.7,21,-1
1979,6,117,37.6,26.5,118,-0.7
1979,7,252,33.6,26.5,150,-1.2
1979,8,233,33.6,26.3,152,-1.9
1979,9,29,33.9,24.8,87,-3.8
1979,10,23,33.1,21.1,62,-4.4
1979,11,4,29.8,16.1,27,-4.8
1979,12,15,23.7,10.6,26,-4.6
1980,1,6,23,8.7,18,-5.1
1980,2,5,27,12.1,14,-5.5
1980,3,15,31.7,15.9,21,-5.6
1980,4,0,40.2,22.5,5,-5.6
1980,5,11,41.1,27.5,14,-5.3
1980,6,148,36.1,26,143,-4
1980,7,407,31.8,26.1,126,-2.6
1980,8,426,32.4,25.6,119,-0.7
1980,9,183,32.7,25,125,3.2
1980,10,37,32.1,20.6,89,2.5
1980,11,0,28.9,12.7,47,2.3
1980,12,7,24.5,9.2,36,2.1
1981,1,25,21.7,9.1,39,1.9
1981,2,3,27.1,11.6,37,1.5
1981,3,19,31.5,15.8,51,1.7
1981,4,1,38.4,21.3,21,1.6
1981,5,10,39.2,25.5,22,1.4
1981,6,113,38.2,27,115,1.3
1981,7,360,31.9,26.3,134,1.7
1981,8,324,32.8,26.2,130,2.1
1981,9,170,33.1,25,123,2.2
1981,10,3,32.8,19,81,1
1981,11,4,27,12.2,43,0.9
1981,12,6,23.6,7.9,33,0.6
1982,1,73,23.1,9.9,61,1.9
1982,2,10,24.1,11.2,39,2
1982,3,32,29.8,13.9,62,2.7
1982,4,2,36.7,20.6,29,2.7
1982,5,21,37.6,23.9,35,3
1982,6,79,37,26.1,85,2.4
1982,7,206,35.4,27.3,159,1.2
1982,8,332,32.5,25.9,127,0.7
1982,9,200,33.4,23.8,132,1.1
1982,10,16,31.8,20.6,79,-1.4
1982,11,4,27.7,13.5,45,-1.2
1982,12,8,24,9.6,37,-1.1
1983,1,30,21.7,8.2,41,-0.8
1983,2,3,24.8,10.4,35,-0.9
1983,3,4,31.4,15.2,40,-1.1
1983,4,4,34.9,19.5,22,-0.8
1983,5,27,37.9,24.5,36,0.7
1983,6,59,37.3,26.5,64,-0.7
1983,7,208,33.8,26,138,-1.5
1983,8,284,33.2,26.3,122,-1.9
1983,9,240,32.4,25.4,108,1.2
1983,10,164,31.2,19.5,111,2.6
1983,11,1,28,10.9,52,2.8
1983,12,9,23.7,8.8,39,3
1984,1,39,22.1,8.1,51,3.3
1984,2,13,24.4,9.8,48,3.5
1984,3,2,34.9,16.7,64,3.8
1984,4,2,38.3,22,31,3.8
1984,5,9,42.2,26.4,24,3.2
1984,6,137,36.7,26.7,138,3.6
1984,7,241,31.8,26.8,148,2.6
1984,8,223,32.4,25.4,134,1.5
1984,9,146,31.7,24.1,125,1
1984,10,35,33.1,19.5,80,-1.9
1984,11,0,27.8,11.7,37,-2.1
1984,12,5,24.5,9.9,28,-2.2
1985,1,24,22.1,9,35,-2.1
1985,2,1,27.6,10.6,29,-2.4
1985,3,0,35.5,18,17,-3.1
1985,4,3,38.8,22.2,13,-3
1985,5,12,40.8,26.2,18,-2.8
1985,6,79,37.8,27.2,80,-2.9
1985,7,340,31.9,26.2,133,-2.3
1985,8,278,32.4,26.3,135,-2
1985,9,221,32,24.8,119,-0.8
1985,10,228,30.4,19.3,106,3.7
1985,11,0,28.4,12.8,52,3.8
1985,12,17,24.5,10.4,45,4.1
1986,1,13,23.1,8.9,37,3.6
1986,2,14,25.5,11.1,47,3.7
1986,3,8,31.9,15.9,60,4
1986,4,2,37.9,21.4,31,3.8
1986,5,33,37.9,23.7,47,4.4
1986,6,91,37.6,25.8,96,3.8
1986,7,255,32.1,25.5,132,3.1
1986,8,310,32.6,25.6,135,2.6
1986,9,154,33,24.5,128,2.3
1986,10,45,31,19.7,87,1.8
1986,11,1,29,13.4,46,1.8
1986,12,30,22.7,8.1,45,2.5
1987,1,17,23,8.3,37,2.2
1987,2,10,27.3,12.6,40,2.2
1987,3,13,33.3,16.9,60,2.4
1987,4,2,38.4,22,25,2.3
1987,5,13,38.3,24,26,2.2
1987,6,25,39.2,27.7,32,0.6
1987,7,280,34.7,26.6,164,-1.6
1987,8,251,32.8,26,141,-2.1
1987,9,60,33.5,25.3,96,-3.1
1987,10,102,32.3,20.6,108,-2.4
1987,11,0,29.7,12.5,41,-2.4
1987,12,11,24.2,9,31,-2.1
1988,1,12,24.2,9.7,32,-2.4
1988,2,9,27.3,12.3,33,-2.4
1988,3,23,32.7,16.3,44,-2.2
1988,4,2,39.2,22.4,15,-2
1988,5,9,41.4,26.7,17,-2
1988,6,89,36.9,26,91,-1.9
1988,7,375,32,26.6,124,-1
1988,8,310,31.9,26.1,108,1.4
1988,9,85,33.2,25.7,111,-0.9
1988,10,11,32.6,19.4,75,-1.6
1988,11,0,28.4,12.5,40,-1.7
1988,12,21,24.3,9.3,39,-1.3
1989,1,53,21.4,7.4,57,0.7
1989,2,4,25.2,11.2,35,-0.3
1989,3,8,31.7,15.9,39,-0.5
1989,4,0,37.9,20.5,16,-0.7
1989,5,9,40.6,25.7,19,-0.8
1989,6,84,36.4,25.7,87,-0.9
1989,7,331,33.8,25.6,134,-0.6
1989,8,270,32.5,25.8,125,0
1989,9,131,32.7,25,106,-0.1
1989,10,17,32.5,20,82,-0.7
1989,11,2,28.3,12.7,46,-0.7
1989,12,14,22.9,8.6,35,0.2
1990,1,0,25.4,10,33,-1.2
1990,2,26,24.8,12,43,-0.7
1990,3,27,30.6,15,55,0.5
1990,4,2,37.7,21.4,22,0
1990,5,22,38.6,25.5,33,1.2
1990,6,163,37.4,26.9,158,2.1
1990,7,385,31.7,25.8,124,2.7
1990,8,303,32.3,26.2,124,3.2
1990,9,143,31.5,25.5,112,2.9
1990,10,24,31.5,19.6,79,2
1990,11,0,29,13,48,1.9
1990,12,10,23.6,9.2,35,1.7
1991,1,30,21.1,7.7,44,1.7
1991,2,10,26.5,12.6,39,1.6
1991,3,11,32.9,16.4,50,1.5
1991,4,3,37.1,20.7,22,1.5
1991,5,11,40.4,26.1,22,1.3
1991,6,235,36.2,26.4,176,3.2
1991,7,162,34.7,27.2,154,1.8
1991,8,393,31.7,25.8,116,2
1991,9,89,32.3,25.2,107,1
1991,10,0,32.7,19.1,76,-2.1
1991,11,1,27.7,12.2,41,-2.3
1991,12,27,23.3,8.8,39,-1.6
1992,1,33,22.2,9,44,-1.3
1992,2,5,24.1,9.8,32,-1.5
1992,3,5,33,17.5,35,-2
1992,4,0,37.9,21.8,16,-2
1992,5,10,38.6,24.8,19,-1.9
1992,6,29,37.9,26.5,35,-2.9
1992,7,204,33.1,27,151,-3.6
1992,8,275,31.9,26,124,-3.8
1992,9,120,32.2,23.9,120,-4
1992,10,55,31.7,19.9,86,-3.9
1992,11,1,28.1,13.3,36,-3.7
1992,12,0,23.7,9.1,25,-3.7
1993,1,14,22.5,9.4,33,-3.9
1993,2,8,27.7,12.6,30,-3.7
1993,3,36,29.7,14.7,52,-3
1993,4,1,36.7,20.7,12,-2.8
1993,5,16,39.9,25.9,23,-2.4
1993,6,100,38.2,27.5,100,-2.1
1993,7,160,33.5,26.8,148,-3.2
1993,8,189,32.8,25.9,132,-4.3
1993,9,200,31.2,25.6,104,-3.7
1993,10,3,32.6,20.5,56,-4.4
1993,11,0,29.6,13.1,28,-4.7
1993,12,0,24.9,8.6,18,-4.9
1994,1,40,23.1,10.4,44,-4.2
1994,2,14,24.9,11.5,28,-4
1994,3,0,34.7,17.4,10,-4.7
1994,4,2,36.6,21,9,-4.4
1994,5,6,40.5,26,11,-4.4
1994,6,156,37.3,26.8,152,-3.1
1994,7,419,32.3,26,138,-1.9
1994,8,299,32,26.5,119,-0.9
1994,9,94,32.7,25.7,118,-1.6
1994,10,12,32.4,19.5,78,-2.3
1994,11,0,27.8,13.7,39,-2.3
1994,12,0,24.2,9.6,28,-2.6
1995,1,47,20.9,7.9,52,-1.8
1995,2,13,25.8,12,36,-1.6
1995,3,12,31.2,15.7,42,-1.6
1995,4,4,37.1,21.1,19,-1.4
1995,5,1,40.9,26.5,11,-1.8
1995,6,94,39.2,28.2,96,-1.7
1995,7,233,33.9,27.3,150,-2.2
1995,8,310,31.5,26.9,120,-2.3
1995,9,139,32.7,25.4,116,-2.1
1995,10,21,33.2,21,80,-2.5
1995,11,2,28.5,13.3,46,-2.2
1995,12,1,23.9,10.7,32,-2.2
1996,1,59,22.9,10.1,60,-1.1
1996,2,12,26.2,12.6,41,-0.8
1996,3,2,33.8,18.1,45,-1
1996,4,1,38.1,21.5,21,-0.8
1996,5,5,40.6,26.4,16,-1
1996,6,141,37.4,27.9,139,1
1996,7,194,33.4,26.9,124,-0.8
1996,8,308,31.4,25.8,105,-1
1996,9,122,32.5,26.2,109,-1.1
1996,10,179,31.6,20.6,107,1.8
1996,11,0,29.3,12.8,56,2.1
1996,12,0,25,8.1,40,2
1997,1,17,22.6,8,41,1.6
1997,2,1,25.4,10,41,1.4
1997,3,5,32.6,16.9,51,1.4
1997,4,4,36.1,21,26,1.6
1997,5,16,38.2,24.7,27,1.6
1997,6,109,37,26.9,112,1.7
1997,7,186,33.4,26.6,120,0.6
1997,8,221,32.4,26.2,116,-1.6
1997,9,161,31.8,25.6,114,-1.6
1997,10,79,30.2,20.1,93,-1.2
1997,11,3,26.3,13.9,40,-1
1997,12,38,21.2,9.9,44,1.4
1998,1,0,22.1,7.8,28,0.6
1998,2,4,26.4,11.7,33,0
1998,3,28,30.6,15.1,59,1.2
1998,4,4,37.9,21.7,22,1.4
1998,5,6,41,26.3,17,1.1
1998,6,123,39,27.9,124,1.3
1998,7,267,33.1,27,130,0.9
1998,8,366,32.3,26.6,112,1.3
1998,9,152,32,26.2,123,1.2
1998,10,106,31.9,21.7,106,1.8
1998,11,2,29.2,15,53,2.1
1998,12,0,25.2,9.2,36,2
1999,1,18,22.2,8.5,41,1.8
1999,2,7,27.2,13.3,42,1.8
1999,3,0,34.3,17.2,55,1.7
1999,4,0,39.9,21.9,23,1.7
1999,5,15,39.4,26.5,28,1.7
1999,6,165,36.8,26.9,159,2.6
1999,7,397,33.1,26.2,126,3.3
1999,8,199,32.3,26.7,123,2.9
1999,9,215,32.3,25.7,120,3.5
1999,10,114,32.2,21.7,112,3.9
1999,11,0,30.3,14.9,57,4
1999,12,9,25.2,9.6,39,4
2000,1,16,23.8,10,42,3.4
2000,2,6,24.7,11,42,3.3
2000,3,4,32.1,15.6,52,3.3
2000,4,1,39.6,23.1,25,3.1
2000,5,14,39.6,26.5,27,3
2000,6,88,35.6,26.9,92,2.7
2000,7,307,32.8,27.1,128,2.5
2000,8,288,32.9,27,131,2.2
2000,9,184,32.3,25.4,128,2.4
2000,10,1,34,21.5,78,1.2
2000,11,1,29.8,14.9,46,0.9
2000,12,0,25.6,9.5,31,-1.4
2001,1,8,23.3,9,32,-1.9
2001,2,3,27.2,12.5,32,-2.2
2001,3,10,32.4,16.6,32,-2.4
2001,4,3,37.5,21.4,15,-2.3
2001,5,15,39.3,26.3,22,-2
2001,6,125,35.2,26.6,121,-1.1
2001,7,230,32.9,26.7,133,-1.6
2001,8,188,33.2,27.2,133,-2.4
2001,9,83,33.8,26,103,-3.5
2001,10,112,33.4,21.8,112,-2.7
2001,11,1,30.4,14.2,32,-3
2001,12,0,24.4,10.5,21,-3.3
2002,1,25,23.1,9,34,-3.1
2002,2,17,26.9,12.3,34,-3
2002,3,6,34.1,16.7,18,-3.4
2002,4,0,39.2,23.1,9,-3.3
2002,5,1,41.3,27.1,7,-3.5
2002,6,37,37.9,27.8,39,-4.1
2002,7,125,35.1,28.3,122,-5.5
2002,8,240,32.4,27,122,-6
2002,9,168,31.3,25.4,117,-5.6
2002,10,127,32.6,21,116,-4.3
2002,11,0,29.3,14.2,40,-3.9
2002,12,3,25.3,11.1,27,-3.7
2003,1,24,24.1,8.4,38,-3.5
2003,2,45,25.9,12.1,55,-2.1
2003,3,5,32.2,15.7,29,-2.1
2003,4,1,39.5,22.7,14,-1.9
2003,5,2,39.7,25.7,11,-2.1
2003,6,49,38.4,28.9,53,-2.4
2003,7,216,33.2,27.1,131,-2.9
2003,8,162,33,26.9,114,-3.7
2003,9,238,32.2,25.6,101,-2.5
2003,10,21,33.2,20.4,83,-2.9
2003,11,0,29.8,14,46,-2.7
2003,12,4,24.8,10,30,-2.5
2004,1,31,22.2,9.1,42,-2.1
2004,2,0,27.9,10.8,32,-2.2
2004,3,1,36.8,17.6,30,-2.6
2004,4,1,40.1,24,16,-2.4
2004,5,5,41,26.3,15,-2.4
2004,6,217,35.7,26.5,178,1.8
2004,7,118,33.6,27.7,123,-1.6
2004,8,165,32.9,26.5,140,-2.9
2004,9,90,34.4,25.5,98,-4.2
2004,10,62,31.7,20.6,71,-4.4
2004,11,0,29,13.6,10,-5.5
2004,12,0,26.3,10.4,7,-6
2005,1,17,22.9,10.3,21,-6
2005,2,11,25.9,13.2,14,-6.4
2005,3,32,33.9,17.8,33,-6
2005,4,0,37.7,21.5,3,-6
2005,5,9,38.5,25,11,-5.7
2005,6,17,39.2,28.8,18,-6.6
2005,7,189,32.5,26.5,141,-7
2005,8,253,33.6,26.8,139,-7.2
2005,9,85,32.7,25.9,102,-7.7
2005,10,57,32.3,20.6,76,-7.3
2005,11,0,29.2,13.2,30,-7.3
2005,12,1,23.9,8.6,17,-7.3
2006,1,0,24.2,11,16,-7.7
2006,2,0,29.9,14.7,10,-8
2006,3,41,32.2,16.1,45,-7
2006,4,5,37.3,22.6,10,-6.4
2006,5,12,39.7,26.5,16,-5.9
2006,6,44,36.5,27.4,45,-6
2006,7,390,33.2,26.1,145,-4.8
2006,8,81,32,27.2,114,-5.5
2006,9,54,33,25.8,93,-6.4
2006,10,16,32.8,22.3,64,-6.8
2006,11,0,28.7,15.5,30,-7
2006,12,2,25,10.3,20,-7
2007,1,0,24.1,8.6,17,-7.4
2007,2,38,25.4,12,45,-6.4
2007,3,41,32.5,15.2,48,-5.6
2007,4,1,39.1,22.8,7,-5.4
2007,5,18,38.7,25.7,22,-4.8
2007,6,56,37.3,26.7,57,-5
2007,7,141,33.2,27.3,135,-5.9
2007,8,232,33.2,26.9,134,-6.5
2007,9,104,33,26.9,106,-7
2007,10,6,33,21,39,-7.6
2007,11,0,30.1,13.8,17,-8
2007,12,4,24,9.8,14,-8.1
2008,1,3,21.8,12.1,10,-8.4
2008,2,1,25.9,10.6,6,-8.6
2008,3,2,34.9,17.7,6,-8.8
2008,4,2,37.9,21.3,5,-8.4
2008,5,25,38.3,26.5,27,-7.1
2008,6,263,34.5,27,138,-3.7
2008,7,344,31.7,26.1,118,-2.2
2008,8,297,32.4,26.4,116,-1.2
2008,9,64,32.8,25.5,103,-2.2
2008,10,14,33.4,20.9,75,-2.8
2008,11,0,30.8,14,39,-2.9
2008,12,0,26.8,10.9,26,-3.1
2009,1,2,25,10.7,27,-3.7
2009,2,0,28.1,13.9,30,-4.2
2009,3,1,33.8,17.6,17,-4.6
2009,4,1,39.8,22.3,11,-4.6
2009,5,35,39.9,26.9,40,-3.3
2009,6,10,38.6,28.1,15,-4.5
2009,7,125,34.3,27.1,122,-5.7
2009,8,76,34.1,26.8,76,-7.3
2009,9,175,32.5,25,123,-7.1
2009,10,109,32.9,20.3,109,-6.2
2009,11,2,29.5,14.7,16,-6.6
2009,12,1,24.9,10.8,10,-7
2010,1,7,23.1,7.2,13,-7.3
2010,2,14,27.3,12,18,-7.3
2010,3,1,35.5,17.9,5,-7.8
2010,4,0,41.3,24.4,3,-7.7
2010,5,3,40.7,26.9,5,-7.5
2010,6,8,38.5,28.3,9,-8.3
2010,7,106,34.5,27.7,102,-9.3
2010,8,121,32.6,27.6,115,-10.1
2010,9,75,32.4,26.7,72,-10.9
2010,10,23,32.8,22.1,23,-11
2010,11,1,30.2,14.9,2,-11.6
2010,12,2,24.2,9.3,3,-11.5
2011,1,6,21.9,8.7,6,-11.5
2011,2,7,26.4,13,8,-11.3
2011,3,2,33.8,17.7,2,-11.4
2011,4,1,37.3,21.9,2,-10.7
2011,5,20,39.6,27.2,19,-9.6
2011,6,297,35.4,26.9,169,-5.6
2011,7,286,33,27.3,135,-4.7
2011,8,353,32.6,26.7,123,-3.2
2011,9,207,32.4,26.1,123,-2.1
2011,10,4,32.7,21,79,-2.8
2011,11,0,30.3,14,43,-2.6
2011,12,0,25.1,9.4,29,-2.7
2012,1,58,21,9,58,-1.5
2012,2,1,25.5,13.3,35,-1.6
2012,3,6,32.6,16.8,41,-1.8
2012,4,3,38,22.5,20,-1.5
2012,5,2,41,26.8,12,-1.8
2012,6,20,39.8,29.6,26,-3.1
2012,7,424,33.7,27.3,136,-1.7
2012,8,289,32.7,26.3,119,-0.9
2012,9,313,32.9,25.9,120,3.7
2012,10,4,31.8,20.5,79,2.4
2012,11,0,28.1,12.8,45,2
2012,12,2,24.2,9.8,32,1.5
2013,1,13,22.4,7.9,33,0.9
2013,2,39,26.1,10.9,51,1.6
2013,3,16,33.3,16.7,49,1.4
2013,4,1,37.9,22.2,18,1.2
2013,5,1,41.3,27.4,12,0.6
2013,6,319,35.8,26.9,158,4
2013,7,388,32.6,27.2,136,5.2
2013,8,284,32.4,26.4,128,5.2
2013,9,56,33.1,26.2,100,3.5
2013,10,81,31.2,21.5,96,3.3
2013,11,0,27.9,13,45,3
2013,12,2,24.3,9.6,31,2.5
2014,1,41,22.4,9.2,48,2.7
2014,2,30,24.7,11.3,48,3.1
2014,3,13,31.8,15.8,52,3.2
2014,4,2,37.7,21.5,25,3.1
2014,5,14,38.5,25.5,26,2.8
2014,6,50,38.9,28.4,56,1.8
2014,7,159,33.2,27.9,145,-2
2014,8,132,33.7,27.2,127,-3.5
2014,9,79,32.8,25.6,82,-4.8
2014,10,110,32.2,21.1,106,-4.2
2014,11,0,29.6,14.3,5,-5.6
2014,12,7,23.4,9.5,11,-5.9
2015,1,50,21.2,8.6,49,-5
2015,2,9,27.6,12.7,11,-5.4
2015,3,46,31.4,15.5,46,-4.6
2015,4,7,36.7,21.3,8,-4.4
2015,5,6,40.6,27.2,8,-4.4
2015,6,118,36.9,28,114,-3.7
2015,7,285,32.8,26.8,145,-3.7
2015,8,239,32.6,27.2,126,-3.9
2015,9,57,34.2,25.8,106,-5
2015,10,32,33.2,21.7,75,-5.1
2015,11,0,29.6,15.4,34,-5.3
2015,12,1,24.3,10.2,22,-5.3
2016,1,20,24.1,10.1,31,-5.4
2016,2,8,28.1,13.3,28,-5.6
2016,3,12,34.6,18.1,24,-5.2
2016,4,2,39.9,23.4,10,-5.2
2016,5,14,40.7,26.5,19,-4.4
2016,6,93,38.5,28.1,92,-3.9
2016,7,382,33.1,26.6,129,-3.4
2016,8,254,32.8,26.8,133,-4.2
2016,9,133,33.3,25.9,120,-5.1
2016,10,67,33.1,21.1,100,-5.2
2016,11,1,29.5,14,52,-5.5
2016,12,6,26,10.8,36,-5.6
2017,1,26,23.2,9.6,44,-5.7
2017,2,7,27.8,13.2,43,-6.1
2017,3,10,33.4,16.9,51,-6.3
2017,4,2,39.5,23,21,-6
2017,5,16,40.3,26.3,27,-5.7
2017,6,113,36.2,25.9,115,-5.9
2017,7,325,33.1,26.6,130,-5.9
2017,8,262,33.2,27,129,-5.8
2017,9,174,33.2,26,127,-6.6
2017,10,45,33.8,21.8,93,-7
2017,11,1,29.1,13.6,48,-7
2017,12,6,25.2,10.4,34,-6.9
2018,1,21,24.3,10.2,44,-7.1
2018,2,7,28,13.5,39,-6.7
2018,3,10,34.5,17.9,45,-6.8
2018,4,2,39.1,22.6,20,-6.2
2018,5,10,40.6,26.4,21,-5.9
2018,6,121,37.7,27.4,122,-5.4
2018,7,283,33.2,26.7,141,-5
2018,8,316,32.7,26.6,121,-4.3
2018,9,138,32.1,24.9,118,-3.7
2018,10,47,32.3,20.7,94,-3.9
2018,11,2,29.4,14.1,49,-3.5
2018,12,6,23.5,8.6,35,-3.5
2019,1,32,22.6,8.7,40,0.3
2019,2,29,25.1,10.5,45,1.1
2019,3,6,31.5,15.1,53,1.4
2019,4,2,38.5,21.8,27,1.6
2019,5,6,40.9,26.6,20,1.1
2019,6,35,38.6,28,42,-1.2
2019,7,370,33.8,27.1,141,0.5
2019,8,326,33.4,27.1,134,1.1
2019,9,206,32.3,24.9,105,2
2019,10,36,32.5,20.4,79,1.5
2019,11,0,29.8,14.2,47,1.5
2019,12,39,21.9,6.9,46,2.5
