Product: Historical Climate - TerraClimate(http://www.climatologylab.org/terraclimate.html) 
Location (Lat/Lon of 4-km Grid Cell Center): 25.6042 North,83.5625 East 
Data Source: NW Climate Toolbox(https://climatetoolbox.org/tool/point-data-download)
Download Date: 07/24/2020
Variable List: 
ppt: ppt (Precipitation)
tmax: tmax (Maximum Temperature)
tmin: tmin (Minimum Temperature)
aet: aet (Actual Evapotranspiration)
PDSI: pdsi (Palmer Drought Severity Index (PDSI))
********************************************************
Year,Month,ppt(mm),tmax(degC),tmin(degC),aet(mm),PDSI(unitless)
1958,1,27,24.4,11.3,48,-1
1958,2,3,27.1,13,40,-1.1
1958,3,21,34.5,17.6,48,-0.9
1958,4,3,40.5,24.4,17,-1
1958,5,2,42.4,28.2,11,-1.5
1958,6,63,40.8,29.2,66,-2.4
1958,7,276,33.9,26.7,136,-2.6
1958,8,384,32.1,26.6,109,-2.1
1958,9,170,32.6,25.4,112,-2.2
1958,10,65,32.5,21.4,94,-1.4
1958,11,0,29.9,13.9,49,-1.3
1958,12,1,25.3,10.7,38,-1.1
1959,1,76,22.7,10.1,69,2.3
1959,2,2,26.3,11.8,41,2.3
1959,3,7,34.2,17.5,49,2.4
1959,4,4,39.4,23.8,22,2.3
1959,5,20,41.5,27.3,30,2.4
1959,6,64,38.8,28,68,1.3
1959,7,208,33.2,26.9,149,-2
1959,8,347,32.5,26.7,128,-2.5
1959,9,149,31.8,25.5,118,-2.8
1959,10,119,31.1,22.7,114,-0.8
1959,11,0,29,14,57,1.8
1959,12,0,25,10.1,39,1.9
1960,1,5,22.5,9,38,1.4
1960,2,0,29.3,13.3,38,1.1
1960,3,30,32.4,16.8,63,1.8
1960,4,1,39.5,22.5,18,1.4
1960,5,6,41.9,27.2,16,1
1960,6,83,39.4,28.6,86,-1.2
1960,7,356,32.6,26.7,129,-0.6
1960,8,363,32.3,26.9,125,0.6
1960,9,171,31.7,26.1,107,-0.2
1960,10,37,31.6,21,91,-0.2
1960,11,0,28.5,12.5,45,-0.7
1960,12,0,24.9,8.8,31,-0.8
1961,1,33,22.9,10.5,47,0.4
1961,2,17,25.2,11.3,46,0.7
1961,3,4,33.5,18.6,33,-0.3
1961,4,1,39.7,23.2,15,-0.2
1961,5,4,41.6,27.6,13,-0.8
1961,6,143,37.7,27.2,139,0.4
1961,7,207,33.4,26.4,145,-1.5
1961,8,374,32.5,26.7,126,-1.7
1961,9,160,32,25.8,120,-2.1
1961,10,84,31.5,20.6,102,-0.9
1961,11,2,27.1,12.9,51,-0.6
1961,12,4,21.9,7.4,36,1.3
1962,1,30,22.1,7.9,50,1.6
1962,2,11,26.4,12,41,1.8
1962,3,8,33.6,16.1,48,1.8
1962,4,6,38.7,22.9,24,1.9
1962,5,6,40.7,27,16,1.6
1962,6,110,38.9,28.8,112,1.4
1962,7,265,34.3,27,144,0.6
1962,8,375,31.8,26.2,117,0.6
1962,9,234,31.7,25.2,115,0.9
1962,10,12,31.4,19.7,77,-0.7
1962,11,0,29.4,12.8,45,-1.2
1962,12,3,24.5,9.7,33,-1.3
1963,1,12,22.6,7.4,34,-1.5
1963,2,3,29,11.7,31,-1.7
1963,3,15,32,16.8,35,-1.6
1963,4,3,37.3,22.4,15,-1.5
1963,5,18,39.4,26,25,-1.2
1963,6,130,37.5,27,129,-1
1963,7,349,32.9,26.4,121,0.4
1963,8,439,32.3,26.6,119,1.7
1963,9,200,32.3,24.9,123,1.4
1963,10,59,31.9,21.6,95,1.6
1963,11,15,28.9,15.6,58,1.9
1963,12,0,25.1,9.9,36,1.7
1964,1,6,22.7,8.8,36,1.1
1964,2,3,26.9,12.4,35,0.8
1964,3,3,34.8,18.6,29,-1
1964,4,4,39,24.5,18,-1
1964,5,13,40,25.8,21,-0.9
1964,6,123,39,27.4,123,-1.1
1964,7,323,32,25.8,129,-0.9
1964,8,273,32.5,26.7,129,-1.1
1964,9,200,31.7,25.6,115,-1
1964,10,48,33.1,21.7,93,-0.8
1964,11,6,28.6,13.6,48,-0.7
1964,12,0,25,9.5,36,-0.7
1965,1,1,24.3,9.4,33,-1.3
1965,2,1,27.3,11.8,33,-1.6
1965,3,18,32,16.1,39,-1.4
1965,4,7,37.9,22,19,-1.3
1965,5,3,41.6,26.8,11,-1.6
1965,6,52,40.2,28.6,55,-2.7
1965,7,418,33.2,26.6,144,-1.5
1965,8,321,32.8,26.3,121,-0.9
1965,9,164,32.3,24.7,121,-1.2
1965,10,29,32.1,20.7,83,-1.4
1965,11,12,29.1,14.3,55,-1.2
1965,12,1,24.3,8.4,34,-1.2
1966,1,31,22.9,10,47,-0.7
1966,2,7,28.8,14,38,-0.7
1966,3,0,34,17.7,27,-1.3
1966,4,0,39.8,23.3,15,-1.4
1966,5,6,42.4,27.3,15,-1.6
1966,6,187,38.6,27.9,180,-0.8
1966,7,305,34.4,27,156,-1
1966,8,241,32.1,26.4,115,-1.6
1966,9,67,32.6,25.4,106,-2.9
1966,10,8,32.5,20.5,73,-3.7
1966,11,25,30.1,14.5,56,-3.5
1966,12,4,23.9,9.4,32,-3.6
1967,1,2,22.6,9.3,25,-4.1
1967,2,1,29.1,12.6,22,-4.7
1967,3,37,31.5,16.5,48,-3.7
1967,4,5,37.8,21.6,13,-3.6
1967,5,4,41.4,26.7,10,-3.7
1967,6,76,39.5,28.3,76,-4.3
1967,7,247,33.9,26.4,146,-4.7
1967,8,477,32,26.1,128,-3.7
1967,9,272,31.9,24.8,115,-2.5
1967,10,5,32,20.1,76,-3.2
1967,11,0,27.9,13.1,43,-3.3
1967,12,5,24.9,10.4,33,-3.1
1968,1,40,21.2,9.5,50,-2.2
1968,2,4,25.9,11.2,34,-2.2
1968,3,5,32.8,17.7,30,-2.4
1968,4,1,38,22.5,14,-2.3
1968,5,4,41.2,26.7,12,-2.5
1968,6,152,36.5,27.2,148,-1.8
1968,7,204,32.6,26.4,131,-2.7
1968,8,284,32.9,26.2,133,-3.4
1968,9,157,33.1,25.8,123,-4
1968,10,44,31,20.8,87,-3.5
1968,11,0,28.7,14.4,44,-3.3
1968,12,2,24.7,10.4,35,-2.9
1969,1,6,22.9,9,34,-3.1
1969,2,3,28.4,12.3,33,-3
1969,3,17,35.2,18.9,39,-2.8
1969,4,4,39,23.2,16,-2.5
1969,5,20,40.4,26,27,-1.9
1969,6,102,39.1,28.1,103,-2.1
1969,7,410,32.9,26.4,132,-0.9
1969,8,293,32.1,25.7,115,1.2
1969,9,190,31.7,25.2,115,1
1969,10,5,32.7,21.4,75,-0.9
1969,11,17,30.3,15.1,52,0.1
1969,12,0,24.9,10,28,-0.9
1970,1,38,22.6,10.1,49,0.5
1970,2,17,26.1,11.8,38,0.9
1970,3,13,32.6,17.3,45,1.1
1970,4,1,40.1,23.7,17,0.9
1970,5,27,42,27.4,36,1.4
1970,6,142,37.2,26.4,139,1.7
1970,7,337,33.1,26.5,129,1.8
1970,8,266,32.8,26.8,133,1.3
1970,9,412,31.5,25.3,108,3.7
1970,10,32,32.7,21.5,82,3.1
1970,11,1,28.7,13.4,47,2.5
1970,12,0,25.5,8.8,32,2.1
1971,1,27,22.2,9.2,42,2.1
1971,2,6,26.1,10.6,34,1.9
1971,3,7,33,16.6,36,1.6
1971,4,15,37,22.1,30,2.1
1971,5,36,38.6,25.2,43,3
1971,6,276,35.3,26.1,144,5
1971,7,315,31.8,25.1,128,5.5
1971,8,508,31.4,25.3,110,6.9
1971,9,163,32.6,24.6,114,5.7
1971,10,110,31.3,21.3,109,6.7
1971,11,0,27.9,13.4,52,6.2
1971,12,0,25.1,9.1,39,5.9
1972,1,17,23.2,9,40,5.5
1972,2,26,25,10.4,53,5.9
1972,3,3,33.5,17.2,50,5.7
1972,4,3,39,21.8,23,5.3
1972,5,2,42.9,27.1,13,4.4
1972,6,64,40.5,28.1,69,2.6
1972,7,194,34.8,26.5,149,1
1972,8,263,32.8,25.7,135,-3.7
1972,9,191,32.1,24.4,124,-4.3
1972,10,75,31.8,19.9,95,-3.2
1972,11,16,28.2,13.4,52,-2.3
1972,12,0,24.7,9.6,37,-1.9
1973,1,32,23,10.2,50,-1.2
1973,2,7,27.6,13.4,37,-0.9
1973,3,6,33,16.3,37,-0.6
1973,4,1,40.9,23.8,17,-0.6
1973,5,10,41.3,27.1,19,-0.6
1973,6,136,37.6,27.9,134,1.4
1973,7,242,34.4,26.5,154,-0.9
1973,8,404,32.3,26.2,123,-0.8
1973,9,247,31.5,25.7,107,0.6
1973,10,118,30.5,21.9,113,2.5
1973,11,5,27.2,14.4,53,2.7
1973,12,0,23.4,9.4,38,2.8
1974,1,4,21.9,9.1,38,2.2
1974,2,1,26.5,11.1,36,2
1974,3,8,33.5,18.5,49,2.1
1974,4,1,39.6,24.1,20,1.9
1974,5,5,40.9,26.9,16,1.4
1974,6,85,38.8,27.8,88,0.8
1974,7,419,32.6,26.3,150,1.6
1974,8,341,32.1,26.3,121,2.1
1974,9,177,32.5,25.3,108,1.7
1974,10,26,33.6,22.3,84,1.1
1974,11,1,29,12.9,46,0.7
1974,12,1,23.3,8.4,29,-0.1
1975,1,31,21.8,9,46,0.4
1975,2,6,26.1,12.2,36,-0.1
1975,3,16,33.3,16.9,44,0.1
1975,4,2,40.3,22.9,17,-0.1
1975,5,6,42.5,27,15,-0.7
1975,6,191,38.5,27.3,184,0.7
1975,7,306,32.3,25.5,126,0.6
1975,8,183,32.6,25.7,120,-0.9
1975,9,299,31.1,25.8,124,1
1975,10,55,33,22.5,95,1.1
1975,11,0,28.9,12.8,50,0.8
1975,12,0,24.4,8.8,36,0.6
1976,1,18,23.2,9.4,40,-0.1
1976,2,4,27,13.4,35,-0.5
1976,3,0,33.4,17.9,25,-1
1976,4,4,38.7,22.2,18,-1
1976,5,12,40.4,26.4,20,-1
1976,6,93,38.2,27.7,95,-1.6
1976,7,256,33.6,26.1,133,-2
1976,8,290,31.9,25.8,126,-2.4
1976,9,308,31.7,25,117,-1
1976,10,18,32.8,20.6,76,-1.4
1976,11,0,31.3,15.2,50,-1.6
1976,12,0,25,8.8,32,-1.7
1977,1,17,22.4,9.1,37,-1.7
1977,2,5,27.9,12,38,-1.9
1977,3,1,35,18.7,21,-2.6
1977,4,8,38,23.2,19,-2.3
1977,5,23,38.9,25.1,29,-1.6
1977,6,87,37.4,26.9,88,-2.1
1977,7,383,32.7,26.2,136,-1.3
1977,8,320,32.7,26.5,118,-0.7
1977,9,151,32.1,25.1,118,-1.2
1977,10,87,31.5,21.3,106,1.2
1977,11,19,30.1,16.1,57,1.9
1977,12,6,23.7,10.5,40,2.2
1978,1,33,21.4,8.4,51,2.5
1978,2,25,25.4,11.7,50,3.3
1978,3,26,31.2,15.4,67,4.4
1978,4,6,38.1,22.3,31,4.5
1978,5,10,41.7,27.9,23,4.1
1978,6,246,37.9,27.6,188,5.2
1978,7,256,33,25.9,126,4.7
1978,8,332,32.3,26.4,124,4.4
1978,9,271,31.1,25.4,126,4.6
1978,10,51,31.6,21.6,91,4.3
1978,11,3,29.4,15.6,51,3.8
1978,12,4,24.3,10.1,38,3.5
1979,1,22,23.5,10,40,3.3
1979,2,8,25,11.8,36,3
1979,3,2,32.3,16.9,33,2.4
1979,4,5,39.4,23.8,20,2.2
1979,5,1,42.7,26,11,1.5
1979,6,121,38.7,27.5,122,1
1979,7,341,33.9,26.6,144,1.1
1979,8,208,33.3,27,147,-1.5
1979,9,92,33.3,25.7,122,-2.7
1979,10,38,32.8,22.3,85,-2.8
1979,11,29,31.5,17,56,-2.1
1979,12,6,23.7,12.4,34,-1.9
1980,1,5,22.6,9.6,30,-2.2
1980,2,2,27.1,13.1,30,-2.4
1980,3,7,32.3,17.7,25,-2.6
1980,4,1,40.4,24.3,12,-2.7
1980,5,11,41.1,28,18,-2.6
1980,6,134,37,27.2,133,-2.1
1980,7,375,32.8,26.2,119,-1.2
1980,8,408,32.5,26.1,109,2
1980,9,169,32.4,25.9,121,1.3
1980,10,20,31.7,21.5,82,0.6
1980,11,0,29.8,13.7,47,-1.3
1980,12,2,25.3,10.5,32,-1.4
1981,1,30,21.1,10.1,41,-0.9
1981,2,1,27.4,12.6,33,-1.1
1981,3,20,32.1,17.5,44,-0.8
1981,4,4,37.8,22.7,17,-0.8
1981,5,14,39.6,26.2,22,-0.6
1981,6,101,38.8,28,102,-1
1981,7,425,32.4,26.5,131,1.1
1981,8,341,33,26.3,119,1.7
1981,9,189,32.3,25.4,117,1.4
1981,10,0,33.3,20,80,-1.2
1981,11,12,28.8,13.1,50,-1.3
1981,12,2,24,9.4,31,-1.5
1982,1,26,23.6,10.2,40,-1.2
1982,2,7,25.6,12.5,32,-1.3
1982,3,38,30.9,15.7,59,0.8
1982,4,6,37.8,22.3,18,0.7
1982,5,21,41.1,25.6,28,1
1982,6,115,37.8,27,115,0.8
1982,7,200,35.5,27.7,153,-1.5
1982,8,292,33.1,26,126,-2.3
1982,9,256,33.2,24.8,131,-2.1
1982,10,16,32.2,21,78,-2.5
1982,11,20,28.6,14.5,53,-1.9
1982,12,2,24.6,9.9,36,-1.8
1983,1,19,21.6,8.9,38,-1.6
1983,2,1,26.3,12,32,-1.8
1983,3,6,32.7,16.9,31,-2
1983,4,11,37.1,21.2,24,-1.4
1983,5,26,39.7,25.5,33,-0.6
1983,6,82,39.6,27.7,84,-1.4
1983,7,290,34.4,26.1,133,-1.5
1983,8,210,34,26.2,129,-2.3
1983,9,154,32.3,26,111,-2.8
1983,10,71,31.6,20.8,94,-1.8
1983,11,0,28.9,12.6,52,-1.5
1983,12,5,24.7,9.4,37,-1.1
1984,1,43,22.1,9.1,52,1.7
1984,2,22,25.5,11.6,48,2.3
1984,3,2,35.1,17.8,46,2.2
1984,4,4,39.5,23.6,23,2.3
1984,5,6,42.3,27.9,18,1.8
1984,6,177,36.8,27.3,150,2.6
1984,7,281,32.3,26.6,133,2.2
1984,8,256,32.4,25.9,127,1.5
1984,9,233,31.6,24.6,125,1.7
1984,10,17,33.1,21.6,80,0.9
1984,11,0,28.4,12.9,48,-1.2
1984,12,0,25.3,10.7,33,-1.4
1985,1,23,22,10.6,38,-1.2
1985,2,1,27.5,12.2,32,-1.5
1985,3,2,35.9,19.5,22,-2.2
1985,4,4,40.1,23.7,16,-2.2
1985,5,9,41.3,27,16,-2.2
1985,6,89,38.9,28.3,91,-2.5
1985,7,365,32,26.2,127,-1.7
1985,8,343,32.7,26.6,129,-1.1
1985,9,296,31.6,25.7,118,1.9
1985,10,120,31.3,20.4,107,3.6
1985,11,1,29.1,14,57,3.5
1985,12,6,25.5,11.4,43,3.7
1986,1,6,22.9,10.1,36,3.1
1986,2,16,26.9,12.1,45,3.3
1986,3,1,33.2,17.2,43,3
1986,4,5,38.4,23.1,24,2.9
1986,5,27,39.5,24.9,37,3.3
1986,6,116,38.8,27.2,118,2.8
1986,7,272,32.5,25.4,132,2.1
1986,8,383,32.7,25.7,124,2
1986,9,188,32.2,25,121,1.6
1986,10,42,31.1,20.5,85,1.5
1986,11,3,29.5,14.9,50,1.3
1986,12,13,23.5,10.3,37,1.6
1987,1,6,22.5,9.4,32,1.1
1987,2,7,27.9,13.6,36,1
1987,3,11,33.3,18.1,42,1
1987,4,4,38.7,23.4,20,0.9
1987,5,6,40.9,25.7,15,0.6
1987,6,63,39.9,29,67,-1.5
1987,7,331,33.3,26.6,138,-1.2
1987,8,411,32,26.5,126,0.7
1987,9,300,32.3,26.2,120,1.8
1987,10,70,32,21.5,98,2.2
1987,11,4,29.1,14.5,53,2.1
1987,12,2,24.9,10.2,36,2
1988,1,6,23.8,10.5,35,1.4
1988,2,10,27.8,13.5,39,1.3
1988,3,35,33.3,18,63,2
1988,4,6,39.7,23.9,21,1.9
1988,5,9,41.8,27.9,18,1.6
1988,6,161,37.3,26.9,155,2
1988,7,267,32.3,26.7,120,1.4
1988,8,351,32,26.8,105,1.4
1988,9,125,33.2,26.1,123,-1.1
1988,10,17,33,20.7,82,-1.7
1988,11,1,29.3,14.6,48,-1.9
1988,12,11,25.1,11.5,36,-1.6
1989,1,15,21.8,8.8,35,-1.7
1989,2,4,26.3,12.9,34,-1.8
1989,3,9,32.7,17.8,29,-2
1989,4,0,39.6,22.7,12,-2.3
1989,5,14,42.1,27,21,-2.1
1989,6,113,37.1,26.9,113,-2.1
1989,7,335,33.3,25.9,122,-1.6
1989,8,199,32.3,26.5,119,-2.1
1989,9,185,32.1,26.2,104,-1.9
1989,10,20,32.4,22,79,-2.2
1989,11,5,29,14.7,50,-2.2
1989,12,8,23.7,9.7,35,-1.9
1990,1,9,24.7,9.9,36,-2.1
1990,2,22,26.1,13.6,41,-1.5
1990,3,11,31.7,17.3,37,-1.3
1990,4,4,38.4,23.5,18,-1.2
1990,5,20,39.8,26.5,28,-0.6
1990,6,203,38.3,27.6,162,1.9
1990,7,380,31.8,26,107,3
1990,8,340,32.6,26.6,118,3.3
1990,9,196,31.8,25.8,110,3
1990,10,27,31.7,21,77,2.3
1990,11,0,30.5,14.6,50,1.8
1990,12,1,24.6,10.3,33,1.5
1991,1,26,21.2,9.2,41,1.5
1991,2,4,28.1,13.8,34,1.2
1991,3,21,34,18,47,1.3
1991,4,7,38.5,22.6,21,1.3
1991,5,8,42,27,16,0.9
1991,6,246,36.5,27.5,166,2.6
1991,7,164,34,27.3,145,1.3
1991,8,463,31.9,26.3,114,1.7
1991,9,126,32.1,25.4,115,0.7
1991,10,0,32.9,20.7,77,-2.1
1991,11,1,29.5,13.6,47,-2.5
1991,12,9,23.9,10.1,33,-2.3
1992,1,18,22,9.2,36,-2.2
1992,2,3,25,11.3,30,-2.4
1992,3,1,34.8,18.8,21,-3.1
1992,4,1,39.8,23.1,13,-3.2
1992,5,6,39.7,26.1,14,-3.2
1992,6,35,38.8,27.2,39,-4.3
1992,7,178,33.7,26.9,141,-5.4
1992,8,191,32.3,26.4,132,-6.3
1992,9,121,32.3,24.5,121,-7.9
1992,10,15,32.2,21.1,48,-8.6
1992,11,2,29.5,14.3,19,-9.3
1992,12,0,24.1,10.2,10,-9.5
1993,1,7,22.7,10.6,14,-9.6
1993,2,2,28.5,13.9,7,-9.8
1993,3,24,31.5,16,27,-9.1
1993,4,1,37.4,22.3,4,-8.7
1993,5,16,40.8,26.4,18,-7.8
1993,6,67,39,28.4,66,-7.9
1993,7,74,34.6,26.5,72,-9.8
1993,8,182,32.3,26.5,123,-10.4
1993,9,220,31.5,25.5,108,-11
1993,10,18,32.9,21.6,62,-10.9
1993,11,7,30.4,14.1,35,-10.6
1993,12,0,25.3,10.2,21,-10.3
1994,1,48,23.2,10.4,52,-8.6
1994,2,9,25.7,12.6,25,-8.1
1994,3,1,35,19.2,11,-8.2
1994,4,3,38.1,22.5,10,-7.6
1994,5,4,41.6,27.1,9,-7.3
1994,6,210,38.2,27.8,169,-5.4
1994,7,274,33.6,25.3,146,-5.1
1994,8,320,32.8,26.3,128,-4.7
1994,9,134,33.1,25.8,133,-5.2
1994,10,30,33.1,20.3,87,-5
1994,11,2,28.2,15.2,47,-4.8
1994,12,0,25,10.2,33,-4.5
1995,1,23,21.1,8.9,39,-4
1995,2,10,27,13.7,35,-3.6
1995,3,15,32.8,17,39,-3.2
1995,4,3,39.4,22.6,16,-3
1995,5,5,42.8,27.6,13,-3
1995,6,98,39.6,29.2,99,-3.2
1995,7,219,33.8,26.9,146,-4
1995,8,252,32.6,26.6,122,-4.6
1995,9,169,32.3,25.5,113,-5.1
1995,10,12,33.7,21.7,74,-5.2
1995,11,16,29,14.5,53,-4.6
1995,12,0,24.8,11.3,31,-4.3
1996,1,54,23,10.6,58,-2.8
1996,2,8,26.7,12.4,37,-2.4
1996,3,1,34.8,19.2,29,-2.6
1996,4,1,39.3,22.5,16,-2.4
1996,5,3,42.4,27.4,12,-2.6
1996,6,166,37.7,26.9,160,-1.7
1996,7,216,33.4,27,132,-2.5
1996,8,315,31.9,25.7,113,-2.8
1996,9,98,32.2,26.5,104,-3.6
1996,10,107,32.3,21.6,109,-1.8
1996,11,0,30.6,14.1,57,-1.4
1996,12,0,25.6,8.9,39,-1.1
1997,1,9,22.6,9,35,-1.2
1997,2,0,25.6,11.8,36,-1.3
1997,3,3,33.5,18.1,31,-1.5
1997,4,5,36.7,22.2,20,-1.2
1997,5,20,40.1,26.2,29,-0.7
1997,6,77,39,28.6,79,-1.3
1997,7,233,33.3,26.4,121,-1.8
1997,8,318,33.2,26.2,112,-2
1997,9,153,31.6,25.8,107,-2.3
1997,10,18,30.9,20.8,77,-2.6
1997,11,19,28.9,15.1,52,-1.9
1997,12,12,22.9,10.8,36,-1.3
1998,1,2,22.3,9.4,31,-1.7
1998,2,4,27.8,13.2,35,-1.6
1998,3,17,32,16.9,45,-1.2
1998,4,4,38.9,23.2,19,-1.1
1998,5,19,42.6,27.6,27,-0.6
1998,6,91,40.2,29.1,93,-1.2
1998,7,236,33.1,27,124,-1.8
1998,8,358,32.4,27.6,108,-1.7
1998,9,193,32.7,26.1,113,-1.6
1998,10,56,33.6,22.9,82,-1
1998,11,18,30.8,16.6,57,1.1
1998,12,0,25.6,11.1,37,1.1
1999,1,3,23,9.3,34,0.6
1999,2,4,28.6,13.7,39,0
1999,3,0,35.4,18,31,-0.9
1999,4,0,41.1,23.9,16,-1.1
1999,5,17,41.1,27.7,26,-0.7
1999,6,150,37.8,28,145,0.5
1999,7,393,33,26.5,124,1.5
1999,8,268,32.1,27,109,1.6
1999,9,208,32.1,25.6,121,1.4
1999,10,45,32.2,22.9,86,1.4
1999,11,0,30.9,16.3,53,1.1
1999,12,2,25.2,11.9,34,0.9
2000,1,4,23.1,10.8,32,-0.6
2000,2,4,25.8,12.6,34,-0.9
2000,3,1,32.4,17.9,25,-1.4
2000,4,2,39.5,24.3,15,-1.5
2000,5,12,40.7,27.1,20,-1.3
2000,6,123,37,27.5,123,-1.1
2000,7,216,33.5,27.1,130,-2
2000,8,234,33.2,27.2,132,-2.9
2000,9,272,31.6,25.4,113,-2.5
2000,10,0,33.7,22.8,76,-3.3
2000,11,0,30.9,15.9,48,-3.6
2000,12,0,26.2,10.4,31,-3.7
2001,1,5,24.4,9.6,29,-4.1
2001,2,2,28.3,13.1,28,-4.5
2001,3,21,33.2,17.9,34,-4.1
2001,4,4,38.6,22.9,13,-3.9
2001,5,4,40.4,27.4,11,-3.9
2001,6,166,36.5,27.1,134,-2.6
2001,7,291,33.1,26.1,132,-2.3
2001,8,307,32.9,27.5,123,-2.1
2001,9,101,33.4,26.4,111,-3
2001,10,67,33.4,22.9,95,-2.2
2001,11,3,31.6,15.4,52,-2
2001,12,0,25.9,10.6,34,-1.9
2002,1,8,22.8,10.3,33,-2.1
2002,2,9,28.4,13.3,37,-1.8
2002,3,9,34.6,18.9,34,-1.9
2002,4,0,40,23.9,14,-1.9
2002,5,2,41.7,28.2,10,-2.2
2002,6,30,39,28.6,35,-3.2
2002,7,184,34.2,28.6,149,-4.4
2002,8,338,32.9,26.8,122,-4.8
2002,9,177,32,25.7,119,-4.7
2002,10,73,33.2,21.5,97,-3.5
2002,11,6,30.6,15.1,55,-2.9
2002,12,1,26.1,11.4,36,-2.5
2003,1,12,24,9.1,39,-2.4
2003,2,26,27,13.4,47,-1.4
2003,3,13,32.6,17.6,49,-0.9
2003,4,2,40.4,24.3,19,-0.8
2003,5,0,41,27,11,-1.2
2003,6,67,39,29.9,71,-1.8
2003,7,195,33.6,27.2,135,-2.9
2003,8,219,33.5,27,114,-3.7
2003,9,320,32,26.4,107,-2.9
2003,10,47,33.4,21.9,87,-2.5
2003,11,0,31.1,15.4,53,-2.3
2003,12,0,25,11.4,33,-2.2
2004,1,23,21.8,9.7,41,-1.8
2004,2,0,28.3,12.4,34,-1.9
2004,3,2,36.9,19.4,29,-2.3
2004,4,4,40.3,25.2,18,-2.1
2004,5,6,42.1,28,14,-2.2
2004,6,185,37,27.6,177,-1.2
2004,7,178,32.9,27.6,147,-2.5
2004,8,330,33.2,26.9,127,-3.1
2004,9,346,33.9,26,135,-1.5
2004,10,22,32,21.8,82,-1.8
2004,11,8,29.1,15.3,51,-1.7
2004,12,0,26.8,11.5,32,-1.8
2005,1,26,22.6,12,40,-1.4
2005,2,7,27.5,14.4,40,-1.4
2005,3,32,34.4,19.7,55,-0.7
2005,4,1,38.9,23.2,14,-0.9
2005,5,11,40.6,26.7,19,-0.8
2005,6,56,40.2,29.5,59,-2
2005,7,185,32.8,26.8,141,-3.2
2005,8,328,33.1,27.5,128,-3.7
2005,9,103,32.9,25.7,119,-4.6
2005,10,30,32.1,22.1,74,-4.5
2005,11,0,30.3,14.2,47,-4.6
2005,12,2,25.2,9.6,31,-4.5
2006,1,0,25.5,10.5,29,-5
2006,2,0,30.9,14.8,22,-5.5
2006,3,41,33,18,52,-4.3
2006,4,8,38.1,23.8,16,-3.9
2006,5,28,40.8,27.5,32,-2.9
2006,6,90,38,28,90,-3
2006,7,339,33.3,25.8,138,-2.5
2006,8,121,32.8,26.7,125,-3.4
2006,9,93,32.9,26,108,-4.9
2006,10,6,33.2,23.1,62,-5.7
2006,11,0,29.3,16.8,34,-6.3
2006,12,1,26.5,11.2,22,-6.6
2007,1,0,24.2,9.4,17,-7
2007,2,39,26.2,13.4,45,-5.9
2007,3,28,33.3,17,34,-5.3
2007,4,1,39.8,23.8,6,-5.3
2007,5,15,40.7,26.4,19,-4.8
2007,6,83,38.4,27,82,-4.9
2007,7,202,33.1,26.8,126,-5.6
2007,8,296,33.2,27.1,128,-5.9
2007,9,225,32.7,27.1,118,-5.3
2007,10,4,33.5,22.5,75,-5.6
2007,11,1,30.6,15.6,45,-5.6
2007,12,1,25.7,10.7,33,-5.4
2008,1,22,22.5,12.4,40,-4.9
2008,2,2,26.5,11.7,30,-4.8
2008,3,11,34.6,19.5,29,-4.7
2008,4,3,39,23.6,14,-4.4
2008,5,27,40,27.7,33,-3.3
2008,6,335,35.4,27.6,133,3.9
2008,7,288,31.6,25.7,118,4.8
2008,8,337,32.6,26.9,110,5
2008,9,102,32.8,25.7,116,3.3
2008,10,6,33.2,21.8,72,2.1
2008,11,1,31.3,15.2,43,1.2
2008,12,0,27.1,11.6,28,0.7
2009,1,4,25.7,11.3,30,-3.1
2009,2,0,29.4,14.5,27,-3.8
2009,3,2,34.1,18.9,17,-4.1
2009,4,0,41.1,24,9,-4.2
2009,5,19,41.2,27.8,24,-3.7
2009,6,23,39.7,29,26,-5
2009,7,181,34.7,26.6,136,-5.9
2009,8,147,33.9,27,117,-6.8
2009,9,206,32.8,25.7,126,-7.8
2009,10,33,33.6,21.3,72,-7.8
2009,11,8,31.2,15.7,38,-7.9
2009,12,1,25.7,11.8,21,-7.8
2010,1,3,22.9,8.1,19,-7.9
2010,2,7,28.9,12.6,17,-7.9
2010,3,3,35.8,19.6,9,-8.2
2010,4,1,42.2,25.6,5,-8
2010,5,9,41.6,27.9,12,-7.5
2010,6,40,39.5,28.7,41,-8.1
2010,7,140,34.8,27.8,133,-9.1
2010,8,179,33.2,27.9,128,-9.8
2010,9,90,32.6,27.1,94,-11.6
2010,10,21,32.8,23.4,31,-12.2
2010,11,2,31.2,17,9,-13
2010,12,5,25.2,10.5,10,-12.8
2011,1,2,22.2,10,6,-12.7
2011,2,2,28.3,12.9,6,-12.7
2011,3,1,34.2,19.4,4,-12.6
2011,4,4,38.4,23.6,6,-11.7
2011,5,17,40.5,28.1,18,-10.5
2011,6,351,36.9,27.6,168,-6.3
2011,7,258,32.9,27.5,135,-5
2011,8,326,33,26.6,112,-3.9
2011,9,330,32.3,26.1,111,-2
2011,10,19,33,21.6,81,-2.4
2011,11,0,30.8,15.2,47,-2.5
2011,12,0,26.2,10.1,31,-2.6
2012,1,62,21.3,9.7,62,-1
2012,2,3,27.2,13.7,38,-1
2012,3,4,33.9,17.9,31,-1.4
2012,4,3,38.8,24,18,-1.3
2012,5,1,42.2,27.7,10,-1.7
2012,6,68,40.7,30,71,-2.6
2012,7,425,33.3,27.2,133,-1.2
2012,8,365,33.3,26.5,123,1.8
2012,9,357,32.9,25.8,122,3.4
2012,10,3,32.7,20.5,75,2.1
2012,11,0,29.7,13.2,47,1.3
2012,12,0,25.7,9.8,32,0.8
2013,1,3,23,9,27,-2.2
2013,2,21,26.8,12.9,40,-1.8
2013,3,14,33.8,17.9,32,-2
2013,4,2,38.7,23.7,13,-2
2013,5,0,41.9,28.4,8,-2.5
2013,6,250,37.3,27.5,170,1.8
2013,7,325,33.3,27.3,143,2.2
2013,8,391,33.1,26.1,127,2.9
2013,9,160,33.3,26.2,126,2
2013,10,44,31.1,22.3,81,1.9
2013,11,0,29.2,13.4,50,1.7
2013,12,0,24.6,10.5,34,1.4
2014,1,70,21.8,9.8,64,3
2014,2,25,25.8,12.3,49,3.7
2014,3,16,32.7,17.4,61,4.2
2014,4,0,39.3,23.2,21,3.8
2014,5,29,41.1,27.1,39,4.1
2014,6,9,39.7,28.5,16,2
2014,7,140,33.7,27.2,133,-3.3
2014,8,190,33.5,27.1,127,-4.5
2014,9,34,32.4,25.8,58,-7.3
2014,10,6,32.4,21,20,-8.6
2014,11,0,30,14.2,9,-9.9
2014,12,1,23.9,10,7,-10.2
2015,1,28,20.5,9.1,31,-9.3
2015,2,14,27.3,13,17,-9.1
2015,3,17,31.8,17,19,-8.6
2015,4,5,36.4,22.5,8,-8.1
2015,5,8,42,27.7,9,-7.7
2015,6,115,39.2,28.4,111,-7.1
2015,7,284,33.8,25.7,138,-6.8
2015,8,454,33.3,26.8,121,-5.5
2015,9,73,33.7,25.6,114,-6.4
2015,10,31,33.3,21.7,81,-6.3
2015,11,2,30.4,14.6,43,-6.4
2015,12,1,24.5,10.1,27,-6.2
2016,1,24,22.6,9.7,37,-6.1
2016,2,9,28.3,14.5,35,-6.3
2016,3,7,34.2,19,22,-5.5
2016,4,3,40.3,23.8,12,-5.5
2016,5,15,41.2,26.8,20,-4.8
2016,6,160,39.1,28.3,155,-4.9
2016,7,369,33.2,26.2,127,-4.5
2016,8,232,33.1,26.8,128,-4.5
2016,9,281,32.6,25.9,103,-4.2
2016,10,51,32.7,21.6,88,-3.9
2016,11,1,29.4,14.3,53,-3.8
2016,12,0,24.9,10.5,33,-3.6
2017,1,53,22.2,9.3,59,-3.6
2017,2,5,27.2,13,40,-3.6
2017,3,13,32.5,17.7,46,-3.6
2017,4,5,39,23.9,21,-3.5
2017,5,8,41.5,27.1,18,-3.5
2017,6,89,38.8,28,91,-3.9
2017,7,417,33.1,26.3,120,-3.6
2017,8,272,33.3,27,126,-3.8
2017,9,103,32.9,26,110,-4.5
2017,10,20,32.6,21.8,76,-4.9
2017,11,1,29.6,14.7,47,-4.9
2017,12,0,25.1,10.9,30,-4.8
2018,1,4,22,9.3,29,-5.1
2018,2,5,27.7,13.8,30,-4.9
2018,3,2,33.8,18.6,21,-4.9
2018,4,3,38,22.7,14,-4.1
2018,5,11,40.9,26.7,18,-3.7
2018,6,105,38.5,27.6,105,-3.8
2018,7,344,33.5,26.5,139,-3.6
2018,8,332,33,26.7,118,-3.2
2018,9,187,32.4,25.4,119,-3.2
2018,10,16,31.9,20.9,80,-3.4
2018,11,1,29.2,14.1,47,-3.4
2018,12,0,23.8,9.3,30,-3.4
2019,1,14,22.1,9.2,30,-2.3
2019,2,8,26.6,12.4,32,-2.1
2019,3,7,32.4,16.7,32,-2.1
2019,4,3,39,23,17,-1.9
2019,5,3,42,27.6,12,-2.1
2019,6,47,40,29.5,51,-3.1
2019,7,469,34.1,27.3,137,-1.3
2019,8,317,33.9,27.7,140,-0.8
2019,9,311,32.4,25.8,110,2.8
2019,10,45,32.5,21.5,79,2.7
2019,11,0,30.6,15.6,50,2.4
2019,12,12,23.1,8.6,36,2.6
