Product: Historical Climate - TerraClimate(http://www.climatologylab.org/terraclimate.html) 
Location (Lat/Lon of 4-km Grid Cell Center): 27.4792 North,77.6875 East 
Data Source: NW Climate Toolbox(https://climatetoolbox.org/tool/point-data-download)
Download Date: 07/24/2020
Variable List: 
ppt: ppt (Precipitation)
tmax: tmax (Maximum Temperature)
tmin: tmin (Minimum Temperature)
aet: aet (Actual Evapotranspiration)
PDSI: pdsi (Palmer Drought Severity Index (PDSI))
********************************************************
Year,Month,ppt(mm),tmax(degC),tmin(degC),aet(mm),PDSI(unitless)
1958,1,9,23.3,9.1,12,-0.2
1958,2,3,25.7,10.1,5,-0.2
1958,3,5,32.6,16.6,6,-0.7
1958,4,0,39.4,23.3,1,-0.8
1958,5,1,41.8,27,2,-1.1
1958,6,7,42.2,29.3,8,-1.8
1958,7,352,33.9,27.5,134,2.4
1958,8,288,33.6,26.1,116,3.4
1958,9,249,31.6,25.6,127,5.2
1958,10,31,32.3,19,81,5.4
1958,11,4,28.8,12.2,15,5.2
1958,12,4,23.8,9.5,9,4.6
1959,1,21,21.7,7.3,23,4.5
1959,2,1,24.9,9.3,3,3.8
1959,3,1,33.6,15.7,3,3
1959,4,0,37.8,21.5,2,2.6
1959,5,22,40.8,26.6,22,3
1959,6,19,40.6,30,19,2.5
1959,7,198,34,27.1,147,2.2
1959,8,237,32.7,26.2,123,1.9
1959,9,107,32.4,25.8,115,1.6
1959,10,14,33.2,20.4,55,1.6
1959,11,8,28.9,11.6,17,1.3
1959,12,0,24.5,8.3,5,0.8
1960,1,5,21.4,6.6,8,-0.3
1960,2,0,29.6,11.3,2,-1.1
1960,3,37,30.7,15.5,37,1.1
1960,4,1,36.7,20.5,2,0.9
1960,5,6,42,26.6,7,0.7
1960,6,13,41.6,29.9,14,-0.6
1960,7,209,35.1,26.8,143,0.2
1960,8,406,32.4,26.2,116,2.8
1960,9,60,34.4,25,105,1.7
1960,10,96,33.1,18.4,100,2.4
1960,11,0,29.2,9.7,9,2.2
1960,12,6,24.1,8.2,11,2.2
1961,1,36,21.8,7.6,37,2.9
1961,2,19,23,8.8,20,3.2
1961,3,0,32.2,16.2,2,2.4
1961,4,1,37.1,20.6,2,2.1
1961,5,3,41.1,26.6,4,1.7
1961,6,31,39.9,28.7,30,1.6
1961,7,154,34.4,27.1,142,1
1961,8,494,32.4,25.9,118,4.1
1961,9,106,32.6,25.8,113,3.6
1961,10,69,32.1,18.6,100,4.4
1961,11,5,26.4,11.3,19,4.6
1961,12,3,21.3,5.5,9,4.2
1962,1,27,21,5.3,30,4.4
1962,2,2,25.6,10.7,5,3.8
1962,3,15,31.2,15.5,16,3.6
1962,4,1,38.1,21.7,2,3.2
1962,5,1,41.4,26.6,2,2.5
1962,6,10,41.8,29,11,1.5
1962,7,217,35.7,27.9,138,1.7
1962,8,195,33.7,26.1,124,1.1
1962,9,182,32,24.7,125,2.1
1962,10,0,32.8,17.3,54,1.9
1962,11,2,29,11.4,11,1.3
1962,12,4,22.9,8.2,9,1.1
1963,1,11,22.3,5.2,13,0.9
1963,2,2,27.9,11.1,4,-0.2
1963,3,8,31.5,15.2,9,-0.8
1963,4,2,36.4,21,3,-0.7
1963,5,5,40,25.6,6,-0.7
1963,6,26,39.9,28.9,25,-0.9
1963,7,135,36.7,27.8,129,-1.5
1963,8,276,32.5,26,112,-1.4
1963,9,265,32.7,24,125,2.5
1963,10,2,34.3,19.6,56,2.4
1963,11,7,29.2,14.1,16,1.8
1963,12,9,23.9,7.1,14,1.8
1964,1,1,20.4,5.3,4,1
1964,2,0,25.4,10,2,0.6
1964,3,1,33.8,16.8,3,-1.3
1964,4,0,38.5,22.3,1,-1.3
1964,5,12,40.1,24.8,12,-1
1964,6,7,40.7,29.3,8,-1.7
1964,7,367,33.8,26.5,138,2.5
1964,8,327,33.4,26.3,126,3.9
1964,9,220,32.1,24.6,121,5.3
1964,10,0,33.6,18.6,54,4.8
1964,11,0,28.8,9.7,10,3.9
1964,12,4,23.5,7.6,9,3.3
1965,1,3,23.8,8.7,6,2.4
1965,2,9,25.4,10,11,2.2
1965,3,5,31,14.7,6,1.7
1965,4,4,34.9,20,5,1.6
1965,5,2,40,25.9,3,1.2
1965,6,5,41.9,30.2,6,-2
1965,7,226,35.4,27.4,167,-1.7
1965,8,138,34,25.6,140,-2.8
1965,9,128,33.5,24.1,129,-2.5
1965,10,36,33.7,19.7,47,-2.7
1965,11,0,30,12.5,6,-2.8
1965,12,0,23.4,6.4,4,-2.8
1966,1,2,23.5,7.1,4,-3.1
1966,2,6,28.1,12.5,7,-2.9
1966,3,0,32.2,14.9,2,-3.1
1966,4,0,37.7,21.7,1,-2.9
1966,5,19,41.7,26.2,19,-2.1
1966,6,50,39.5,28.2,48,-1.1
1966,7,124,37.4,27.5,118,-2.2
1966,8,307,33,25.6,135,-1.9
1966,9,38,33.6,24.3,90,-3
1966,10,15,34.8,19.2,24,-3.9
1966,11,21,28.1,13,25,-3.2
1966,12,0,23.9,5.9,3,-3.3
1967,1,1,21.6,5.1,3,-3.5
1967,2,1,28.7,11,2,-3.5
1967,3,41,29.9,14.9,40,-1.9
1967,4,0,36.5,20.5,1,-1.8
1967,5,1,41.2,25.9,2,-2
1967,6,19,41.4,29.2,19,-2.2
1967,7,210,35.2,26.9,146,-1.9
1967,8,462,32.1,25.6,111,3.6
1967,9,146,32.4,24,124,3.7
1967,10,11,33.9,18.2,65,3.7
1967,11,3,28.4,12.2,13,3.2
1967,12,24,23.6,8,28,3.9
1968,1,28,20.5,6.8,29,4.1
1968,2,3,23.9,8.4,5,3.6
1968,3,9,31.9,14.8,10,3.1
1968,4,0,37.2,20.2,1,2.8
1968,5,1,40.7,25.5,2,2.1
1968,6,13,40.8,28.8,13,1.4
1968,7,247,35,26.3,135,2
1968,8,202,33.6,25.9,142,1.4
1968,9,32,35.8,24.5,85,-1.8
1968,10,29,33.8,18.5,38,-2.3
1968,11,0,30.3,11,5,-2.5
1968,12,0,23.9,8,4,-2.6
1969,1,8,21.9,7.4,10,-2.7
1969,2,7,25.5,11.3,8,-2.4
1969,3,5,36.1,15.7,6,-2.5
1969,4,0,36.8,21.8,1,-2.4
1969,5,11,39.9,25.5,11,-1.9
1969,6,15,41.7,29.9,15,-2.2
1969,7,258,35.6,26.5,146,-1.3
1969,8,200,33.7,26,126,-1.3
1969,9,131,33.2,25,124,-1
1969,10,0,35.1,19.6,55,-0.8
1969,11,2,31.2,12.3,11,-1.1
1969,12,0,25,7.3,5,-1.2
1970,1,32,22.2,7.8,34,0.7
1970,2,24,24.3,9.7,25,1.5
1970,3,17,30.5,15.4,18,1.6
1970,4,0,39.1,22.3,1,1.4
1970,5,15,41.8,27.3,15,1.6
1970,6,43,38.6,27.6,41,2
1970,7,106,36.6,27,101,-1.4
1970,8,311,33.3,26.3,130,-1.1
1970,9,151,33.1,25.2,128,0.5
1970,10,7,34.6,19.3,61,0.8
1970,11,0,29.7,10.3,10,-0.4
1970,12,0,24.7,7.5,5,-0.7
1971,1,17,21,6.5,19,0.2
1971,2,6,26.4,9.5,8,0
1971,3,1,32.3,14.8,3,-0.7
1971,4,2,38.4,21.7,3,-0.6
1971,5,11,39.1,25,12,0.2
1971,6,76,37.1,27.6,73,2.1
1971,7,257,33.4,26.2,128,2.8
1971,8,232,32.1,25.1,120,2.9
1971,9,148,33.3,24,124,3.1
1971,10,45,33.1,19.1,90,3.8
1971,11,2,29.2,11.3,16,3.8
1971,12,0,24.8,7.4,6,3.2
1972,1,4,22.7,7.2,8,2.6
1972,2,12,23.1,8,14,2.6
1972,3,1,32.4,15.6,2,1.9
1972,4,1,36.9,20.5,2,1.7
1972,5,0,42.8,26.9,1,1.1
1972,6,19,42.2,29.5,19,0.6
1972,7,123,36.7,27.5,118,-2.4
1972,8,266,33,25.8,135,-2.7
1972,9,92,33.7,22.8,121,-2.9
1972,10,16,33.6,18.4,40,-2.9
1972,11,3,29.9,11.8,11,-2.8
1972,12,3,23.8,8.3,7,-2.7
1973,1,21,21.9,7.3,23,-2.2
1973,2,7,27,11.4,9,-1.9
1973,3,1,31.6,15.3,3,-2.1
1973,4,0,40.1,22.6,1,-2
1973,5,2,42.6,27.4,3,-2.1
1973,6,13,40,29.6,13,-2.4
1973,7,181,35.9,27.1,162,-2.5
1973,8,353,32.6,25.8,120,-1
1973,9,120,33.8,24.5,121,-0.9
1973,10,65,33.2,18.8,88,2.5
1973,11,0,29.6,10.6,25,3.4
1973,12,3,21.9,6.4,11,3.1
1974,1,1,22,6,5,2.4
1974,2,0,24.6,9,3,1.9
1974,3,1,33.7,16.7,3,1.3
1974,4,0,39.5,22.6,2,1.1
1974,5,4,40.9,26.3,5,0.9
1974,6,7,40.1,28.8,7,-1.6
1974,7,196,35.1,26.6,160,-1.6
1974,8,133,34,26,120,-2.6
1974,9,17,35.4,25,31,-4
1974,10,96,33.7,20.2,95,-2.9
1974,11,0,29.3,10.7,5,-2.9
1974,12,3,22.3,7.1,6,-2.7
1975,1,13,20.4,6.5,14,-2.4
1975,2,2,24.5,9.3,3,-2.5
1975,3,3,31.1,15,4,-2.5
1975,4,0,38.5,21.4,1,-2.4
1975,5,1,42.4,27.6,2,-2.5
1975,6,40,39.2,27.9,38,-2
1975,7,209,34.2,26.1,147,-1.6
1975,8,219,32.7,26.1,124,-1.8
1975,9,234,31.3,25.1,140,1.8
1975,10,47,33.1,20.4,88,2.7
1975,11,0,28.8,9.9,17,2.9
1975,12,0,24.5,7.4,7,2.4
1976,1,0,22.6,8.4,4,1.7
1976,2,7,25.1,11.2,9,1.6
1976,3,4,30.5,16,5,1.1
1976,4,1,36.5,20.4,2,1
1976,5,11,41.1,25.7,11,1
1976,6,50,38,27.8,48,1.6
1976,7,206,35.5,27.5,151,1.5
1976,8,280,31.9,25.2,125,1.8
1976,9,87,34.1,23,105,1.3
1976,10,2,35.2,18.7,35,0.8
1976,11,13,31,12.6,22,0.7
1976,12,0,23.9,8.1,5,-0.3
1977,1,23,21.7,7,25,0.4
1977,2,2,26.1,10.5,4,-0.7
1977,3,0,34.5,16.1,2,-1.1
1977,4,8,36.8,21.3,9,0.5
1977,5,9,38.8,25.1,9,0
1977,6,29,38.7,28.7,28,0
1977,7,350,33.2,26.1,164,2.3
1977,8,181,33.1,26,126,1.5
1977,9,194,32,24.3,143,2.4
1977,10,41,34.5,19.4,88,3.1
1977,11,1,30.7,14.2,14,3.1
1977,12,3,24.9,9,9,2.8
1978,1,0,21.7,6.5,4,2
1978,2,12,23.9,9.9,14,2.1
1978,3,38,28.9,14.3,38,3.1
1978,4,2,37.5,21.2,3,2.8
1978,5,0,44.3,28.3,1,2.2
1978,6,62,40,28.5,60,3.2
1978,7,235,33.7,26.4,118,3.6
1978,8,234,32.2,25.8,128,3.5
1978,9,159,32.5,24.9,116,4
1978,10,1,34,19.1,55,3.7
1978,11,2,28.3,13.9,11,3.2
1978,12,7,24.1,7.6,12,3
1979,1,12,22.4,8,15,2.7
1979,2,32,23.6,9.9,32,3.6
1979,3,8,29.5,14.5,9,3.1
1979,4,1,38.6,21.9,2,2.8
1979,5,13,39.9,25.4,13,2.8
1979,6,21,41,29,21,2.2
1979,7,134,35.7,27.5,128,1
1979,8,75,34.7,26.4,72,-3.6
1979,9,16,35.3,24.8,15,-5.3
1979,10,3,34.6,20.6,3,-6.5
1979,11,10,28.9,16,10,-6
1979,12,6,23.6,9.6,6,-5.5
1980,1,1,22.3,7.2,2,-5.6
1980,2,4,27.2,11.5,4,-5.3
1980,3,29,30.5,15.5,27,-4.1
1980,4,0,40,23,1,-3.9
1980,5,3,43.6,28.7,3,-3.8
1980,6,39,39.4,28.4,37,-3.1
1980,7,233,33.7,26.8,139,-2.3
1980,8,210,34,26,128,-2.2
1980,9,41,34.6,24.7,94,-3.1
1980,10,18,34.4,20.3,26,-3.9
1980,11,2,29.3,12.7,7,-3.8
1980,12,24,23.6,8.7,26,-2.6
1981,1,16,21.4,8.1,17,-2.2
1981,2,2,26.8,11.1,3,-2.3
1981,3,36,30.1,15.7,36,-1
1981,4,0,38.4,21.8,1,-1
1981,5,11,41.3,26.5,12,-0.7
1981,6,90,41.6,29.6,86,3.2
1981,7,253,33.8,27,150,3.5
1981,8,124,33.6,26.4,131,1.8
1981,9,67,34.9,25.5,106,0.7
1981,10,0,33.8,19.2,10,-3.2
1981,11,19,27.5,12,23,-2.5
1981,12,1,23.4,7.6,4,-2.5
1982,1,26,21.7,8.9,27,-1.7
1982,2,4,23,10.4,5,-1.7
1982,3,36,28.3,14,35,1.4
1982,4,6,35.9,20.8,6,1.5
1982,5,16,37.5,24.8,16,1.9
1982,6,18,40.3,28.7,18,1.2
1982,7,146,37.2,28.1,139,-1.3
1982,8,346,33.2,26.2,125,0.8
1982,9,20,34.8,24.2,73,-1.5
1982,10,28,34,20.3,37,-2.3
1982,11,27,28,13.8,30,-1.5
1982,12,9,24,9.3,12,-1.3
1983,1,24,21,7.1,25,-0.8
1983,2,5,24,9.5,6,-0.9
1983,3,3,30.3,15.4,4,-1.2
1983,4,8,33.7,19.4,8,-0.6
1983,5,25,38.9,25,24,1.4
1983,6,31,39.3,28.8,30,1.3
1983,7,135,35.5,26.9,129,-0.7
1983,8,304,33.2,26.6,120,0.2
1983,9,144,33.5,25.3,112,0.8
1983,10,52,32.4,19,89,1.9
1983,11,0,29.1,10.5,19,2.4
1983,12,3,23,8.6,10,2.2
1984,1,3,20.7,7.1,7,1.6
1984,2,3,23.7,8.2,5,1.3
1984,3,0,34,16.5,2,0.6
1984,4,2,37.9,21.7,4,0.7
1984,5,1,43.7,27.8,2,-1.1
1984,6,28,40.2,29.3,27,-1.1
1984,7,130,33.7,27.7,125,-1.9
1984,8,247,33.6,25.4,130,-2.4
1984,9,127,32.6,23.8,126,-2.1
1984,10,0,33.8,18.1,49,-1.9
1984,11,0,29.3,11,10,-2.2
1984,12,0,24.1,8.6,5,-2.4
1985,1,14,21.2,7.5,16,-2.1
1985,2,0,27,9.9,2,-2.3
1985,3,8,34.6,17.4,10,-2.3
1985,4,5,38.1,22,6,-1.8
1985,5,2,42.1,27.4,3,-2
1985,6,19,40.3,29.1,19,-2.3
1985,7,377,34.2,27.1,146,2.6
1985,8,212,33.2,26.2,137,2.1
1985,9,106,33.6,24.2,121,1.7
1985,10,131,31.6,18.3,110,4
1985,11,0,29.3,12.4,48,5.4
1985,12,18,23.9,9.9,26,6.2
1986,1,13,21.4,7.9,17,5.8
1986,2,14,24.3,10.6,17,5.6
1986,3,11,30.9,15.8,12,5.1
1986,4,0,37.5,21.3,2,4.6
1986,5,15,39.3,25,15,4.6
1986,6,33,39.8,28.8,33,4.2
1986,7,159,34.2,26.6,151,3.3
1986,8,123,34.1,26,118,1.7
1986,9,63,34.6,24.8,61,-2.7
1986,10,39,32.9,19.3,37,-3.2
1986,11,1,30,13,1,-3.4
1986,12,5,22.8,7,5,-3.3
1987,1,25,22.3,8,24,-2.5
1987,2,7,27,12.1,7,-2.3
1987,3,8,32.4,17.2,8,-2.3
1987,4,0,38.4,22.2,1,-2.2
1987,5,26,38.4,24.6,25,-1.1
1987,6,9,41.5,29.9,8,-1.8
1987,7,75,38.3,28.4,71,-4.1
1987,8,153,35.4,26.6,146,-4.8
1987,9,52,35.6,25.6,50,-5.6
1987,10,9,34.8,20.1,9,-6.5
1987,11,0,31.1,11.5,0,-6.5
1987,12,15,23.8,8.6,15,-5.5
1988,1,5,23.3,8.9,5,-5.4
1988,2,3,27.1,11.8,3,-5.1
1988,3,23,31.4,15.9,22,-4.2
1988,4,6,39.1,22.6,6,-3.6
1988,5,2,42.9,28.3,2,-3.5
1988,6,36,40.2,28.6,35,-2.9
1988,7,249,34,27.2,134,-1.9
1988,8,317,33,25.9,118,2.6
1988,9,87,34.2,25.6,116,1.8
1988,10,26,34,19.1,49,1.3
1988,11,0,29.4,11.9,8,0.8
1988,12,2,24.3,8.2,6,-1.1
1989,1,36,20.8,6.6,37,0.9
1989,2,1,25.2,9.6,3,-0.3
1989,3,24,30.8,15.6,24,1
1989,4,0,37,20.1,1,0.7
1989,5,1,41.8,26.4,2,-0.4
1989,6,7,39.1,27.9,8,-1.2
1989,7,140,36.3,26.6,134,-1.9
1989,8,255,33.9,25.6,131,-2.4
1989,9,130,34.2,24.4,131,-2.1
1989,10,2,34.5,18.9,49,-1.9
1989,11,4,29.6,12.1,14,-2.1
1989,12,2,22.6,8,7,-2
1990,1,0,25,8.9,3,-2.6
1990,2,23,24.1,11.4,24,-1.5
1990,3,3,29.1,14.9,4,-1.7
1990,4,1,37.2,21.2,2,-1.7
1990,5,13,39.8,26.7,14,-1.2
1990,6,42,39.7,29.1,41,-0.7
1990,7,224,33.9,26.7,137,1.2
1990,8,176,33.3,26.2,125,-0.7
1990,9,236,32.5,25.3,113,2.5
1990,10,3,32.8,18.6,57,2.4
1990,11,3,29.4,12.5,12,1.8
1990,12,10,23.5,8.3,15,1.8
1991,1,1,20.5,6.6,4,1.1
1991,2,14,25.4,11.5,16,1.3
1991,3,4,31,16.4,6,0.9
1991,4,1,36.1,20.8,2,0.7
1991,5,14,41.2,27.2,14,0.9
1991,6,7,39.7,29,7,-1
1991,7,120,37.5,28,115,-2.3
1991,8,266,32.9,26.2,118,-2.4
1991,9,78,33.6,25,109,-2.7
1991,10,1,33.8,18.2,24,-3.3
1991,11,13,28,11.9,20,-2.9
1991,12,19,23.4,8.5,22,-1.9
1992,1,18,21.5,8.1,20,-1.5
1992,2,8,23.7,9.6,9,-1.3
1992,3,15,30.7,16.7,16,-1
1992,4,1,36.4,21.5,2,-1
1992,5,7,40.1,25.9,7,-1
1992,6,7,41.3,29.9,8,-1.7
1992,7,90,35.1,27.6,86,-3.2
1992,8,215,32.5,26.4,118,-3.9
1992,9,110,32.7,24,122,-3.7
1992,10,52,32.5,19.6,84,-2.5
1992,11,20,28.2,12.7,30,-1.4
1992,12,0,24.1,9.1,5,-1.4
1993,1,4,21.1,7.8,8,-1.6
1993,2,14,27.3,11.8,15,-1.1
1993,3,11,28.5,15.1,12,-1.1
1993,4,1,36.5,21.1,2,-1
1993,5,3,41.3,27.4,4,-1.1
1993,6,58,40.7,29.7,56,1.4
1993,7,199,34.4,27.5,156,1.2
1993,8,150,34.6,26.2,147,-1.3
1993,9,244,32,25.6,113,2.1
1993,10,2,33.4,19.9,56,1.9
1993,11,0,30.1,13,10,1.2
1993,12,0,24.8,7.8,5,0.7
1994,1,33,21.9,10,34,1.4
1994,2,9,24.5,11,11,1.3
1994,3,0,33.5,17.2,2,0.6
1994,4,4,35.7,20.7,5,0.7
1994,5,6,41.8,27.4,6,-0.1
1994,6,36,40,29.4,35,0.3
1994,7,426,33.2,27.1,135,3.7
1994,8,272,32.3,26.5,125,4.2
1994,9,46,32.7,25,98,2.7
1994,10,0,33.2,18.7,10,1
1994,11,0,29,12.9,5,-2.5
1994,12,0,24.3,8.9,3,-2.6
1995,1,46,20.1,7.2,46,-1
1995,2,6,25.1,11.2,7,-0.9
1995,3,12,29.1,15.7,12,-0.8
1995,4,4,35.5,20.9,5,1.2
1995,5,0,41.1,27.6,1,0.6
1995,6,11,41.9,30.7,11,-1.2
1995,7,135,35.9,28.2,129,-1.9
1995,8,407,31.9,27,118,1.8
1995,9,129,33.7,25.5,127,1.7
1995,10,2,34,20.7,51,1.5
1995,11,1,29.2,12.5,10,0.9
1995,12,2,23.2,9.8,7,-0.2
1996,1,8,21.4,8.7,11,-0.9
1996,2,5,26.2,12.1,7,-0.9
1996,3,3,32.4,18.3,5,-1.2
1996,4,1,37.5,21.9,2,-1.2
1996,5,9,40.4,27,10,-1.1
1996,6,56,39.8,30.7,54,1
1996,7,148,35.5,27.5,141,-0.5
1996,8,302,32.1,25.9,111,0.8
1996,9,246,33.2,25.7,121,2.9
1996,10,49,32.3,20,88,3.8
1996,11,0,29,11.3,18,3.9
1996,12,0,24.4,6.7,7,3.3
1997,1,4,21.5,6.5,8,2.7
1997,2,0,25,9.1,3,2.1
1997,3,5,30.8,16.9,7,1.6
1997,4,4,35.3,20.7,5,1.7
1997,5,16,38.3,24.8,16,1.9
1997,6,46,37.8,27.3,44,2.3
1997,7,99,35.6,27.4,95,0.9
1997,8,233,32.7,25.7,139,-2.1
1997,9,124,32.6,24.8,125,-1.8
1997,10,69,31.1,16.9,82,1.5
1997,11,23,25.8,13.2,48,3.5
1997,12,19,19.6,8.5,30,4.8
1998,1,0,21.1,6.8,6,4.3
1998,2,8,25.2,10.8,11,4.1
1998,3,29,29.5,14.7,30,4.5
1998,4,4,36.9,21.9,6,4.4
1998,5,3,41.6,27.2,4,3.7
1998,6,44,40.8,29.4,43,3.8
1998,7,188,34.9,27.8,141,3.4
1998,8,209,33.4,26.1,136,2.3
1998,9,123,32.2,25.4,125,2.1
1998,10,76,31.3,21.1,92,3.5
1998,11,8,28.7,13.3,37,5.1
1998,12,0,24.8,7.2,9,4.5
1999,1,19,20.4,6.5,23,4.4
1999,2,6,26.3,12.1,8,3.9
1999,3,0,32.9,16.8,2,3
1999,4,0,39,21.4,2,2.6
1999,5,3,39.7,26.5,4,2.1
1999,6,57,39.2,28.6,56,2.9
1999,7,147,34.7,26.4,140,1.9
1999,8,176,33.8,26.6,133,0.6
1999,9,158,33.7,25.6,114,1.2
1999,10,79,33.5,20.5,94,2.6
1999,11,0,31,13.5,29,3.6
1999,12,1,24.9,8.1,9,3.1
2000,1,13,22.7,7.9,17,2.7
2000,2,9,24.1,9.7,11,2.6
2000,3,7,31.2,15.1,9,2.1
2000,4,1,39.6,23.5,2,1.9
2000,5,5,40.8,28,6,1.5
2000,6,21,38.6,28.5,20,1.1
2000,7,219,34.6,27.1,134,1.3
2000,8,177,33.9,26.9,139,-1.1
2000,9,46,33.9,25.2,98,-2
2000,10,2,35.6,20.3,11,-3.2
2000,11,3,30.3,13.7,8,-3.3
2000,12,0,25.7,8.2,3,-3.3
2001,1,9,20.9,7.4,10,-3.2
2001,2,5,26.5,11.8,6,-3
2001,3,5,31.8,16.3,6,-3
2001,4,5,37,21.7,6,-2.4
2001,5,25,40.5,27.2,24,-1.2
2001,6,58,36.9,28.6,56,2.2
2001,7,188,34.1,27.4,136,1.9
2001,8,177,34.1,26.9,144,0.6
2001,9,34,34.1,26.2,75,-2.5
2001,10,14,34.3,21.2,23,-3.3
2001,11,0,30.1,13.7,5,-3.5
2001,12,0,23.2,10.8,3,-3.5
2002,1,13,22.3,7.4,14,-3.2
2002,2,10,25.8,11,11,-2.7
2002,3,3,33.8,16.1,5,-2.8
2002,4,0,38.6,23.6,1,-2.6
2002,5,3,43,27.7,3,-2.7
2002,6,17,40.2,30.1,17,-2.8
2002,7,24,37.4,28.3,23,-5.7
2002,8,134,33,28,128,-6.3
2002,9,165,31.3,26.2,125,-5
2002,10,4,33.5,21.4,17,-5.4
2002,11,2,29.3,14,8,-5.2
2002,12,7,24.2,10.7,10,-4.7
2003,1,24,22.5,6.3,25,-3.8
2003,2,17,25.3,11,18,-2.9
2003,3,4,31.6,15.5,5,-3
2003,4,0,38.9,22.6,1,-2.8
2003,5,3,40.3,27,3,-2.8
2003,6,52,40.5,30.7,51,-1.7
2003,7,414,34,27.4,126,4.1
2003,8,142,32.9,26.9,110,2.9
2003,9,106,33,24.7,105,2.6
2003,10,40,33.9,19.4,88,3.2
2003,11,4,29.1,13,14,3.1
2003,12,10,23.6,8.8,14,3.1
2004,1,13,21.3,7.8,15,2.9
2004,2,0,27.7,10.1,2,2.3
2004,3,0,36.1,17.2,2,1.5
2004,4,1,39.7,23.5,2,1.3
2004,5,9,41.8,26.6,10,1.2
2004,6,34,37.6,29,33,1.3
2004,7,30,36.2,28.7,29,-3.2
2004,8,271,33.4,26.3,132,-3.2
2004,9,10,35.4,25.1,64,-4.6
2004,10,101,32.2,19.5,100,-3.3
2004,11,0,30.2,12.7,8,-3.5
2004,12,0,25.4,9.1,4,-3.5
2005,1,3,22,7.3,6,-3.5
2005,2,17,24.3,11.6,18,-2.7
2005,3,24,33.2,16.6,24,-1.9
2005,4,1,37.1,21.5,2,-1.7
2005,5,1,38.7,26,2,-1.9
2005,6,23,40.9,31.1,23,-1.9
2005,7,189,34.2,27.4,145,-1.8
2005,8,109,35,26.4,120,-3.1
2005,9,184,32.9,26.3,136,-2.1
2005,10,4,32.9,19.9,39,-2.5
2005,11,0,29.4,13.2,9,-2.6
2005,12,0,22.8,7.8,5,-2.6
2006,1,0,21.8,9.9,3,-3
2006,2,0,29.2,13.9,2,-3.1
2006,3,28,31.5,15.4,28,-2
2006,4,1,37.2,23.1,2,-1.9
2006,5,16,41,27.7,16,-1.2
2006,6,45,38.2,29.5,44,1.5
2006,7,254,35.3,27.2,152,1.9
2006,8,136,32.3,27.7,140,-1.3
2006,9,124,33.3,25.4,130,-1.2
2006,10,9,33.4,21.5,41,-1.3
2006,11,3,28.8,14.8,12,-1.6
2006,12,1,23.6,9.6,6,-1.7
2007,1,2,23,7,5,-2
2007,2,19,25.6,11.4,20,-1.2
2007,3,35,31.8,14.8,35,1.5
2007,4,2,39.5,23.2,3,1.3
2007,5,17,39.2,27,17,1.7
2007,6,50,39.6,29.5,48,2.2
2007,7,147,35.1,28.2,141,1.2
2007,8,192,33.9,27.2,138,-1.7
2007,9,93,33.6,26.6,105,-1.8
2007,10,2,33.6,19.8,13,-3.1
2007,11,2,31.1,12.7,7,-3.2
2007,12,1,22.5,9,4,-3.1
2008,1,1,19.7,9.7,4,-3.3
2008,2,1,25,9.2,3,-3.3
2008,3,1,35.2,17.6,2,-3.4
2008,4,6,37.4,21,6,-2.7
2008,5,10,38.5,27,10,-2.3
2008,6,51,36.8,28.8,49,-1
2008,7,139,34.1,27.8,132,-1.5
2008,8,248,32.7,26.6,121,-1.9
2008,9,119,32.8,26.1,121,-1.7
2008,10,1,34.8,20.7,47,-1.6
2008,11,8,30.5,13.2,18,-1.6
2008,12,1,25.8,10.1,6,-1.7
2009,1,4,23,9.3,7,-2
2009,2,2,27.2,13.2,4,-2.1
2009,3,7,33.6,17.2,8,-2.1
2009,4,1,38.8,22.1,2,-2
2009,5,23,41.2,28.5,23,-1
2009,6,9,40.8,30.6,10,-1.7
2009,7,155,35.5,28.7,147,-2.1
2009,8,161,34.7,27.3,137,-3.1
2009,9,153,33.5,25.7,134,-2.3
2009,10,34,33.4,20.5,43,-2.3
2009,11,16,28.9,13.7,21,-1.9
2009,12,1,24.3,9.9,5,-2
2010,1,4,23.1,6.3,6,-2.2
2010,2,11,27,11.5,12,-1.7
2010,3,0,35.7,18.3,1,-2.1
2010,4,0,41.1,25.1,1,-2
2010,5,2,42.2,28.6,2,-2.1
2010,6,6,40.2,31,6,-2.8
2010,7,182,35.5,28.6,148,-2.7
2010,8,344,32.7,27.9,118,-1.1
2010,9,231,32,26.1,107,3.4
2010,10,9,34,21,62,3.3
2010,11,30,30.4,13.5,38,3.7
2010,12,3,23.2,8.1,8,3.2
2011,1,2,21.1,6.4,5,2.4
2011,2,21,25.3,12.4,22,2.8
2011,3,3,33,17.1,4,2.2
2011,4,1,36.7,21.7,3,2
2011,5,9,41.1,28.1,10,1.9
2011,6,50,37.4,29.9,49,2.6
2011,7,145,34.8,28,132,1.8
2011,8,246,32.9,27.1,125,1.1
2011,9,190,32.8,25.7,130,2.2
2011,10,1,33.5,20.6,56,2
2011,11,1,31,13.8,11,1.3
2011,12,0,24,9.2,5,0.9
2012,1,12,19.6,7.6,15,0.7
2012,2,1,23.7,11.9,3,-0.3
2012,3,4,31.3,16.9,5,-1.2
2012,4,3,37,22,4,-1
2012,5,5,41.3,27.8,6,-1.1
2012,6,5,41.4,32,5,-2
2012,7,118,36.2,28.6,112,-2.9
2012,8,361,32.6,26.5,110,-1.4
2012,9,282,32.9,26,128,3.9
2012,10,2,32,20.7,57,3.6
2012,11,1,27.9,13,11,2.8
2012,12,3,22.9,9.7,8,2.2
2013,1,19,21.4,6.5,21,2.2
2013,2,21,26.9,9.3,22,2.6
2013,3,10,32.6,16.6,11,2.2
2013,4,2,37.1,22.1,3,2
2013,5,1,41.9,28.2,2,1.4
2013,6,57,38,29.3,55,2.3
2013,7,318,34.4,27.9,132,3.9
2013,8,229,32.4,27,122,3.8
2013,9,83,33.2,26.7,113,2.8
2013,10,111,32.7,20.8,108,4.1
2013,11,2,27.9,12.9,23,4.8
2013,12,7,23.8,9.4,15,4.5
2014,1,26,20.7,8,29,4.7
2014,2,21,23.7,10.7,23,5
2014,3,19,30.5,15.5,20,4.9
2014,4,2,36.6,21.4,4,4.4
2014,5,14,39.3,26.4,15,4.4
2014,6,19,40.8,31.2,19,3.5
2014,7,127,35.2,29.3,122,2.1
2014,8,166,34.3,27.5,144,0.7
2014,9,88,33.5,25.3,88,-2.6
2014,10,32,33.3,20.8,34,-3.1
2014,11,0,29.6,13.9,2,-3.4
2014,12,5,22,8.6,6,-3.3
2015,1,25,20.3,7.3,25,-2.5
2015,2,2,27,12.1,3,-2.6
2015,3,47,30.6,15.5,45,-0.8
2015,4,5,36.8,21.5,5,1.6
2015,5,2,41.1,28.4,3,1.1
2015,6,31,38,30.3,30,1.1
2015,7,228,33.6,28.1,154,1.3
2015,8,197,32.9,27.7,127,-0.6
2015,9,29,34.5,26.4,82,-2
2015,10,4,34.3,21.2,13,-3.2
2015,11,1,29.5,15.1,6,-3.3
2015,12,2,23.3,9.6,5,-3.3
2016,1,2,23.3,8.6,4,-3.5
2016,2,1,27.6,12.2,3,-3.5
2016,3,16,33.6,17.8,17,-2.8
2016,4,1,39.4,23.4,2,-2.7
2016,5,10,42.2,27.8,10,-2.1
2016,6,21,41.1,30.3,21,-1.4
2016,7,273,35.2,27.5,134,-1.1
2016,8,245,33.3,26.4,130,-1.9
2016,9,100,34.5,25.8,121,-3.1
2016,10,6,34.7,20.5,36,-3.6
2016,11,2,30.4,13.4,11,-3.8
2016,12,3,25.9,10.1,7,-3.8
2017,1,17,22.3,8.3,19,-2.5
2017,2,4,27.7,12.6,6,-2.6
2017,3,12,33.1,17.2,13,-2
2017,4,3,39.5,23.4,4,-1.9
2017,5,12,41.8,27.7,13,-1.9
2017,6,60,37,28.1,58,-1.6
2017,7,165,34.9,27.3,148,-2.3
2017,8,178,34.1,27,135,-3.3
2017,9,130,34.4,25.9,128,-3.6
2017,10,1,35.4,21.1,21,-4.9
2017,11,8,29.4,12.5,15,-5
2017,12,6,24.6,9.4,9,-4.8
2018,1,3,23.4,8.7,6,-4.7
2018,2,1,27.9,12.9,3,-4.4
2018,3,2,34.2,18.3,3,-4.3
2018,4,2,39,22.9,3,-3.7
2018,5,7,42.3,27.9,7,-3.5
2018,6,34,40.2,29.5,33,-2
2018,7,219,35.1,27.5,141,-1.5
2018,8,256,33.8,26.7,124,-1.4
2018,9,180,33.2,24.7,121,2.9
2018,10,2,34,20.2,56,2.9
2018,11,9,30.1,13.5,18,2.3
2018,12,5,23.1,7.8,10,1.9
2019,1,18,21.2,7,20,1.5
2019,2,26,24.4,9.6,26,2.3
2019,3,17,29.8,14.4,18,2.4
2019,4,6,38,22,7,2.5
2019,5,4,40.1,25.8,5,2
2019,6,8,40.4,29.5,8,1.1
2019,7,157,35.8,28,149,-1.4
2019,8,228,34,26.9,131,-2.2
2019,9,152,33.9,25.2,118,-1.3
2019,10,7,33.6,19.4,61,-0.9
2019,11,37,30.4,13.5,45,2
2019,12,11,21.2,5.6,16,2.2
