Product: Historical Climate - TerraClimate(http://www.climatologylab.org/terraclimate.html) 
Location (Lat/Lon of 4-km Grid Cell Center): 27.8958 North,79.8958 East 
Data Source: NW Climate Toolbox(https://climatetoolbox.org/tool/point-data-download)
Download Date: 07/24/2020
Variable List: 
ppt: ppt (Precipitation)
tmax: tmax (Maximum Temperature)
tmin: tmin (Minimum Temperature)
aet: aet (Actual Evapotranspiration)
PDSI: pdsi (Palmer Drought Severity Index (PDSI))
********************************************************
Year,Month,ppt(mm),tmax(degC),tmin(degC),aet(mm),PDSI(unitless)
1958,1,33,23.4,10.5,49,0.2
1958,2,4,26,10.8,44,-0.1
1958,3,9,32.8,16.7,43,-0.6
1958,4,1,39.6,23,17,-0.7
1958,5,3,41.2,26.1,12,-1.1
1958,6,43,40.6,27.9,47,-2.1
1958,7,412,32.8,27.1,142,-1.1
1958,8,475,32.8,26,104,2.2
1958,9,216,31.6,25.7,126,2.3
1958,10,131,31,20.2,108,2.7
1958,11,0,28.2,13.3,49,2.7
1958,12,8,23.7,10.3,39,2.8
1959,1,42,22.2,8.9,50,3.2
1959,2,9,25.1,10.1,44,3.1
1959,3,13,33.6,16,54,3
1959,4,1,38.1,21.8,19,2.8
1959,5,18,40.2,25.9,27,2.7
1959,6,82,39.2,27.9,85,2.4
1959,7,345,32.9,26.7,155,2.2
1959,8,281,32.6,26.6,127,1.7
1959,9,152,32.2,25.9,123,1.1
1959,10,119,31.3,21.2,115,1.4
1959,11,4,28,12.6,53,1.8
1959,12,0,24.5,9.4,36,1.6
1960,1,17,21.5,8,39,1.3
1960,2,0,29.6,12.5,36,0.9
1960,3,35,31,15.4,63,1.5
1960,4,1,37.2,20.7,16,1.2
1960,5,9,41.5,25.9,18,0.9
1960,6,48,40.1,28.1,52,-1.1
1960,7,372,33.5,26.4,139,0.5
1960,8,366,32.2,26.6,119,1
1960,9,112,33.4,25.1,114,-0.8
1960,10,245,31.3,19.5,115,2.1
1960,11,0,28.3,10.8,56,2.3
1960,12,5,24.1,9.1,37,2.2
1961,1,56,22.2,9.1,55,3
1961,2,25,23.6,9.5,52,3.5
1961,3,1,32.5,16.6,48,3.2
1961,4,1,37.9,21.1,20,3
1961,5,5,40.5,25.9,16,2.4
1961,6,115,38.8,26.9,116,2.7
1961,7,254,33.6,26.9,152,1.8
1961,8,493,32.3,26.3,122,2.2
1961,9,127,32.4,25.7,122,1.3
1961,10,229,30.8,20.1,109,3.1
1961,11,1,25.6,12.5,48,3.1
1961,12,7,21,6.6,32,3.1
1962,1,53,21.2,7.3,56,3.8
1962,2,10,25.7,11.3,41,3.9
1962,3,23,31.6,15.7,65,4.6
1962,4,2,38.2,21.6,27,4.6
1962,5,6,40.5,25.7,18,4
1962,6,85,40.2,27.8,89,3.5
1962,7,426,34.6,27.4,154,4
1962,8,351,33.2,26.1,118,4.1
1962,9,282,31.7,24.8,121,4.8
1962,10,1,31.5,18.9,67,3.5
1962,11,1,28.1,12.9,43,2.8
1962,12,3,22.9,9.2,26,2.1
1963,1,15,22.8,6.9,31,1.5
1963,2,7,28.2,11.5,30,0.9
1963,3,32,31.3,15.3,46,0.9
1963,4,3,36.5,21,12,0.6
1963,5,12,39.2,24.6,18,-1.5
1963,6,81,38.3,26.8,82,-1.5
1963,7,315,34.7,26.9,130,-1.4
1963,8,426,32.1,26.1,122,-0.6
1963,9,310,32.1,24.2,120,2.1
1963,10,42,32.6,20.6,86,1.4
1963,11,7,28.3,14.8,49,1.4
1963,12,10,24.3,8.2,33,1.4
1964,1,8,21.2,7.8,33,0.7
1964,2,3,25.8,11.1,30,-1
1964,3,7,34.2,17.1,27,-1.6
1964,4,1,38.6,22.4,12,-1.7
1964,5,14,39.2,23.7,20,-1.4
1964,6,47,39.4,27.4,49,-2.3
1964,7,536,32.5,25.9,136,2.1
1964,8,335,33.2,26.4,137,2.2
1964,9,276,32,24.8,118,3.1
1964,10,1,33,20,73,1.8
1964,11,1,28.3,11.4,40,1.2
1964,12,7,23.6,9.1,33,0.8
1965,1,16,24.1,9.6,34,-1.8
1965,2,16,25.3,10.8,36,-2
1965,3,20,31.1,14.7,33,-2.1
1965,4,4,35.8,20.1,12,-2.1
1965,5,2,39.7,25.1,8,-2.4
1965,6,42,40.6,28.4,44,-3.5
1965,7,349,34.1,26.7,156,-3.1
1965,8,279,33.4,25.6,126,-3
1965,9,133,33.1,24.2,131,-3.5
1965,10,79,32.1,20.3,101,-3.2
1965,11,1,29,13.4,52,-2.6
1965,12,0,24,7.6,32,-2.6
1966,1,4,24,8.1,28,-3
1966,2,11,28.2,12.9,37,-2.8
1966,3,1,32.4,15.8,21,-3.4
1966,4,0,38,22,11,-3.3
1966,5,17,41.3,25.2,24,-2.8
1966,6,98,38.5,26.6,98,-2.4
1966,7,275,35.8,26.8,164,-2.9
1966,8,365,32.7,26,122,-2.8
1966,9,61,33.3,24.5,110,-3.9
1966,10,38,32.9,19.8,80,-4.1
1966,11,7,28.3,13,41,-4.2
1966,12,4,23.7,7.4,28,-4.3
1967,1,15,22.2,7.3,29,-4.4
1967,2,4,28.6,11.7,21,-4.8
1967,3,31,30.4,14.7,40,-4.4
1967,4,2,36.8,20.4,8,-4.3
1967,5,4,40.7,25,9,-4.4
1967,6,71,40,27.3,71,-4.5
1967,7,334,34,26.2,140,-3.9
1967,8,505,31.8,25.7,123,-2.2
1967,9,183,32.6,24,123,-2
1967,10,23,32.1,19.1,78,-2.5
1967,11,1,27.2,12.3,41,-2.4
1967,12,13,23.4,8.9,33,-2
1968,1,58,20.6,7.9,57,-0.8
1968,2,6,24.2,9.2,35,-0.8
1968,3,14,32.1,15,42,-0.7
1968,4,1,37.3,20.4,16,-0.6
1968,5,1,40.2,24.8,10,-1
1968,6,104,38.7,26.6,105,-0.6
1968,7,354,33.5,25.7,136,0.3
1968,8,350,33.1,25.8,133,1.1
1968,9,144,35,24.4,133,-0.6
1968,10,82,31.7,19.4,98,0
1968,11,1,29.4,11.6,46,0.6
1968,12,4,23.8,9.1,35,0.6
1969,1,17,22.1,8.7,39,-0.3
1969,2,7,26.6,11.8,36,-0.1
1969,3,12,35.9,16.4,38,-0.6
1969,4,3,37.1,21.7,17,0
1969,5,10,39.2,24.3,18,-0.5
1969,6,63,39.9,27.6,66,-1
1969,7,361,33.9,25.6,144,-0.6
1969,8,316,33.1,25.6,116,0.2
1969,9,294,32.3,24.6,114,1.8
1969,10,11,33,20.4,74,0.8
1969,11,1,30.4,13.2,44,-1.1
1969,12,1,25.1,8.3,23,-1.3
1970,1,54,22.5,8.8,55,0.8
1970,2,28,25,9.9,42,1.2
1970,3,15,30.9,15.5,43,1.1
1970,4,0,39.6,21.8,14,1
1970,5,28,41,25.8,35,1.5
1970,6,121,37.4,25.6,121,2.1
1970,7,211,35.1,26.1,137,0.9
1970,8,380,33.2,26.1,133,-1.3
1970,9,235,32.9,25.1,120,-0.6
1970,10,86,33.2,20.1,98,0.1
1970,11,0,28.9,11.4,46,0.8
1970,12,0,24.9,8.6,32,0.7
1971,1,30,21.6,7.7,42,0.9
1971,2,14,26.2,10.1,41,1.1
1971,3,11,32.2,15.2,46,1.1
1971,4,6,38.1,20.9,22,1.3
1971,5,17,38.1,23.7,26,1.6
1971,6,176,35.9,25.8,137,3.4
1971,7,341,32.3,25.6,139,3.6
1971,8,341,32,24.9,113,3.7
1971,9,231,33.2,23.5,124,3.8
1971,10,213,31.7,19.9,115,5
1971,11,3,28.2,12.1,53,4.9
1971,12,0,25.1,8.1,36,4.5
1972,1,9,23.1,8.8,34,3.6
1972,2,18,23.7,8.9,43,3.5
1972,3,6,32.8,15.8,40,3
1972,4,2,37.2,20,18,2.8
1972,5,1,42.3,25.5,11,1.9
1972,6,51,40.5,27.6,54,0.8
1972,7,279,35.5,26.4,160,-1.9
1972,8,301,32.9,25.4,141,-2.4
1972,9,272,32.6,23.2,123,-1.1
1972,10,62,31.3,19.4,88,-1.2
1972,11,3,28,12.8,43,-0.8
1972,12,2,23.7,9.5,36,-0.8
1973,1,44,21.9,9.1,50,1.2
1973,2,15,26.9,11.7,39,1.3
1973,3,13,31.8,15.2,47,1.3
1973,4,1,40.5,22.3,16,1.1
1973,5,9,41.5,25.8,18,0.9
1973,6,125,38.4,27.4,126,1.6
1973,7,230,34.7,26.4,157,-1
1973,8,390,32.4,25.8,130,-1.2
1973,9,187,33,24.7,118,-1
1973,10,261,31,19.9,107,2.4
1973,11,1,28.2,11.7,45,2.5
1973,12,0,22.1,7.4,36,2.3
1974,1,11,21.9,7.7,35,1.8
1974,2,6,25,9.9,35,1.6
1974,3,8,33.6,17,45,1.5
1974,4,1,39.9,22.1,17,1.3
1974,5,6,40.3,25.1,15,0.9
1974,6,65,38.5,26.9,69,-0.3
1974,7,330,33.4,25.8,153,-0.7
1974,8,260,33.1,25.6,129,-1.1
1974,9,70,34.1,24.1,100,-2.2
1974,10,120,32.7,20.9,109,-1.6
1974,11,0,28.1,11.5,46,-1.2
1974,12,7,22,7.8,34,-1
1975,1,44,20.3,7.5,52,1.2
1975,2,10,24.8,10,41,1.2
1975,3,13,31.3,15.1,44,1
1975,4,0,38.6,21.2,15,0.8
1975,5,6,41.6,25.9,14,-0.4
1975,6,180,37.7,26.2,176,1.5
1975,7,252,32.8,25.2,139,0.7
1975,8,347,32.4,25.8,113,-0.2
1975,9,264,31.1,25,135,1.2
1975,10,143,32.4,21,117,1.8
1975,11,0,27.8,10.9,54,1.9
1975,12,0,24,8.2,37,1.7
1976,1,2,22.8,9.2,32,0.9
1976,2,14,25.5,11.7,42,0.8
1976,3,5,31.1,16,32,-1.1
1976,4,2,36.9,20.1,16,-1
1976,5,11,40.1,24.4,19,-1
1976,6,108,36.8,26.3,108,-0.6
1976,7,301,34,26.6,139,-0.8
1976,8,434,31.6,25.2,130,0.6
1976,9,160,32.9,23.5,113,-0.2
1976,10,31,33.1,19.3,81,-0.8
1976,11,2,30.2,13.3,48,-0.8
1976,12,1,23.6,8.7,30,-1.1
1977,1,32,21.7,8.6,43,-0.9
1977,2,2,26.4,10.4,32,-1.3
1977,3,3,34.5,16.1,20,-2.1
1977,4,8,37.1,21.1,17,-1.9
1977,5,15,37.8,23.5,21,-1.6
1977,6,53,37,26.6,55,-2.1
1977,7,410,32.2,25.7,147,-1.2
1977,8,241,32.7,26,119,-1.3
1977,9,182,31.7,24.3,133,-1.3
1977,10,96,32.2,19.9,106,-1
1977,11,0,29.8,14.3,48,-0.7
1977,12,9,23.8,9.5,38,0.3
1978,1,7,21.4,7.6,32,-0.5
1978,2,15,24.1,10.3,39,-0.2
1978,3,51,29.1,14,74,1
1978,4,3,37.7,20.5,20,1.1
1978,5,6,43,26.7,16,0.7
1978,6,132,38.5,26.7,132,1.3
1978,7,306,32.6,25.9,128,1.1
1978,8,295,31.8,25.9,124,0.8
1978,9,206,31.6,24.7,117,1
1978,10,10,32.1,20.1,72,-0.8
1978,11,9,27,13.7,42,0
1978,12,8,23.7,8.6,32,-0.7
1979,1,19,22.3,8.7,33,-0.8
1979,2,33,23.5,9.9,46,0.7
1979,3,12,29.7,14.8,38,-0.1
1979,4,3,38.6,21.9,16,0.5
1979,5,19,39.5,24.3,27,0.7
1979,6,75,38.9,26.8,77,-0.3
1979,7,244,34.1,26.4,151,-1.1
1979,8,200,34.2,26.1,150,-2.3
1979,9,34,33.9,24.4,87,-3.7
1979,10,29,32.9,21.3,59,-4.3
1979,11,6,28.9,16.1,22,-5
1979,12,12,23.3,10.2,21,-4.9
1980,1,7,22.3,8.6,14,-5.4
1980,2,8,26.9,11.8,12,-5.9
1980,3,37,30.8,15.5,39,-5.3
1980,4,1,40.1,22.3,4,-5.3
1980,5,11,42.1,27.2,13,-5.1
1980,6,118,37.4,26.4,114,-4
1980,7,424,32.3,26.1,137,-2.6
1980,8,413,33.1,25.7,128,-1.5
1980,9,156,33.2,24.7,123,-1.7
1980,10,58,31.9,20.7,91,-1.8
1980,11,1,28.5,12.9,47,-1.6
1980,12,13,24,9.4,37,-1.1
1981,1,29,21.1,9,39,-0.8
1981,2,4,26.8,11.4,36,-0.9
1981,3,40,30.6,15.6,61,1.8
1981,4,1,38.5,21.2,18,1.7
1981,5,17,40,25.3,26,1.8
1981,6,153,39.4,27.5,152,2.7
1981,7,373,32.6,26.4,141,2.9
1981,8,237,33.2,26.2,135,2.2
1981,9,143,33.6,24.8,126,1.4
1981,10,1,32.2,19.4,76,-1.8
1981,11,11,26.5,12.5,44,-1.6
1981,12,4,22.9,8,27,-1.8
1982,1,44,22.2,9.9,47,-1.1
1982,2,9,23.8,10.9,32,-1.1
1982,3,49,28.7,13.8,66,1.2
1982,4,5,36.3,20.3,18,1.3
1982,5,18,37.3,23.6,25,1.5
1982,6,66,38.2,26.6,69,0.8
1982,7,216,35.7,27.3,163,-1.6
1982,8,426,32.8,25.9,125,-1.6
1982,9,87,33.6,23.7,114,-2.6
1982,10,39,31.8,20.7,80,-2.8
1982,11,9,27.4,13.7,43,-2.6
1982,12,10,23.7,10.2,33,-2.5
1983,1,49,21,8.3,50,-1.5
1983,2,7,24.3,9.9,32,-1.6
1983,3,9,30.5,15.2,30,-1.8
1983,4,8,34.5,19.2,19,-1.3
1983,5,24,38.1,24.1,30,-0.6
1983,6,84,37.7,26.8,85,-0.9
1983,7,184,34,26.1,139,-2
1983,8,420,33.2,26.4,117,-2
1983,9,314,32.8,25.1,106,1.7
1983,10,173,30.7,19.6,106,2.7
1983,11,2,27.9,11.2,51,2.8
1983,12,7,23.1,9.1,34,2.8
1984,1,18,21,8,38,2.5
1984,2,17,23.9,9.4,46,2.7
1984,3,4,34.2,16.8,45,2.4
1984,4,3,38,21.5,21,2.4
1984,5,9,42.7,26.4,19,2
1984,6,123,38.3,27.3,124,2.5
1984,7,209,32.2,26.8,149,1.1
1984,8,286,33.1,25.4,132,-2
1984,9,135,31.9,24,124,-2.5
1984,10,13,32.4,19.3,77,-3
1984,11,0,27.7,11.8,41,-3.1
1984,12,5,23.7,9.9,29,-3
1985,1,30,21.3,8.5,38,-2.6
1985,2,1,27.5,10.4,30,-2.9
1985,3,3,34.7,18,18,-3.7
1985,4,4,38.4,21.8,12,-3.4
1985,5,12,41.1,26,17,-3.2
1985,6,71,38.6,27.4,72,-3.4
1985,7,454,32.6,26.2,138,-1.8
1985,8,316,32.8,26.1,131,-1.4
1985,9,237,32.5,24.4,117,-0.6
1985,10,350,30,19.2,100,5.2
1985,11,0,28,13.1,52,5
1985,12,22,23.8,10.4,44,5.3
1986,1,11,22.1,8.8,34,4.5
1986,2,14,25.1,10.9,43,4.4
1986,3,18,31.1,15.8,57,4.4
1986,4,3,37.5,20.9,21,4.1
1986,5,23,38.1,23.5,32,4.3
1986,6,88,38.3,26.4,91,3.7
1986,7,312,32.6,25.7,135,3.3
1986,8,279,33.2,25.8,137,2.6
1986,9,172,33.4,24.3,129,2
1986,10,84,30.6,20,97,1.9
1986,11,3,28.6,13.7,49,2.1
1986,12,18,22.2,8,37,2.5
1987,1,24,22.5,8.5,39,2.4
1987,2,12,27.1,12.5,40,2.4
1987,3,11,32.8,17.1,51,2.4
1987,4,3,38.4,21.9,20,2.3
1987,5,25,37.8,23.5,34,2.7
1987,6,29,39.8,27.9,34,0.9
1987,7,272,35.7,27,175,-2.1
1987,8,305,33.7,26.1,142,-2.7
1987,9,95,34.3,25.3,115,-3.5
1987,10,36,32.3,20.8,82,-3.7
1987,11,0,29.8,12.5,43,-3.7
1987,12,13,23.7,9.5,31,-3.3
1988,1,8,23.5,10,28,-3.7
1988,2,9,27.2,12.1,31,-3.8
1988,3,31,31.7,16.1,43,-3.4
1988,4,7,39.1,22.2,15,-3.1
1988,5,9,41.7,26.6,15,-3
1988,6,79,37.9,26.4,80,-2.9
1988,7,439,32.7,26.5,124,-1.3
1988,8,392,32.3,25.9,111,2
1988,9,121,33.2,25.4,120,0.9
1988,10,32,32.2,19.8,82,-1.3
1988,11,0,28.1,12.5,41,-1.3
1988,12,12,23.8,9.2,32,-1.1
1989,1,63,20.3,7.3,61,1.2
1989,2,5,24.9,10.7,35,1
1989,3,21,30.9,15.6,47,1
1989,4,0,37.1,20.1,14,0.8
1989,5,8,40.6,25.3,16,-0.2
1989,6,46,37,26,49,-1.1
1989,7,325,34.4,25.7,139,-1
1989,8,380,32.9,25.6,124,0.4
1989,9,211,33.1,24.5,115,0.7
1989,10,21,32.2,19.9,79,-0.7
1989,11,8,27.9,12.7,46,0
1989,12,3,22.2,8.7,26,-0.8
1990,1,0,24.7,10.3,30,-1.7
1990,2,37,24.4,11.6,46,-0.9
1990,3,30,29.4,14.6,50,1
1990,4,2,37.2,20.8,13,0.7
1990,5,23,38.9,25.3,30,1.3
1990,6,119,38.2,27.5,119,1.7
1990,7,425,32.5,25.9,124,2.6
1990,8,283,32.8,26.1,122,2.4
1990,9,233,31.7,25.3,107,2.9
1990,10,25,31,19.6,77,1.9
1990,11,2,28.4,13,45,1.6
1990,12,17,22.9,9.3,36,1.7
1991,1,8,20,7.4,29,1
1991,2,18,25.9,12.2,38,1
1991,3,10,31.7,16.3,33,0.6
1991,4,3,36.5,20.3,16,0.6
1991,5,15,40.4,25.8,22,0
1991,6,94,37.5,26.7,95,0
1991,7,152,35.5,27.3,146,-2.3
1991,8,425,32.3,25.8,119,-2.5
1991,9,105,32.6,25,113,-3.2
1991,10,1,32,19.1,72,-3.8
1991,11,6,27,12.2,41,-3.8
1991,12,20,22.8,9,32,-3.1
1992,1,40,21.6,9.1,47,-2.5
1992,2,10,23.8,9.5,32,-2.4
1992,3,16,31.3,17,34,-2.6
1992,4,1,37.2,21.5,11,-2.5
1992,5,11,38.8,24.4,17,-2.4
1992,6,42,38.8,27.2,45,-3.2
1992,7,222,33.2,26.9,158,-3.9
1992,8,316,32.3,26,119,-4.3
1992,9,134,32.3,23.8,120,-4.5
1992,10,109,31.1,19.9,107,-3.7
1992,11,7,27.5,13.1,50,-2.8
1992,12,0,23.5,9.3,33,-2.4
1993,1,22,21.2,9,44,-2.2
1993,2,15,27.5,12.3,43,-1.6
1993,3,28,28.6,14.4,60,-0.6
1993,4,1,36.6,20.2,21,1.9
1993,5,9,40.1,25.7,20,1.7
1993,6,120,39,27.9,121,2.1
1993,7,318,33.3,26.8,148,1.8
1993,8,217,33.5,25.8,134,0.8
1993,9,345,31.4,25.5,103,2.8
1993,10,1,31.9,20.7,73,1.5
1993,11,0,29.2,13.6,41,0.9
1993,12,0,24.5,8.8,25,-1.7
1994,1,38,22.1,10.5,44,-1.3
1994,2,17,24.7,11.5,36,-1.1
1994,3,1,33.9,17.5,19,-2
1994,4,4,36.2,20.7,15,-1.7
1994,5,10,41,25.9,17,-1.7
1994,6,91,38.6,27.5,91,-1.6
1994,7,535,32.5,26.4,136,2.1
1994,8,383,32.2,26.5,119,2.6
1994,9,68,32.6,25.2,107,1
1994,10,3,31.6,19.6,66,-2.2
1994,11,0,27.8,13.7,33,-2.7
1994,12,0,23.7,10.1,21,-3.1
1995,1,58,20.1,8,57,-1.9
1995,2,14,25.5,11.6,31,-2
1995,3,15,30.1,15.6,28,-2.2
1995,4,6,36.5,20.8,14,-2
1995,5,1,40.9,26.3,7,-2.4
1995,6,51,40.1,28.5,52,-3.1
1995,7,226,34.3,27.5,147,-3.7
1995,8,483,31.6,26.8,123,-2.9
1995,9,237,32.8,25.3,117,-2
1995,10,6,32.5,21.3,72,-2.6
1995,11,1,28.3,13.4,42,-2.7
1995,12,1,23.1,10.8,27,-2.8
1996,1,36,21.7,10,44,-2.4
1996,2,13,26.2,12.4,35,-2.3
1996,3,6,32.9,18.2,24,-2.7
1996,4,2,37.9,21.7,12,-2.6
1996,5,8,40.1,26,15,-2.6
1996,6,137,38.4,28.6,135,-1.3
1996,7,185,34,27,129,-2.3
1996,8,348,31.9,25.9,110,-2.6
1996,9,236,32.5,25.8,110,-1.7
1996,10,179,30.9,20.7,103,1.9
1996,11,0,28.4,12.8,55,2.1
1996,12,0,24.2,8.1,36,1.9
1997,1,14,21.7,7.8,36,1.4
1997,2,2,25.1,9.6,37,1
1997,3,7,31.5,16.8,35,0.6
1997,4,7,36,20.7,21,0.9
1997,5,19,37.9,24.2,27,1.2
1997,6,123,37.2,26.7,123,1.6
1997,7,161,34.1,26.7,124,-1.3
1997,8,289,32.5,26,127,-2.3
1997,9,158,32.1,25.2,116,-2.4
1997,10,149,29.4,19.7,100,-1.2
1997,11,12,25.2,13.7,49,1.5
1997,12,29,20,9.6,39,2.6
1998,1,0,21.1,7.7,32,1.9
1998,2,11,25.7,11.3,42,2.1
1998,3,40,29.7,14.7,70,3.5
1998,4,7,37.5,21.3,36,4.2
1998,5,9,41,26,23,3.9
1998,6,119,39.6,28.1,122,3.9
1998,7,298,33.6,27,133,3.4
1998,8,378,32.6,26.2,121,3.4
1998,9,176,31.9,25.8,122,2.9
1998,10,292,30.6,21.7,103,5.3
1998,11,4,28.2,14.6,53,5.3
1998,12,0,24.7,9,32,4.8
1999,1,31,21.1,8.5,44,4.6
1999,2,7,27.1,12.9,40,4.3
1999,3,0,33.4,17.4,41,3.6
1999,4,0,39.4,21.6,17,3.3
1999,5,9,39.5,26,18,2.9
1999,6,156,37.7,27.1,152,3.9
1999,7,291,33.7,26.2,130,3.3
1999,8,203,33,26.9,126,2
1999,9,251,32.7,25.6,112,2.7
1999,10,166,31.9,21.7,107,3.5
1999,11,0,29.9,14.8,55,3.5
1999,12,5,24.7,9.5,33,3.3
2000,1,23,22.9,9.7,43,3
2000,2,18,24.1,10.3,44,3.1
2000,3,13,31.2,15.2,51,3.1
2000,4,1,39.7,22.9,18,2.9
2000,5,14,40.1,26.6,23,2.8
2000,6,74,36.7,27.1,77,2.4
2000,7,310,33.2,27,130,2.2
2000,8,386,33.3,27,127,2.3
2000,9,124,33,25.3,125,1.3
2000,10,1,33.7,21.4,71,-1.7
2000,11,4,29.2,15,44,-1.8
2000,12,0,25.1,9.6,26,-2.2
2001,1,11,21.9,8.8,29,-2.6
2001,2,6,26.8,12.2,27,-3
2001,3,6,31.9,16.4,17,-3.4
2001,4,6,37.3,21.2,13,-3
2001,5,27,39.8,26.2,30,-2.2
2001,6,101,36,27.1,99,-1.4
2001,7,199,33.5,27,137,-2.4
2001,8,158,33.8,27.2,138,-3.6
2001,9,68,33.8,25.9,87,-4.4
2001,10,51,33,22,64,-4.6
2001,11,0,29.8,14.3,11,-5.6
2001,12,0,23.6,11.1,7,-6.1
2002,1,28,22.4,8.9,31,-5.7
2002,2,22,26.2,11.7,25,-5.6
2002,3,12,33.5,16.3,14,-5.8
2002,4,2,39,23,4,-5.6
2002,5,2,42,26.8,4,-5.7
2002,6,36,38.8,28.2,35,-6.2
2002,7,103,35.8,28.1,99,-8
2002,8,208,32.7,27.3,121,-8.6
2002,9,280,30.9,25.2,113,-6.7
2002,10,56,32,21.5,89,-6.3
2002,11,0,28.7,14.4,47,-5.6
2002,12,3,24.4,11.3,30,-5.1
2003,1,35,23.1,8.1,46,-4.3
2003,2,45,25.5,11.6,57,-2.8
2003,3,10,31.6,15.5,45,-2.3
2003,4,1,39.2,22.3,17,-2
2003,5,4,39.7,25.4,13,-2.1
2003,6,66,39.3,29.2,69,-2.2
2003,7,332,33.3,26.9,128,-1.8
2003,8,175,33.1,26.9,115,-2.4
2003,9,191,32.5,25.1,98,-1.8
2003,10,40,32.7,20.5,88,-2.1
2003,11,4,28.8,13.7,48,-1.9
2003,12,10,23.8,9.8,30,-1.6
2004,1,14,21.6,9.2,31,-1.7
2004,2,1,27.7,10.5,31,-2
2004,3,0,36.2,17.4,21,-2.6
2004,4,1,40.2,23.7,12,-2.5
2004,5,8,41.2,25.8,15,-2.4
2004,6,135,36.4,27,133,-1.3
2004,7,63,34.4,27.9,64,-3.8
2004,8,170,33.3,26.4,143,-5
2004,9,33,34.7,25.1,40,-5.9
2004,10,186,31,20.6,108,-4.5
2004,11,0,28.8,13.5,29,-4.6
2004,12,0,25.6,10.4,17,-5
2005,1,10,22,9.4,20,-5.1
2005,2,26,25.2,12.5,34,-4.9
2005,3,28,33.3,17.2,34,-4.5
2005,4,0,37.6,21.3,5,-4.5
2005,5,4,38.4,24.7,7,-4.5
2005,6,29,39.7,29.1,31,-5.4
2005,7,238,33,26.7,140,-5.7
2005,8,189,34.4,26.7,144,-6.4
2005,9,157,32.8,26,126,-6
2005,10,58,31.6,20.7,82,-5.7
2005,11,0,28.8,13.6,40,-5.5
2005,12,0,23,8.7,20,-5.4
2006,1,0,23,11.2,20,-5.9
2006,2,0,29.7,14.6,14,-6.3
2006,3,35,31.7,15.9,42,-5.5
2006,4,2,37.5,22.8,8,-5.1
2006,5,16,40.2,26.5,19,-4.4
2006,6,60,37.2,27.7,60,-4.5
2006,7,437,33.8,26.3,147,-3
2006,8,94,32.3,27.5,124,-3.9
2006,9,128,33,25.4,126,-4.2
2006,10,35,32.2,22.4,81,-4.4
2006,11,3,28.3,15.7,41,-4.4
2006,12,4,23.9,10.3,26,-4.4
2007,1,1,23.3,8.5,22,-5
2007,2,36,25.4,11.7,45,-4.1
2007,3,52,31.9,15.1,62,-3
2007,4,4,39.5,22.8,12,-2.8
2007,5,23,38.7,25.6,27,-2
2007,6,65,38.4,27.5,66,-2.3
2007,7,112,33.8,27.6,110,-4.1
2007,8,279,33.7,27.1,134,-4.9
2007,9,75,33.1,26.6,94,-5.4
2007,10,9,32.5,21,57,-5.9
2007,11,0,29.9,13.6,24,-6.4
2007,12,2,22.8,9.8,17,-6.7
2008,1,2,20.6,11.7,11,-7
2008,2,2,25.5,10,8,-7.4
2008,3,1,34.7,17.7,5,-7.7
2008,4,4,37.5,20.7,7,-7.2
2008,5,10,38.3,26.1,12,-6.6
2008,6,138,35.4,27.2,130,-4.6
2008,7,267,32.6,26.7,121,-4.5
2008,8,290,32.6,26.4,118,-4.4
2008,9,75,32.7,25.6,105,-5.2
2008,10,10,33.2,21.3,69,-5.5
2008,11,1,30.1,14,37,-5.6
2008,12,0,25.9,10.9,21,-5.6
2009,1,3,23.4,10.3,22,-6
2009,2,2,27.6,13.5,19,-6.5
2009,3,2,33.4,17.4,12,-6.7
2009,4,2,39.4,22,8,-6.4
2009,5,36,40.4,27.1,39,-4.9
2009,6,10,39.4,28.5,13,-6.2
2009,7,124,34.5,27.4,121,-7.5
2009,8,133,34.5,27,126,-8.4
2009,9,271,32.5,24.8,119,-6.5
2009,10,231,32.3,20.9,117,-4.2
2009,11,9,28.7,14.5,55,-3.1
2009,12,1,24.2,10.9,35,-2.7
2010,1,6,22.9,7.4,32,-2.9
2010,2,17,27,11.7,45,-2.2
2010,3,0,35.4,18.1,36,-2.4
2010,4,0,41.5,24.6,16,-2.2
2010,5,3,41.1,26.9,13,-2.2
2010,6,6,39,28.8,12,-3.7
2010,7,182,34.7,27.8,140,-4.6
2010,8,215,32.7,27.6,120,-5.4
2010,9,189,32.1,26.3,105,-4.7
2010,10,27,32.3,22,79,-4.9
2010,11,5,29.6,14.6,44,-4.4
2010,12,4,23.4,9.3,28,-4.2
2011,1,11,21.2,8.2,31,-4.3
2011,2,19,25.9,12.8,37,-3.7
2011,3,5,33.2,17.5,23,-3.9
2011,4,3,37.2,21.6,13,-3.5
2011,5,16,40.2,27,22,-2.9
2011,6,201,36.1,27.6,163,2.5
2011,7,282,33.5,27.3,131,2.2
2011,8,506,32.8,26.7,123,3.3
2011,9,181,32.6,25.8,126,2.8
2011,10,6,32.1,21.3,76,1.7
2011,11,1,30.1,14.3,41,1.1
2011,12,0,24.3,9.8,24,-1.6
2012,1,32,19.9,8.7,40,-1.3
2012,2,1,24.8,12.9,27,-1.7
2012,3,12,31.9,16.9,28,-2
2012,4,4,37.6,21.9,14,-1.9
2012,5,2,41.1,26.7,8,-2.2
2012,6,12,40.5,30.1,16,-3.9
2012,7,313,34.4,27.5,137,-3.6
2012,8,437,32.8,26.4,117,-2.4
2012,9,325,32.9,25.8,117,2.4
2012,10,10,31.1,21,77,1.3
2012,11,1,27.5,13.3,42,0.8
2012,12,6,23.4,10.2,30,-1.3
2013,1,33,21.5,7.7,42,-1
2013,2,47,26.1,10,54,1.1
2013,3,15,32.7,16.7,39,0.9
2013,4,4,37.6,21.9,16,0.9
2013,5,3,41.4,27.1,11,-0.4
2013,6,231,36.7,27.4,154,3.2
2013,7,394,33.2,27.4,127,4.3
2013,8,268,32.6,26.6,127,3.7
2013,9,75,32.9,26.2,105,2.1
2013,10,114,31.1,21.8,104,2.3
2013,11,0,27.4,13.4,48,2.2
2013,12,4,23.7,10,30,2
2014,1,25,21.4,9.2,38,1.9
2014,2,34,24.2,11.1,50,2.6
2014,3,24,31.1,15.8,55,3.1
2014,4,3,37.3,21.2,22,3.1
2014,5,15,38.7,25.3,25,3
2014,6,44,39.4,29,49,1.7
2014,7,177,33.7,28.2,145,-2.2
2014,8,193,34.1,27.3,140,-3.4
2014,9,95,33.1,25.5,103,-3.8
2014,10,188,31.7,21.4,109,-2.4
2014,11,0,29,14.6,44,-2.4
2014,12,9,22.5,9.8,29,-2.2
2015,1,40,20.6,8.8,44,-1.6
2015,2,10,27.3,12.5,30,-1.5
2015,3,58,30.9,15.6,69,1.8
2015,4,9,36.9,21.2,19,2
2015,5,5,40.8,27.2,12,1.6
2015,6,126,37.3,28.5,125,2.1
2015,7,304,32.8,27.1,144,1.7
2015,8,235,32.9,27.5,123,0.8
2015,9,63,34.2,25.9,112,-2.3
2015,10,22,32.8,22,71,-2.8
2015,11,1,28.9,15.6,36,-3.2
2015,12,1,23.4,10.4,21,-3.5
2016,1,4,23.5,9.9,20,-4
2016,2,4,28.1,12.7,20,-4.5
2016,3,25,34.1,18.2,33,-4.3
2016,4,1,39.8,23.6,8,-4.3
2016,5,16,41.3,26.7,20,-3.6
2016,6,53,39.2,28.7,54,-3.4
2016,7,480,33.5,27.1,131,-3
2016,8,215,32.9,26.9,136,-3.9
2016,9,112,33.7,26,118,-4.8
2016,10,42,33,21.8,87,-4.7
2016,11,0,29.5,14.6,47,-5
2016,12,1,25.9,11.2,26,-5.1
2017,1,30,22.2,10.1,41,-5
2017,2,3,27.9,13.3,32,-5.4
2017,3,11,33.3,17.3,26,-5.4
2017,4,5,39.8,23.3,14,-5.1
2017,5,22,40.5,26.7,28,-4.8
2017,6,159,36.1,25.2,154,-5
2017,7,333,33.5,27.1,136,-5.8
2017,8,260,33.6,27.1,128,-6.3
2017,9,252,33.4,26,124,-6.6
2017,10,10,33.6,22.2,76,-7
2017,11,3,28.5,13.7,44,-7.1
2017,12,1,24.4,11,25,-7
2018,1,10,23.9,10.1,33,-7.1
2018,2,3,28,13.6,27,-6.9
2018,3,6,34.4,18.3,19,-6.9
2018,4,3,39.3,23,11,-6.1
2018,5,9,40.9,26.6,14,-5.8
2018,6,104,38.4,28.2,103,-5.7
2018,7,305,33.6,27.2,140,-5.3
2018,8,390,33.2,26.9,119,-4.7
2018,9,202,32.3,25,116,-3.3
2018,10,14,31.6,21.3,78,-3.7
2018,11,12,28.7,14.5,48,-3.5
2018,12,6,22.9,9.2,29,-3.5
2019,1,19,21.4,8.3,30,-1.6
2019,2,32,24.7,10.2,40,-0.7
2019,3,6,30.6,15,34,-0.9
2019,4,5,38,21.3,19,0.3
2019,5,6,40.4,25.6,14,-0.4
2019,6,23,38.8,27.6,28,-1.5
2019,7,372,34.1,26.9,143,-0.9
2019,8,274,33.8,27,134,-0.9
2019,9,139,33.1,25.1,113,-1.3
2019,10,31,32.1,20.6,76,-1.7
2019,11,4,29.2,14.1,47,-1.5
2019,12,26,21.1,6.7,37,-0.6
