Product: Historical Climate - TerraClimate(http://www.climatologylab.org/terraclimate.html) 
Location (Lat/Lon of 4-km Grid Cell Center): 24.6875 North,78.3958 East 
Data Source: NW Climate Toolbox(https://climatetoolbox.org/tool/point-data-download)
Download Date: 07/24/2020
Variable List: 
ppt: ppt (Precipitation)
tmax: tmax (Maximum Temperature)
tmin: tmin (Minimum Temperature)
aet: aet (Actual Evapotranspiration)
PDSI: pdsi (Palmer Drought Severity Index (PDSI))
********************************************************
Year,Month,ppt(mm),tmax(degC),tmin(degC),aet(mm),PDSI(unitless)
1958,1,12,25.3,10.7,35,-0.3
1958,2,1,27.7,11.4,18,-0.6
1958,3,5,34,17.3,14,-0.8
1958,4,1,40.1,24,7,-0.8
1958,5,1,43.2,28.4,5,-1
1958,6,44,41.8,28.4,45,-1.5
1958,7,593,30.8,25.1,124,1.8
1958,8,367,30.9,24.2,110,1.8
1958,9,266,29.6,24.4,115,2.6
1958,10,104,31.1,18.9,112,4.1
1958,11,8,28.8,13.5,57,4.7
1958,12,1,24.8,10.9,36,4.5
1959,1,42,24,9.3,54,4.9
1959,2,2,27.1,10.6,25,4.8
1959,3,0,35.4,16.6,11,4.1
1959,4,4,39,22.5,10,3.9
1959,5,14,42.3,27.8,18,4.1
1959,6,69,39.4,28.6,69,3.6
1959,7,432,30.9,24.6,129,3.7
1959,8,474,29.8,24.2,108,4.4
1959,9,309,30.2,24.4,112,5.3
1959,10,43,31.9,20.1,86,5.3
1959,11,3,28.9,12.9,45,5
1959,12,0,25.9,9.7,30,4.5
1960,1,75,23.2,7.9,71,5.5
1960,2,0,31.1,11.7,19,5.2
1960,3,15,32.1,16.4,24,5
1960,4,3,38.3,22,9,4.6
1960,5,4,43.2,27.6,8,4.1
1960,6,55,40.3,28.6,55,3.2
1960,7,374,32.2,24.5,132,2.9
1960,8,644,29.2,23.8,108,5
1960,9,73,32.4,23.5,104,3.5
1960,10,94,32,18.2,107,4.4
1960,11,0,29.2,11,43,4.2
1960,12,3,25.8,9.9,28,3.7
1961,1,70,24,9.7,68,4.6
1961,2,3,24.8,10,20,4.3
1961,3,2,34.2,17.3,11,3.6
1961,4,5,38.6,22.1,10,3.5
1961,5,4,42.4,27.8,8,3.1
1961,6,59,38.6,27.4,59,2.5
1961,7,433,31.1,24.6,124,2.7
1961,8,436,29.7,24,115,3.2
1961,9,396,29.8,24.1,101,5.3
1961,10,108,30.8,18.2,115,6.7
1961,11,10,26.9,12.9,54,7
1961,12,9,22.9,7,38,7
1962,1,23,23.2,6.7,43,6.7
1962,2,5,27,11.3,31,6.8
1962,3,12,32.5,16.1,24,6.5
1962,4,11,38.7,22.1,17,6.4
1962,5,3,42.4,27.4,7,5.7
1962,6,22,41,27.8,24,4
1962,7,450,32.4,25.2,127,4.2
1962,8,521,30.6,23.8,114,5.2
1962,9,369,29.9,23.6,116,6.7
1962,10,1,31.5,16.6,78,5.4
1962,11,5,29.3,12.5,43,4.8
1962,12,22,24.6,10.1,39,4.5
1963,1,32,24.1,6.6,41,4.2
1963,2,6,29.3,11.6,13,3.6
1963,3,4,32.6,15.5,9,3
1963,4,5,36.5,21.2,8,2.8
1963,5,3,40.9,26.6,6,2.4
1963,6,63,38,26.9,62,1.7
1963,7,352,32.4,24.2,123,1.4
1963,8,333,29.4,23.8,107,1.2
1963,9,315,30.9,22.7,125,2.5
1963,10,16,32.8,19.1,87,2
1963,11,4,29.3,15.6,47,1.7
1963,12,4,25.4,9,25,1.2
1964,1,0,23.5,7.4,11,-1.3
1964,2,1,27.6,11.3,7,-1.6
1964,3,17,35.6,17.8,21,-1.3
1964,4,0,40,23.7,3,-1.4
1964,5,11,41.8,26.5,13,-1
1964,6,75,39.4,27.9,73,-0.9
1964,7,387,31.1,24.5,130,-0.7
1964,8,385,30.3,24.3,107,0.4
1964,9,194,30.3,23.9,117,0.7
1964,10,5,33.1,19,83,-0.5
1964,11,0,29.2,11.2,40,-0.8
1964,12,1,25.4,9.3,20,-1.3
1965,1,16,25.1,10,25,-1.6
1965,2,1,27.5,11.1,7,-1.9
1965,3,6,32.6,15.8,10,-1.9
1965,4,7,36.5,21.8,10,-1.5
1965,5,1,42,27.8,4,-1.6
1965,6,35,40.7,28.8,35,-2.4
1965,7,312,32.4,25.3,143,-2.8
1965,8,188,31.7,24,132,-4
1965,9,191,31.6,22.8,131,-3.6
1965,10,17,32.8,19.8,89,-3.4
1965,11,0,29.9,13.5,43,-3.3
1965,12,10,25.4,8.6,31,-3.1
1966,1,9,24.8,8.7,19,-3.4
1966,2,1,29.5,13.3,7,-3.5
1966,3,3,33.9,15.7,7,-3.5
1966,4,0,38.8,22.5,4,-3.3
1966,5,6,42.2,27,8,-3.1
1966,6,78,38.7,27.6,76,-2.7
1966,7,338,34.5,25.5,149,-2.9
1966,8,236,30.4,23.9,129,-3.6
1966,9,63,32.4,23.7,110,-4.4
1966,10,1,34.4,19.6,70,-5.1
1966,11,26,28.7,15.8,44,-5.3
1966,12,3,25.7,7.6,13,-5.5
1967,1,1,24.4,7.3,7,-5.8
1967,2,0,30.5,11.7,4,-5.7
1967,3,45,31.1,16,46,-3.8
1967,4,1,37.5,21.6,3,-3.6
1967,5,1,42.9,27.6,3,-3.6
1967,6,71,39.9,27.8,69,-3.3
1967,7,370,31.9,24.8,139,-3.2
1967,8,437,29.3,23.7,115,-2.1
1967,9,191,30.4,23.1,116,-1.7
1967,10,1,33.7,18.9,77,-2.1
1967,11,0,28.8,14.1,42,-2.2
1967,12,65,25.4,10,66,1.8
1968,1,28,22.3,8.6,39,1.8
1968,2,3,26.2,10,14,1.5
1968,3,17,33.7,15.9,23,1.7
1968,4,1,38,20.6,6,1.5
1968,5,0,41.6,26.4,4,1.1
1968,6,43,39.3,27.3,43,-0.7
1968,7,541,31.9,24,126,1.3
1968,8,286,30.3,23.3,121,0.7
1968,9,85,33.8,23.1,117,-1.5
1968,10,44,32.7,18.4,85,-1.2
1968,11,0,30.3,12.3,35,-1.3
1968,12,1,25.4,9.5,21,-1.6
1969,1,9,24.3,9.9,19,-2
1969,2,1,28.1,12.7,8,-2.1
1969,3,1,35.2,19.2,6,-2.2
1969,4,0,39.3,23.3,3,-2.1
1969,5,7,41.1,26.8,9,-1.8
1969,6,19,41.3,30.1,20,-2.7
1969,7,615,31.9,23.8,128,-0.6
1969,8,472,30.1,23.4,109,2.8
1969,9,167,30.8,23.3,112,2.4
1969,10,0,33.9,19,74,1.6
1969,11,31,30.3,14.6,55,2.2
1969,12,0,26.3,8.8,21,1.8
1970,1,56,24,9.5,61,2.4
1970,2,11,26.1,11.5,25,2.6
1970,3,24,32,16.6,30,3
1970,4,1,39.8,23.4,6,2.7
1970,5,6,42.6,28.4,10,2.6
1970,6,118,37.1,26.2,115,3.3
1970,7,246,33.1,24.5,145,2
1970,8,483,30.2,24.3,117,2.3
1970,9,216,30.7,23.9,119,2.4
1970,10,5,33.1,19.2,79,1.7
1970,11,0,29.5,11.5,37,1.3
1970,12,0,25.7,8.7,21,0.9
1971,1,21,23.1,8.6,32,0.7
1971,2,2,28.1,10.2,9,-1
1971,3,1,33.5,15.1,6,-1.2
1971,4,2,38.9,22.4,5,-1.1
1971,5,8,40.3,26.2,10,-0.8
1971,6,188,35.4,26.1,169,2.4
1971,7,465,30.1,23.9,119,3.1
1971,8,286,29.5,23.8,116,2.3
1971,9,231,31.3,23.2,118,2.6
1971,10,107,31.5,18.9,115,4.2
1971,11,1,28.9,12.4,50,4.5
1971,12,0,25.1,8.1,34,4.3
1972,1,2,24.3,8.4,25,3.7
1972,2,4,25.2,9.3,22,3.6
1972,3,0,33.3,16,10,3
1972,4,0,37.8,21.7,6,2.7
1972,5,1,43.2,27.7,6,2.3
1972,6,39,41.4,28.4,41,1.3
1972,7,147,33.1,25.1,141,-2.3
1972,8,477,29.6,23.8,111,-2.4
1972,9,146,32.3,21.4,131,-2.6
1972,10,48,33.2,18.4,92,-1.8
1972,11,8,29.8,12.3,46,-1.1
1972,12,5,25.6,9.9,35,-0.9
1973,1,5,24.6,9.3,26,-1.2
1973,2,5,28.6,12.4,16,-1.1
1973,3,0,33.5,16.5,7,-1.3
1973,4,0,41.3,24.1,5,-1.2
1973,5,2,44,29.1,6,-1.2
1973,6,24,38.9,28.8,26,-2.2
1973,7,685,31.3,24.2,127,2.5
1973,8,485,29.8,24.2,111,3.4
1973,9,227,31.6,22.9,112,3.6
1973,10,35,32.1,18.5,85,3.5
1973,11,0,29.3,11.5,40,3.3
1973,12,13,23.6,8.3,36,3.3
1974,1,0,23.7,7,21,2.5
1974,2,1,26.9,10.4,12,2
1974,3,1,35.5,17.5,7,1.5
1974,4,2,40.1,23.5,6,1.4
1974,5,6,41.7,27.3,9,1.3
1974,6,50,39.5,27.9,50,0.6
1974,7,360,32.3,24.4,132,-1.2
1974,8,462,30.5,23.5,112,1
1974,9,48,33.6,23.9,89,-1.1
1974,10,120,32.3,20.3,116,1.8
1974,11,0,29,11.6,43,1.9
1974,12,2,23.8,8.6,30,1.8
1975,1,13,22.2,7.9,29,1.6
1975,2,5,26.6,10.5,17,1.5
1975,3,4,32.8,15.9,11,1.2
1975,4,0,39.9,22.6,5,1
1975,5,2,43.2,28.6,6,0.8
1975,6,101,38.5,27,99,1
1975,7,292,31.2,24,135,-0.6
1975,8,424,29.8,24.2,115,0.5
1975,9,245,29.5,24.3,132,1
1975,10,51,31.8,20.8,91,1.5
1975,11,0,28.8,11,48,1.6
1975,12,0,25.2,8,27,1.4
1976,1,15,24,9.7,33,1.1
1976,2,0,26.8,12.4,11,0.8
1976,3,5,32.3,17.3,11,0.6
1976,4,5,37.7,21.8,9,0.7
1976,5,4,41.9,27.1,7,0.6
1976,6,91,37.6,27.1,89,0.9
1976,7,362,32.2,25.1,138,-0.2
1976,8,347,29.6,23.8,109,0.1
1976,9,197,30.8,22.7,114,0.2
1976,10,0,33.4,20.1,77,-0.6
1976,11,23,31.3,15.5,51,0.4
1976,12,2,25.9,10,23,-0.2
1977,1,14,23.8,8.4,28,-0.5
1977,2,5,27.8,11.9,13,-0.6
1977,3,8,36.2,17.2,13,-0.6
1977,4,7,38,22.7,11,0.2
1977,5,5,40.2,26.8,8,0
1977,6,180,38.4,27.5,174,1.9
1977,7,353,30.6,24.3,145,1.4
1977,8,382,30.2,23.8,118,1.5
1977,9,214,30.4,23,130,1.6
1977,10,35,33.5,19.3,94,1.7
1977,11,22,30.4,15.7,55,2.2
1977,12,3,25.9,9.8,30,1.9
1978,1,13,23.7,8,30,1.4
1978,2,27,25.5,11,34,2
1978,3,39,30.8,15.8,43,2.9
1978,4,4,38.3,22.5,8,2.7
1978,5,0,44.1,29.1,3,2.2
1978,6,139,38.4,27.8,135,3.2
1978,7,371,30.8,24.3,128,2.9
1978,8,551,29.6,23.4,114,4.2
1978,9,152,31.1,23.6,122,3.4
1978,10,4,33.1,19.2,75,2.6
1978,11,5,30.7,15,45,2.3
1978,12,38,25,8.7,47,3.1
1979,1,87,24.4,9.9,76,4.5
1979,2,15,25,10.9,34,5
1979,3,3,31.8,15.8,13,4.4
1979,4,1,39.6,22.5,7,3.9
1979,5,13,41,26.4,16,4
1979,6,50,40.3,28,50,3
1979,7,387,32.5,25.3,152,2.6
1979,8,263,31.3,24.2,142,1.5
1979,9,35,34.1,24,105,-2.7
1979,10,10,33.9,21,60,-4
1979,11,27,29,18.2,43,-3.8
1979,12,7,24.7,11.3,16,-3.9
1980,1,2,24.7,9.2,8,-4.4
1980,2,1,28.8,12.3,5,-4.4
1980,3,7,32.8,17.3,9,-4.2
1980,4,0,40.7,23.9,3,-4
1980,5,0,44.1,29.2,2,-4
1980,6,121,37.8,26.5,117,-2.6
1980,7,332,30.6,24.7,123,-2.7
1980,8,379,30.8,23.5,110,-2.1
1980,9,53,32.9,23.3,102,-3.1
1980,10,5,33.9,20.5,71,-3.9
1980,11,0,29.6,14.7,20,-4.6
1980,12,31,24.8,10.5,40,-3.9
1981,1,14,22.9,9.4,20,-4
1981,2,1,28.6,12.1,5,-4
1981,3,17,31.9,17.3,19,-3.4
1981,4,0,39.4,23.1,3,-3.3
1981,5,7,42.3,27.5,8,-2.9
1981,6,84,41,28.6,81,-2.6
1981,7,300,30.7,25,136,-3
1981,8,268,30.5,24.3,118,-3.5
1981,9,145,32.8,24.1,130,-3.6
1981,10,7,32.9,19.5,88,-3.7
1981,11,6,27.6,13.3,42,-3.5
1981,12,11,24.6,9.1,29,-3.2
1982,1,91,23.7,10.8,73,-1.2
1982,2,5,24.7,11.9,21,2.2
1982,3,8,30.3,15.5,16,2
1982,4,3,37,22.1,9,1.8
1982,5,4,39.2,26.7,8,1.7
1982,6,44,39.6,27.8,45,0.7
1982,7,291,34,25.8,151,-1.4
1982,8,271,30.1,24,114,-2.2
1982,9,117,32.8,22.8,126,-2.7
1982,10,13,32.8,20.4,76,-2.7
1982,11,35,27.6,15.3,54,-1.6
1982,12,4,25.8,11.2,30,-1.5
1983,1,17,22.9,8.8,31,-1.6
1983,2,1,25.6,10.7,9,-1.7
1983,3,1,32.3,16.7,6,-1.9
1983,4,5,35.3,21.4,9,-1.6
1983,5,7,40.8,26.9,10,-1.3
1983,6,65,39.3,28.6,64,-1.4
1983,7,416,32.7,24.8,145,-1.1
1983,8,425,30.5,25,114,0.6
1983,9,383,31.4,24.1,105,3
1983,10,61,30.9,18.6,96,3.6
1983,11,0,28.5,11,51,3.6
1983,12,2,23.9,9.8,30,3.2
1984,1,83,22.7,8.9,75,4.6
1984,2,10,25.6,9.1,32,5
1984,3,0,35.4,17,11,4.2
1984,4,0,39.1,22.8,7,3.8
1984,5,2,44.4,28.4,6,3.2
1984,6,63,38.7,27.8,63,2.5
1984,7,197,32,24.9,149,1.1
1984,8,443,30.2,22.9,116,0.7
1984,9,111,30.9,22.6,119,-2.5
1984,10,12,33.3,18.4,85,-2.6
1984,11,0,29.3,12,40,-2.8
1984,12,0,25.9,10.2,16,-3.3
1985,1,26,23.4,9.7,33,-3.1
1985,2,0,27.9,11.2,6,-3.2
1985,3,5,36.6,18.2,8,-3.2
1985,4,8,39.1,23,10,-2.7
1985,5,6,43.2,28.6,8,-2.4
1985,6,51,39.3,27.9,50,-2.9
1985,7,463,31.3,25.2,139,-2
1985,8,405,30.1,24.2,123,-1.4
1985,9,175,32,23.1,125,-1.4
1985,10,146,30.5,18.3,118,3.5
1985,11,0,29.2,13.2,59,3.9
1985,12,9,25.3,11.8,42,4.1
1986,1,20,23.3,10,43,3.9
1986,2,14,26,12.1,34,4.2
1986,3,13,32.9,17.1,23,4.1
1986,4,0,39.2,22.9,7,3.7
1986,5,9,41.1,26.8,13,3.6
1986,6,79,38.9,27.8,78,3.3
1986,7,416,31.1,24.2,128,3.3
1986,8,206,31,23.6,132,1.7
1986,9,59,33.1,23.8,107,-2.3
1986,10,24,32.5,19.6,78,-2.7
1986,11,0,30.2,14.3,27,-3.3
1986,12,15,24.8,8.9,26,-3.2
1987,1,43,23.6,9.6,47,-2.5
1987,2,12,28.2,12.7,16,-2.2
1987,3,3,33.5,17.9,7,-2.3
1987,4,0,39.6,23.3,3,-2.3
1987,5,11,40.4,26.6,13,-1.7
1987,6,43,41.1,29.2,42,-2.3
1987,7,201,34.8,25.7,180,-3.3
1987,8,346,32.8,24.6,140,-4.5
1987,9,123,33.5,24,128,-4.7
1987,10,27,33.7,19.6,89,-4.2
1987,11,1,31.2,12.9,43,-4
1987,12,25,25,9.8,39,-3.1
1988,1,10,25.2,10.5,21,-3.3
1988,2,1,28.9,12.9,8,-3.3
1988,3,5,33.5,17.3,10,-3.2
1988,4,5,40.1,23.6,9,-2.7
1988,5,0,43.8,29.4,3,-2.7
1988,6,118,39.5,27.8,115,-1.7
1988,7,327,30.9,25,122,-1.9
1988,8,271,30.7,24.4,108,-2.2
1988,9,118,32.7,24.5,124,-2.7
1988,10,19,32.8,18.8,88,-2.7
1988,11,0,29.3,13,40,-2.7
1988,12,3,25.7,9.6,21,-2.9
1989,1,21,23,8.3,30,-2.9
1989,2,0,27.7,10.8,6,-3
1989,3,27,32.2,16.4,30,-2.1
1989,4,0,38.7,21.4,3,-2.1
1989,5,1,43.5,27.7,3,-2.1
1989,6,53,38.4,26.7,53,-2.3
1989,7,236,33.1,24.1,144,-3
1989,8,348,31.2,23.5,116,-3.4
1989,9,83,32.6,23.3,110,-4
1989,10,1,33.8,18.8,77,-4.5
1989,11,0,30.3,13.7,26,-5.1
1989,12,9,24.3,9.8,21,-4.9
1990,1,0,27,10.3,7,-5.4
1990,2,14,26.1,12.9,18,-4.8
1990,3,3,30.9,16.3,6,-4.7
1990,4,0,38.8,22.8,3,-4.5
1990,5,13,40.1,27.2,14,-3.6
1990,6,213,37.9,26.9,186,-0.7
1990,7,572,30.3,24.2,121,4.4
1990,8,342,30.6,24.4,113,3.9
1990,9,322,30.5,23.8,103,5.2
1990,10,8,32.3,18.9,82,4.2
1990,11,1,29.5,13.8,42,3.6
1990,12,15,25.4,9.9,33,3.3
1991,1,5,22.6,8.3,16,2.3
1991,2,5,28,13.1,12,1.9
1991,3,12,32.9,17.9,16,1.8
1991,4,9,37.5,22.1,12,1.9
1991,5,2,42.7,28.7,5,1.6
1991,6,69,38.5,27.9,67,1.2
1991,7,387,34,25.1,145,1
1991,8,486,29.8,24.1,104,2.1
1991,9,67,32,23.7,107,0.8
1991,10,1,33.8,18.9,73,-2.1
1991,11,13,28.5,13.7,32,-2.5
1991,12,10,24.8,10,20,-2.7
1992,1,6,23.5,9.8,12,-3.2
1992,2,1,25.4,10.9,5,-3.3
1992,3,3,33.2,18.3,6,-3.3
1992,4,1,37.8,23,3,-3.2
1992,5,5,41.8,27.4,6,-2.9
1992,6,13,40.8,29.1,14,-4
1992,7,246,33.3,26.2,160,-4.5
1992,8,439,29.7,24.8,116,-4.1
1992,9,270,30.9,23,127,-2.8
1992,10,37,31.6,20,91,-2.2
1992,11,6,28,14.2,47,-1.7
1992,12,0,25.1,10.6,28,-1.7
1993,1,1,23.7,10,16,-2.3
1993,2,8,28.4,12.2,16,-2.1
1993,3,21,30.3,16.6,25,-1.5
1993,4,0,37.7,22.7,4,-1.5
1993,5,11,42.5,28.7,13,-1
1993,6,87,40.2,28.8,85,-0.7
1993,7,269,31.8,25.6,143,-1.5
1993,8,299,31.5,23.9,137,-2.3
1993,9,374,30.3,24.4,103,2.2
1993,10,9,32.7,20,82,1.6
1993,11,0,29.8,13.8,41,1.2
1993,12,1,25.9,8.9,22,0.7
1994,1,63,23.7,11.9,63,1.5
1994,2,6,26,11.7,15,1.3
1994,3,0,34.9,17.9,6,0.7
1994,4,6,36.9,21.8,10,0.9
1994,5,9,42.7,28.5,12,1
1994,6,169,37.9,27.2,163,2.6
1994,7,711,29.3,24.1,118,5
1994,8,411,29.1,24.3,111,5.1
1994,9,103,30.9,23.8,116,3.7
1994,10,11,32.7,19.1,80,3
1994,11,0,28.8,14,36,2.2
1994,12,0,25.5,9.7,16,1.3
1995,1,78,21.4,8.5,74,2.4
1995,2,4,26.4,12.1,12,2.2
1995,3,31,30.5,16.7,35,2.8
1995,4,5,36.7,22.3,8,2.6
1995,5,1,41.5,28.3,4,2.1
1995,6,38,41,29.7,39,1
1995,7,400,32.9,25.8,154,0.8
1995,8,407,29.8,25.7,112,1.3
1995,9,160,32,24.2,130,0.8
1995,10,15,33.3,20.9,87,-0.3
1995,11,2,29.4,13.9,46,-0.9
1995,12,24,25.1,11.7,39,0.4
1996,1,51,23.7,10.7,55,1
1996,2,3,27.9,13,12,0.6
1996,3,10,34.1,19.5,16,0.6
1996,4,11,38.5,22.7,14,0.9
1996,5,2,42,28.6,5,0.6
1996,6,40,39.1,29.9,41,-0.7
1996,7,402,32.6,25.3,136,0.1
1996,8,441,29.3,24.1,105,1
1996,9,175,31.4,24.4,123,0.8
1996,10,44,31.2,20,91,1.1
1996,11,0,29.8,12.9,49,1.3
1996,12,0,26.1,8.3,30,0.9
1997,1,5,23.4,7.9,19,-0.6
1997,2,0,26.8,10.1,8,-1.1
1997,3,0,32.7,18.3,6,-1.4
1997,4,3,36.3,21.8,7,-1.2
1997,5,7,40.2,26.6,10,-1
1997,6,50,38.1,27,50,-1.4
1997,7,349,32.2,24.9,133,-1.5
1997,8,362,30.3,24.1,119,-1.3
1997,9,131,31.1,23.8,124,-1.7
1997,10,55,30.8,17.5,88,-0.8
1997,11,44,27.1,15.8,61,2.5
1997,12,48,21.7,10.8,56,4.3
1998,1,3,23,8.5,38,4
1998,2,3,26.9,11.8,33,4.5
1998,3,29,31.3,15.9,41,5
1998,4,13,38.1,23.3,20,5.3
1998,5,1,43,28.6,6,4.6
1998,6,68,40.7,28.9,68,3.9
1998,7,350,31.9,25.8,140,3.3
1998,8,322,31,24.4,127,2.7
1998,9,266,31,24.7,121,3.3
1998,10,30,33.3,20,86,3.1
1998,11,22,29.1,14.9,57,3.5
1998,12,0,26.4,8.7,30,3
1999,1,7,22.8,8.4,24,2.3
1999,2,22,27.7,13,30,2.6
1999,3,0,34.5,17.4,6,2
1999,4,0,40.6,22.7,4,1.6
1999,5,4,41.2,28,6,1.3
1999,6,63,38.2,27.3,62,0.9
1999,7,427,31.9,24.4,138,1.1
1999,8,320,30.8,24,127,0.7
1999,9,499,31.3,23.6,111,4.1
1999,10,82,32.3,20.1,103,5
1999,11,0,31,14.4,55,5.2
1999,12,1,25.8,9.1,33,4.6
2000,1,4,24.9,9.6,26,3.7
2000,2,1,26.1,10.8,12,3.1
2000,3,1,33.1,16.1,7,2.4
2000,4,1,40.6,24.6,5,2
2000,5,5,40.5,27.9,8,1.8
2000,6,63,37.6,27.1,62,1.4
2000,7,602,31.6,24.5,125,3.1
2000,8,179,31.4,25.1,123,1.4
2000,9,73,32.1,23.7,109,-2.3
2000,10,3,34.9,20.4,73,-3
2000,11,0,30.9,15.1,24,-3.8
2000,12,1,27.3,9.4,12,-4.2
2001,1,17,23.4,9,23,-4.2
2001,2,0,28,12.6,5,-4.3
2001,3,8,33.6,17.6,11,-4
2001,4,3,37.9,21.9,5,-3.7
2001,5,18,41.9,27.7,20,-2.6
2001,6,215,36.3,25.2,178,3.3
2001,7,470,30.8,23.7,121,4
2001,8,184,31.2,24.9,127,2.2
2001,9,21,33.8,25.6,97,-2.7
2001,10,43,33.4,20.2,77,-3.1
2001,11,1,29.8,14.1,24,-3.7
2001,12,0,26,10.5,11,-4.1
2002,1,3,23.4,8.9,9,-4.5
2002,2,18,27.5,12.1,22,-3.8
2002,3,4,33.9,17.9,8,-3.7
2002,4,2,40,24.1,5,-3.4
2002,5,7,43.5,29.3,9,-3.1
2002,6,61,39.7,28.5,60,-3
2002,7,79,35.3,28.2,77,-5
2002,8,386,30.6,24.3,112,-5.7
2002,9,134,31.9,23.8,126,-5.6
2002,10,17,34.3,21,88,-5.3
2002,11,6,30.6,14.9,45,-4.7
2002,12,3,27.2,11.7,26,-4.6
2003,1,6,22.9,8.5,17,-4.7
2003,2,18,27.7,12.3,24,-3.9
2003,3,1,33.6,17.6,6,-3.9
2003,4,1,40.1,24.2,4,-3.6
2003,5,5,42.7,28.5,7,-3.3
2003,6,66,40.3,29.2,65,-3.3
2003,7,374,32.3,25.2,131,-3
2003,8,266,30.8,24.6,105,-3.3
2003,9,307,30.7,22.6,91,-1.3
2003,10,2,31.9,18.7,81,-1.7
2003,11,0,30.6,14.9,39,-1.9
2003,12,6,25.9,10.4,25,-2
2004,1,42,23.1,8.7,48,-1.5
2004,2,0,27.8,12.5,7,-1.7
2004,3,0,35.7,19.7,5,-2
2004,4,4,40.7,24.7,7,-1.8
2004,5,4,42.4,28.2,6,-1.7
2004,6,157,38.2,27.1,151,1.4
2004,7,172,33,25.9,159,-1.3
2004,8,431,30.1,23.8,107,-1.8
2004,9,71,33,24.8,108,-2.7
2004,10,31,32.1,18.8,78,-2.6
2004,11,2,30.2,14.5,36,-2.7
2004,12,0,25.8,10.3,16,-3
2005,1,13,23.5,9,21,-3.1
2005,2,1,28,12.6,7,-3.2
2005,3,35,33.6,17.6,37,-2
2005,4,1,37.8,21.8,4,-1.9
2005,5,2,42.1,27.9,4,-1.8
2005,6,42,40.6,29.4,41,-2.3
2005,7,231,31.5,24.4,132,-3
2005,8,172,31.3,25,140,-4.5
2005,9,192,31.9,23.8,126,-4.6
2005,10,4,32.9,19.6,85,-4.6
2005,11,0,29.6,13.9,40,-4.5
2005,12,2,24.3,8.8,19,-4.5
2006,1,0,24.7,10.3,10,-4.9
2006,2,0,31.4,16.1,6,-4.9
2006,3,58,32.4,16.4,59,-2.5
2006,4,9,39.4,23.4,12,-2
2006,5,17,42.4,28.2,19,-1.1
2006,6,79,39.7,28.5,77,-1
2006,7,495,31.5,24.4,133,2.9
2006,8,344,30.2,23.9,119,2.5
2006,9,160,32.5,24.3,130,1.9
2006,10,7,33.9,20.7,82,1.3
2006,11,3,30.6,14.9,42,1
2006,12,0,26.7,11.2,21,-1.3
2007,1,4,24.4,10,15,-1.8
2007,2,10,28.4,13,16,-1.6
2007,3,6,32.9,16.9,11,-1.6
2007,4,4,40.4,24.4,7,-1.5
2007,5,6,42.4,28.2,8,-1.3
2007,6,73,39.3,28.2,71,-1.3
2007,7,309,31.9,24.8,141,-1.8
2007,8,200,30.8,24.5,124,-2.9
2007,9,158,32.3,24.2,120,-2.9
2007,10,0,32.8,19.6,83,-3.2
2007,11,0,29.6,13.9,38,-3.2
2007,12,1,25.6,10.1,19,-3.5
2008,1,0,23.4,9,10,-3.9
2008,2,0,26,10.6,6,-3.9
2008,3,4,34.9,18.9,8,-3.8
2008,4,2,38.5,22.5,5,-3.5
2008,5,5,40.9,26.7,8,-3.1
2008,6,226,35.7,24.6,162,3
2008,7,301,31.7,24.6,125,2.5
2008,8,290,30.8,24.6,118,1.8
2008,9,120,32.1,24,120,0.9
2008,10,10,33.6,20.4,81,-1.4
2008,11,10,29.7,14,45,-1.2
2008,12,0,27.1,11.6,22,-1.5
2009,1,17,25.3,10.9,27,-1.6
2009,2,0,28.9,13.6,7,-1.8
2009,3,4,34.3,18.3,9,-1.9
2009,4,1,38.9,23,5,-1.8
2009,5,22,42.3,28.1,24,-0.7
2009,6,42,41.9,30.8,42,-1.5
2009,7,328,32.6,25.5,144,-1.9
2009,8,220,32.1,25.9,131,-2.8
2009,9,237,32.9,24.7,134,-2
2009,10,80,32.3,19.1,105,1.7
2009,11,37,28.9,13.2,62,3.3
2009,12,14,26.3,10.8,40,3.8
2010,1,4,22.3,7.9,33,3.4
2010,2,4,27.9,12.6,27,3.6
2010,3,0,36,20,12,3.1
2010,4,1,41.5,25.5,7,2.8
2010,5,0,44.4,30.2,5,2.3
2010,6,28,40.7,29.6,30,1.1
2010,7,349,33,25.9,136,0.7
2010,8,298,31.2,25,118,-1.6
2010,9,118,31.8,23.7,110,-2.1
2010,10,4,33.5,20.3,79,-2.3
2010,11,13,30.6,14.9,42,-1.9
2010,12,5,24.6,9.1,30,-1.8
2011,1,0,22.1,7.7,14,-2.3
2011,2,5,27.7,12.3,13,-2.2
2011,3,1,33.9,17.9,7,-2.3
2011,4,4,38.2,22.3,8,-1.9
2011,5,11,43.1,28.9,13,-1.4
2011,6,298,37,25.9,184,4.5
2011,7,343,31.7,24.6,120,4.6
2011,8,399,30.9,24.6,108,4.6
2011,9,191,31.8,23.6,118,4.3
2011,10,0,33.4,20.2,81,3.3
2011,11,0,31,15.3,38,2.6
2011,12,0,25.4,9.9,19,1.8
2012,1,56,22.1,7.7,58,2.3
2012,2,0,26.5,11.1,8,1.7
2012,3,0,32.9,16.9,5,1.2
2012,4,3,38.7,22.8,7,1
2012,5,10,41.9,27.7,13,1.2
2012,6,28,39.9,28.8,29,-1.6
2012,7,350,32.3,25.2,132,-1.7
2012,8,408,30.1,23.8,100,-0.9
2012,9,174,31.9,23.8,116,-0.9
2012,10,0,33.1,19.9,80,-1.3
2012,11,0,29.2,13.5,40,-1.5
2012,12,0,25.6,10,19,-2
2013,1,2,22.6,8.1,12,-2.5
2013,2,11,26.2,10.8,16,-2.2
2013,3,25,32.9,16.9,28,-1.4
2013,4,4,37.9,22,7,-1.2
2013,5,0,43.2,29,3,-1.4
2013,6,276,36.7,25.6,175,4
2013,7,743,31,23.9,108,7.4
2013,8,502,30,23.7,102,8
2013,9,106,33,24.9,120,6.3
2013,10,88,32.2,18.9,102,7.1
2013,11,2,28.3,12.6,51,6.9
2013,12,14,25.2,9.7,36,6.6
2014,1,100,32,17.6,77,8
2014,2,21,25.9,10.5,49,8.9
2014,3,22,32,16,39,8.9
2014,4,9,38.1,22.1,18,8.6
2014,5,2,41.6,27.4,8,7.7
2014,6,71,40.7,29.5,72,6.6
2014,7,393,32.6,25.5,141,6
2014,8,289,31.4,25.1,122,4.9
2014,9,188,32.4,24.2,129,4.4
2014,10,4,33.7,20.5,78,3.5
2014,11,0,30.7,15,40,2.9
2014,12,9,24.4,8.9,30,2.5
2015,1,75,21.6,7.2,70,3.5
2015,2,1,28.5,13.1,13,3.3
2015,3,54,31.2,15.2,58,4.7
2015,4,9,37.4,21.4,13,4.7
2015,5,3,42.8,28.6,6,4.1
2015,6,84,38.6,27.5,82,3.9
2015,7,410,32.1,25,136,3.7
2015,8,287,31.2,24.9,122,2.8
2015,9,62,33.1,24.9,108,1.4
2015,10,10,34.8,21.6,69,-2.3
2015,11,0,31.7,16,25,-3
2015,12,2,25.4,9.9,13,-3.4
2016,1,19,24.7,10.8,25,-3.3
2016,2,0,27.9,13.2,5,-3.4
2016,3,4,33.2,18.4,8,-3.1
2016,4,0,38.8,24,3,-3
2016,5,6,41.5,28.6,8,-2.5
2016,6,86,38.5,28.6,83,-1.5
2016,7,649,30.7,24.7,118,3.1
2016,8,614,29.5,24.3,105,4.2
2016,9,175,31.3,24.3,123,3
2016,10,21,31.2,20.3,82,3.3
2016,11,0,29.9,13.4,45,3.1
2016,12,0,26.4,10.3,26,2.5
2017,1,6,23.5,9.7,18,1.8
2017,2,2,27.8,12.5,10,1.3
2017,3,9,32.8,17.2,14,0.9
2017,4,0,39.4,24,4,0.6
2017,5,8,40.9,28,10,0.7
2017,6,84,37.3,27.5,82,0.9
2017,7,311,31.4,24.8,129,1.8
2017,8,217,30.8,24.8,126,0.8
2017,9,169,32,24.5,123,-1.4
2017,10,3,33.8,21.1,82,-1.8
2017,11,26,29.2,13.9,53,-1.9
2017,12,13,25.5,10.7,33,-2.2
2018,1,0,24.6,8.9,15,-2.8
2018,2,3,28.6,13.1,11,-2.5
2018,3,0,34.5,18.3,5,-2.4
2018,4,8,38.3,23.2,12,-1.6
2018,5,2,42.3,28.2,5,-1.3
2018,6,99,38.7,28.5,97,-1
2018,7,397,31.6,25.3,129,-0.6
2018,8,307,30.1,24.6,112,0.1
2018,9,253,30.5,23,114,1.7
2018,10,1,33.5,20.2,76,1.1
2018,11,0,30,14.6,41,0.7
2018,12,0,24,8.4,21,-1.2
2019,1,7,23,8.6,17,-1.6
2019,2,7,26.5,11.1,13,-1.5
2019,3,12,31.8,15.8,16,-1.3
2019,4,6,39.6,23.6,9,-1
2019,5,2,42.3,28.1,5,-1
2019,6,36,40.8,29.7,36,-1.6
2019,7,428,33.2,26.1,141,-1.1
2019,8,550,30.7,24.5,107,1.8
2019,9,497,31.7,23.5,88,5.1
2019,10,38,32.7,19.4,83,5
2019,11,5,30.9,15.2,49,4.9
2019,12,32,23.2,7.7,48,5.4
