Product: Historical Climate - TerraClimate(http://www.climatologylab.org/terraclimate.html) 
Location (Lat/Lon of 4-km Grid Cell Center): 26.5208 North,79.8125 East 
Data Source: NW Climate Toolbox(https://climatetoolbox.org/tool/point-data-download)
Download Date: 07/24/2020
Variable List: 
ppt: ppt (Precipitation)
tmax: tmax (Maximum Temperature)
tmin: tmin (Minimum Temperature)
aet: aet (Actual Evapotranspiration)
PDSI: pdsi (Palmer Drought Severity Index (PDSI))
********************************************************
Year,Month,ppt(mm),tmax(degC),tmin(degC),aet(mm),PDSI(unitless)
1958,1,24,24.4,10.2,40,-0.1
1958,2,2,26.9,11,11,-0.3
1958,3,16,33.7,17.2,21,0.2
1958,4,0,40.4,23.6,4,-0.1
1958,5,1,43,27.5,3,-0.6
1958,6,19,42.7,29.8,20,-1.5
1958,7,317,33.2,27,142,1.1
1958,8,377,32.4,25.5,107,2.4
1958,9,181,31.4,25.7,128,2.7
1958,10,98,31.9,19.5,109,3.1
1958,11,0,28.6,12.5,46,3.4
1958,12,8,24.4,10,35,3.5
1959,1,49,23.1,8.7,54,4.2
1959,2,3,25.9,10.1,16,4
1959,3,4,34.7,16.3,11,3.5
1959,4,1,39.2,22.2,5,3.2
1959,5,15,42,27.1,17,3.3
1959,6,30,40.8,29.9,31,2.5
1959,7,226,33.3,26.6,148,2.1
1959,8,306,31.9,25.9,123,1.9
1959,9,97,32,25.9,113,1
1959,10,132,32.3,20.5,124,2.1
1959,11,2,28.6,11.8,49,2.6
1959,12,0,25.3,8.9,30,2.5
1960,1,20,22.5,7.7,31,2.2
1960,2,0,30.3,11.9,7,1.7
1960,3,23,32,16.2,26,2.1
1960,4,1,38.3,21.4,4,1.9
1960,5,3,43.1,26.9,6,1.5
1960,6,24,41.9,30.1,25,0.7
1960,7,307,34.2,26.2,142,1.5
1960,8,448,31.5,25.7,113,3.5
1960,9,72,33.7,24.8,102,2.1
1960,10,179,32.4,18.7,124,3.7
1960,11,0,28.9,9.9,56,4.1
1960,12,6,24.6,8.5,33,4.1
1961,1,52,23.2,8.9,56,4.9
1961,2,12,24.2,9.6,28,5.1
1961,3,0,33.5,17,9,4.4
1961,4,1,38.8,21.7,6,4
1961,5,2,42.3,27.2,6,3.5
1961,6,58,40.1,28.5,58,3.3
1961,7,209,33.7,26.6,144,2.6
1961,8,509,31.6,25.5,113,4.3
1961,9,113,32,25.5,114,3.5
1961,10,160,31.4,19,120,4.8
1961,11,1,26.1,11.7,50,5
1961,12,6,21.9,6.1,33,5
1962,1,45,22.1,6.6,54,5.6
1962,2,5,26.2,11.1,22,5.6
1962,3,11,32.3,16.1,19,5.3
1962,4,3,39.1,22,8,5.1
1962,5,2,42.3,26.9,5,4.4
1962,6,29,42.3,29.6,30,3.4
1962,7,261,34.9,27.4,147,3.3
1962,8,322,32.5,25.3,114,3.6
1962,9,232,31.6,24.7,120,4.7
1962,10,0,32.1,17.7,72,3.4
1962,11,0,28.6,11.8,28,2.6
1962,12,5,23.9,9.1,16,1.9
1963,1,24,23.5,6.2,29,1.6
1963,2,4,28.7,11.4,8,1.3
1963,3,10,32.2,15.5,13,1.1
1963,4,2,37.3,21.3,4,1
1963,5,6,40.8,25.8,7,0.9
1963,6,45,39.6,28.4,44,0.6
1963,7,284,34.8,26.4,127,1.3
1963,8,341,31.6,25.4,112,2.2
1963,9,256,32.3,24.2,121,3.9
1963,10,16,33.3,19.6,83,2.9
1963,11,3,29,14.3,34,2.4
1963,12,12,24.9,7.8,24,2
1964,1,3,22,7.3,10,1
1964,2,2,26.5,11,6,-1.7
1964,3,5,35.1,17.6,8,-1.8
1964,4,1,39.8,23,3,-1.8
1964,5,7,41.2,25.3,8,-1.6
1964,6,24,41,29.4,24,-2.1
1964,7,373,32.9,25.9,135,1.9
1964,8,314,32.6,25.7,126,2.4
1964,9,223,32,24.7,120,3.4
1964,10,9,33.7,19.4,82,2.4
1964,11,0,28.7,10.3,26,1.8
1964,12,7,24.3,8.5,18,1.2
1965,1,8,24.5,9.3,14,-2
1965,2,5,26.3,10.8,9,-2
1965,3,13,32.1,15.3,15,-1.7
1965,4,5,36.6,21,7,-1.4
1965,5,1,41.5,26.7,3,-1.5
1965,6,15,42.4,30.6,15,-2.5
1965,7,243,34.7,26.9,165,-2.4
1965,8,203,33.2,25.4,138,-3.3
1965,9,124,33,24.2,130,-3.4
1965,10,68,33.1,19.9,101,-2.9
1965,11,0,29.5,12.5,39,-2.4
1965,12,3,24.5,7.4,16,-2.5
1966,1,2,24.7,7.9,9,-3.1
1966,2,5,28.9,13,9,-3
1966,3,0,33.6,16.1,3,-3.1
1966,4,0,39.1,22.6,2,-2.9
1966,5,8,42.9,26.6,9,-2.6
1966,6,92,40.1,28.5,89,-1.3
1966,7,171,36.6,27,163,-2.4
1966,8,284,32.2,25.3,123,-3.1
1966,9,30,33.7,24.8,105,-4.5
1966,10,15,34.3,19.7,40,-5.5
1966,11,9,28.8,13.4,20,-5.7
1966,12,6,24.7,6.7,12,-5.8
1967,1,6,23.2,6.8,10,-6
1967,2,1,29.5,11.6,4,-5.8
1967,3,28,31.2,15.4,28,-4.5
1967,4,1,37.8,21.1,3,-4.2
1967,5,1,42.6,26.6,2,-4.1
1967,6,31,41.9,29.4,31,-4.3
1967,7,251,34.3,26.2,150,-3.8
1967,8,532,31.2,25.1,115,-1
1967,9,156,32.4,24.1,125,-0.7
1967,10,11,33.5,18.9,78,-1.3
1967,11,0,28.1,12.1,31,-1.3
1967,12,37,24.5,8.7,43,1.8
1968,1,51,21.6,7.8,53,2.5
1968,2,3,25.2,9.4,9,2.1
1968,3,7,33.2,15.5,11,1.9
1968,4,0,38.3,20.7,3,1.7
1968,5,0,41.9,26,3,1.2
1968,6,47,40.4,28.3,46,1
1968,7,256,34,25.7,134,1.2
1968,8,225,32.5,25.2,140,-0.6
1968,9,70,35.2,24.2,114,-1.8
1968,10,72,33,18.9,92,-1.6
1968,11,0,30,11.1,28,-1.5
1968,12,4,24.5,8.6,15,-1.8
1969,1,10,22.9,8.4,16,-2.3
1969,2,4,26.9,12.2,8,-2.3
1969,3,4,37.1,16.3,6,-2.4
1969,4,1,38.1,22.4,3,-2.2
1969,5,9,40.9,25.7,11,-1.8
1969,6,24,41.6,29.6,24,-2.3
1969,7,343,34.3,25.5,134,1.5
1969,8,264,32.3,24.9,120,1.6
1969,9,166,32.3,24.6,112,1.9
1969,10,4,34.2,19.8,76,1
1969,11,4,31,12.6,31,0.6
1969,12,1,25.6,7.7,12,-1.2
1970,1,55,23.3,8.7,57,0.8
1970,2,23,25.4,10.2,26,1.3
1970,3,10,31.8,16.1,13,1.2
1970,4,0,40.4,22.7,2,1
1970,5,14,42.6,27.3,15,1.3
1970,6,65,38.8,27.4,64,1.6
1970,7,172,35.4,26,148,0.6
1970,8,340,32.6,25.7,132,-1.1
1970,9,278,32.5,24.9,122,2.2
1970,10,44,34,19.5,89,1.8
1970,11,0,29.4,10.5,39,1.8
1970,12,0,25.4,8,19,1.4
1971,1,27,22.3,7.6,35,1.4
1971,2,7,26.9,9.9,12,1.2
1971,3,4,33.1,15.3,8,0.9
1971,4,5,39,21.5,7,1
1971,5,12,39.7,24.9,14,1.2
1971,6,113,36.9,27.2,109,2.9
1971,7,234,32.3,25.4,136,2.6
1971,8,324,31.4,24.6,116,2.7
1971,9,151,33.1,23.9,129,2.5
1971,10,170,32.4,19.2,128,4
1971,11,1,28.6,11.2,55,4.4
1971,12,0,25.3,7.4,34,4.2
1972,1,15,23.5,8.1,31,3.7
1972,2,12,24.3,8.9,20,3.7
1972,3,1,33.3,15.9,7,3
1972,4,1,38.1,20.9,4,2.7
1972,5,1,43.7,27,3,2.1
1972,6,19,42.5,29.9,20,0.9
1972,7,147,35.8,26.7,142,-2.8
1972,8,299,32.1,25.1,136,-3.5
1972,9,161,33.1,23,137,-3.1
1972,10,92,32.6,18.8,105,-2.1
1972,11,3,28.8,11.8,46,-1.2
1972,12,4,24.5,9,36,-0.8
1973,1,30,23.1,8.9,41,1.6
1973,2,6,27.8,11.9,14,1.5
1973,3,3,32.8,16,8,1.2
1973,4,0,41.5,23.3,4,1
1973,5,2,43.5,27.6,5,0.8
1973,6,38,40.4,29.5,38,-0.2
1973,7,267,35,26.4,160,0.2
1973,8,410,31.9,25.4,124,1.4
1973,9,141,33,24.4,117,1.3
1973,10,177,32.3,19.1,114,3.2
1973,11,1,28.9,10.7,45,3.5
1973,12,2,23,7.3,36,3.6
1974,1,5,22.8,7.1,28,3.1
1974,2,1,25.7,10,12,2.7
1974,3,2,34.7,17.3,8,2.3
1974,4,0,40.7,23,4,2
1974,5,3,41.9,26.5,6,1.7
1974,6,23,40.5,29.1,24,0.9
1974,7,223,34.1,25.9,159,-1.2
1974,8,215,32.7,25,124,-2.1
1974,9,38,34.5,24.5,88,-3.3
1974,10,111,33.4,20.5,111,-2.3
1974,11,0,28.7,10.8,36,-2.1
1974,12,4,22.8,7.5,19,-2
1975,1,23,21.5,7.5,30,-1.8
1975,2,4,25.7,10.2,9,-1.8
1975,3,10,32.4,15.8,13,-1.7
1975,4,1,39.8,22.1,3,-1.7
1975,5,1,43.4,27.7,3,-1.8
1975,6,86,39.7,28.3,83,-0.9
1975,7,204,33.3,25.4,140,-1.2
1975,8,259,31.8,25.5,112,-1.5
1975,9,177,31.1,25.2,142,-1.1
1975,10,97,32.9,20.8,112,0.6
1975,11,0,28.4,10.1,49,1.4
1975,12,0,24.7,7.5,30,1.3
1976,1,14,23.5,9.1,25,0.8
1976,2,3,26.2,11.9,10,-0.2
1976,3,2,32,16.8,6,-0.8
1976,4,1,37.9,21,4,-0.7
1976,5,4,42,25.8,6,-0.8
1976,6,58,38.7,28.4,57,-0.6
1976,7,209,34.5,26.6,145,-0.9
1976,8,298,31.4,25,126,-1.1
1976,9,161,33.5,23,120,-0.6
1976,10,11,34.4,18.8,80,-1.2
1976,11,3,30.9,12.9,32,-1.4
1976,12,0,24.5,8.6,12,-1.9
1977,1,35,22.5,8.1,40,-1.5
1977,2,4,27.1,10.8,8,-1.7
1977,3,1,35.6,16.6,4,-2
1977,4,6,38.1,21.9,8,-1.6
1977,5,5,39.7,25.2,6,-1.5
1977,6,42,38.9,28.9,41,-1.7
1977,7,326,32.7,25.8,153,1
1977,8,220,32.2,25.6,123,0.7
1977,9,152,31.7,24.4,139,-0.1
1977,10,106,33.4,19.4,116,1.2
1977,11,1,30.3,14,49,1.8
1977,12,8,25.1,9.2,36,2
1978,1,15,22.5,7.4,29,1.6
1978,2,16,24.7,10.4,23,1.9
1978,3,34,30.1,14.9,37,2.8
1978,4,1,38.7,21.5,5,2.5
1978,5,1,44.8,27.9,4,2
1978,6,92,40.3,28.4,90,2.8
1978,7,204,33,26,125,2.3
1978,8,263,31.3,25.5,125,1.6
1978,9,184,31.8,24.9,121,2.1
1978,10,10,33.2,19.3,78,1.2
1978,11,3,28.1,14.1,33,1
1978,12,14,24.6,8,25,0.8
1979,1,28,23.6,9.1,34,0.8
1979,2,18,24.5,10.4,22,1.1
1979,3,3,30.8,15.6,6,0.8
1979,4,2,39.6,22.4,4,0.7
1979,5,8,41,25.8,9,0.7
1979,6,44,40.9,28.8,44,-0.2
1979,7,191,34.7,26.7,158,-1.1
1979,8,153,33.7,25.7,148,-2.4
1979,9,18,34.8,24.9,25,-4.3
1979,10,8,34,20.9,13,-5.6
1979,11,8,29.2,16.2,11,-5.8
1979,12,10,24.3,10.1,12,-5.7
1980,1,2,23.4,8.4,4,-6
1980,2,3,27.7,11.8,4,-5.8
1980,3,17,32,16.4,17,-5
1980,4,0,41.1,23.2,1,-4.8
1980,5,3,44,28.5,4,-4.5
1980,6,75,39,27.9,72,-3.4
1980,7,320,32.6,26.1,130,-1.9
1980,8,407,32.6,25.1,116,3.2
1980,9,107,33.7,24.6,119,2.3
1980,10,39,33.3,20.4,86,1.8
1980,11,0,28.9,12.6,32,1.5
1980,12,29,24.6,9.2,39,1.7
1981,1,22,22.1,8.9,28,1.4
1981,2,1,27.5,11.6,6,1
1981,3,21,31.5,16.4,23,1.4
1981,4,0,39.5,22.1,3,1.1
1981,5,7,41.7,26.5,9,1.1
1981,6,113,41.5,29.6,109,2.4
1981,7,304,32.9,26.3,142,3.1
1981,8,256,32.6,25.7,131,2.8
1981,9,102,33.9,25,118,1.8
1981,10,0,33.1,19.3,70,0.8
1981,11,6,27.1,12.1,21,-2.1
1981,12,6,23.9,7.9,14,-2.4
1982,1,56,22.9,9.9,55,-1.2
1982,2,5,24.2,11.1,9,-1.3
1982,3,24,29.7,14.7,26,1.2
1982,4,3,37.2,21.2,5,1.1
1982,5,10,38.8,25.3,12,1.3
1982,6,35,40.2,28.6,35,0.7
1982,7,164,36.4,27.7,156,-1.6
1982,8,384,32.1,25.5,122,-1.4
1982,9,136,33.9,23.8,134,-1.5
1982,10,19,33.1,20.4,79,-1.9
1982,11,11,27.6,13.5,40,-1.5
1982,12,13,24.6,9.9,26,-1.3
1983,1,33,21.8,7.9,38,-0.9
1983,2,3,25.1,10.3,8,-1
1983,3,2,31.6,16.2,5,-1.2
1983,4,4,35.4,20.3,6,-0.9
1983,5,15,40,25.6,16,0.5
1983,6,48,39.9,29.3,47,-0.2
1983,7,147,34.6,26.4,140,-1.3
1983,8,336,32.5,26.2,118,-1.5
1983,9,195,32.8,25.1,106,1.1
1983,10,107,31.5,19,109,1.8
1983,11,0,28.3,10.3,52,2.4
1983,12,7,23.6,9,33,2.6
1984,1,29,21.8,8.1,40,2.9
1984,2,9,24.7,9.2,21,3.2
1984,3,1,34.9,17,8,2.6
1984,4,2,39.1,22.3,7,2.5
1984,5,3,44.3,27.6,6,2.1
1984,6,69,39.7,28.8,68,2.3
1984,7,153,32.8,27.1,146,1
1984,8,264,32.4,24.7,127,-2.1
1984,9,126,32,23.9,125,-2.2
1984,10,18,33.5,18.9,82,-2.6
1984,11,0,28.5,11,27,-2.6
1984,12,3,24.6,9.4,14,-2.8
1985,1,28,22.4,8.7,33,-2.4
1985,2,0,27.9,10.3,5,-2.6
1985,3,2,35.7,18.3,5,-2.8
1985,4,4,39.3,22.6,6,-2.4
1985,5,4,43,27.6,5,-2.3
1985,6,38,40.5,29.5,37,-2.5
1985,7,348,33.2,26.5,138,-0.7
1985,8,275,32.1,25.5,131,1.6
1985,9,175,32.8,24.2,121,1.9
1985,10,252,30.8,18.5,109,5
1985,11,0,28.6,12.3,54,5.3
1985,12,23,24.6,10.4,45,5.8
1986,1,18,22.7,8.9,35,5.5
1986,2,13,25.4,11.2,26,5.6
1986,3,9,32.1,16.6,16,5.2
1986,4,1,38.8,21.9,6,4.7
1986,5,16,40.1,25.2,18,4.9
1986,6,53,39.9,28.7,53,4.4
1986,7,190,33.1,25.8,138,3.4
1986,8,248,32.9,25.3,136,2.2
1986,9,117,33.9,24.6,127,1.4
1986,10,68,31.9,19.6,94,1.5
1986,11,1,29.3,13,41,1.6
1986,12,29,23.6,7.9,40,2.3
1987,1,29,23.2,8.5,38,2.4
1987,2,7,27.7,12.5,14,2.3
1987,3,8,33.3,17.6,13,2.2
1987,4,1,39.4,22.7,4,1.9
1987,5,12,39.7,25.4,14,2.2
1987,6,12,42,30.3,14,0.8
1987,7,138,36.5,27.1,133,-2.7
1987,8,232,33.8,25.7,146,-3.7
1987,9,62,34.6,25.1,93,-4.4
1987,10,62,33.6,20,76,-4.5
1987,11,0,30.6,11.6,9,-5
1987,12,21,24.3,9,25,-4.4
1988,1,10,24.2,9.7,13,-4.6
1988,2,3,27.8,12.2,5,-4.5
1988,3,19,32.8,16.9,20,-3.8
1988,4,5,40,22.9,6,-3.2
1988,5,3,43.5,28.2,4,-3.1
1988,6,63,39.9,28.4,61,-2.4
1988,7,290,33.1,26.6,129,-1.4
1988,8,332,32.1,25.6,106,2.1
1988,9,79,33.7,25.7,112,0.9
1988,10,39,33.1,19.2,81,-1.3
1988,11,0,28.8,11.8,22,-1.6
1988,12,14,24.8,8.8,23,-1.6
1989,1,36,21.7,7.5,40,-1.2
1989,2,1,26.1,10.6,5,-1.4
1989,3,14,31.8,16.1,16,-1.1
1989,4,0,38.3,20.9,2,-1.2
1989,5,2,42.6,26.8,4,-1.3
1989,6,29,39,28,29,-1.6
1989,7,237,35.1,25.9,147,-1.5
1989,8,275,32.8,25.1,124,-1.6
1989,9,142,33.6,24.4,118,-1.4
1989,10,10,33.6,19.2,82,-2
1989,11,3,28.9,12.3,30,-2
1989,12,16,23.2,8.5,26,-1.8
1990,1,0,25.6,9.8,6,-2.6
1990,2,17,25.2,12,20,-2
1990,3,9,30.5,15.6,12,-1.8
1990,4,1,38.5,21.9,4,-1.7
1990,5,11,40.2,26.4,13,-1.2
1990,6,98,39.5,28.9,94,1.6
1990,7,316,32.6,25.8,129,2.6
1990,8,275,32.4,25.8,121,2.6
1990,9,217,31.8,25.2,110,3.7
1990,10,12,32.2,19.2,76,2.7
1990,11,0,28.9,12.5,34,2.3
1990,12,16,24,8.9,27,2.1
1991,1,16,21.3,7.5,22,1.6
1991,2,9,26.8,12.6,13,1.4
1991,3,7,32.6,17.2,10,1.2
1991,4,3,37.5,21.4,5,1.1
1991,5,7,42.2,27.6,8,1
1991,6,75,39.3,28.5,73,1.4
1991,7,151,36.1,27.1,145,-1.3
1991,8,395,31.7,25.4,107,-0.9
1991,9,85,32.9,25,109,-1.6
1991,10,1,33.4,18.8,64,-2.4
1991,11,3,27.7,12,19,-3.1
1991,12,33,23.7,8.7,38,-2.3
1992,1,25,22.3,8.9,30,-2.2
1992,2,4,24.5,9.9,7,-2.3
1992,3,8,32.5,18,10,-2.2
1992,4,0,38.2,22.6,2,-2.1
1992,5,5,40.9,26,7,-2
1992,6,12,41,29.6,13,-2.9
1992,7,148,34.4,27.5,142,-4
1992,8,302,31.7,25.8,119,-4.3
1992,9,135,32.3,24,125,-4
1992,10,82,32,19.7,103,-3.2
1992,11,3,28,12.8,46,-2.2
1992,12,0,24.2,9,28,-2
1993,1,8,22.4,9.1,20,-2.2
1993,2,9,28,12.1,16,-1.9
1993,3,22,29.6,15.5,25,-1.1
1993,4,0,37.5,21.3,4,-1
1993,5,7,41.9,27.3,9,-0.9
1993,6,64,40.9,29.9,63,1.1
1993,7,161,33.9,27.3,154,-1.1
1993,8,198,33,25.1,138,-2.2
1993,9,247,31.5,25.6,103,1.9
1993,10,4,32.8,20.2,77,0.9
1993,11,0,29.5,12.8,27,-1.1
1993,12,0,25.2,8.2,11,-1.6
1994,1,44,22.9,10.7,46,-0.9
1994,2,10,25.3,11.5,14,-0.8
1994,3,0,34.7,17.9,3,-1.1
1994,4,3,37.1,21.5,5,-0.9
1994,5,5,42.6,27.4,6,-0.9
1994,6,82,39.7,28.9,79,0.8
1994,7,420,32.3,26.3,133,3.3
1994,8,318,31.4,26.1,114,3.7
1994,9,71,32.6,25.3,111,2.2
1994,10,7,32.6,19.2,56,1
1994,11,0,28.5,12.9,15,-2.7
1994,12,0,24.5,9.3,8,-3.2
1995,1,60,20.8,7.8,58,-1.8
1995,2,6,26.1,11.8,10,-1.8
1995,3,12,30.5,16.3,14,-1.5
1995,4,4,37.1,21.7,6,-1.2
1995,5,0,42.1,27.7,2,-1.5
1995,6,34,42,30.6,34,-1.8
1995,7,183,34.9,27.7,154,-2.5
1995,8,371,31.3,26.7,114,-1.9
1995,9,136,33,25.4,122,-1.9
1995,10,13,33.5,21,80,-2.3
1995,11,2,29,12.8,33,-2.3
1995,12,6,24.2,10.8,17,-2.4
1996,1,37,22.8,10,42,-1.9
1996,2,6,26.9,12.5,10,-1.8
1996,3,3,33.7,19,6,-2
1996,4,2,38.6,22.4,4,-1.8
1996,5,4,41.9,27.7,6,-1.8
1996,6,67,40.3,30.9,66,-1.1
1996,7,170,34.6,27,132,-1.7
1996,8,337,31.3,25.6,102,-1.4
1996,9,187,32.8,25.9,113,0.8
1996,10,138,31.7,20.3,111,2.2
1996,11,0,29,12.1,57,2.8
1996,12,0,25.1,7.6,34,2.7
1997,1,10,22.6,7.6,25,2.2
1997,2,0,25.7,9.6,8,1.7
1997,3,3,32.3,17.7,8,1.3
1997,4,3,36.7,21.3,7,1.4
1997,5,9,39.7,25.7,11,1.4
1997,6,56,39.2,28.7,55,1.4
1997,7,148,34.5,26.6,130,-0.9
1997,8,250,32.1,25.7,120,-1.9
1997,9,154,32.3,25.1,121,-1.5
1997,10,104,31.9,18.6,103,1
1997,11,9,26.2,14,49,1.8
1997,12,43,21,9.7,49,3.5
1998,1,0,21.9,7.6,30,3.2
1998,2,4,26.3,11.6,24,3.6
1998,3,25,30.7,15.4,33,4.2
1998,4,5,38.2,22.2,11,4.2
1998,5,2,42.6,27.4,6,3.7
1998,6,64,41.6,30.2,63,3.5
1998,7,213,34,27.1,136,3
1998,8,330,32.5,25.7,120,2.9
1998,9,139,32.1,25.9,126,2.5
1998,10,104,31.3,21.8,106,3.1
1998,11,4,29,14.2,55,3.6
1998,12,0,25.6,8.2,31,3.5
1999,1,18,21.7,8,33,3.3
1999,2,9,27.4,12.8,18,3.3
1999,3,0,34.1,17.6,6,2.6
1999,4,0,40.3,22.2,4,2.3
1999,5,5,40.9,27.1,8,2.1
1999,6,91,39.4,28.8,88,2.9
1999,7,266,34,26,134,3.1
1999,8,229,32.6,26.1,127,2.4
1999,9,239,32.7,25.2,116,3.8
1999,10,140,32.8,20.9,113,4.8
1999,11,0,30.7,14,59,5.1
1999,12,8,25.5,8.8,33,5
2000,1,15,24,9.3,34,4.5
2000,2,4,25.1,10.5,13,4.1
2000,3,3,32.4,15.9,9,3.5
2000,4,1,40.6,23.8,4,3.1
2000,5,5,41.1,27.5,8,2.8
2000,6,37,38.4,28.5,37,2.3
2000,7,271,33.7,26.8,128,2.6
2000,8,257,33,26.5,129,2.4
2000,9,121,33.2,25,126,1.7
2000,10,1,34.9,20.8,76,0.7
2000,11,1,30,14.3,20,-1.9
2000,12,0,26.1,8.9,9,-2.4
2001,1,10,22.5,8.8,15,-2.7
2001,2,2,27.3,12.2,6,-2.8
2001,3,6,32.9,16.9,9,-2.7
2001,4,3,38.1,22,5,-2.3
2001,5,12,41.3,27.4,13,-1.8
2001,6,86,37.2,28.7,83,1.5
2001,7,204,33.4,26.9,129,1.1
2001,8,179,33.3,26.5,134,-1.5
2001,9,58,33.8,26.2,101,-2.6
2001,10,85,33.7,21.5,95,-2.3
2001,11,1,30.1,14,17,-2.6
2001,12,0,24,11.3,8,-2.9
2002,1,18,23.3,8.5,23,-2.9
2002,2,13,27.1,12,16,-2.4
2002,3,3,34.8,16.7,5,-2.5
2002,4,1,39.7,23.9,3,-2.3
2002,5,3,43.8,27.9,4,-2.3
2002,6,24,40.3,30.1,24,-2.8
2002,7,67,36.6,27.9,65,-5.2
2002,8,240,31.8,27,115,-5.9
2002,9,157,31,26.1,117,-5
2002,10,83,32.7,21.4,104,-4
2002,11,1,29,14.1,49,-3
2002,12,5,25.1,11.4,29,-2.6
2003,1,21,24.1,7.9,32,-2.3
2003,2,29,26.4,11.9,34,-1.2
2003,3,2,32.6,16,6,-1.3
2003,4,0,40.2,23.2,3,-1.2
2003,5,2,41.4,27.4,4,-1.3
2003,6,38,41,31.2,38,-1.4
2003,7,225,33.8,27.4,129,-1.2
2003,8,173,32.4,26.6,105,-2.1
2003,9,208,32.6,24.9,95,1.4
2003,10,25,33.5,19.9,87,0.8
2003,11,1,29.5,13.8,35,0.6
2003,12,8,24.8,9.9,20,-0.2
2004,1,28,22.3,8.7,34,0.1
2004,2,0,28.3,10.4,5,-0.9
2004,3,0,37.1,17.7,3,-1.3
2004,4,1,41,24.1,3,-1.2
2004,5,3,42.9,27,5,-1.3
2004,6,106,38,29.2,102,1.3
2004,7,73,35,27.9,71,-2.5
2004,8,225,32.6,25.9,130,-3.4
2004,9,20,35,25.3,66,-4.9
2004,10,86,32.1,20.3,92,-4.6
2004,11,0,29.8,12.8,9,-5.1
2004,12,0,26.3,9.8,6,-5.4
2005,1,10,23.5,9,13,-5.3
2005,2,8,25.9,12.9,10,-4.9
2005,3,26,34.5,17.5,27,-3.8
2005,4,1,38.5,22.1,2,-3.5
2005,5,3,40,26.5,5,-3.3
2005,6,13,41.6,31.7,14,-4
2005,7,159,33.3,26.8,141,-4.5
2005,8,214,33.9,25.8,143,-5.3
2005,9,115,32.6,26.2,118,-5.1
2005,10,34,32.4,20.4,62,-5.2
2005,11,0,29.1,13.2,12,-5.5
2005,12,0,23.7,8.5,7,-5.5
2006,1,0,23.2,11.1,4,-5.9
2006,2,0,29.9,14.2,3,-5.8
2006,3,35,32.5,16,35,-4.1
2006,4,5,38.1,23.4,6,-3.6
2006,5,9,41.5,27.5,10,-3
2006,6,37,38.8,29.9,36,-3
2006,7,312,34,26.2,143,-1.7
2006,8,129,31.4,27.1,131,-2.8
2006,9,75,33.1,25.6,109,-3.5
2006,10,14,33.1,22.1,61,-4.1
2006,11,1,28.6,15,15,-4.6
2006,12,2,24.6,10.4,9,-4.8
2007,1,1,24,8,6,-5.2
2007,2,22,26.1,11.7,25,-4.2
2007,3,28,32.9,15.4,29,-3.1
2007,4,2,40.1,23.1,4,-2.9
2007,5,9,40,27,10,-2.4
2007,6,41,39.7,29.4,40,-2.4
2007,7,130,34,27.4,125,-3.7
2007,8,222,32.8,26.5,129,-4.5
2007,9,94,33.2,26.7,105,-4.6
2007,10,4,33.2,20.3,36,-5.6
2007,11,0,30.7,12.9,12,-5.9
2007,12,4,23.6,9.9,10,-5.9
2008,1,1,21.4,11.4,5,-6.1
2008,2,0,26.1,9.9,4,-5.9
2008,3,1,35.8,17.8,3,-5.7
2008,4,2,38.6,21.6,4,-5.1
2008,5,10,39.8,27.7,11,-4.3
2008,6,133,36.8,28.7,128,-1.5
2008,7,236,32.6,26.6,122,-1.1
2008,8,297,32,26.1,111,-0.7
2008,9,73,32.5,26.1,105,-1.6
2008,10,12,34.1,20.9,68,-2.3
2008,11,1,30.4,13.5,17,-2.9
2008,12,0,26.7,10.8,8,-3.3
2009,1,6,24.3,10.5,11,-3.6
2009,2,0,28.4,13.9,4,-3.8
2009,3,2,34.5,17.7,4,-3.7
2009,4,1,40.2,22.8,3,-3.5
2009,5,23,42,28.6,23,-2.2
2009,6,10,41.3,30.9,11,-3.2
2009,7,127,34.4,27.8,121,-4.4
2009,8,108,33.8,26.7,104,-5.5
2009,9,178,32.8,25.4,125,-4.3
2009,10,112,32.7,20.5,112,-3.5
2009,11,6,29,14.2,20,-3.4
2009,12,3,25.2,10.7,10,-3.7
2010,1,6,23.6,6.8,10,-4
2010,2,9,27.6,11.8,12,-3.6
2010,3,0,36.2,18.3,2,-3.7
2010,4,0,41.9,25.2,2,-3.5
2010,5,1,42.8,28.4,2,-3.5
2010,6,6,40.7,31.3,6,-4.4
2010,7,127,34.9,28.2,121,-5.3
2010,8,181,32,27.6,119,-6.1
2010,9,104,32.1,26.5,102,-5.7
2010,10,12,33.4,21.5,32,-6.3
2010,11,3,30.4,14,13,-6.5
2010,12,3,24.2,9,9,-6.4
2011,1,4,22.2,7.7,8,-6.5
2011,2,8,26.4,13.1,10,-6
2011,3,1,34.2,17.8,3,-5.8
2011,4,2,38.1,22.3,3,-5.2
2011,5,10,41.7,28,11,-4.4
2011,6,157,37.2,29.6,151,-1.2
2011,7,211,33.8,27.3,133,-1.4
2011,8,355,32.1,26.6,117,-0.7
2011,9,183,32.5,25.8,124,3
2011,10,1,33,21,80,1.8
2011,11,0,30.5,13.7,24,1.1
2011,12,0,24.6,9.5,11,-1.7
2012,1,46,20.9,8.8,48,-0.9
2012,2,0,25.3,13.1,5,-1.1
2012,3,3,32.5,17.5,6,-1.3
2012,4,2,38.7,22.9,5,-1.1
2012,5,4,42.5,28.2,5,-1.2
2012,6,10,41.9,32.4,11,-2.4
2012,7,275,34.6,27.3,140,-1.6
2012,8,331,31.8,26.1,108,1.4
2012,9,266,32.6,26,120,3.2
2012,10,3,31.7,21.1,79,2.1
2012,11,0,27.6,13,25,1.4
2012,12,3,23.7,10.2,13,0.7
2013,1,14,22.3,7.5,19,-1.9
2013,2,24,27.6,9.9,27,-1.1
2013,3,14,33.7,17.2,16,-0.8
2013,4,2,38.2,22.5,4,-0.8
2013,5,1,42.9,28.5,2,-1
2013,6,165,37.7,28.9,158,3.1
2013,7,348,33.3,27.1,131,4.4
2013,8,312,31.6,26.4,119,4.6
2013,9,63,32.8,26.7,104,3
2013,10,134,31.9,20.9,112,3.8
2013,11,0,27.5,12.9,48,3.9
2013,12,7,24.3,9.7,29,3.7
2014,1,57,22,9.1,56,4.7
2014,2,22,24.7,11.3,33,5.2
2014,3,14,31.8,16.3,20,5.1
2014,4,5,38.1,22.1,9,4.9
2014,5,5,40.3,26.7,8,4.5
2014,6,39,41.1,31.3,39,3.7
2014,7,178,34.1,28.4,149,2.5
2014,8,207,33.4,26.9,136,1
2014,9,109,33.1,25.4,116,-2.4
2014,10,75,32.6,21,92,-2
2014,11,0,29.5,14.2,24,-1.9
2014,12,10,23,9.4,20,-1.9
2015,1,54,21.2,8.2,54,-0.7
2015,2,3,28,12.7,8,-0.8
2015,3,43,31.6,16,45,2.1
2015,4,6,37.7,21.7,8,2.2
2015,5,3,42.2,28.7,5,1.9
2015,6,60,38.6,30.8,59,1.9
2015,7,237,33,27.6,147,1.7
2015,8,214,32.1,27.2,125,0.7
2015,9,45,34.1,26.3,108,-2.3
2015,10,17,33.7,21.6,49,-3.2
2015,11,1,29.4,15.4,13,-3.7
2015,12,1,24.1,10.1,8,-4
2016,1,19,24.3,9.8,23,-4.1
2016,2,4,28.5,13.1,7,-4.1
2016,3,10,34.8,18.5,12,-3.4
2016,4,1,40.7,23.9,3,-3.3
2016,5,6,42.8,27.6,7,-2.7
2016,6,49,41.3,30.2,48,-2.4
2016,7,326,34.1,26.6,131,-2.2
2016,8,293,32.8,26.1,125,-3
2016,9,116,33.8,25.6,120,-4.1
2016,10,48,33.9,20.5,93,-4.4
2016,11,1,29.8,13.3,39,-4.9
2016,12,6,26.2,10.5,19,-5.1
2017,1,20,23.3,9,26,-5.1
2017,2,5,28.3,12.9,9,-5
2017,3,7,33.6,17.4,10,-4.8
2017,4,2,40.3,23.5,4,-4.4
2017,5,9,42.6,27.5,10,-4.1
2017,6,64,37.9,28,62,-4.1
2017,7,236,34.1,26.6,137,-4.3
2017,8,241,33.2,26.4,129,-5.1
2017,9,165,33.9,25.8,129,-5.6
2017,10,35,34.6,21.3,90,-6.5
2017,11,4,29.4,12.9,42,-6.8
2017,12,6,25.5,10,19,-6.7
2018,1,15,24.2,9.7,21,-6.8
2018,2,5,28.6,13.3,10,-6.2
2018,3,6,34.8,18.5,9,-5.8
2018,4,2,40,23.1,5,-4.9
2018,5,4,42.9,27.8,6,-4.4
2018,6,55,40.5,29.5,54,-4.2
2018,7,235,34.2,26.7,145,-3
2018,8,280,32.7,25.9,117,-1.8
2018,9,157,32.8,24.7,121,-1
2018,10,34,33.4,20.3,88,-1.3
2018,11,3,29.8,13.4,41,-1.3
2018,12,8,23.9,8.3,21,-1.7
2019,1,23,22.5,8.3,29,0
2019,2,24,25.3,10.2,28,0.8
2019,3,4,31.7,15.8,7,-0.2
2019,4,6,39.3,22.6,9,0.8
2019,5,5,41.9,26.9,6,-0.1
2019,6,23,40.7,29.7,23,-0.8
2019,7,305,35,27.4,145,0.9
2019,8,329,33.1,26.4,127,1.6
2019,9,199,33.1,24.9,105,2.6
2019,10,46,33,19.9,84,2.3
2019,11,5,30.2,13.8,44,2.5
2019,12,28,22.3,6.7,38,3.2
