Product: Historical Climate - TerraClimate(http://www.climatologylab.org/terraclimate.html) 
Location (Lat/Lon of 4-km Grid Cell Center): 27.8958 North,78.1042 East 
Data Source: NW Climate Toolbox(https://climatetoolbox.org/tool/point-data-download)
Download Date: 07/24/2020
Variable List: 
ppt: ppt (Precipitation)
tmax: tmax (Maximum Temperature)
tmin: tmin (Minimum Temperature)
aet: aet (Actual Evapotranspiration)
PDSI: pdsi (Palmer Drought Severity Index (PDSI))
********************************************************
Year,Month,ppt(mm),tmax(degC),tmin(degC),aet(mm),PDSI(unitless)
1958,1,12,23.1,9.5,18,-0.2
1958,2,3,25.2,9.9,7,-0.3
1958,3,7,32,16.4,10,-0.8
1958,4,1,39.1,22.8,2,-0.9
1958,5,1,42,27,3,-1.1
1958,6,10,42.1,29.1,11,-1.9
1958,7,398,33.7,27.3,139,2
1958,8,352,33.3,25.9,108,3.1
1958,9,341,31.8,25.5,129,4.7
1958,10,53,32.1,19.1,89,4.8
1958,11,2,28.5,12.3,39,4.9
1958,12,5,23.6,9.6,17,4.5
1959,1,24,21.6,7.8,29,4.4
1959,2,3,24.5,9.2,6,3.6
1959,3,3,32.9,15.5,6,2.9
1959,4,1,37.5,21.1,3,2.4
1959,5,18,40.9,26.7,19,2.7
1959,6,22,40.7,29.7,22,2.1
1959,7,233,33.8,27,152,1.8
1959,8,257,32.7,26.2,123,1.3
1959,9,148,32.5,25.8,126,0.7
1959,10,27,33,20.4,81,0.7
1959,11,6,28.6,11.7,30,0.9
1959,12,0,24.4,8.5,10,-0.3
1960,1,7,21.2,7,12,-1
1960,2,0,29.2,11.5,4,-1.4
1960,3,39,30.1,15.2,39,1
1960,4,1,36.4,20,3,0.8
1960,5,5,42.3,26.8,6,-0.2
1960,6,16,41.6,29.6,16,-0.9
1960,7,256,34.8,26.6,140,0.2
1960,8,437,32.4,26.1,114,2.4
1960,9,93,34.2,24.9,115,1.2
1960,10,151,32.7,18.4,116,3.3
1960,11,0,29,9.8,55,4
1960,12,6,23.9,8.4,28,4.3
1961,1,33,21.6,8,39,4.8
1961,2,23,22.7,8.7,29,5.1
1961,3,0,31.6,15.9,4,4.1
1961,4,2,36.9,20.3,4,3.8
1961,5,4,41.3,26.7,6,3.2
1961,6,37,40,28.5,37,3.1
1961,7,192,34.3,27,144,2.3
1961,8,563,32.3,25.7,115,5
1961,9,127,32.6,25.7,123,3.9
1961,10,113,31.8,18.7,114,5.1
1961,11,3,26,11.4,47,5.6
1961,12,4,21,5.7,24,5.7
1962,1,31,20.8,6,40,6.3
1962,2,4,25.3,10.7,12,5.9
1962,3,16,30.6,15.3,20,5.6
1962,4,1,37.8,21.3,4,5.1
1962,5,2,41.5,26.6,4,4.4
1962,6,17,41.7,28.8,18,3.3
1962,7,241,35.6,27.8,142,3.1
1962,8,231,33.6,25.9,117,2.4
1962,9,269,31.9,24.6,126,3.2
1962,10,0,32.6,17.6,67,2.4
1962,11,2,28.6,11.7,18,1.8
1962,12,6,22.7,8.3,13,1.5
1963,1,10,22.1,5.7,14,1.1
1963,2,4,27.6,11,7,0.7
1963,3,12,30.8,14.9,14,0.6
1963,4,2,36,20.5,4,0
1963,5,6,40.1,25.5,7,-0.9
1963,6,33,40,28.6,33,-0.9
1963,7,154,36.3,27.6,142,-1.6
1963,8,331,32.2,25.7,114,-1.4
1963,9,383,32.5,24,124,2.4
1963,10,6,33.9,19.6,75,1.8
1963,11,6,28.9,14.1,22,1.4
1963,12,12,23.8,7.3,19,1.4
1964,1,2,20.2,6.1,6,0.7
1964,2,1,25,10,4,-1.2
1964,3,2,33.2,16.6,5,-1.6
1964,4,1,38.1,21.8,2,-1.6
1964,5,10,40.1,24.7,11,-1.3
1964,6,10,40.7,29.1,11,-1.9
1964,7,445,33.5,26.2,140,2.6
1964,8,368,33.3,26.1,129,3.6
1964,9,318,32.1,24.5,121,4.9
1964,10,0,33.4,18.7,73,3.9
1964,11,1,28.6,9.9,14,3.1
1964,12,6,23.2,7.9,12,2.5
1965,1,5,23.6,9.1,9,1.7
1965,2,11,24.9,9.9,13,1.5
1965,3,6,30.4,14.4,8,1.1
1965,4,5,34.7,19.5,7,1.1
1965,5,2,40.1,25.8,3,0.7
1965,6,7,42,30.1,7,-2.3
1965,7,262,35.1,27,164,-2
1965,8,185,33.9,25.5,141,-2.9
1965,9,181,33.4,24.1,140,-2.8
1965,10,44,33.4,19.6,91,-2.2
1965,11,0,29.6,12.5,29,-1.7
1965,12,0,23.3,6.7,10,-1.8
1966,1,2,23.5,7.4,7,-2.2
1966,2,8,27.8,12.4,11,-2.1
1966,3,1,31.7,14.9,3,-2.4
1966,4,0,37.4,21.3,2,-2.3
1966,5,18,42,26.2,18,-1.7
1966,6,55,39.6,27.9,54,-0.7
1966,7,159,37.1,27.2,152,-1.6
1966,8,353,33,25.6,131,-1.6
1966,9,65,33.6,24.2,116,-2.6
1966,10,28,34.3,19,52,-3.1
1966,11,14,28,12.8,23,-3
1966,12,1,23.6,6.2,6,-3.2
1967,1,2,21.6,5.8,5,-3.4
1967,2,1,28.3,11,4,-3.5
1967,3,40,29.5,14.4,40,-2.1
1967,4,0,36.3,20,2,-2
1967,5,1,41.5,26,2,-2.2
1967,6,22,41.6,29,22,-2.4
1967,7,248,34.9,26.6,144,-2.1
1967,8,535,32,25.3,113,3.3
1967,9,188,32.6,23.9,125,3
1967,10,18,33.5,18.2,75,2.6
1967,11,3,28,11.9,26,2.6
1967,12,26,23.3,8.1,34,3.1
1968,1,29,20.3,7.1,33,3.4
1968,2,5,23.6,8.3,8,2.9
1968,3,10,31.4,14.5,12,2.5
1968,4,1,36.9,19.8,2,2.2
1968,5,1,41,25.6,3,1.7
1968,6,20,40.9,28.5,21,1.1
1968,7,284,34.7,26,137,1.6
1968,8,246,33.4,25.6,137,1.2
1968,9,65,35.7,24.4,113,-1.5
1968,10,38,33.3,18.4,64,-1.7
1968,11,0,30,10.9,10,-1.9
1968,12,1,23.7,8.1,7,-2.1
1969,1,8,21.6,7.7,11,-2.2
1969,2,8,25.3,11.3,10,-2.1
1969,3,7,35.6,15.5,9,-2.2
1969,4,1,36.6,21.3,2,-2.1
1969,5,10,39.9,25.3,11,-1.7
1969,6,19,41.7,29.5,19,-2
1969,7,290,35.3,26.2,148,-1.3
1969,8,239,33.5,25.7,121,-1.2
1969,9,237,33,24.7,122,1
1969,10,1,34.7,19.6,71,-0.4
1969,11,0,30.8,12.3,15,-0.7
1969,12,0,24.8,7.5,7,-0.9
1970,1,34,22,8.1,37,0.7
1970,2,27,24.1,9.5,29,1.4
1970,3,21,30.1,15.2,22,1.6
1970,4,0,38.9,21.8,2,1.3
1970,5,16,41.9,27.2,16,1.5
1970,6,51,38.6,27.1,49,2.1
1970,7,122,36.4,26.8,117,0.6
1970,8,347,33.3,26,130,-1.3
1970,9,211,33.3,25.2,126,-0.8
1970,10,16,34.3,19.3,77,-0.9
1970,11,0,29.5,10.4,20,-0.9
1970,12,0,24.6,7.7,9,-1.2
1971,1,17,20.8,6.7,21,-0.9
1971,2,9,26,9.5,11,-0.9
1971,3,3,31.7,14.8,5,-1.1
1971,4,3,38,21,5,-1
1971,5,12,39.2,24.9,12,-0.6
1971,6,77,37.2,27.3,74,1.9
1971,7,279,33.2,26,128,2.3
1971,8,302,32.1,24.9,114,2.7
1971,9,215,33.4,23.8,126,2.8
1971,10,73,32.9,19,99,3.4
1971,11,2,28.9,11.4,45,3.9
1971,12,0,24.8,7.6,13,3.4
1972,1,5,22.6,7.7,12,2.8
1972,2,14,22.9,8,17,2.7
1972,3,2,32,15.4,4,2
1972,4,1,36.5,19.9,3,1.8
1972,5,0,43.1,26.9,2,1.2
1972,6,20,42.1,29.2,20,-1.3
1972,7,183,36.5,27.2,171,-1.9
1972,8,309,32.9,25.5,136,-2.2
1972,9,162,33.5,22.8,135,-2.3
1972,10,30,33.1,18.4,77,-1.9
1972,11,3,29.3,12,33,-1.3
1972,12,3,23.7,8.6,13,-1.3
1973,1,22,21.6,7.8,26,-0.9
1973,2,9,26.7,11.1,13,-0.8
1973,3,4,31,15,6,-1.1
1973,4,0,39.9,22.1,2,-1.1
1973,5,3,42.6,27.2,5,-1.2
1973,6,22,40.1,29.1,23,-1.4
1973,7,194,35.8,26.9,159,-1.8
1973,8,385,32.6,25.6,122,-0.9
1973,9,169,33.8,24.6,125,-0.9
1973,10,104,32.8,18.7,103,2
1973,11,0,29.2,10.7,44,2.7
1973,12,2,21.8,6.6,31,3.2
1974,1,1,21.7,6.5,13,2.8
1974,2,1,24.2,9,7,2.4
1974,3,3,33,16.5,7,1.8
1974,4,0,39.3,22.1,3,1.5
1974,5,4,41.1,26.2,6,1.2
1974,6,11,40,28.4,12,-1.2
1974,7,232,34.8,26.3,157,-1.2
1974,8,158,33.8,25.7,122,-2.5
1974,9,32,35.1,24.6,88,-3.5
1974,10,105,33.5,20,102,-2.4
1974,11,0,28.8,10.8,14,-2.2
1974,12,5,22,7.2,12,-2.1
1975,1,17,20.1,6.7,20,-1.9
1975,2,3,24.2,9.2,6,-2
1975,3,6,30.5,14.7,8,-2.1
1975,4,0,38,21,2,-2
1975,5,1,42.5,27.4,3,-2.2
1975,6,49,39.1,27.6,48,-1.5
1975,7,244,33.9,25.8,145,-1.3
1975,8,265,32.5,25.7,118,-1.2
1975,9,326,31.4,24.9,140,1.9
1975,10,73,33,20.3,98,2.6
1975,11,0,28.5,10.1,45,3.1
1975,12,0,24.3,7.6,13,2.7
1976,1,1,22.4,8.7,7,1.9
1976,2,10,24.8,11,13,1.7
1976,3,5,29.9,15.6,8,1.3
1976,4,2,36.2,19.8,4,1.1
1976,5,10,41.1,25.5,12,1.1
1976,6,52,38,27.5,51,1.6
1976,7,247,35.2,27.1,149,1.4
1976,8,349,31.7,25,127,2.1
1976,9,117,34,22.8,115,1.2
1976,10,5,34.8,18.5,73,0.7
1976,11,7,30.6,12.6,21,-1.1
1976,12,0,23.6,8.2,7,-1.4
1977,1,24,21.5,7.6,27,-0.9
1977,2,1,25.8,10.1,4,-1.2
1977,3,1,33.9,15.8,3,-1.6
1977,4,11,36.5,20.7,12,-1
1977,5,9,38.8,24.8,10,-0.8
1977,6,29,38.6,28.2,29,-0.9
1977,7,393,32.9,25.9,160,2
1977,8,192,33,25.7,122,1.1
1977,9,253,32,24.2,142,1.7
1977,10,57,34,19.3,93,2.1
1977,11,0,30.3,14,38,2.4
1977,12,5,24.5,9.1,16,2.3
1978,1,1,21.4,6.8,7,1.5
1978,2,13,23.5,9.7,16,1.6
1978,3,42,28.2,13.8,42,2.6
1978,4,2,37.2,20.6,4,2.4
1978,5,1,44.4,28.1,2,1.8
1978,6,64,40.1,28.2,62,2.6
1978,7,256,33.4,26.2,120,2.8
1978,8,282,32.1,25.6,126,2.8
1978,9,247,32.3,24.7,118,3.4
1978,10,3,33.7,19,66,2.7
1978,11,3,27.7,13.7,22,2.5
1978,12,8,23.9,7.8,16,2.3
1979,1,13,22.1,8.2,17,1.9
1979,2,35,23.3,9.6,37,2.8
1979,3,10,28.8,14.3,12,2.4
1979,4,2,38.2,21.4,3,2.1
1979,5,11,40,25.3,12,2.1
1979,6,26,40.8,28.5,26,1.6
1979,7,160,35.4,27.1,153,-1.1
1979,8,101,34.7,26.1,97,-2.9
1979,9,30,34.9,24.5,29,-4
1979,10,5,34.3,20.4,5,-5.5
1979,11,7,28.7,15.8,7,-5.5
1979,12,7,23.5,9.7,7,-5.3
1980,1,2,22,7.6,2,-5.4
1980,2,5,26.7,11.3,5,-5.3
1980,3,31,29.9,15.1,30,-4.1
1980,4,1,39.7,22.4,1,-4
1980,5,3,43.7,28.6,3,-3.9
1980,6,44,39.3,28,42,-3.1
1980,7,306,33.3,26.5,139,-2
1980,8,257,33.8,25.7,126,-1.8
1980,9,91,34.3,24.6,115,-2.5
1980,10,27,33.9,20.1,72,-2.5
1980,11,1,29,12.6,14,-2.8
1980,12,23,23.6,8.9,28,-2
1981,1,18,21.2,8.4,21,-1.7
1981,2,3,26.4,11,6,-1.9
1981,3,36,29.5,15.3,36,-0.8
1981,4,0,38,21.2,2,-0.9
1981,5,11,41.3,26.4,12,-0.6
1981,6,96,41.4,29.2,93,2.7
1981,7,290,33.6,26.8,149,2.9
1981,8,143,33.5,26.1,137,1.2
1981,9,101,34.7,25.2,124,-2.1
1981,10,0,33.4,19.1,47,-2.7
1981,11,16,27.2,12.1,28,-2.6
1981,12,1,23.1,7.7,7,-2.8
1982,1,24,21.6,9.2,27,-2.3
1982,2,5,22.8,10.2,7,-2.3
1982,3,42,27.6,13.5,42,-0.9
1982,4,8,35.6,20.1,10,1.4
1982,5,16,37.8,24.7,16,1.7
1982,6,24,40.2,28.3,24,1.1
1982,7,177,36.9,27.9,168,-1.2
1982,8,390,33,25.8,122,0.5
1982,9,35,34.6,24,103,-1.3
1982,10,37,33.5,20.1,50,-2
1982,11,17,27.8,13.7,23,-2
1982,12,10,23.7,9.5,14,-1.9
1983,1,28,20.7,7.4,30,-1.3
1983,2,7,23.6,9.3,9,-1.3
1983,3,5,29.7,15,6,-1.5
1983,4,10,33.4,18.7,11,-0.9
1983,5,22,38.9,24.9,22,1.2
1983,6,36,39.1,28.3,35,1.1
1983,7,155,35.2,26.7,143,-0.8
1983,8,340,33,26.3,116,0
1983,9,226,33.4,25.1,111,0.7
1983,10,74,32.1,18.9,95,1.6
1983,11,0,28.8,10.7,44,2.2
1983,12,4,22.9,8.7,19,2.3
1984,1,3,20.5,7.3,10,1.8
1984,2,6,23.4,8.3,10,1.5
1984,3,1,33.4,16.4,4,0.8
1984,4,4,37.5,21.1,6,0.9
1984,5,2,43.9,27.8,4,-0.3
1984,6,35,40.2,29,35,0
1984,7,155,33.3,27.3,148,-1.5
1984,8,290,33.5,25.2,127,-2.1
1984,9,168,32.5,23.8,130,-2.1
1984,10,1,33.5,18.1,74,-2.4
1984,11,0,28.8,11.1,13,-2.7
1984,12,2,23.7,8.7,8,-2.9
1985,1,15,21,7.8,18,-2.6
1985,2,0,26.8,9.9,3,-2.8
1985,3,7,33.9,17.2,8,-2.9
1985,4,6,37.8,21.5,8,-2.4
1985,5,3,42.2,27.2,4,-2.4
1985,6,25,40.3,28.9,25,-2.6
1985,7,428,33.9,26.7,145,2.3
1985,8,245,33.1,25.9,133,1.9
1985,9,169,33.4,24.1,129,1.5
1985,10,185,31.2,18.1,107,4.4
1985,11,0,28.8,12.4,51,5
1985,12,21,23.7,9.9,39,5.8
1986,1,13,21.3,8.1,27,5.7
1986,2,17,24.1,10.4,23,5.7
1986,3,12,30.1,15.3,16,5.2
1986,4,1,37,20.6,4,4.7
1986,5,14,39.2,24.6,16,4.6
1986,6,37,39.7,28.4,36,4.2
1986,7,178,33.9,26.2,148,3.2
1986,8,161,33.8,25.7,139,1.6
1986,9,113,34.2,24.4,119,0.9
1986,10,49,32.4,19.2,56,-2.5
1986,11,2,29.4,13,7,-2.9
1986,12,8,22.5,7.2,11,-2.7
1987,1,23,22.2,8.2,25,-2.2
1987,2,8,26.6,11.9,10,-2.1
1987,3,10,31.8,16.9,11,-2
1987,4,1,38,21.7,2,-2
1987,5,23,38.3,24.4,23,-1
1987,6,9,41.3,29.4,10,-1.9
1987,7,106,37.7,28,101,-3.6
1987,8,192,35.1,26.3,150,-4.5
1987,9,79,35.4,25.4,87,-4.8
1987,10,13,34.3,20,19,-5.9
1987,11,0,30.7,11.4,4,-6.1
1987,12,15,23.6,8.8,17,-5.4
1988,1,4,23,9.2,6,-5.4
1988,2,5,26.7,11.6,6,-5.2
1988,3,28,30.8,15.7,28,-4.2
1988,4,8,38.7,22.1,9,-3.5
1988,5,3,43,28.1,4,-3.5
1988,6,39,39.9,28.1,38,-2.9
1988,7,293,33.8,26.9,131,-1.9
1988,8,389,32.8,25.6,115,2.7
1988,9,135,33.9,25.3,131,1.8
1988,10,29,33.6,19,85,1.7
1988,11,0,29,11.9,22,1.6
1988,12,4,24,8.3,12,1.2
1989,1,40,20.3,6.8,43,2
1989,2,2,24.6,9.5,5,1.4
1989,3,26,30.2,15.3,27,1.8
1989,4,0,36.5,19.5,2,1.4
1989,5,2,41.6,26.3,3,0.9
1989,6,11,38.8,27.5,12,-1.1
1989,7,174,35.8,26.3,155,-1.7
1989,8,282,33.5,25.3,126,-2.2
1989,9,198,34,24.3,132,-1.9
1989,10,5,34,18.8,78,-2.1
1989,11,6,28.9,12,19,-2.1
1989,12,3,22.3,8.1,9,-2.1
1990,1,0,24.6,9.4,4,-2.7
1990,2,27,23.8,11.1,28,-1.7
1990,3,7,28.3,14.3,8,-1.8
1990,4,1,36.6,20.5,3,-1.7
1990,5,14,40,26.6,14,-1.2
1990,6,45,39.8,29,44,-0.8
1990,7,266,33.7,26.5,133,1.1
1990,8,230,33.1,25.9,121,0.8
1990,9,323,32.3,25.2,111,2.6
1990,10,6,32.3,18.5,74,1.9
1990,11,2,29,12.4,18,1.4
1990,12,14,23.2,8.5,21,1.5
1991,1,1,20,6.7,5,0.8
1991,2,19,25,11.3,21,1.1
1991,3,5,30.5,16,7,0.7
1991,4,2,35.7,20.1,4,0.6
1991,5,14,41.2,27.2,14,0.7
1991,6,11,39.5,28.5,11,-1.1
1991,7,127,37.1,27.8,122,-2.4
1991,8,343,32.7,25.8,118,-2.3
1991,9,110,33.4,24.9,119,-2.8
1991,10,1,33.3,18.1,59,-3
1991,11,10,27.6,11.8,23,-3.1
1991,12,22,23.1,8.6,28,-2.4
1992,1,21,21.4,8.6,24,-2.1
1992,2,10,23.3,9.2,12,-1.9
1992,3,15,30.1,16.5,17,-1.7
1992,4,1,36.1,21,3,-1.6
1992,5,6,40.1,25.7,7,-1.6
1992,6,10,40.8,29.2,11,-2.3
1992,7,117,34.5,27.3,112,-3.5
1992,8,247,32.4,26,115,-4.3
1992,9,146,32.6,23.9,130,-4.3
1992,10,65,32.1,19.3,93,-3.1
1992,11,16,27.8,12.6,48,-1.7
1992,12,0,23.8,9.1,19,-1.2
1993,1,7,20.7,8.1,15,-1.3
1993,2,15,27,11.6,19,-0.9
1993,3,13,27.7,14.5,16,-0.7
1993,4,1,36.1,20.3,4,-0.7
1993,5,4,41.3,27.3,5,-0.8
1993,6,66,40.6,29.3,64,1.9
1993,7,245,34,27.2,154,1.7
1993,8,180,34.4,25.9,147,-1.4
1993,9,365,31.9,25.4,112,2.4
1993,10,1,33,19.8,74,1.7
1993,11,0,29.7,13,13,1
1993,12,0,24.6,8,7,-1.3
1994,1,29,21.7,10.2,32,-0.7
1994,2,11,24.1,10.9,13,-0.6
1994,3,1,33,17,3,-1.1
1994,4,5,35.3,20.2,6,-0.8
1994,5,6,41.9,27.3,7,-0.9
1994,6,38,40.1,29.1,37,-0.6
1994,7,488,33.1,26.9,136,3.3
1994,8,319,32.2,26.3,121,3.8
1994,9,51,32.8,25,106,2.2
1994,10,0,32.8,18.7,23,-2.5
1994,11,0,28.6,12.9,9,-2.8
1994,12,0,23.9,9.2,5,-3
1995,1,46,19.7,7.4,47,-1.6
1995,2,9,24.7,10.9,11,-1.5
1995,3,15,28.7,15.4,16,-1.2
1995,4,5,35.2,20.4,7,-0.9
1995,5,0,41.4,27.6,1,-1.3
1995,6,14,41.9,30.3,14,-1.9
1995,7,141,35.5,28,134,-2.7
1995,8,483,31.6,26.6,120,-1
1995,9,214,33.4,25.3,126,1.7
1995,10,2,33.6,20.5,74,1.1
1995,11,1,28.8,12.6,14,-0.5
1995,12,2,23,10,8,-1.1
1996,1,10,21.1,9.1,14,-1.3
1996,2,8,25.9,11.9,10,-1.3
1996,3,4,31.8,18,6,-1.6
1996,4,1,37.2,21.4,2,-1.5
1996,5,8,40.6,27,9,-1.4
1996,6,64,39.8,30.3,62,1
1996,7,163,35.2,27.3,142,-0.7
1996,8,342,31.9,25.6,110,0.3
1996,9,324,33,25.6,119,2.2
1996,10,69,31.9,19.9,93,2.8
1996,11,0,28.6,11.5,47,3.4
1996,12,0,24.1,7,12,2.8
1997,1,5,21.2,6.8,12,2.2
1997,2,1,24.7,9,5,1.6
1997,3,6,30.3,16.6,9,1.2
1997,4,7,35.2,20.3,8,1.4
1997,5,16,38.4,24.9,16,1.7
1997,6,57,37.9,27.2,55,2.2
1997,7,105,35.3,27.2,101,0.7
1997,8,257,32.5,25.5,135,-2.3
1997,9,170,32.6,24.9,126,-2.2
1997,10,99,30.9,17,94,1.5
1997,11,18,25.3,13,50,2.7
1997,12,24,19.4,8.6,36,4.1
1998,1,0,20.6,6.9,27,4.1
1998,2,10,24.8,10.6,22,4.4
1998,3,33,28.9,14.4,37,4.9
1998,4,6,36.6,21.2,10,4.8
1998,5,4,41.7,27.1,7,4.2
1998,6,52,40.7,29.2,52,4.3
1998,7,205,34.7,27.5,138,3.7
1998,8,266,33.1,25.8,132,2.9
1998,9,193,32.1,25.5,128,2.7
1998,10,126,30.9,21,104,4.4
1998,11,7,28.4,13.5,55,5.2
1998,12,0,24.5,7.5,27,5.2
1999,1,24,20.3,7.1,34,5.4
1999,2,6,26.1,12,12,5
1999,3,0,32.4,16.7,4,4
1999,4,0,38.7,21,3,3.5
1999,5,4,39.9,26.6,5,3
1999,6,64,39.2,28.4,62,3.7
1999,7,172,34.6,26.2,146,2.6
1999,8,189,33.6,26.5,128,1.1
1999,9,225,33.6,25.5,112,1.6
1999,10,100,33.1,20.5,102,2.8
1999,11,0,30.6,13.7,56,3.7
1999,12,1,24.7,8.4,21,3.7
2000,1,16,22.4,8.3,23,3.5
2000,2,15,23.5,9.3,19,3.5
2000,3,10,30.5,14.8,13,3.1
2000,4,1,39.2,22.8,4,2.8
2000,5,6,41.2,28.1,7,2.3
2000,6,30,38.5,28.3,30,2.1
2000,7,251,34.2,26.9,135,2.1
2000,8,228,33.7,26.6,135,1.4
2000,9,72,33.8,25.1,112,-1.5
2000,10,2,35.1,20.2,36,-2.4
2000,11,3,29.8,13.9,14,-2.8
2000,12,0,25.3,8.5,6,-3
2001,1,10,20.8,7.8,13,-3
2001,2,6,26.2,11.6,9,-2.9
2001,3,5,31.2,16,6,-3
2001,4,8,36.6,21.1,9,-2.3
2001,5,24,40.7,27.2,24,-1.3
2001,6,58,37.1,28.5,56,2
2001,7,179,34.1,27.4,136,1.3
2001,8,202,34.1,26.8,142,-1.8
2001,9,56,34,26,103,-2.7
2001,10,16,34,21.2,30,-3.6
2001,11,0,29.8,13.7,7,-3.9
2001,12,0,23,10.9,4,-3.9
2002,1,15,22.1,7.8,18,-3.6
2002,2,13,25.5,10.8,14,-3.1
2002,3,5,33.1,15.7,7,-3.1
2002,4,1,38.3,23,2,-2.9
2002,5,2,43.2,27.7,3,-3
2002,6,19,40.2,29.8,19,-3.1
2002,7,35,37.2,28,34,-5.7
2002,8,152,32.9,27.7,126,-6.4
2002,9,268,31,25.8,121,-4.7
2002,10,7,33,21.3,76,-4.6
2002,11,1,29,14,16,-4.5
2002,12,7,23.9,10.8,14,-4.2
2003,1,26,22.3,6.8,29,-3.4
2003,2,22,24.9,10.8,24,-2.5
2003,3,5,30.9,15.1,7,-2.6
2003,4,0,38.5,22,2,-2.5
2003,5,3,40.4,26.9,4,-2.5
2003,6,58,40.5,30.5,57,-1.5
2003,7,480,33.8,27.2,128,3.8
2003,8,165,32.9,26.7,109,2.6
2003,9,151,33.1,24.8,105,2.2
2003,10,57,33.7,19.4,94,2.6
2003,11,5,28.7,13,41,3
2003,12,13,23.3,8.9,24,3.1
2004,1,11,21.2,8.2,17,2.8
2004,2,1,27.3,9.9,4,2.1
2004,3,0,35.6,17,3,1.3
2004,4,1,39.5,23,3,1.1
2004,5,9,42.1,26.7,10,1
2004,6,39,37.5,28.6,39,1.1
2004,7,30,35.9,28.4,30,-3.1
2004,8,272,33.3,26.1,133,-3.8
2004,9,15,35.3,25,87,-4.9
2004,10,153,31.9,19.4,106,-2.9
2004,11,0,29.8,12.6,41,-2.2
2004,12,0,25.4,9.4,12,-2.2
2005,1,4,21.8,7.7,10,-2.3
2005,2,24,24,11.5,27,-1.5
2005,3,26,32.7,16.4,27,-0.8
2005,4,1,36.8,21,3,-0.8
2005,5,1,38.7,25.9,3,-1
2005,6,26,40.8,30.8,26,-1.2
2005,7,213,33.9,27.1,143,-1.3
2005,8,136,34.9,26.2,140,-2.6
2005,9,259,32.9,26.1,133,-1.6
2005,10,10,32.6,20,76,-1.7
2005,11,0,29,13.2,17,-2
2005,12,0,22.6,8,8,-2.1
2006,1,0,21.7,10.4,5,-2.5
2006,2,0,29.1,13.9,3,-2.8
2006,3,26,31,15.2,27,-2
2006,4,1,36.9,22.6,3,-1.8
2006,5,15,41.3,27.7,16,-1.2
2006,6,48,38.2,29.2,47,-0.6
2006,7,316,35,27,152,1.8
2006,8,128,32.2,27.6,136,-1.5
2006,9,179,33.3,25.3,138,-1.5
2006,10,13,33.1,21.4,80,-1.6
2006,11,3,28.5,14.9,19,-1.7
2006,12,2,23.4,9.8,10,-1.8
2007,1,2,22.9,7.5,6,-2.2
2007,2,24,25.2,11.2,26,-1.4
2007,3,43,31.2,14.5,43,1.6
2007,4,3,39.2,22.7,5,1.5
2007,5,19,39.4,27,19,1.9
2007,6,55,39.7,29.3,53,2.3
2007,7,149,34.8,28,143,1.2
2007,8,233,33.8,27,136,-2.1
2007,9,112,33.5,26.5,116,-2.5
2007,10,4,33.4,19.9,48,-3.2
2007,11,1,30.7,12.6,14,-3.5
2007,12,1,22.3,9.2,7,-3.6
2008,1,2,19.6,10.3,5,-3.8
2008,2,1,24.8,9.1,4,-3.8
2008,3,1,34.6,17.3,3,-3.9
2008,4,8,36.9,20.4,9,-3.2
2008,5,7,38.7,27.1,8,-2.9
2008,6,50,36.8,28.5,48,-1.7
2008,7,165,33.9,27.6,132,-2.1
2008,8,291,32.6,26.3,116,-2.3
2008,9,166,32.7,26,126,-2.2
2008,10,2,34.5,20.6,74,-2.4
2008,11,4,30.3,13.4,18,-2.5
2008,12,0,25.5,10.2,7,-2.7
2009,1,4,22.7,9.6,8,-2.9
2009,2,3,26.9,13,5,-3
2009,3,7,33,16.9,9,-2.9
2009,4,1,38.6,21.7,3,-2.8
2009,5,22,41.3,28.4,23,-1.7
2009,6,9,40.7,30.2,9,-2.5
2009,7,153,35.2,28.5,147,-3.2
2009,8,190,34.6,27,133,-4.1
2009,9,250,33.2,25.3,129,-3
2009,10,59,33,20.4,97,-2.1
2009,11,13,28.6,13.8,45,-1
2009,12,1,24,10,14,-0.8
2010,1,4,22.9,6.6,10,-1.1
2010,2,15,26.6,11.3,18,-0.7
2010,3,0,35.1,18,3,-1.2
2010,4,0,40.8,24.7,2,-1.2
2010,5,2,42.3,28.4,3,-1.4
2010,6,4,40.1,30.5,5,-2.2
2010,7,210,35.2,28.3,146,-2.3
2010,8,386,32.5,27.7,115,-1
2010,9,339,32,26,106,3.1
2010,10,13,33.6,21,76,2.5
2010,11,21,30.1,13.6,38,2.7
2010,12,3,23,8.3,11,2.3
2011,1,3,20.8,6.8,8,1.7
2011,2,25,25,12.3,27,2.1
2011,3,4,32.4,16.8,6,1.5
2011,4,2,36.4,21.2,4,1.4
2011,5,9,41.3,28.1,10,1.4
2011,6,57,37.3,29.6,55,2.1
2011,7,163,34.5,27.8,131,1.3
2011,8,309,32.8,26.8,123,1
2011,9,255,32.8,25.7,131,1.7
2011,10,3,33.2,20.6,75,1.1
2011,11,1,30.7,13.8,14,-0.5
2011,12,0,23.9,9.4,7,-1.1
2012,1,13,19.4,7.9,16,-1.1
2012,2,1,23.5,11.8,4,-1.4
2012,3,7,30.8,16.7,9,-1.5
2012,4,4,36.7,21.5,6,-1.2
2012,5,3,41.6,27.9,4,-1.4
2012,6,4,41.5,31.9,5,-2.5
2012,7,145,36,28.3,139,-3.1
2012,8,415,32.5,26.3,112,-2
2012,9,417,32.9,25.9,127,3.6
2012,10,4,31.6,20.6,76,2.8
2012,11,1,27.6,13.1,15,2.1
2012,12,3,22.8,9.9,10,1.6
2013,1,23,21,6.7,26,1.6
2013,2,30,26.3,8.8,31,2.3
2013,3,10,32,16.3,12,1.9
2013,4,3,36.8,21.7,4,1.7
2013,5,1,42.1,28.2,2,1.2
2013,6,65,38.1,29.1,63,2.1
2013,7,348,34.2,27.8,131,3.3
2013,8,246,32.3,26.9,121,3
2013,9,112,33.1,26.6,122,1.9
2013,10,137,32.5,20.8,109,3.8
2013,11,1,27.6,13,55,4.5
2013,12,6,23.7,9.6,28,4.8
2014,1,20,20.6,8.4,30,4.9
2014,2,27,23.3,10.5,32,5.4
2014,3,24,30,15.3,26,5.4
2014,4,3,36.3,20.9,6,5
2014,5,14,39.4,26.2,16,4.9
2014,6,20,40.8,30.9,21,3.9
2014,7,133,34.9,29,128,2.4
2014,8,180,34.2,27.2,142,0.8
2014,9,112,33.5,25.3,115,-2.7
2014,10,60,33,20.7,65,-2.8
2014,11,0,29.2,14,5,-3.4
2014,12,7,21.9,8.9,10,-3.3
2015,1,24,20.2,7.8,25,-2.7
2015,2,3,26.6,11.9,5,-2.8
2015,3,47,30,15.2,46,-1.2
2015,4,8,36.4,20.8,8,-0.7
2015,5,2,41.3,28.4,3,-1
2015,6,38,38.1,30.1,36,-0.7
2015,7,251,33.4,27.9,153,-0.6
2015,8,219,32.8,27.4,124,-1.2
2015,9,44,34.4,26.2,109,-2.3
2015,10,5,34,21.2,21,-3.5
2015,11,1,29.1,15.1,9,-3.8
2015,12,1,23.2,9.8,6,-3.8
2016,1,1,23.2,9.1,4,-3.9
2016,2,2,27.6,12.1,4,-4
2016,3,21,33.1,17.7,22,-3.2
2016,4,1,39.2,23.3,3,-3
2016,5,10,42.5,28,11,-2.5
2016,6,21,41.1,30.3,21,-2
2016,7,341,34.9,27.5,137,-1.7
2016,8,206,33.1,26.4,129,-2.7
2016,9,119,34.4,25.8,127,-3.7
2016,10,6,34.4,20.6,64,-4.1
2016,11,1,30.1,13.7,14,-4.5
2016,12,2,25.8,10.4,8,-4.5
2017,1,19,21.9,9,22,-3.4
2017,2,3,27.4,12.6,6,-3.5
2017,3,10,32.6,17,12,-3
2017,4,5,39.4,23.2,7,-2.8
2017,5,14,41.8,27.9,14,-2.7
2017,6,72,36.9,27.4,69,-2.5
2017,7,218,34.6,27.3,144,-3.2
2017,8,208,33.9,26.8,130,-4.1
2017,9,225,34.2,25.9,130,-3.9
2017,10,1,35.1,21.2,74,-4.9
2017,11,6,29,12.7,19,-5.1
2017,12,3,24.4,10,9,-5
2018,1,4,23.6,9.2,8,-5
2018,2,1,27.6,12.9,4,-4.6
2018,3,3,33.7,18,5,-4.5
2018,4,3,38.7,22.7,4,-3.7
2018,5,6,42.3,28,7,-3.5
2018,6,37,40.1,29.5,37,-2.4
2018,7,246,34.9,27.6,140,-1.8
2018,8,307,33.6,26.7,119,-1.4
2018,9,241,33.1,24.9,120,2.6
2018,10,3,33.3,20.3,70,2.1
2018,11,12,29.5,13.7,27,1.8
2018,12,6,22.9,8.2,13,1.3
2019,1,11,21,7.5,15,0
2019,2,17,24.2,9.6,19,0.9
2019,3,15,29.5,14.4,17,0.9
2019,4,9,37.7,21.5,10,1.3
2019,5,4,40.4,25.9,5,0.9
2019,6,6,40.4,29.2,6,-1.1
2019,7,186,35.5,27.7,153,-1.5
2019,8,295,33.9,26.7,134,-1.9
2019,9,185,33.9,25.2,120,-1.6
2019,10,9,33.2,19.4,69,-1.7
2019,11,26,29.8,13.4,45,-0.9
2019,12,19,21,5.8,27,1.1
