Product: Historical Climate - TerraClimate(http://www.climatologylab.org/terraclimate.html) 
Location (Lat/Lon of 4-km Grid Cell Center): 25.7292 North,82.6875 East 
Data Source: NW Climate Toolbox(https://climatetoolbox.org/tool/point-data-download)
Download Date: 07/24/2020
Variable List: 
ppt: ppt (Precipitation)
tmax: tmax (Maximum Temperature)
tmin: tmin (Minimum Temperature)
aet: aet (Actual Evapotranspiration)
PDSI: pdsi (Palmer Drought Severity Index (PDSI))
********************************************************
Year,Month,ppt(mm),tmax(degC),tmin(degC),aet(mm),PDSI(unitless)
1958,1,23,24.5,10.6,41,-0.7
1958,2,4,27.2,12.7,21,-1.1
1958,3,33,34.5,17.2,41,0.8
1958,4,1,40.6,23.9,7,-0.1
1958,5,1,42.1,27.5,5,-0.6
1958,6,34,41.1,29.1,35,-1.7
1958,7,292,33.8,27.1,139,-1.9
1958,8,325,32.3,26.6,109,-1.3
1958,9,147,32.2,25.3,114,-1.8
1958,10,46,32.6,20.7,89,-1.3
1958,11,0,29.9,13.5,44,-1.3
1958,12,1,25.1,10.1,32,-1.2
1959,1,59,22.9,9.3,61,1.4
1959,2,4,26.3,11.3,29,1.3
1959,3,5,34.5,17,17,1
1959,4,1,39.5,23.1,9,0.9
1959,5,23,41.1,26.5,27,1.3
1959,6,30,39,28.1,32,-1
1959,7,228,33.4,27.2,154,-1.9
1959,8,328,32.5,26.7,131,-2.2
1959,9,128,32.1,25.5,120,-2.8
1959,10,132,31.5,22,118,2.2
1959,11,0,29.3,13.8,56,2.4
1959,12,0,24.9,9.5,37,2.4
1960,1,8,22.6,8.2,36,2
1960,2,0,29.9,13.2,27,1.7
1960,3,22,32.5,16.5,34,2.1
1960,4,1,39.2,21.5,9,1.8
1960,5,4,41.7,26.4,9,1.3
1960,6,52,39.7,28.6,54,-0.6
1960,7,449,33.1,26.9,135,1.1
1960,8,368,32.2,26.9,125,2
1960,9,135,32.4,25.7,107,1.1
1960,10,43,31.9,20.2,94,1.1
1960,11,1,28.9,12,43,0.8
1960,12,0,24.6,8.1,27,0.6
1961,1,29,23,9.6,42,0.9
1961,2,16,25.1,10.8,34,0.9
1961,3,3,33.8,17.8,13,-0.3
1961,4,0,39.6,22.3,7,-0.5
1961,5,4,41.2,26.8,8,-0.8
1961,6,90,38,27.2,89,0.2
1961,7,294,33.7,26.9,151,-0.5
1961,8,389,32.4,26.7,126,0.3
1961,9,175,31.9,25.6,120,-0.1
1961,10,70,31.7,19.8,98,0.8
1961,11,2,27.3,12.7,48,0.9
1961,12,5,21.8,6.7,33,1.1
1962,1,29,22.2,6.9,47,1.4
1962,2,12,26.5,11.8,35,1.7
1962,3,9,33.5,15.7,22,1.5
1962,4,4,38.9,22.3,12,1.5
1962,5,4,40.6,26.4,10,1.2
1962,6,59,39.6,28.9,60,0.7
1962,7,345,34.6,27.5,149,0.6
1962,8,331,31.9,26.2,114,1.3
1962,9,284,31.4,24.7,114,2.1
1962,10,6,31.8,18.7,75,1.2
1962,11,0,29.6,12.5,40,0.6
1962,12,3,24.3,9.1,28,-1.2
1963,1,14,22.9,6.6,31,-1.3
1963,2,5,29.2,11.8,17,-1.6
1963,3,13,32.1,16.3,19,-1.4
1963,4,3,37.4,22,7,-1.3
1963,5,15,39.2,25.4,18,-1
1963,6,82,37.6,26.9,81,-0.9
1963,7,485,33.4,26.6,127,1.5
1963,8,372,32.1,26.6,115,2.6
1963,9,192,32.2,24.4,124,2.1
1963,10,30,32.4,21,86,1.7
1963,11,15,29.3,15.7,53,1.8
1963,12,1,24.9,9,30,1.4
1964,1,3,22.8,7.7,28,0.7
1964,2,4,26.9,11.9,17,-1.2
1964,3,4,35.1,18,12,-1.4
1964,4,2,39.3,23.8,7,-1.4
1964,5,9,39.7,25,13,-1.3
1964,6,65,39.3,27.5,65,-1.7
1964,7,360,32.3,26.1,133,-1.3
1964,8,250,32.6,26.8,129,-1.2
1964,9,213,31.7,25.1,115,-1
1964,10,31,33.5,20.7,88,-1.1
1964,11,4,28.9,12.9,41,-1.1
1964,12,1,24.8,8.8,31,-1.2
1965,1,2,24.6,8.7,26,-1.7
1965,2,1,27.4,11.7,14,-2.1
1965,3,23,32.2,15.8,30,-1.5
1965,4,5,37.6,21.2,10,-1.3
1965,5,3,41,26,6,-1.5
1965,6,31,40.6,28.7,32,-2.5
1965,7,363,33.7,27.1,151,-2.2
1965,8,232,33,26.3,123,-2.2
1965,9,143,32.5,24.2,123,-2.7
1965,10,33,32.6,20.3,86,-2.5
1965,11,9,29.6,14.2,51,-2.2
1965,12,2,24.2,7.6,30,-2.1
1966,1,17,23.4,9.1,34,-2
1966,2,7,28.9,13.8,22,-2
1966,3,0,34.1,17.1,9,-2.4
1966,4,0,39.8,22.7,6,-2.3
1966,5,3,42,26.6,7,-2.4
1966,6,178,38.5,27.8,172,-0.6
1966,7,272,34.9,27.4,161,-1.3
1966,8,194,32.2,26.5,115,-2.4
1966,9,56,33,25.1,102,-3.6
1966,10,5,33.3,20.1,66,-4.5
1966,11,34,30.2,14.3,52,-4.3
1966,12,7,24,8.5,21,-4.5
1967,1,3,22.8,8.1,11,-5
1967,2,1,29.4,12.5,7,-5.3
1967,3,36,31.5,16,38,-3.9
1967,4,2,37.9,21.2,5,-3.7
1967,5,3,41.2,26.1,5,-3.8
1967,6,49,39.8,28.3,49,-4.2
1967,7,280,34,26.7,150,-4.4
1967,8,468,31.8,26.1,125,-2.6
1967,9,268,32,24.6,117,-1.7
1967,10,3,32.6,19.5,76,-2.3
1967,11,0,28.3,13.3,38,-2.5
1967,12,12,24.8,9.7,32,-2.2
1968,1,34,21.3,8.7,43,-1.5
1968,2,5,25.8,10.7,21,-1.6
1968,3,6,33,16.9,15,-1.6
1968,4,0,38.2,21.7,6,-1.5
1968,5,2,40.9,26,6,-1.8
1968,6,80,37,27.2,80,-1.6
1968,7,220,33,26.6,133,-2.4
1968,8,203,32.9,26.2,137,-3.5
1968,9,136,33.6,25.4,128,-4.1
1968,10,31,31.6,20.1,76,-4
1968,11,1,29.3,13.9,32,-4.1
1968,12,3,24.6,9.7,25,-3.9
1969,1,3,23,8.4,17,-4.3
1969,2,3,28.5,12.1,11,-4.4
1969,3,11,35.6,18.6,16,-4.1
1969,4,1,39.1,22.7,5,-3.8
1969,5,20,39.8,25.2,22,-3
1969,6,48,39.4,28.1,48,-3.3
1969,7,501,33.2,26.5,133,-1.5
1969,8,216,32.2,25.7,120,-1.6
1969,9,159,31.8,24.9,114,-1.9
1969,10,3,33.4,20.8,75,-2.5
1969,11,15,30.8,14.9,46,-2.2
1969,12,1,25.1,9,24,-2.2
1970,1,37,22.9,9.4,46,-1.4
1970,2,32,25.9,11.6,42,1.4
1970,3,7,32.7,16.7,20,1.3
1970,4,0,40.3,23.2,8,1.2
1970,5,31,41.5,26.7,35,2
1970,6,90,37.2,26.4,90,2
1970,7,368,33.6,26.9,135,2.1
1970,8,228,32.6,26.9,134,1.5
1970,9,566,31.8,25.2,112,5.3
1970,10,36,33.2,20.9,84,4.8
1970,11,0,29.2,13.1,42,4.2
1970,12,0,25.6,8.3,28,3.6
1971,1,19,22.4,8.3,35,3.3
1971,2,9,26.4,10.3,27,3
1971,3,5,33.3,16,16,2.6
1971,4,8,37.5,21.6,15,2.7
1971,5,35,38.2,24.5,38,3.6
1971,6,179,35.1,26,148,5.1
1971,7,289,31.9,25.4,137,4.4
1971,8,423,31.4,25.4,114,5.5
1971,9,194,32.8,24.4,119,4.7
1971,10,108,31.6,20.7,111,5.9
1971,11,0,28.5,13.1,52,5.7
1971,12,0,25,8.3,36,5.4
1972,1,19,23.4,8.1,39,5.1
1972,2,29,25,9.9,50,5.7
1972,3,3,33.7,16.7,20,5.1
1972,4,1,38.7,21,11,4.7
1972,5,2,42.6,26.2,8,3.8
1972,6,23,40.9,28.3,26,2
1972,7,204,35.1,27,162,-2.9
1972,8,236,32.7,25.9,139,-3.9
1972,9,182,32.5,23.8,126,-4.2
1972,10,87,32.1,19.2,102,-2.5
1972,11,18,28.7,13.3,52,-1.4
1972,12,0,24.6,9.1,37,-0.9
1973,1,23,23.1,9.2,43,2.3
1973,2,8,27.6,13.1,32,2.5
1973,3,4,33.2,15.9,17,2.2
1973,4,0,41.2,23.3,8,2
1973,5,6,41.4,26.8,11,1.6
1973,6,68,37.8,28.1,69,1.3
1973,7,353,34.8,26.8,158,1.1
1973,8,401,32.2,26.3,122,2.4
1973,9,224,31.8,25.5,108,2.4
1973,10,111,30.8,21.4,110,3.9
1973,11,4,27.8,13.7,48,4
1973,12,0,23.2,8.4,36,4
1974,1,3,22.1,8,34,3.4
1974,2,1,26.4,10.7,29,3.3
1974,3,4,34.2,18.1,19,2.9
1974,4,0,40.1,23.6,9,2.6
1974,5,4,40.7,26.3,10,2.1
1974,6,49,39,27.8,51,1.4
1974,7,438,32.8,26.6,154,2
1974,8,262,32.2,26.3,120,1.9
1974,9,135,33.1,25.1,109,1
1974,10,16,33.6,21.6,80,-1.1
1974,11,1,29.4,12.4,40,-1.3
1974,12,2,23.1,7.9,24,-1.3
1975,1,18,21.7,8.2,33,-1.2
1975,2,7,26,11.6,22,-1.2
1975,3,19,33.3,16.3,28,-0.8
1975,4,1,40.5,22.2,7,-0.8
1975,5,4,42.3,26.8,8,-1.1
1975,6,135,38.5,27.2,131,0.7
1975,7,351,32.6,25.8,129,0.8
1975,8,200,32.5,25.9,121,-0.5
1975,9,232,31,25.6,127,0.2
1975,10,48,33.1,21.8,93,0.6
1975,11,0,29.2,12.2,46,-0.1
1975,12,0,24.4,8.1,31,-0.2
1976,1,22,23.4,8.8,39,0.1
1976,2,2,26.9,13,19,-0.6
1976,3,0,33.3,17.3,9,-1
1976,4,2,38.5,21.5,8,-0.9
1976,5,8,40.1,25.9,12,-1
1976,6,43,38.1,27.5,44,-1.7
1976,7,266,34,26.5,135,-2.2
1976,8,200,31.9,25.8,125,-3
1976,9,304,31.8,24.7,118,-1.7
1976,10,10,33.3,20,75,-2.1
1976,11,1,31.6,14.7,45,-2.3
1976,12,0,25,8.3,27,-2.4
1977,1,18,22.5,8.2,33,-2.3
1977,2,9,27.7,11.6,21,-2.5
1977,3,0,35.4,18,8,-2.8
1977,4,4,38.3,22.7,9,-2.6
1977,5,13,38.6,24.6,16,-2.2
1977,6,70,37.6,26.9,69,-2.4
1977,7,419,32.7,26.2,144,-1.5
1977,8,258,32.6,26.5,120,-1.2
1977,9,134,32.1,24.6,123,-2
1977,10,76,32.1,20.6,104,-0.9
1977,11,14,30.6,15.9,52,1.4
1977,12,7,23.9,9.9,38,1.7
1978,1,30,21.7,7.6,46,2.1
1978,2,34,25.3,11.3,49,3.2
1978,3,22,31,14.9,41,3.7
1978,4,2,38.3,21.8,13,3.6
1978,5,6,41.9,27.9,12,3.1
1978,6,156,38,27.6,152,4
1978,7,241,33.2,26.1,132,2.8
1978,8,273,32.1,26.2,127,1.9
1978,9,300,31.3,25.1,126,2.7
1978,10,29,31.9,20.8,84,2.2
1978,11,3,29.6,15.1,45,1.8
1978,12,5,24.3,9.2,33,1.6
1979,1,24,23.7,9.3,36,1.6
1979,2,9,25,11.5,25,1.4
1979,3,1,32.2,16.2,11,0.9
1979,4,3,39.6,23,9,0.8
1979,5,2,41.7,24.9,6,-0.4
1979,6,99,38.9,27.3,97,0.1
1979,7,334,34.1,26.9,147,-0.8
1979,8,185,33.4,27,151,-1.7
1979,9,74,33.8,25.2,118,-3
1979,10,19,33.2,21.7,74,-3.5
1979,11,43,31.4,17.1,58,-2.5
1979,12,8,23.7,11.7,30,-2.4
1980,1,3,22.9,8.8,19,-2.9
1980,2,4,27.4,12.7,13,-3.1
1980,3,5,32.5,17.2,11,-3.1
1980,4,0,40.8,23.8,5,-3.1
1980,5,6,41.5,28,9,-3
1980,6,118,37,26.9,115,-2
1980,7,473,32.6,26.3,118,2
1980,8,422,32.6,25.9,107,3.5
1980,9,215,32.7,25.4,122,3.2
1980,10,16,32.3,21,82,2.4
1980,11,0,30,13.5,43,1.7
1980,12,6,25,9.7,30,1.4
1981,1,23,21.5,9.3,34,1.4
1981,2,1,27.6,12.2,16,0.8
1981,3,15,32.2,16.9,23,0.9
1981,4,1,38.5,22.3,7,0.7
1981,5,9,39.7,25.8,13,0.6
1981,6,90,39.1,28,89,0.6
1981,7,456,32.5,26.7,133,1.6
1981,8,335,33.1,26.5,122,2.2
1981,9,203,32.9,25.3,119,1.9
1981,10,0,33.4,19.5,80,0.9
1981,11,18,28.8,13,48,0.8
1981,12,3,24,8.6,28,-0.3
1982,1,42,23.6,9.5,48,0.8
1982,2,8,25.3,12,24,0.6
1982,3,35,30.8,15,42,1.5
1982,4,2,37.8,21.7,8,1.4
1982,5,22,39.8,24.5,25,1.7
1982,6,74,38,26.9,74,1.5
1982,7,226,35.9,28,154,-1.1
1982,8,309,33,26.1,125,-1.6
1982,9,329,33.4,24.3,130,1.2
1982,10,9,32.6,20.8,76,-0.6
1982,11,30,28.8,14.6,55,1
1982,12,4,24.5,9.5,33,0.9
1983,1,17,21.7,8.1,32,0.8
1983,2,1,26.2,11.5,18,-0.3
1983,3,4,32.8,16.3,13,-0.6
1983,4,5,36.8,20.5,11,0.2
1983,5,26,39.1,24.8,29,1
1983,6,58,39.5,27.7,58,-0.6
1983,7,297,34.6,26.4,134,-0.9
1983,8,182,33.8,26.3,126,-1.8
1983,9,190,32.4,25.7,110,-1.7
1983,10,64,31.8,20.1,92,-0.8
1983,11,0,29,12,48,-0.6
1983,12,5,24.5,9,34,0.2
1984,1,38,22.3,8.3,47,1.7
1984,2,23,25.4,10.8,43,2.4
1984,3,1,35.4,17.3,18,2
1984,4,3,39.6,22.9,12,2
1984,5,5,42.4,27.4,11,1.6
1984,6,119,37.1,27.3,117,2.2
1984,7,284,32.4,26.9,139,1.5
1984,8,213,32.5,25.9,128,-1.3
1984,9,219,31.7,24.2,124,-1.1
1984,10,21,33.3,20.6,82,-1.3
1984,11,0,28.6,12.5,44,-1.6
1984,12,0,25.2,10.1,29,-1.8
1985,1,19,22.2,9.6,32,-1.6
1985,2,1,27.6,11.9,14,-2
1985,3,2,36.2,18.7,10,-2.3
1985,4,3,40.1,23,9,-2.1
1985,5,5,41.3,26.8,9,-2.1
1985,6,61,39.1,28.3,61,-2.4
1985,7,346,32.2,26.6,130,-2
1985,8,269,32.5,26.6,130,-1.7
1985,9,283,31.8,25.2,118,-0.8
1985,10,102,31.2,19.8,103,2.5
1985,11,1,29.5,13.8,55,2.6
1985,12,8,25.2,10.9,41,3
1986,1,10,23,9.1,34,2.7
1986,2,22,26.7,11.8,43,3.3
1986,3,1,33.2,16.7,18,2.9
1986,4,2,38.6,22.6,11,2.7
1986,5,33,38.9,24.3,38,3.5
1986,6,71,38.7,27,71,2.9
1986,7,266,32.6,25.7,132,2.1
1986,8,338,32.8,25.8,127,2.1
1986,9,196,32.8,25,125,1.7
1986,10,29,31.6,20,82,1.4
1986,11,3,29.9,14.5,46,1.1
1986,12,23,23.4,9.3,40,1.7
1987,1,11,22.6,8.7,30,1.5
1987,2,9,27.9,13.3,29,1.4
1987,3,15,33.5,17.6,25,1.5
1987,4,1,39.2,22.9,8,1.3
1987,5,6,40,24.7,10,1
1987,6,30,40.2,29.1,32,-1.4
1987,7,290,34.2,27.1,148,-1.7
1987,8,291,32.5,26.6,132,-1.7
1987,9,190,32.9,26,119,-1.8
1987,10,78,32.6,21,102,-0.6
1987,11,3,29.8,13.9,52,1.2
1987,12,4,24.6,9.5,34,1.3
1988,1,8,24,9.7,33,0.9
1988,2,9,27.8,13.1,31,0.9
1988,3,30,33.6,17.6,40,1.6
1988,4,2,39.9,23.3,9,1.5
1988,5,7,41.9,27.5,11,1.2
1988,6,110,37.6,26.8,108,1.6
1988,7,302,32.4,27,122,1.2
1988,8,314,32.1,26.7,106,1.6
1988,9,111,33.4,25.8,120,-1.1
1988,10,14,33.1,19.8,78,-1.5
1988,11,1,29.4,13.9,40,-1.9
1988,12,17,25,10.5,34,-1.5
1989,1,17,21.8,7.9,32,-1.6
1989,2,3,26.4,12.3,15,-1.9
1989,3,8,32.7,17.2,15,-1.9
1989,4,0,39.5,21.8,5,-2
1989,5,9,41.8,26.3,12,-2
1989,6,80,37.2,26.7,79,-1.8
1989,7,382,33.7,26.1,126,-1.1
1989,8,164,32.5,26.4,121,-1.8
1989,9,162,32.4,25.7,103,-2
1989,10,13,32.9,21,78,-2.3
1989,11,7,29.3,14.2,46,-2.2
1989,12,16,23.6,9.1,35,-1.6
1990,1,7,24.9,9,29,-1.9
1990,2,23,25.9,13.1,36,-1.4
1990,3,11,31.8,16.8,19,-1.2
1990,4,3,38.8,22.8,8,-1.1
1990,5,17,39.3,25.8,20,-0.6
1990,6,151,38.3,27.4,146,1.9
1990,7,420,32,26.2,113,2.6
1990,8,361,32.5,26.6,119,3.4
1990,9,209,31.9,25.5,110,3.1
1990,10,16,32.1,20.4,74,2.4
1990,11,0,30.6,14.3,45,1.9
1990,12,2,24.5,9.6,29,1.4
1991,1,27,21.5,8.4,39,1.6
1991,2,6,27.9,13.3,22,1.2
1991,3,16,34,17.5,24,1.3
1991,4,4,38.5,21.9,10,1.2
1991,5,7,41.8,26.7,11,0.9
1991,6,231,36.7,27.4,168,3.5
1991,7,177,34.5,27.6,148,2.1
1991,8,408,31.7,26.2,110,2.6
1991,9,121,32.4,25.1,116,1.4
1991,10,0,33.2,19.9,78,-1.8
1991,11,1,29.6,13.4,41,-2.3
1991,12,17,23.8,9.5,33,-1.8
1992,1,18,22.1,8.5,32,-1.8
1992,2,3,24.8,10.8,15,-2
1992,3,1,34.9,18.5,8,-2.4
1992,4,0,39.7,22.6,5,-2.4
1992,5,6,39.5,25.5,10,-2.4
1992,6,16,39.1,27.4,18,-3.5
1992,7,203,34,27.2,143,-4.3
1992,8,225,32.1,26.5,129,-5.1
1992,9,140,32.4,24.2,132,-5.6
1992,10,12,32.3,20.7,69,-5.8
1992,11,2,29.6,14.3,34,-5.8
1992,12,0,24,9.7,19,-5.7
1993,1,6,22.9,9.8,16,-5.9
1993,2,4,28.6,13.5,11,-5.8
1993,3,33,31.4,15.6,36,-4.5
1993,4,0,37.7,21.9,4,-4.3
1993,5,16,40.8,26.2,18,-3.6
1993,6,57,39.3,28.5,57,-3.7
1993,7,62,34.5,26.8,60,-5.8
1993,8,174,32.6,26.6,126,-6.8
1993,9,203,31.6,25.3,107,-6.8
1993,10,8,33,20.9,62,-7.1
1993,11,4,30.5,13.9,32,-7.1
1993,12,0,25,9.2,15,-7
1994,1,36,23.3,10,41,-6
1994,2,14,25.8,12.3,20,-5.5
1994,3,1,35.4,18.8,5,-5.6
1994,4,2,38.2,21.9,5,-5.1
1994,5,2,41.3,26.5,5,-5
1994,6,145,38.2,27.7,140,-3.4
1994,7,331,33.4,25.6,143,-3.2
1994,8,279,32.6,26.5,125,-2.8
1994,9,151,33.3,25.7,137,-3.3
1994,10,17,33.3,19.9,83,-3.4
1994,11,1,28.6,14.9,42,-3.4
1994,12,0,25,9.7,27,-3.4
1995,1,23,21,8,36,-2.9
1995,2,14,26.8,13.1,27,-2.6
1995,3,13,32.6,16.6,20,-2.3
1995,4,3,38.9,21.8,8,-2.1
1995,5,2,42.3,27.2,6,-2.2
1995,6,77,40,29.4,76,-2.2
1995,7,253,34.2,27.4,149,-2.8
1995,8,233,32.5,26.9,122,-3.5
1995,9,149,32.5,25.2,111,-3.7
1995,10,14,34,21.4,77,-3.8
1995,11,21,29.4,14.3,53,-3.1
1995,12,0,25,11.1,29,-2.9
1996,1,48,23.2,9.9,54,-1.7
1996,2,13,27.1,12.6,33,-1.3
1996,3,0,34.7,18.7,11,-1.5
1996,4,1,39.4,22,7,-1.4
1996,5,2,42.1,27,7,-1.7
1996,6,113,38,27.5,111,-0.9
1996,7,224,33.7,27.3,130,-1.7
1996,8,294,31.8,25.9,108,-1.9
1996,9,87,32.5,26.2,100,-2.8
1996,10,105,32.4,21.1,107,-0.9
1996,11,0,30.8,13.7,54,1.7
1996,12,0,25.6,8.2,36,1.6
1997,1,11,22.6,8,32,1.3
1997,2,0,25.8,11.3,20,0.8
1997,3,3,33.6,17.7,14,-0.3
1997,4,3,36.9,21.8,10,0.1
1997,5,14,39.5,25.4,18,0.2
1997,6,66,39,28.4,66,-0.2
1997,7,222,33.6,26.8,120,-1.3
1997,8,234,33.3,26.5,112,-2
1997,9,212,31.9,25.6,109,-1.7
1997,10,19,31.3,20.2,76,-1.8
1997,11,20,28.6,14.9,49,-1.2
1997,12,21,22.6,10.4,38,1.2
1998,1,1,22.3,8.4,27,0.6
1998,2,3,27.6,12.7,24,-0.1
1998,3,20,31.8,16.1,30,0.9
1998,4,2,38.9,22.7,9,0.9
1998,5,9,42.1,26.9,14,0.8
1998,6,82,40.3,29,81,0.6
1998,7,265,33.2,27.3,124,-0.5
1998,8,365,32.5,27.5,107,0.7
1998,9,206,32.8,26,116,0.6
1998,10,27,33.7,22.1,74,-0.1
1998,11,18,31,16.4,54,0.9
1998,12,0,25.6,10.1,31,0.7
1999,1,4,22.8,8.3,28,-0.4
1999,2,6,28.4,13.4,24,-0.6
1999,3,0,35.5,17.5,10,-1
1999,4,0,41.2,23.1,6,-1.1
1999,5,17,40.7,27.1,20,-0.7
1999,6,115,37.9,27.9,113,0.7
1999,7,487,33.3,26.8,124,2.3
1999,8,212,32.4,27,112,1.8
1999,9,241,32.4,25.4,121,2
1999,10,43,32.6,22.3,86,2
1999,11,0,31.4,16.1,50,1.6
1999,12,5,25.1,10.9,32,1.5
2000,1,6,23.5,10.1,28,0.9
2000,2,2,26,12.3,17,-0.4
2000,3,1,32.6,17.2,9,-1.2
2000,4,1,40.1,24.2,6,-1.2
2000,5,11,40.5,26.8,15,-1.1
2000,6,78,36.9,27.2,77,-0.9
2000,7,289,33.7,27.3,127,-1.2
2000,8,238,33.2,27.3,132,-1.6
2000,9,316,32,25.2,118,1.2
2000,10,0,34.3,22.2,77,-0.9
2000,11,0,31.2,15.6,43,-1.4
2000,12,0,26.2,9.7,26,-1.8
2001,1,4,24.3,8.6,18,-2.5
2001,2,2,28.1,12.6,10,-2.9
2001,3,15,33.2,17.3,20,-2.6
2001,4,2,38.6,22.2,6,-2.4
2001,5,5,40.1,26.7,8,-2.5
2001,6,107,36.5,26.8,104,-1.4
2001,7,283,33.3,26.3,128,-1.7
2001,8,235,33.1,27.7,125,-2.1
2001,9,119,33.7,26.1,120,-2.9
2001,10,74,33.8,22.3,99,-1.7
2001,11,6,31.8,15.1,51,-1.2
2001,12,0,25.7,9.8,33,-1.1
2002,1,12,22.9,9.4,32,-1
2002,2,15,28.3,12.9,34,-0.7
2002,3,4,34.7,18.4,15,-0.8
2002,4,0,40.3,23.5,7,-0.8
2002,5,1,41.6,27.9,5,-1.2
2002,6,24,39.1,28.5,27,-2
2002,7,159,34.7,29.2,152,-3.4
2002,8,275,33,26.9,124,-4.3
2002,9,180,32.2,25.4,121,-4.4
2002,10,83,33.7,20.8,101,-2.9
2002,11,4,30.9,14.8,54,-2.2
2002,12,1,26.1,10.8,34,-1.8
2003,1,11,24.1,8.2,35,-1.8
2003,2,44,27,13,54,2.3
2003,3,6,32.7,17,22,2.2
2003,4,1,40.5,23.7,10,2
2003,5,0,40.7,26.4,6,1.4
2003,6,35,39.4,30,38,-1.1
2003,7,179,33.8,27.4,136,-2.3
2003,8,172,33.5,27,113,-3.5
2003,9,356,32.1,26,101,-1.9
2003,10,22,33.7,21.3,80,-2
2003,11,0,31.3,15.1,46,-2.1
2003,12,0,25.3,11,26,-2.2
2004,1,24,21.8,8.7,36,-1.8
2004,2,0,28.4,12.1,15,-2.1
2004,3,1,37.1,18.9,10,-2.4
2004,4,1,40.6,24.8,7,-2.2
2004,5,4,41.7,27.3,8,-2.3
2004,6,176,37,27.4,170,1.6
2004,7,164,33.4,28,153,-1.5
2004,8,223,33.2,26.9,131,-2.8
2004,9,346,34.2,25.8,138,-1.9
2004,10,7,32.4,21.1,77,-2.3
2004,11,5,29.6,15.2,44,-2.4
2004,12,0,26.7,10.8,26,-2.5
2005,1,15,22.7,11.2,29,-2.5
2005,2,9,27.3,13.9,21,-2.6
2005,3,33,34.5,19.2,38,-1.6
2005,4,0,39,22.5,5,-1.6
2005,5,10,40.2,25.9,14,-1.4
2005,6,18,40.5,29.6,20,-2.6
2005,7,200,33,27,141,-3.5
2005,8,301,33.2,27.6,131,-3.9
2005,9,88,33.2,25.5,115,-4.8
2005,10,29,32.5,21.5,75,-4.5
2005,11,0,30.6,13.9,43,-4.7
2005,12,2,24.9,8.8,25,-4.6
2006,1,0,25.5,9.4,15,-5.2
2006,2,0,30.9,14.5,9,-5.5
2006,3,41,32.9,17.3,45,-3.8
2006,4,6,38.3,23.2,10,-3.3
2006,5,14,40.4,26.8,17,-2.8
2006,6,38,37.9,27.8,39,-3.2
2006,7,399,33.5,26.1,141,-2.4
2006,8,80,32.8,26.7,113,-3.6
2006,9,60,33.1,25.7,97,-4.8
2006,10,4,33.6,22.7,59,-5.7
2006,11,0,29.6,16.5,22,-6.5
2006,12,1,26.3,10.4,12,-6.9
2007,1,0,24.2,8.5,7,-7.3
2007,2,46,26.2,13.1,49,-5.7
2007,3,35,33.3,16.3,37,-4.4
2007,4,0,39.9,23.2,3,-4.3
2007,5,14,40.1,25.6,15,-3.7
2007,6,44,38.3,26.8,44,-4.1
2007,7,193,33.5,27.2,134,-4.9
2007,8,246,33.2,27.1,130,-5.6
2007,9,186,33,26.9,123,-5.5
2007,10,3,33.6,21.8,76,-5.7
2007,11,0,30.9,15.4,40,-5.6
2007,12,2,25.5,10,29,-5.4
2008,1,10,22.6,11.6,27,-5.4
2008,2,2,26.5,11.5,12,-5.4
2008,3,5,34.9,19.1,11,-5.1
2008,4,1,39,22.8,6,-4.8
2008,5,27,39.5,26.9,29,-3.5
2008,6,253,35.3,27.4,137,4
2008,7,383,31.9,26,119,5.1
2008,8,319,32.6,26.9,111,5.2
2008,9,84,33.1,25.3,110,3.5
2008,10,8,33.7,21.2,70,2.3
2008,11,1,31.6,14.9,36,1.3
2008,12,0,27.1,11,21,0.6
2009,1,2,25.7,10.3,16,-3.4
2009,2,0,29.5,14.2,8,-3.9
2009,3,1,34.3,18.4,7,-4
2009,4,0,41.1,23.3,4,-4
2009,5,19,41,27.3,21,-3.3
2009,6,9,39.9,29.1,10,-4.4
2009,7,164,35,26.9,141,-5.4
2009,8,75,34,27,77,-6.9
2009,9,202,33,25.3,126,-7.1
2009,10,27,33.8,20.6,61,-7.6
2009,11,11,31.3,15.3,26,-8.2
2009,12,1,25.4,11.1,10,-8.4
2010,1,5,22.9,7.2,10,-8.4
2010,2,12,28.8,12.2,16,-8
2010,3,1,35.8,19,4,-7.8
2010,4,0,42.4,24.9,3,-7.4
2010,5,4,41.4,27.5,6,-7.1
2010,6,13,39.8,28.8,14,-7.7
2010,7,92,35,28.1,89,-9
2010,8,106,33.2,27.9,102,-10.1
2010,9,51,32.8,26.8,49,-11.2
2010,10,17,33.1,22.7,17,-12
2010,11,1,31.3,16.6,2,-12.7
2010,12,4,25,10,4,-12.5
2011,1,1,22.2,8.9,2,-12.4
2011,2,3,28.4,12.7,4,-11.8
2011,3,1,34.4,18.9,1,-11.4
2011,4,1,38.4,22.9,2,-10.5
2011,5,17,40.2,27.6,17,-9.3
2011,6,260,36.9,27.3,170,-5.2
2011,7,298,33.2,27.8,136,-4.5
2011,8,302,33,26.7,115,-3.5
2011,9,326,32.5,25.8,113,-1.8
2011,10,8,33.4,21.1,79,-2.3
2011,11,0,31,15,41,-2.5
2011,12,0,25.9,9.3,25,-2.7
2012,1,52,21.6,9,54,-1.3
2012,2,2,27.2,13.5,18,-1.6
2012,3,4,33.9,17.2,13,-1.8
2012,4,2,39.2,23.5,8,-1.6
2012,5,1,42,27.2,5,-1.9
2012,6,28,41,30.2,30,-2.9
2012,7,513,33.6,27.5,135,-1
2012,8,276,33.3,26.5,120,-0.6
2012,9,425,33.2,25.5,121,3.9
2012,10,1,33.2,20,75,2.7
2012,11,0,29.9,12.8,42,1.8
2012,12,0,25.5,9.1,26,1.2
2013,1,1,23,8.1,18,-2.3
2013,2,36,26.9,12.7,44,-1.4
2013,3,15,34.1,17.6,20,-1.3
2013,4,1,38.9,23.1,5,-1.3
2013,5,0,42.1,28.2,3,-1.8
2013,6,232,37.1,27.2,169,2.7
2013,7,393,33.3,27.4,144,3.4
2013,8,325,33.2,26.2,126,3.6
2013,9,109,33.7,26,119,2.2
2013,10,37,31.6,21.9,78,2
2013,11,0,29.6,13.2,44,1.6
2013,12,0,24.6,10.1,28,1.2
2014,1,66,22.3,9.2,63,2.7
2014,2,32,26,12.1,46,3.5
2014,3,12,32.9,16.9,26,3.4
2014,4,0,39.2,22.2,9,3.1
2014,5,24,40.5,26.4,28,3.4
2014,6,12,39.9,28.6,16,1.7
2014,7,156,34,27.6,144,-2.6
2014,8,168,33.7,27.2,129,-4
2014,9,47,32.6,25.5,60,-5.4
2014,10,5,32.9,20.5,14,-7
2014,11,0,30.5,14.1,6,-8.2
2014,12,2,23.8,9.2,6,-8.4
2015,1,24,20.7,8.3,26,-7.6
2015,2,16,27.6,12.7,18,-7.1
2015,3,19,31.9,16.5,20,-6.2
2015,4,2,36.5,21.9,4,-5.8
2015,5,7,41.7,27.1,8,-5.5
2015,6,75,39.2,28.2,73,-5
2015,7,329,34.3,26.1,142,-4.7
2015,8,383,33.4,26.9,123,-3.2
2015,9,73,34.3,25.5,115,-4.3
2015,10,26,33.9,21.4,77,-4.4
2015,11,2,31,14.6,37,-4.7
2015,12,4,24.6,9.6,23,-4.7
2016,1,24,23.2,9.2,33,-4.7
2016,2,11,28.4,13.9,18,-4.9
2016,3,9,34.7,18.5,14,-3.9
2016,4,2,40.4,23.5,6,-3.8
2016,5,12,40.9,26.3,14,-3.3
2016,6,100,39.2,28.3,97,-3.4
2016,7,393,33.4,26.6,130,-3.1
2016,8,247,33.2,26.9,127,-3
2016,9,267,32.9,25.6,108,-3.3
2016,10,40,32.9,21,86,-3.2
2016,11,2,29.8,14.3,49,-3.1
2016,12,1,25,9.9,30,-3.1
2017,1,44,22.5,8.6,52,-3.1
2017,2,8,27.2,12.6,29,-3.4
2017,3,10,33.1,17.1,21,-3.3
2017,4,2,39.6,23.3,9,-3.1
2017,5,7,41.2,26.5,11,-3.1
2017,6,67,38.7,27.9,67,-3.6
2017,7,455,33.5,26.7,121,-3.5
2017,8,242,33.4,27.2,127,-3.6
2017,9,120,33.2,25.9,118,-4.4
2017,10,20,33.3,21.5,79,-4.7
2017,11,2,29.9,14.4,45,-5
2017,12,1,25.2,10.1,28,-5.1
2018,1,6,22.4,8.5,26,-5.4
2018,2,7,28,13.5,19,-5.1
2018,3,4,34.4,18.3,11,-4.9
2018,4,2,38.4,22.1,7,-4.2
2018,5,9,40.8,26.3,12,-4
2018,6,75,38.6,27.8,74,-4
2018,7,369,33.7,26.9,141,-3.4
2018,8,294,32.9,26.7,116,-2.6
2018,9,212,32.5,25.1,118,-2.7
2018,10,18,32.3,20.4,82,-3
2018,11,2,29.6,14.1,43,-3.1
2018,12,1,23.7,8.5,26,-3.2
2019,1,13,22.4,8.5,26,-1.4
2019,2,11,26.6,12.1,25,-1.2
2019,3,5,32.8,16.5,14,-1.3
2019,4,2,39.6,22.9,8,-1.1
2019,5,2,42.4,27.8,6,-1.5
2019,6,28,40.1,29.4,30,-2.3
2019,7,607,34.4,27.5,138,2.4
2019,8,329,33.9,27.7,138,2.7
2019,9,330,32.6,25.4,107,3.9
2019,10,23,32.9,21,72,3.3
2019,11,0,30.9,15.4,45,2.8
2019,12,31,22.9,7.8,42,3.6
