Product: Historical Climate - TerraClimate(http://www.climatologylab.org/terraclimate.html) 
Location (Lat/Lon of 4-km Grid Cell Center): 48.4375 North,-123.3542 East 
Data Source: NW Climate Toolbox(https://climatetoolbox.org/tool/point-data-download)
Download Date: 07/24/2020
Variable List: 
ppt: ppt (Precipitation)
tmax: tmax (Maximum Temperature)
tmin: tmin (Minimum Temperature)
aet: aet (Actual Evapotranspiration)
PDSI: pdsi (Palmer Drought Severity Index (PDSI))
********************************************************
Year,Month,ppt(mm),tmax(degC),tmin(degC),aet(mm),PDSI(unitless)
1958,1,114,8.6,4.1,11,0
1958,2,84,10.6,5.9,22,0.1
1958,3,27,10.7,3.3,37,-0.7
1958,4,52,13.7,5.2,60,0.3
1958,5,28,19.1,9.4,69,-0.1
1958,6,19,22.1,12.9,67,-0.8
1958,7,0,25.3,13.8,22,-1.8
1958,8,15,23.5,13.3,25,-2
1958,9,26,19.2,11,31,-2
1958,10,81,14.6,7.1,37,-1.5
1958,11,169,8.4,2.8,19,1.3
1958,12,108,8.3,4,14,1.6
1959,1,135,6.7,1.9,14,1.8
1959,2,65,7.2,2.6,22,1.3
1959,3,72,9.6,3.5,39,1.6
1959,4,51,13.4,4.9,60,1.8
1959,5,30,16.5,7.2,66,1.7
1959,6,34,19.7,10.9,70,2.1
1959,7,10,23.2,12.4,48,1.7
1959,8,15,20.9,12,29,1.4
1959,9,66,17.6,10.3,60,2.4
1959,10,69,13.5,6.9,30,2.4
1959,11,132,9,2.5,19,2.7
1959,12,106,7.4,2.3,12,2.8
1960,1,119,5.9,1.5,13,2.6
1960,2,81,8.3,2.8,28,2.3
1960,3,76,9.4,2.4,38,2.6
1960,4,40,13.6,5.2,54,2.4
1960,5,39,15.4,7.7,61,2.7
1960,6,10,18.8,10.3,60,2.4
1960,7,1,23.2,12.1,36,1.6
1960,8,38,20.7,12.6,50,1.9
1960,9,17,18.8,9.4,24,1.3
1960,10,70,14.4,7.9,33,1.3
1960,11,112,9.1,3.7,19,1.2
1960,12,75,7.2,2.3,12,-0.7
1961,1,167,8.9,3.1,12,1
1961,2,158,9.3,4.8,23,2.7
1961,3,74,10.6,4,41,2.9
1961,4,39,12.3,5.4,50,2.8
1961,5,36,16.6,8.1,64,2.9
1961,6,10,21.1,11.4,66,2.4
1961,7,19,22.9,13.3,48,2
1961,8,21,23.7,13,33,1.6
1961,9,17,18.6,9,24,1
1961,10,66,13.1,5.6,36,0.9
1961,11,87,8.2,1.8,18,-1.2
1961,12,119,6.5,1.8,14,-1.5
1962,1,74,6.7,1.1,12,-2.1
1962,2,39,8.7,3.2,24,-2.9
1962,3,62,8.8,1.5,40,-2.4
1962,4,42,13.3,5.3,53,-2
1962,5,30,14.6,7.1,59,-1.5
1962,6,15,18.9,9.5,65,-1.4
1962,7,9,21,11.5,42,-1.4
1962,8,52,20.3,12.6,59,1.2
1962,9,35,19.5,10.1,41,1.2
1962,10,75,14.2,7.7,32,1.3
1962,11,168,10.4,4.9,17,2.2
1962,12,106,8.1,3.8,11,2.5
1963,1,40,4.3,-0.5,10,0.8
1963,2,91,10.9,5,20,1
1963,3,36,10,3,39,-1.4
1963,4,35,12.7,5.4,49,-1.3
1963,5,22,17.8,7.6,69,-1.5
1963,6,32,18.7,10.7,64,-1.2
1963,7,35,20.3,12.1,61,-0.6
1963,8,14,21.7,12.7,25,-0.8
1963,9,20,20.9,11.7,26,-1.1
1963,10,118,14.8,8.3,38,1.1
1963,11,135,9.6,4.1,21,1.8
1963,12,145,7.8,3.4,13,2.7
1964,1,161,7.8,3.3,15,3.2
1964,2,50,8.7,2.4,26,2.2
1964,3,71,9.2,3.3,41,2.3
1964,4,29,11.7,3.9,51,1.8
1964,5,20,15.7,6.4,62,1.3
1964,6,37,18.1,10.7,64,1.6
1964,7,30,20.3,12,57,2
1964,8,28,20.9,12.3,42,2
1964,9,49,17.8,9.4,51,2.4
1964,10,29,14.6,6.3,30,1.3
1964,11,98,7.8,2.2,15,0.6
1964,12,95,4.5,-0.6,10,-2.2
1965,1,154,5.6,1.3,9,-1.1
1965,2,110,7.8,3.2,24,1.4
1965,3,16,10.7,2.1,38,-1.2
1965,4,47,13.1,5.2,55,-1
1965,5,27,14.7,6.4,59,-1
1965,6,8,19.4,9.5,60,-1.7
1965,7,6,22.2,12.2,24,-2.3
1965,8,44,21.3,12.9,52,-1.4
1965,9,22,17.9,9.2,27,-1.6
1965,10,59,14.8,8.1,35,-1.6
1965,11,115,10.1,5.5,17,-1.6
1965,12,126,6.5,2.1,15,-1.5
1966,1,129,6.4,1.7,12,-1
1966,2,43,8.6,2.8,25,-1.8
1966,3,67,9.8,3.2,40,-1.4
1966,4,24,13.3,4.5,52,-1.7
1966,5,26,16.2,6.8,64,-1.8
1966,6,22,18.1,10.3,58,-1.7
1966,7,41,19.7,11.8,62,-0.9
1966,8,11,21.6,12.2,23,-1.2
1966,9,31,19.1,11.2,36,-1
1966,10,84,13.1,6.3,34,0.5
1966,11,99,9.5,4,17,-0.1
1966,12,150,8.5,4.1,14,1.1
1967,1,206,7.2,2.8,12,2.7
1967,2,68,9.2,3.4,25,2.2
1967,3,63,8.7,2.5,41,2.1
1967,4,45,11.5,3.8,54,2.2
1967,5,23,15.8,7.8,58,1.9
1967,6,14,20.7,11.4,64,1.6
1967,7,8,22,12.4,38,1.1
1967,8,1,24.2,12.9,14,-1.2
1967,9,35,20.9,11.3,41,-1
1967,10,174,13.6,8.2,33,2.5
1967,11,58,9.8,4.3,19,2.4
1967,12,137,6.7,2.4,17,3
1968,1,150,6.5,1.9,13,3.4
1968,2,85,10.6,3.5,25,3.1
1968,3,85,10.6,4.9,39,3.6
1968,4,31,12.1,4.4,52,3
1968,5,26,17.2,7.8,64,2.6
1968,6,35,18.8,10.2,68,2.6
1968,7,13,23.2,12.7,44,2.2
1968,8,50,20.5,12.7,59,2.9
1968,9,40,18.4,10.3,43,3
1968,10,88,12.7,7,34,3.3
1968,11,105,9.7,4.1,18,3
1968,12,157,4.7,-0.4,12,3.7
1969,1,111,1.2,-3.5,1,3.5
1969,2,48,7.3,1.3,19,2.5
1969,3,50,10.9,2.8,42,2
1969,4,56,12.3,5,54,2.5
1969,5,22,18.4,8.3,69,2.1
1969,6,12,21.3,12.2,61,1.7
1969,7,11,21.3,12,41,1.3
1969,8,17,20.3,11.8,29,1
1969,9,65,18.1,10.9,57,2
1969,10,41,13.7,6.1,35,1.4
1969,11,56,9.4,4.4,15,-1.4
1969,12,104,7.9,3.7,14,-2.5
1970,1,119,6.3,1.7,13,-2.3
1970,2,45,10.1,4.1,27,-2.9
1970,3,31,10.6,2.6,40,-3.4
1970,4,76,11.8,4,63,-1.9
1970,5,20,15.7,6.9,61,-1.8
1970,6,8,20.8,10.6,66,-1.8
1970,7,15,21.4,12,42,-1.9
1970,8,4,21.2,11.7,16,-2.3
1970,9,52,17.3,9.3,53,-1.4
1970,10,42,12.9,5.7,36,-1.8
1970,11,93,9.2,3.2,22,-2.3
1970,12,121,5.9,1.5,17,-2.8
1971,1,155,6,1.3,13,-1.8
1971,2,84,7.6,2.7,22,-1.4
1971,3,104,8,1.4,40,2
1971,4,20,12.9,4.3,48,1.2
1971,5,21,16.5,7.5,60,0.7
1971,6,40,16.7,9.7,61,1
1971,7,13,21.8,11.7,46,0.9
1971,8,12,23,13.5,25,-0.3
1971,9,41,17.9,9.7,45,0.3
1971,10,57,12.9,6.2,34,-0.1
1971,11,124,9,4.4,18,0
1971,12,153,4.7,0,14,0.8
1972,1,125,4.3,-0.6,11,1
1972,2,119,8,2.2,23,1.7
1972,3,103,9.9,4.1,35,2.8
1972,4,52,10.9,3.2,58,3
1972,5,8,17.9,8.4,60,2.1
1972,6,29,18.5,10.2,62,2
1972,7,34,22.4,12.2,65,2.3
1972,8,25,22.6,12.8,38,2.1
1972,9,56,16.8,9,55,2.7
1972,10,25,13.2,5.3,26,1.5
1972,11,62,9.5,4.1,18,-2
1972,12,197,4.8,0.6,14,-1.7
1973,1,88,6,0.7,19,-2.2
1973,2,35,8.7,2.8,24,-3
1973,3,33,10,3.5,37,-3.3
1973,4,12,13.2,4.4,47,-3.9
1973,5,23,16.9,7.6,63,-4.1
1973,6,24,18.5,10.1,57,-4.1
1973,7,4,21.4,11.9,23,-4.4
1973,8,11,20.1,11.2,20,-4.4
1973,9,17,19.6,10.8,23,-4.4
1973,10,74,12.7,7,35,-3.7
1973,11,154,7.5,2.1,20,-2.7
1973,12,140,8.2,3.9,16,-1.5
1974,1,182,6.3,1,19,2.7
1974,2,91,8,3.4,21,2.7
1974,3,79,9.7,3.2,39,3
1974,4,33,12.5,5.6,51,2.6
1974,5,37,14.6,6.7,66,2.7
1974,6,22,18.8,10.1,62,2.6
1974,7,34,20.3,11.8,64,3
1974,8,2,22,12.5,18,2.1
1974,9,7,22,11.2,15,1
1974,10,26,14.8,6.5,27,-2.2
1974,11,125,9.5,4.4,18,-2.2
1974,12,136,8.4,3.8,16,-2.1
1975,1,133,5.8,1.5,18,-1.6
1975,2,99,6.4,1.6,26,-1.1
1975,3,42,9,2.4,44,-1.5
1975,4,24,11.5,3.2,46,-1.7
1975,5,23,16.1,7.4,60,-1.7
1975,6,15,18.2,9.9,58,-1.9
1975,7,9,22,12.2,32,-2.1
1975,8,84,19.6,12.5,86,1.8
1975,9,4,20.6,10.1,13,0.7
1975,10,144,12.6,7.5,34,2.4
1975,11,155,9,3.9,21,3.7
1975,12,169,7,2.2,16,4.8
1976,1,143,7.5,2.8,13,4.9
1976,2,118,7.8,2.7,30,5.1
1976,3,50,7.9,1.9,42,4.4
1976,4,37,13.2,4.6,58,3.8
1976,5,35,15.6,7.5,67,3.6
1976,6,19,17.7,9.2,61,3.1
1976,7,15,20.9,12.4,44,2.7
1976,8,48,19.4,12.5,55,3.3
1976,9,17,19.6,11,25,2.6
1976,10,40,14.2,6.8,37,1.7
1976,11,32,10.3,3.6,23,-2.6
1976,12,61,8.4,3.8,14,-4.5
1977,1,54,5.9,0.9,13,-5.6
1977,2,45,10.5,4.8,28,-6.3
1977,3,91,9.4,3.1,43,-6
1977,4,25,14.1,5.1,52,-5.8
1977,5,31,15.1,7.3,63,-5.3
1977,6,8,19.7,10.4,57,-5.3
1977,7,14,20.6,11.7,35,-5
1977,8,44,23.6,13.2,53,-3.9
1977,9,38,17.5,10.1,42,-3.3
1977,10,53,13.4,6.3,37,-3.2
1977,11,135,8.3,2.7,22,-2.8
1977,12,106,6.5,1.8,21,-2.8
1978,1,85,6.7,3,14,-3.2
1978,2,65,9.2,4,28,-3.3
1978,3,49,11,4.5,42,-3.2
1978,4,37,13,5.7,54,-2.9
1978,5,33,16.5,7.4,66,-2.4
1978,6,9,21.5,11.8,66,-2.7
1978,7,13,22.4,12.7,34,-2.9
1978,8,36,21.5,13.3,45,-2.4
1978,9,52,17.2,11.1,51,-1.4
1978,10,19,14.8,7.3,22,-2.3
1978,11,109,7.2,1.7,25,-2.7
1978,12,59,5.5,0.2,19,-4
1979,1,35,4.1,-1.4,12,-5.3
1979,2,114,7.1,2,22,-4.2
1979,3,30,12,3.7,44,-4.7
1979,4,36,13.2,5.2,53,-4.5
1979,5,16,17.2,8.6,61,-4.7
1979,6,15,19.4,10.3,57,-5.3
1979,7,17,22.4,12.7,32,-5.3
1979,8,11,21.9,13.1,19,-5.2
1979,9,43,20.4,12.2,45,-4.4
1979,10,65,14.8,7.9,39,-4
1979,11,32,9.5,2.9,23,-5.2
1979,12,216,9.1,4.2,21,-4.5
1980,1,85,4.4,-0.8,14,-4.6
1980,2,88,8.9,4.2,24,-4
1980,3,62,9.5,3.4,41,-3.4
1980,4,32,14.7,5.9,58,-3.4
1980,5,33,16.1,8.3,64,-3
1980,6,63,17.6,10.8,76,-1.4
1980,7,18,21,12.5,60,-0.6
1980,8,15,20.7,12.2,32,-0.6
1980,9,38,18.4,11,42,1.8
1980,10,20,15,7.3,23,-1.1
1980,11,194,9.7,5.1,18,1.4
1980,12,151,8.2,4.3,14,2.4
1981,1,38,9.3,4.1,15,0.7
1981,2,113,8.7,4.1,25,1.4
1981,3,42,12.2,4.7,47,0.6
1981,4,62,12.9,5.3,59,1.3
1981,5,37,16.1,8.5,64,1.7
1981,6,53,17.5,10.6,69,2.9
1981,7,13,21.1,12.5,64,3.8
1981,8,8,23.7,13.8,32,3.1
1981,9,45,19.3,10.7,49,3.3
1981,10,92,13.3,6.3,36,3.6
1981,11,105,10.3,5,19,3.4
1981,12,150,7.1,2.6,21,3.8
1982,1,184,5.5,1.2,15,4.7
1982,2,122,7.9,2.9,26,5.2
1982,3,43,10,2.6,44,4.1
1982,4,39,12.3,3.6,60,3.6
1982,5,11,16.5,7.3,63,2.4
1982,6,19,21,11.4,62,1.1
1982,7,30,20.6,12.6,45,1
1982,8,16,21.7,12.8,24,0.7
1982,9,21,19.9,11.2,26,-2.2
1982,10,61,14.2,7.3,39,-2.1
1982,11,75,8.1,2.2,21,-2.8
1982,12,139,7.3,2.3,17,-3
1983,1,147,8.9,4.4,14,-2.2
1983,2,103,10.2,4.8,26,-1.5
1983,3,74,12.2,5.3,48,-1
1983,4,29,14.4,5,58,-1.4
1983,5,31,18.4,9.4,74,-1.5
1983,6,31,19,11.4,59,-1.3
1983,7,36,21.1,12.8,58,-0.6
1983,8,20,22.8,13.5,32,-0.7
1983,9,59,18.3,9.9,59,1.3
1983,10,39,13.3,6.3,34,0.6
1983,11,188,10.2,5.5,22,1.4
1983,12,81,3.9,-0.9,12,1.3
1984,1,125,7.9,3,12,1.3
1984,2,79,9.6,4.4,28,1.1
1984,3,63,11.6,5.2,41,1.1
1984,4,38,13,5.2,55,1
1984,5,60,15.2,7.7,70,2.1
1984,6,37,18,10.8,73,2.8
1984,7,1,22.2,12.4,52,2.7
1984,8,12,22,13,28,2.2
1984,9,35,18.4,10,41,2.1
1984,10,77,12.3,6.2,35,2.1
1984,11,170,8.7,3.7,20,2.9
1984,12,106,4.2,-0.4,12,3.1
1985,1,16,5.3,0.5,7,1
1985,2,64,7.2,1.6,23,-1.9
1985,3,40,9.4,2.3,43,-2.3
1985,4,39,12.6,5.1,51,-1.9
1985,5,25,16.5,7.9,66,-1.8
1985,6,28,19.4,10.3,71,-1.6
1985,7,4,24.1,12.6,30,-2.3
1985,8,12,22.6,12.1,23,-2.6
1985,9,18,18.3,9.4,24,-2.7
1985,10,138,13.3,6.9,39,-0.9
1985,11,85,5,-0.6,19,-0.6
1985,12,21,5,0.1,7,-1.6
1986,1,160,9.3,4.2,20,-0.7
1986,2,115,8,1.9,27,1.7
1986,3,55,11.5,5.2,39,1.5
1986,4,39,11.5,4.9,49,1.6
1986,5,51,16.2,8,69,2.3
1986,6,15,20,11.4,70,2.3
1986,7,18,19.9,12,54,2.4
1986,8,0,24.2,13.1,15,1.3
1986,9,26,18.4,10.3,33,1
1986,10,32,14.7,7.1,31,-1.5
1986,11,154,9,3.9,18,-1.1
1986,12,66,7.5,2.6,16,-1.9
1987,1,108,6.9,2.4,15,-1.9
1987,2,53,10,4.4,28,-2.4
1987,3,65,11.5,4.5,44,-2
1987,4,42,14.3,6,58,-1.7
1987,5,37,17.2,8.2,73,-1.4
1987,6,7,20.2,10.3,63,-1.7
1987,7,16,21.1,12.5,37,-1.9
1987,8,13,22.5,12.3,23,-2.2
1987,9,12,20.5,10.5,18,-2.6
1987,10,7,16.1,6.6,11,-3.8
1987,11,68,10.8,5.6,19,-4.7
1987,12,142,6.3,1.4,16,-5.2
1988,1,77,6.6,1.3,18,-5.5
1988,2,36,9.2,3.3,23,-5.9
1988,3,98,10.2,3.6,44,-4.3
1988,4,59,13.2,5.4,60,-3.2
1988,5,49,16.3,8,69,-2
1988,6,22,18.8,10.3,72,-1.3
1988,7,12,21.9,12.3,56,-0.9
1988,8,19,22.1,12.8,34,-0.9
1988,9,39,19.1,9.8,44,-0.6
1988,10,69,14.3,8.8,31,2.1
1988,11,136,9.7,4.8,21,2.2
1988,12,106,7.4,3.3,14,2.2
1989,1,109,6.6,2,14,1.9
1989,2,53,4.6,-1.6,15,1.3
1989,3,85,8.8,3,34,2
1989,4,34,15.5,6.1,60,1.4
1989,5,31,16.6,8.4,68,1.1
1989,6,16,20.8,11.1,64,-1
1989,7,12,21.1,12.5,31,-1.3
1989,8,39,21.2,12.7,47,-0.7
1989,9,3,21.3,10.5,9,-1.7
1989,10,51,14.1,7.5,38,-1.9
1989,11,152,10,5,18,-1.3
1989,12,89,7.7,4,9,-1.4
1990,1,144,7.6,3.2,16,-0.8
1990,2,105,6.8,1,24,1.2
1990,3,44,11,3.6,44,0.6
1990,4,45,14.1,6.7,56,0.8
1990,5,34,16.2,8.4,65,1
1990,6,41,18.7,11.3,67,1.6
1990,7,7,23.7,13.5,53,1.6
1990,8,33,23.2,14,48,1.8
1990,9,9,20.6,11.4,18,0.9
1990,10,105,13,6.8,40,1.6
1990,11,232,10,4.6,19,3.8
1990,12,136,4.2,-0.7,11,4.4
1991,1,103,5.4,0.8,14,3.7
1991,2,104,10.9,5.2,24,3.8
1991,3,58,9.2,2.7,46,3.4
1991,4,66,13,5.1,65,3.9
1991,5,22,15.8,8.6,66,3.3
1991,6,21,18.1,10.3,60,3.2
1991,7,20,21.9,12.8,56,3.1
1991,8,56,21.7,13.7,66,3.8
1991,9,3,20.3,11,12,2.5
1991,10,33,13.8,6,33,1.4
1991,11,150,10.1,4.8,18,1.5
1991,12,76,8.4,4,15,0.6
1992,1,164,8.6,4.2,17,1.4
1992,2,71,10.5,5,24,1
1992,3,26,13.2,5.2,41,-1.8
1992,4,62,14.9,6.7,64,-1
1992,5,9,18.7,8.8,73,-1.8
1992,6,34,21.3,12.1,69,-2.3
1992,7,26,22.1,13.6,42,-2.2
1992,8,18,22.3,12.8,27,-2.2
1992,9,35,18.6,9.7,39,-2
1992,10,48,14.6,8.3,38,-2.3
1992,11,120,9.6,4.7,19,-2.3
1992,12,80,5.7,1.2,21,-3.1
1993,1,82,4.4,-0.9,12,-3.4
1993,2,11,8,1.1,24,-4.6
1993,3,57,11.5,4.3,47,-4.7
1993,4,47,13.5,6.6,50,-3.8
1993,5,55,19.2,10.4,78,-2.6
1993,6,32,19.5,11.9,72,-1.6
1993,7,36,20.2,12.7,65,2.9
1993,8,13,22.4,13.5,38,2.5
1993,9,7,20,9.7,19,1.5
1993,10,42,15.4,8,35,0.9
1993,11,43,8.2,1.5,19,-2.5
1993,12,107,7.4,3.1,11,-3.6
1994,1,57,9.7,4.7,11,-4.6
1994,2,88,7.2,2.2,27,-4
1994,3,57,12.3,4.5,51,-3.8
1994,4,34,14.5,7.2,53,-3.6
1994,5,17,18.4,9.3,70,-3.7
1994,6,26,19.3,10.8,60,-3.6
1994,7,8,23.3,12.8,31,-3.9
1994,8,9,23.1,13.6,20,-4
1994,9,30,20.6,11.7,35,-3.7
1994,10,74,14,7,41,-3.2
1994,11,116,8.3,2.7,23,-3
1994,12,132,7.4,2.8,19,-2.6
1995,1,92,8.3,3.1,21,-2.9
1995,2,88,9.7,4,26,-2.5
1995,3,57,11.2,4.1,52,-2.5
1995,4,33,14,5.7,55,-2.5
1995,5,11,19.4,9.1,74,-3.2
1995,6,18,21,11.7,55,-4.1
1995,7,26,22.8,13.7,39,-3.9
1995,8,53,20.7,12.7,59,-2.7
1995,9,18,21.3,11.9,23,-2.9
1995,10,96,14.1,7.8,39,-2
1995,11,214,11.2,5.6,18,2.7
1995,12,132,7.5,3.1,17,3.2
1996,1,138,6,1.9,12,3.3
1996,2,101,8.8,2.5,27,3.4
1996,3,31,11,4.2,43,2.2
1996,4,75,13.8,7.3,56,3.2
1996,5,41,15.6,7.6,71,3.4
1996,6,11,19.4,10.8,71,3.1
1996,7,10,23.6,13.1,44,2.4
1996,8,11,23.3,13.4,25,1.7
1996,9,46,18,10.4,48,2
1996,10,115,13.5,7.2,39,2.8
1996,11,123,8.2,3.3,18,3.1
1996,12,192,5,0.4,16,4.7
1997,1,164,7,2.4,15,5.1
1997,2,71,8.9,3.3,24,4.4
1997,3,119,9.3,3.8,38,5.6
1997,4,48,13.4,5.2,59,5.3
1997,5,39,18.6,9.7,75,5
1997,6,47,18.7,11.3,70,5.4
1997,7,28,21.5,13,67,5.7
1997,8,21,23.3,13.9,39,5.2
1997,9,51,20.6,12,53,5.2
1997,10,133,13.3,7.8,34,6.2
1997,11,72,11.4,5.3,21,5.6
1997,12,85,8.4,3.3,20,4.8
1998,1,149,7.2,2.9,15,4.9
1998,2,53,10.1,5.3,29,3.7
1998,3,72,11.1,5,41,3.7
1998,4,16,14.3,5.3,52,2.4
1998,5,38,17.1,9.1,66,2.2
1998,6,27,19.9,11.3,64,2
1998,7,26,22.7,14.2,50,1.8
1998,8,3,23.6,13.5,14,0.9
1998,9,7,21,11.1,14,-2.1
1998,10,59,14.2,7.7,36,-2.1
1998,11,194,10.1,5.9,17,-0.6
1998,12,160,6.7,2.3,16,2.4
1999,1,180,7.6,3.5,13,3.4
1999,2,152,8.1,3.5,29,4.6
1999,3,80,9.4,3.3,42,4.7
1999,4,21,13.4,3.9,55,3.5
1999,5,33,15.3,6.7,63,3.1
1999,6,41,17.8,10.4,62,3.4
1999,7,24,21,11.8,60,3.5
1999,8,24,22.2,13.4,38,3.3
1999,9,6,20,9.6,14,2
1999,10,88,14.1,6,40,2.2
1999,11,137,10.6,5.8,17,2.5
1999,12,139,8,3.7,15,3.2
2000,1,95,6.6,1.8,14,2.5
2000,2,57,9,3.3,24,1.7
2000,3,53,10,3.7,43,1.3
2000,4,28,14.2,5.9,59,0.6
2000,5,50,15.8,8.2,73,1.1
2000,6,29,19.6,11.1,75,1.1
2000,7,19,21.5,13,44,0.8
2000,8,11,21.3,12.6,23,-1.1
2000,9,32,19.3,10.9,38,-1.1
2000,10,59,14.2,7.4,47,-1.4
2000,11,65,8.5,2.8,25,-2.4
2000,12,73,7,2.3,22,-3.9
2001,1,86,7.9,3.3,23,-4.8
2001,2,39,8,1.8,28,-5.3
2001,3,58,10.6,3.9,50,-5
2001,4,43,12.5,4.5,59,-4.4
2001,5,23,16.6,8.1,73,-4.2
2001,6,36,17.9,9.8,69,-3.8
2001,7,12,20.9,12,38,-3.8
2001,8,36,21.5,13.2,47,-3.1
2001,9,21,19.1,10.9,27,-3.2
2001,10,93,13.3,6.8,48,-2.5
2001,11,110,10.2,5.1,37,-2.6
2001,12,147,7.3,2.5,28,-2.2
2002,1,158,7.2,2.9,22,-1.3
2002,2,87,8.5,2.8,30,-1.1
2002,3,83,8,2.2,42,1.3
2002,4,44,13,4.8,58,1.3
2002,5,24,15.6,7.2,66,1
2002,6,17,20.5,11,69,-0.5
2002,7,8,22.4,12.7,29,-1.4
2002,8,6,22.5,12.3,16,-2
2002,9,17,19.8,10.2,23,-2.5
2002,10,19,13.5,6.2,22,-3.4
2002,11,68,11.1,4.8,37,-4.6
2002,12,100,8.3,4,29,-5.9
2003,1,128,9.9,5,35,-6.1
2003,2,31,8.8,3,29,-6.7
2003,3,88,10.4,5.2,55,-5.6
2003,4,51,12.3,5.9,55,-4.5
2003,5,21,16.1,8.1,65,-4.2
2003,6,10,21,11.6,71,-4.2
2003,7,7,23.3,13.5,27,-4.8
2003,8,4,23.1,12.8,15,-5
2003,9,23,20.5,11.2,28,-4.9
2003,10,146,14.6,9.1,42,-2.8
2003,11,136,8.5,1.7,27,-1.5
2003,12,74,7.5,2.7,23,-1.7
2004,1,102,6.6,2.9,15,-1.8
2004,2,42,9.5,3.9,28,-2.6
2004,3,58,11.7,5.1,57,-2.7
2004,4,10,16,5.9,57,-3.7
2004,5,38,17.6,9.2,66,-3.4
2004,6,16,21.4,11.5,58,-4.1
2004,7,8,23.7,14,24,-4.5
2004,8,65,23.2,14.8,70,-2.9
2004,9,52,18,11.2,52,-2
2004,10,68,14.1,8,48,-2
2004,11,115,9.3,4.6,23,-2
2004,12,105,8.2,4.1,20,-2.4
2005,1,112,7.4,2.6,17,-2.3
2005,2,35,9.7,1.6,29,-3.2
2005,3,62,12.1,5.1,51,-3
2005,4,44,13.8,6.1,62,-2.7
2005,5,31,18.2,10.3,74,-2.5
2005,6,27,18.7,11.8,65,-2.2
2005,7,14,22.1,13.3,40,-2.4
2005,8,23,23,13.3,34,-2.4
2005,9,19,18.8,9.8,26,-2.6
2005,10,74,14,8.6,44,-2.4
2005,11,90,8.1,3.4,22,-2.6
2005,12,100,7.6,2.7,21,-3.3
2006,1,194,9.1,5.2,37,-1.9
2006,2,60,8.4,2.3,35,-2.4
2006,3,39,10.1,3.6,46,-2.8
2006,4,41,13.4,5.8,55,-2.5
2006,5,26,17.6,8.4,71,-2.6
2006,6,25,20.7,12,66,-2.8
2006,7,7,23.1,13.6,27,-3.3
2006,8,4,22.1,12.5,14,-3.7
2006,9,25,20.3,10.8,30,-3.7
2006,10,39,14,6.7,37,-3.9
2006,11,261,8.5,3.7,19,-1.4
2006,12,118,7.3,2.6,17,-0.7
2007,1,155,6.3,1.1,14,2.9
2007,2,63,8.7,4.2,23,2.3
2007,3,102,10.3,4.9,37,3.3
2007,4,31,12.9,5.5,50,2.8
2007,5,14,17.1,8.1,67,1.9
2007,6,25,18.7,10.9,57,1.6
2007,7,25,22.9,14.2,49,1.3
2007,8,15,21.9,13.2,26,0.9
2007,9,23,18.2,10.7,29,0.6
2007,10,63,12.8,6.9,34,-1
2007,11,59,9,3.2,18,-1.9
2007,12,157,6.6,2,21,-2.1
2008,1,85,6,1,20,-2.6
2008,2,50,9.1,3.4,25,-3
2008,3,58,8.8,2.9,42,-2.7
2008,4,31,11.3,3.6,53,-2.7
2008,5,23,16.7,8.7,65,-2.7
2008,6,25,18,10.2,64,-2.6
2008,7,9,21.4,12.4,34,-2.9
2008,8,45,21.9,13.4,54,-1.9
2008,9,13,19.6,10.7,19,-2.4
2008,10,43,13.4,6.9,40,-2.8
2008,11,125,11.1,6,23,-2.8
2008,12,95,4.2,-0.1,12,-3.2
2009,1,110,6.1,1.3,12,-3
2009,2,35,8,1.7,25,-3.7
2009,3,61,8.3,2,45,-3.3
2009,4,36,13.3,4.5,59,-3.2
2009,5,41,16.9,7.8,76,-2.7
2009,6,6,21,11.7,62,-3.3
2009,7,8,23.8,13.5,26,-3.9
2009,8,16,21.9,13.3,24,-3.9
2009,9,33,20.1,11.4,38,-3.5
2009,10,116,13.6,6.9,42,-2.2
2009,11,182,9.7,4.8,24,-0.6
2009,12,58,5.5,0.3,16,-0.9
2010,1,121,9.6,5.4,22,-0.9
2010,2,49,10.6,5.2,29,-1.6
2010,3,63,11.2,4.3,48,-1.5
2010,4,42,12.9,5.6,58,-1.3
2010,5,51,15.2,7.6,70,1.2
2010,6,30,18,10.6,65,1.6
2010,7,1,21.6,12.2,47,1.4
2010,8,21,22,12.7,36,1.2
2010,9,74,18.3,12,59,2.4
2010,10,55,14.3,7.7,39,2.1
2010,11,92,8,2.9,18,1.6
2010,12,141,7.7,3.4,21,1.5
2011,1,133,7,2.6,12,1.7
2011,2,70,6.4,1.3,26,1.3
2011,3,95,9.7,4,36,2.2
2011,4,56,10.7,3.6,58,2.6
2011,5,53,14.6,7.2,69,3.4
2011,6,14,18.4,10.8,63,3.4
2011,7,19,20.7,12.5,61,3.8
2011,8,12,22,13,30,3
2011,9,29,20.7,11.3,37,2.5
2011,10,63,13.5,7.2,36,2.3
2011,11,124,8.5,2.2,21,2.1
2011,12,59,6.7,1.6,12,1
2012,1,126,6.4,1.6,19,1
2012,2,74,8.4,3.6,28,0.7
2012,3,86,8.5,2.9,39,1.4
2012,4,44,13.2,5.8,54,1.5
2012,5,27,16.3,7.4,70,1.3
2012,6,47,17.4,10.4,65,2
2012,7,17,20.8,12.8,62,2.3
2012,8,3,23.1,13.4,19,1.4
2012,9,2,20.7,9.9,11,-1.7
2012,10,126,13.6,7.3,43,1.2
2012,11,129,10.6,5.6,22,1.8
2012,12,128,6.7,3.2,20,2.3
2013,1,79,6.1,1.4,12,1.4
2013,2,51,8.6,4.4,24,0.6
2013,3,62,10.9,4.2,44,0.6
2013,4,68,13.1,5.9,65,1.4
2013,5,42,17.5,9.5,74,1.8
2013,6,19,20.5,12.4,66,1.9
2013,7,0,23.2,13.3,41,1.2
2013,8,29,23.1,14.7,43,1.4
2013,9,75,19.9,13.2,66,2.5
2013,10,25,13.7,6.8,27,1.4
2013,11,69,10.2,4.1,22,-1.9
2013,12,40,5.5,0.8,14,-3.6
2014,1,85,8.6,3.6,17,-4.6
2014,2,97,6.9,2,30,-4
2014,3,107,10.8,4.9,41,-2.3
2014,4,54,14,6.2,61,-1.6
2014,5,37,18.2,10,74,-1.2
2014,6,15,19.6,11.5,67,-1.2
2014,7,10,23.7,13.7,38,-1.5
2014,8,18,23.7,14.3,29,-1.6
2014,9,32,21.2,12,37,-1.6
2014,10,113,15.7,10.3,37,1.2
2014,11,99,9.9,3.6,25,1.2
2014,12,105,9.1,4.2,20,1.1
2015,1,93,9.4,4.3,12,-0.4
2015,2,73,11.7,6.3,27,-0.6
2015,3,70,12.9,5.8,45,0.2
2015,4,30,14.1,5.4,54,-0.6
2015,5,7,18.5,9.7,66,-1.5
2015,6,3,22.7,12.3,42,-3.4
2015,7,5,24.8,14.6,20,-4.1
2015,8,40,24,14.4,47,-3.4
2015,9,26,18.8,10.9,30,-3.2
2015,10,78,16.1,9.6,36,-2.6
2015,11,137,9.2,2.9,17,-1.9
2015,12,178,7.7,3.7,20,2
2016,1,131,8,3.6,14,2.1
2016,2,97,11.1,5.8,29,2
2016,3,87,11.9,5.5,50,2.9
2016,4,20,16.4,7.6,58,1.7
2016,5,10,18.7,9.8,67,-2
2016,6,23,20.4,11.9,53,-2.6
2016,7,14,21.5,14.4,27,-2.7
2016,8,14,23.7,14,21,-3.1
2016,9,24,18.9,10.9,28,-2.9
2016,10,152,13.6,9.2,35,-0.7
2016,11,140,11.8,7,24,3.6
2016,12,101,5.1,0.3,16,3.5
2017,1,76,5.1,0,14,2.2
2017,2,122,6.8,1.9,22,2.5
2017,3,112,9.2,4.7,33,4
2017,4,64,12.6,6.1,56,4.6
2017,5,37,17.5,9.1,73,4.4
2017,6,27,19.4,11,71,4.2
2017,7,2,23,13,43,3.4
2017,8,5,24.5,14.2,20,2.3
2017,9,23,20.8,12.1,30,1.9
2017,10,75,14.3,6.3,42,2
2017,11,158,9.2,4.8,22,3
2017,12,84,6.8,1.7,15,2.8
2018,1,162,8.8,4.5,20,3.9
2018,2,58,7.4,2.4,25,3
2018,3,37,10.2,2.9,41,2.1
2018,4,64,13.4,6.3,63,2.8
2018,5,6,19,10.4,74,1.6
2018,6,21,19.6,11.2,57,1.2
2018,7,3,23.8,13.6,23,-1.9
2018,8,7,23.1,13.7,17,-2.4
2018,9,32,18.7,10.6,37,-1.9
2018,10,56,14.2,7.2,37,-2
2018,11,107,10.5,4.6,19,-1.9
2018,12,141,8.2,3.6,21,-1.6
2019,1,120,9.1,4.4,17,-2
2019,2,54,5.8,0.4,33,-2.6
2019,3,16,10.7,4,37,-3.5
2019,4,47,14.3,6.3,57,-3.1
2019,5,16,18.5,10,63,-3.5
2019,6,12,19.6,11.2,53,-4.2
2019,7,19,21.8,12.6,33,-4.2
2019,8,15,22.5,13.4,23,-4.1
2019,9,52,19.3,10.4,51,-3
2019,10,60,13,6.1,38,-2.9
2019,11,66,10.1,4.7,20,-3.6
2019,12,98,8.4,3.9,15,-4.4
