Product: Historical Climate - TerraClimate(http://www.climatologylab.org/terraclimate.html) 
Location (Lat/Lon of 4-km Grid Cell Center): 26.4792 North,79.5208 East 
Data Source: NW Climate Toolbox(https://climatetoolbox.org/tool/point-data-download)
Download Date: 07/24/2020
Variable List: 
ppt: ppt (Precipitation)
tmax: tmax (Maximum Temperature)
tmin: tmin (Minimum Temperature)
aet: aet (Actual Evapotranspiration)
PDSI: pdsi (Palmer Drought Severity Index (PDSI))
********************************************************
Year,Month,ppt(mm),tmax(degC),tmin(degC),aet(mm),PDSI(unitless)
1958,1,19,24.3,10,45,0.4
1958,2,2,27,10.9,40,0.3
1958,3,14,33.9,17.1,34,0
1958,4,0,40.5,23.6,12,-0.2
1958,5,1,43.1,27.6,8,-0.3
1958,6,17,43,29.7,21,-1.3
1958,7,347,33.2,26.7,140,1.4
1958,8,370,32.5,25.3,108,2.8
1958,9,215,31.3,25.6,126,3.4
1958,10,111,31.8,19.5,112,4
1958,11,0,28.6,12.3,48,4.2
1958,12,7,24.4,9.9,40,4.2
1959,1,42,23,8.5,54,4.7
1959,2,2,26.1,10,39,4.8
1959,3,3,34.9,16.2,31,4.5
1959,4,1,39.3,22.2,15,4.2
1959,5,18,42.1,27.2,26,4.5
1959,6,29,41,29.9,33,3.6
1959,7,233,33.3,26.3,144,3.2
1959,8,315,31.9,25.7,122,2.9
1959,9,116,31.9,25.7,119,2.1
1959,10,115,32.4,20.5,116,2.8
1959,11,1,28.7,11.7,50,3.2
1959,12,0,25.3,8.7,37,3
1960,1,20,22.4,7.5,42,2.8
1960,2,0,30.4,11.8,31,2.7
1960,3,25,32.1,16.1,43,3.1
1960,4,1,38.4,21.4,12,2.8
1960,5,4,43.2,27,11,2.3
1960,6,22,42.1,30,26,1.5
1960,7,300,34.3,26,141,2.1
1960,8,485,31.5,25.5,112,4.1
1960,9,76,33.7,24.7,105,2.7
1960,10,193,32.5,18.6,122,4.5
1960,11,0,29,9.8,55,4.7
1960,12,8,24.6,8.4,38,4.6
1961,1,52,23.1,8.7,58,5.3
1961,2,10,24.2,9.5,46,5.6
1961,3,0,33.7,16.9,34,5.3
1961,4,2,38.8,21.6,17,5
1961,5,3,42.4,27.2,12,4.4
1961,6,50,40.3,28.5,53,4.1
1961,7,210,33.6,26.3,141,3.3
1961,8,519,31.6,25.3,113,4.8
1961,9,130,31.9,25.4,116,4.1
1961,10,164,31.4,18.9,119,5.4
1961,11,1,26.2,11.6,49,5.5
1961,12,5,22,5.9,36,5.3
1962,1,42,22,6.4,55,5.6
1962,2,4,26.3,11,36,5.7
1962,3,11,32.5,16,46,5.9
1962,4,5,39.2,22,20,5.8
1962,5,2,42.4,26.9,11,5.1
1962,6,23,42.6,29.5,28,3.9
1962,7,258,35,27.1,144,3.8
1962,8,327,32.6,25.1,115,3.8
1962,9,247,31.5,24.6,121,4.9
1962,10,0,32.2,17.6,72,3.7
1962,11,0,28.7,11.6,44,3.2
1962,12,5,23.9,8.9,30,2.6
1963,1,24,23.4,6,37,2.4
1963,2,3,28.8,11.3,23,1.9
1963,3,8,32.5,15.4,19,1.6
1963,4,4,37.4,21.2,11,1.4
1963,5,6,41,25.9,11,1.3
1963,6,41,39.8,28.3,43,0.9
1963,7,264,35,26.2,127,1.3
1963,8,338,31.5,25.2,110,1.9
1963,9,282,32.2,24,121,3.7
1963,10,12,33.4,19.6,81,2.7
1963,11,2,29.1,14.3,45,2.4
1963,12,13,24.9,7.6,34,2.2
1964,1,2,21.9,7,27,1.3
1964,2,1,26.6,10.8,18,0.7
1964,3,6,35.3,17.5,16,-1.7
1964,4,1,39.9,23,7,-1.7
1964,5,9,41.4,25.4,13,-1.5
1964,6,20,41.2,29.4,23,-2
1964,7,375,33,25.7,134,1.8
1964,8,328,32.6,25.6,124,2.7
1964,9,242,31.9,24.6,121,3.8
1964,10,7,33.6,19.3,81,2.7
1964,11,0,28.9,10.1,37,2.3
1964,12,7,24.4,8.4,34,1.9
1965,1,6,24.5,9.3,29,1
1965,2,5,26.4,10.8,20,-1.7
1965,3,11,32.4,15.3,20,-1.7
1965,4,8,36.7,20.9,13,-1.4
1965,5,1,41.6,26.8,6,-1.5
1965,6,12,42.6,30.5,15,-2.5
1965,7,250,34.8,26.7,164,-2.4
1965,8,194,33.3,25.2,141,-3.2
1965,9,138,32.9,24.1,134,-3.1
1965,10,71,33.1,20,95,-2.8
1965,11,0,29.6,12.4,35,-2.7
1965,12,3,24.5,7.2,23,-2.9
1966,1,2,24.6,7.8,14,-3.4
1966,2,4,29.1,13,11,-3.6
1966,3,0,33.8,15.9,6,-3.9
1966,4,0,39.2,22.5,4,-3.8
1966,5,10,42.9,26.7,13,-3.4
1966,6,84,40.3,28.4,83,-2.2
1966,7,173,36.8,26.9,165,-3.1
1966,8,299,32.3,25.1,126,-3.5
1966,9,33,33.6,24.7,96,-4.9
1966,10,16,34.4,19.7,61,-5.5
1966,11,5,28.7,13.4,23,-5.9
1966,12,5,24.8,6.5,15,-6.2
1967,1,4,23.2,6.5,10,-6.5
1967,2,0,29.7,11.6,5,-6.7
1967,3,31,31.4,15.3,33,-5.6
1967,4,1,37.8,21,4,-5.4
1967,5,1,42.7,26.7,3,-5.3
1967,6,30,42.1,29.3,31,-5.3
1967,7,255,34.3,26,148,-4.7
1967,8,530,31.2,24.9,114,-2
1967,9,165,32.3,23.9,125,-1.6
1967,10,10,33.6,18.9,77,-2.1
1967,11,0,28.3,12.2,40,-1.9
1967,12,40,24.6,8.6,49,-0.6
1968,1,46,21.5,7.6,52,2.7
1968,2,2,25.3,9.3,31,2.7
1968,3,8,33.5,15.4,27,2.5
1968,4,0,38.4,20.6,11,2.3
1968,5,0,41.9,26,7,1.8
1968,6,38,40.7,28.2,41,1.4
1968,7,275,34.1,25.4,133,1.9
1968,8,222,32.5,25,140,1.1
1968,9,66,35.2,24.1,113,-1.8
1968,10,73,33.1,18.8,94,-1.4
1968,11,0,30.1,11,37,-1.3
1968,12,3,24.6,8.4,31,-1.5
1969,1,10,22.9,8.3,31,-1.8
1969,2,4,26.9,12.2,21,-1.9
1969,3,3,37.3,16.1,13,-2.1
1969,4,1,38.1,22.3,8,-2.1
1969,5,11,41,25.8,15,-1.6
1969,6,21,41.8,29.6,24,-2.2
1969,7,351,34.4,25.3,133,1.5
1969,8,270,32.4,24.8,120,1.9
1969,9,170,32.3,24.5,112,2.2
1969,10,3,34.3,19.8,75,1.2
1969,11,2,31.1,12.5,42,1.1
1969,12,0,25.7,7.6,23,0.7
1970,1,51,23.2,8.6,57,1.4
1970,2,19,25.5,10.2,35,1.8
1970,3,11,31.9,16,28,1.8
1970,4,0,40.4,22.7,10,1.6
1970,5,15,42.6,27.4,21,1.9
1970,6,62,38.9,27.3,64,2.2
1970,7,165,35.5,25.8,149,1
1970,8,354,32.6,25.5,130,0.6
1970,9,264,32.5,24.8,122,2.3
1970,10,37,34.1,19.5,86,1.8
1970,11,0,29.5,10.4,43,1.8
1970,12,0,25.4,7.9,30,1.4
1971,1,26,22.2,7.5,39,1.5
1971,2,5,27.1,9.9,31,1.5
1971,3,4,33.3,15.2,19,1.2
1971,4,6,39.1,21.5,15,1.2
1971,5,14,39.9,25.1,19,1.5
1971,6,114,37,27.1,112,3.3
1971,7,259,32.3,25.2,133,3.3
1971,8,315,31.4,24.4,117,3.3
1971,9,167,33,23.8,128,3.1
1971,10,170,32.4,19.1,126,4.6
1971,11,0,28.7,11.1,55,4.8
1971,12,0,25.3,7.3,39,4.5
1972,1,12,23.5,8,36,3.9
1972,2,10,24.4,8.8,39,4.1
1972,3,1,33.6,15.8,25,3.6
1972,4,1,38.2,21,13,3.3
1972,5,1,43.8,27.1,8,2.6
1972,6,20,42.8,29.8,24,1.5
1972,7,140,35.8,26.5,137,-2.6
1972,8,314,32,24.9,134,-3
1972,9,159,33,22.8,138,-2.7
1972,10,88,32.8,18.8,101,-1.9
1972,11,1,29.1,11.7,43,-1.3
1972,12,4,24.5,8.8,39,-1.1
1973,1,25,23.1,8.7,42,-0.8
1973,2,5,28,11.9,30,1.2
1973,3,2,33,15.9,19,0.9
1973,4,0,41.6,23.3,10,0.8
1973,5,3,43.7,27.8,9,-0.2
1973,6,29,40.6,29.5,32,-0.7
1973,7,277,35,26.2,157,0.3
1973,8,420,31.9,25.2,123,1.6
1973,9,150,33,24.2,117,1.5
1973,10,162,32.4,18.9,111,3
1973,11,0,29.1,10.5,44,3.3
1973,12,4,22.9,7.1,41,3.3
1974,1,3,22.8,6.8,35,2.7
1974,2,1,25.8,9.8,31,2.7
1974,3,2,35,17.2,27,2.5
1974,4,0,40.8,23,13,2.3
1974,5,4,41.9,26.6,11,2
1974,6,19,40.8,29.1,24,1.2
1974,7,224,34.2,25.7,156,0.8
1974,8,215,32.8,24.9,123,-1.7
1974,9,35,34.7,24.5,78,-2.9
1974,10,139,33.4,20.5,114,-1.6
1974,11,0,28.9,10.7,36,-1.3
1974,12,4,22.9,7.4,26,-1.3
1975,1,20,21.4,7.3,35,-1.3
1975,2,3,25.8,10,20,-1.3
1975,3,8,32.6,15.7,18,-1.4
1975,4,1,39.9,22.1,7,-1.4
1975,5,1,43.5,27.8,6,-1.6
1975,6,76,39.9,28.2,76,-0.9
1975,7,211,33.4,25.3,138,-1.1
1975,8,259,31.8,25.3,114,-1.5
1975,9,202,31.1,25.1,142,-0.8
1975,10,98,32.8,20.7,111,1.2
1975,11,0,28.5,10,51,1.6
1975,12,0,24.8,7.4,37,1.5
1976,1,12,23.5,9,38,1.1
1976,2,3,26.3,11.8,33,1.2
1976,3,2,32.2,16.7,18,0.7
1976,4,2,37.9,21,11,0.6
1976,5,5,42.1,25.9,11,-0.1
1976,6,60,38.9,28.3,61,0.3
1976,7,213,34.6,26.5,145,-0.4
1976,8,301,31.4,24.8,125,-0.7
1976,9,156,33.6,22.8,119,0.2
1976,10,9,34.5,18.9,78,-1.1
1976,11,2,31,12.9,46,-1
1976,12,0,24.6,8.6,29,-1.3
1977,1,33,22.5,7.9,43,-0.9
1977,2,3,27.2,10.9,23,-1.2
1977,3,1,35.9,16.5,12,-1.6
1977,4,9,38.2,21.9,16,-1.2
1977,5,6,39.8,25.4,10,-1.1
1977,6,46,39.2,28.9,48,-1.1
1977,7,341,32.7,25.6,152,1.2
1977,8,227,32.2,25.3,123,1
1977,9,175,31.6,24.2,140,1.1
1977,10,102,33.6,19.4,114,1.6
1977,11,0,30.4,14,49,2.1
1977,12,7,25.2,9.1,40,2.1
1978,1,11,22.5,7.3,38,1.7
1978,2,14,24.8,10.3,38,2.2
1978,3,35,30.3,14.8,55,3.1
1978,4,2,38.8,21.5,14,2.9
1978,5,1,45,28,8,2.4
1978,6,91,40.6,28.3,91,3.2
1978,7,219,33,25.7,124,2.9
1978,8,280,31.2,25.2,123,2.3
1978,9,192,31.8,24.7,121,2.8
1978,10,8,33.3,19.3,76,1.8
1978,11,1,28.2,14.1,40,1.6
1978,12,16,24.6,7.8,38,1.7
1979,1,28,23.5,8.9,40,1.8
1979,2,17,24.6,10.3,36,2.1
1979,3,4,31,15.5,20,1.7
1979,4,2,39.7,22.3,11,1.6
1979,5,10,41,25.9,16,1.7
1979,6,38,41.3,28.8,41,1.2
1979,7,194,34.8,26.5,159,-0.7
1979,8,140,33.7,25.5,138,-2.5
1979,9,17,34.9,24.9,26,-4.3
1979,10,6,34.2,21,13,-5.6
1979,11,4,29.2,16.2,8,-6.3
1979,12,9,24.4,9.9,12,-6.4
1980,1,2,23.4,8.3,4,-6.8
1980,2,2,28,11.8,5,-6.9
1980,3,18,32.2,16.3,19,-6.3
1980,4,0,41.1,23.2,2,-6.1
1980,5,3,44.2,28.6,4,-5.9
1980,6,71,39.3,27.9,69,-4.7
1980,7,314,32.7,25.9,130,-3.2
1980,8,384,32.7,24.9,116,-1.6
1980,9,94,33.8,24.5,115,-2.2
1980,10,37,33.5,20.4,86,-2.3
1980,11,0,29,12.6,42,-2.2
1980,12,34,24.6,9.1,48,-1.2
1981,1,20,22.1,8.7,34,-1.1
1981,2,1,27.7,11.6,24,-1.2
1981,3,22,31.7,16.4,33,-0.6
1981,4,0,39.6,22.1,8,-0.7
1981,5,9,41.9,26.6,14,1.1
1981,6,110,41.8,29.5,109,2.5
1981,7,301,33,26.1,143,3
1981,8,233,32.6,25.5,131,2.4
1981,9,97,34,25,118,1.4
1981,10,0,33.2,19.4,74,-1.8
1981,11,3,27.2,12,37,-2
1981,12,5,23.9,7.8,26,-2.2
1982,1,51,22.8,9.8,53,-1.1
1982,2,4,24.3,11.1,21,-1.3
1982,3,24,29.8,14.6,33,-0.7
1982,4,5,37.2,21.2,11,-0.6
1982,5,12,38.9,25.4,16,1
1982,6,31,40.5,28.6,33,-0.4
1982,7,163,36.4,27.5,156,-1.6
1982,8,380,32.2,25.3,122,-1.5
1982,9,123,33.9,23.8,130,-1.9
1982,10,26,33.2,20.4,80,-2.1
1982,11,6,27.7,13.5,43,-1.7
1982,12,14,24.7,9.8,38,-1.4
1983,1,30,21.8,7.9,40,-1
1983,2,3,25.2,10.2,28,-0.9
1983,3,2,31.8,16.1,15,-1.1
1983,4,7,35.3,20.3,15,-0.7
1983,5,18,40.1,25.7,22,0.6
1983,6,46,40.1,29.3,48,-0.1
1983,7,159,34.7,26.2,143,-1.1
1983,8,341,32.4,26.1,118,-1.2
1983,9,202,32.8,25,106,1
1983,10,109,31.5,19,109,1.8
1983,11,0,28.4,10.2,53,2.3
1983,12,5,23.6,8.9,37,2.4
1984,1,28,21.8,8,44,2.6
1984,2,7,24.8,9,39,3
1984,3,1,35.1,16.9,29,2.8
1984,4,3,39.2,22.3,17,2.8
1984,5,2,44.4,27.7,11,2.4
1984,6,60,40,28.8,62,2.4
1984,7,146,32.9,26.9,140,0.9
1984,8,273,32.5,24.5,126,-2
1984,9,131,32,23.8,126,-2
1984,10,14,33.5,18.8,69,-2.6
1984,11,0,28.7,10.9,32,-2.8
1984,12,2,24.7,9.2,22,-3.1
1985,1,26,22.4,8.6,34,-2.8
1985,2,0,28,10.2,9,-3.2
1985,3,3,35.9,18.2,9,-3.5
1985,4,7,39.4,22.6,11,-3.1
1985,5,4,43.1,27.8,7,-3
1985,6,34,40.8,29.4,35,-3.2
1985,7,363,33.3,26.3,138,-1.3
1985,8,275,32.2,25.4,131,-0.7
1985,9,171,32.9,24,122,2.1
1985,10,266,30.8,18.5,108,5.3
1985,11,0,28.7,12.2,53,5.4
1985,12,24,24.6,10.3,48,5.8
1986,1,18,22.6,8.9,40,5.4
1986,2,11,25.5,11.2,41,5.6
1986,3,9,32.3,16.5,41,5.7
1986,4,1,38.9,22,16,5.3
1986,5,18,40.3,25.4,26,5.5
1986,6,49,40.2,28.7,53,5
1986,7,195,33.2,25.6,138,4
1986,8,220,32.9,25.1,135,2.7
1986,9,108,34,24.6,120,1.8
1986,10,71,32.1,19.6,89,1.6
1986,11,0,29.5,13,33,1.2
1986,12,26,23.7,7.7,38,1.4
1987,1,30,23.1,8.5,38,1.5
1987,2,6,27.8,12.4,20,1.3
1987,3,7,33.5,17.5,15,1
1987,4,1,39.6,22.7,7,0.7
1987,5,16,39.8,25.5,19,1.1
1987,6,12,42.3,30.3,15,-1.4
1987,7,127,36.8,27,123,-3.1
1987,8,224,34.1,25.6,147,-4.1
1987,9,69,34.7,25.1,88,-4.7
1987,10,55,33.8,20,69,-5
1987,11,0,30.8,11.5,10,-5.7
1987,12,23,24.4,8.9,28,-5.2
1988,1,9,24.2,9.6,13,-5.5
1988,2,2,28,12.2,5,-5.7
1988,3,18,33,16.8,20,-5.2
1988,4,8,40.2,23,10,-4.6
1988,5,3,43.7,28.4,4,-4.5
1988,6,62,40.2,28.4,60,-3.7
1988,7,283,33.2,26.4,128,-2.6
1988,8,325,32.2,25.4,106,-1.7
1988,9,82,33.7,25.6,113,-2.5
1988,10,43,33.2,19.2,87,-2.5
1988,11,0,29,11.8,39,-2.4
1988,12,11,24.9,8.6,32,-2.2
1989,1,34,21.7,7.5,44,-1.7
1989,2,1,26.3,10.5,21,-1.8
1989,3,16,32,16,26,-1.5
1989,4,0,38.4,20.9,7,-1.5
1989,5,2,42.8,26.9,7,-1.6
1989,6,25,39.2,27.9,27,-2
1989,7,224,35.2,25.6,148,-2
1989,8,280,32.9,24.9,124,-2.3
1989,9,142,33.6,24.3,121,-2.1
1989,10,7,33.7,19.2,81,-2.6
1989,11,1,29.2,12.2,42,-2.4
1989,12,14,23.3,8.4,33,-2.1
1990,1,0,25.7,9.8,27,-2.7
1990,2,15,25.4,12,30,-2.3
1990,3,7,30.6,15.5,16,-2.3
1990,4,2,38.6,21.9,8,-2.2
1990,5,13,40.3,26.5,17,-1.7
1990,6,91,39.7,28.8,90,1.4
1990,7,320,32.7,25.6,129,2.4
1990,8,269,32.4,25.6,121,2.5
1990,9,245,31.8,25,110,3.8
1990,10,10,32.3,19.1,75,2.9
1990,11,0,29.1,12.4,44,2.6
1990,12,17,24.1,8.7,37,2.5
1991,1,12,21.4,7.4,31,2
1991,2,8,26.9,12.5,29,1.8
1991,3,7,32.7,17.1,19,1.5
1991,4,5,37.5,21.4,12,1.4
1991,5,9,42.3,27.8,14,1.3
1991,6,58,39.7,28.5,59,1.3
1991,7,161,36.3,26.9,154,-1.3
1991,8,388,31.8,25.2,106,-1
1991,9,90,32.9,24.8,112,-1.7
1991,10,1,33.4,18.8,75,-2.4
1991,11,2,27.9,12,38,-2.6
1991,12,33,23.8,8.7,42,-1.8
1992,1,23,22.3,8.8,36,-1.7
1992,2,3,24.7,9.9,20,-1.9
1992,3,9,32.6,17.9,18,-1.9
1992,4,1,38.1,22.5,7,-1.9
1992,5,6,41.1,26.2,11,-1.8
1992,6,12,41.3,29.7,14,-2.6
1992,7,146,34.6,27.3,142,-3.8
1992,8,302,31.7,25.7,119,-4.1
1992,9,147,32.2,23.8,125,-3.7
1992,10,92,32,19.8,105,-2.8
1992,11,2,28.1,12.8,46,-2
1992,12,0,24.4,9,33,-1.9
1993,1,6,22.3,9,32,-2
1993,2,8,28.1,12,33,-1.6
1993,3,20,29.8,15.5,33,-1
1993,4,1,37.6,21.3,9,-1
1993,5,8,42,27.5,13,-0.8
1993,6,63,41.2,29.9,64,1
1993,7,175,33.9,27,154,-0.9
1993,8,199,33.1,25,140,-2.1
1993,9,271,31.5,25.5,103,1.9
1993,10,4,32.8,20.2,76,1
1993,11,0,29.6,12.7,42,0.8
1993,12,0,25.3,8.1,28,-1.1
1994,1,42,22.9,10.8,48,0.6
1994,2,8,25.4,11.5,30,0.8
1994,3,0,34.9,17.8,12,-0.5
1994,4,5,37.1,21.5,12,0.1
1994,5,6,42.7,27.6,11,-0.1
1994,6,77,40,28.9,77,0.9
1994,7,444,32.2,26,131,3.5
1994,8,321,31.4,25.8,114,4.2
1994,9,70,32.5,25.1,111,2.6
1994,10,6,32.7,19.2,70,1.5
1994,11,0,28.6,12.8,33,0.9
1994,12,0,24.6,9.2,22,-2.6
1995,1,58,20.9,7.9,58,-1.4
1995,2,5,26.1,11.7,19,-1.6
1995,3,12,30.6,16.2,20,-1.4
1995,4,7,37.1,21.8,12,-1.2
1995,5,0,42.1,27.8,5,-1.5
1995,6,29,42.3,30.6,31,-2
1995,7,186,35,27.4,155,-2.5
1995,8,382,31.4,26.6,113,-2
1995,9,143,33,25.3,124,-1.9
1995,10,12,33.5,21.1,80,-2.3
1995,11,1,29.1,12.7,45,-2.1
1995,12,7,24.3,10.7,32,-2.1
1996,1,32,22.6,9.9,42,-1.6
1996,2,5,27.1,12.4,26,-1.6
1996,3,4,33.9,18.9,15,-1.8
1996,4,3,38.7,22.4,10,-1.6
1996,5,5,41.9,27.8,10,-1.6
1996,6,62,40.4,30.8,63,-1
1996,7,177,34.7,26.8,133,-1.6
1996,8,342,31.3,25.4,102,-1.3
1996,9,214,32.8,25.7,115,1.2
1996,10,131,31.8,20.3,111,2.3
1996,11,0,29.1,12,57,2.8
1996,12,0,25.1,7.4,40,2.6
1997,1,8,22.6,7.4,34,2.1
1997,2,0,25.9,9.5,33,2
1997,3,3,32.4,17.6,21,1.7
1997,4,5,36.7,21.3,15,1.7
1997,5,11,39.8,25.8,17,1.8
1997,6,52,39.3,28.6,54,1.7
1997,7,154,34.6,26.4,132,0.6
1997,8,259,32.1,25.4,121,-1.6
1997,9,159,32.2,24.9,122,-1.3
1997,10,111,31.7,18.2,104,1
1997,11,5,26.2,13.8,45,1.7
1997,12,44,21,9.5,50,3.2
1998,1,0,21.9,7.6,32,2.7
1998,2,4,26.3,11.5,35,3.1
1998,3,25,30.9,15.3,52,4.2
1998,4,9,38.2,22.3,22,4.4
1998,5,2,42.7,27.6,11,3.9
1998,6,59,41.8,30.1,61,3.8
1998,7,218,34.1,26.9,137,3.2
1998,8,315,32.5,25.5,122,2.9
1998,9,143,32,25.7,126,2.5
1998,10,110,31.2,21.8,107,3.1
1998,11,2,29,14,55,3.6
1998,12,0,25.7,8,37,3.3
1999,1,17,21.6,7.7,39,3.1
1999,2,8,27.5,12.7,36,3.3
1999,3,0,34.3,17.5,26,2.9
1999,4,0,40.4,22.2,13,2.7
1999,5,5,40.9,27.1,13,2.4
1999,6,85,39.7,28.7,87,3.2
1999,7,257,34.1,25.7,136,3.2
1999,8,236,32.7,25.9,127,2.3
1999,9,257,32.7,25.1,115,3.8
1999,10,149,32.9,20.8,112,4.9
1999,11,0,30.8,13.8,59,5.1
1999,12,6,25.6,8.6,38,4.9
2000,1,14,23.9,9.1,40,4.4
2000,2,3,25.3,10.4,35,4.3
2000,3,3,32.6,15.7,26,3.9
2000,4,1,40.8,23.9,13,3.6
2000,5,6,41.2,27.6,13,3.2
2000,6,32,38.7,28.3,36,2.6
2000,7,280,33.8,26.5,127,3
2000,8,245,33.1,26.3,129,2.5
2000,9,112,33.2,24.9,124,1.6
2000,10,2,35,20.7,76,0.7
2000,11,1,30.1,14.1,41,-1.7
2000,12,0,26.3,8.7,26,-2.2
2001,1,10,22.3,8.6,26,-2.5
2001,2,2,27.4,12.1,13,-2.9
2001,3,6,33.1,16.8,13,-2.9
2001,4,5,38.1,22,10,-2.6
2001,5,16,41.3,27.4,19,-1.9
2001,6,86,37.3,28.6,85,1.5
2001,7,222,33.4,26.6,129,1.3
2001,8,178,33.2,26.3,134,-1.2
2001,9,54,33.7,26.2,92,-2.4
2001,10,79,33.7,21.5,90,-2.2
2001,11,0,30.1,14,26,-2.6
2001,12,0,23.9,11.2,14,-3
2002,1,16,23.3,8.3,23,-3.1
2002,2,12,27.1,11.8,17,-3.1
2002,3,3,35.1,16.6,7,-3.3
2002,4,1,39.8,24,4,-3.3
2002,5,4,44,28,6,-3.2
2002,6,24,40.6,30,24,-3.5
2002,7,63,36.7,27.5,62,-5.9
2002,8,239,31.8,27,115,-6.3
2002,9,164,30.9,26.2,118,-5.4
2002,10,71,32.8,21.6,95,-4.7
2002,11,0,29.1,14.1,40,-4.2
2002,12,5,25.1,11.3,28,-4
2003,1,20,24,7.7,34,-3.7
2003,2,24,26.6,11.8,37,-2.8
2003,3,2,32.9,16,12,-2.9
2003,4,1,40.3,23.1,7,-2.7
2003,5,3,41.5,27.5,7,-2.6
2003,6,40,41.3,31.2,42,-2.5
2003,7,249,33.7,27.1,128,-1.9
2003,8,176,32.3,26.4,105,-2.5
2003,9,210,32.5,24.7,94,-1
2003,10,28,33.5,19.8,88,-1.3
2003,11,0,29.5,13.7,46,-1.1
2003,12,9,24.9,9.8,32,-1
2004,1,26,22.3,8.6,39,-0.7
2004,2,0,28.5,10.4,25,-0.8
2004,3,0,37.3,17.6,13,-1.2
2004,4,2,41,24,10,-1.2
2004,5,4,42.9,27,9,-1.2
2004,6,94,38.2,29.2,93,1.1
2004,7,72,35.1,27.7,72,-2.4
2004,8,247,32.6,25.7,128,-3.2
2004,9,19,35,25.2,72,-4.7
2004,10,97,32.1,20.2,99,-4.1
2004,11,0,30,12.8,19,-4.6
2004,12,0,26.4,9.7,11,-5
2005,1,9,23.5,8.7,15,-5.1
2005,2,7,26,12.8,11,-5.2
2005,3,26,34.8,17.3,29,-4.3
2005,4,1,38.5,22,4,-4.2
2005,5,4,40,26.7,6,-4
2005,6,16,41.7,31.6,17,-4.5
2005,7,168,33.4,26.6,140,-4.9
2005,8,197,33.9,25.6,144,-5.7
2005,9,133,32.5,26.1,127,-5.2
2005,10,29,32.4,20.3,53,-5.4
2005,11,0,29.1,13.2,13,-5.9
2005,12,1,23.7,8.4,8,-6.1
2006,1,0,23,11,6,-6.6
2006,2,0,30,14.1,4,-6.7
2006,3,36,32.7,15.8,37,-5.4
2006,4,6,38.2,23.4,8,-4.8
2006,5,12,41.6,27.6,14,-4.1
2006,6,39,38.9,29.8,39,-3.9
2006,7,314,34,26,143,-2.6
2006,8,147,31.3,26.9,135,-3.3
2006,9,91,33,25.5,112,-3.8
2006,10,15,33.1,22.1,69,-4.2
2006,11,0,28.6,14.9,31,-4.4
2006,12,2,24.6,10.3,19,-4.6
2007,1,2,24,7.9,12,-5
2007,2,18,26.3,11.7,24,-4.5
2007,3,26,33.1,15.2,29,-3.8
2007,4,3,40.2,23.1,6,-3.6
2007,5,11,40,27.1,13,-3.1
2007,6,43,39.9,29.4,43,-3
2007,7,141,34.1,27.2,136,-4.1
2007,8,217,32.8,26.4,129,-4.9
2007,9,102,33.2,26.6,106,-4.8
2007,10,3,33.2,20.2,31,-5.8
2007,11,0,30.9,12.8,14,-6.3
2007,12,3,23.6,9.8,12,-6.5
2008,1,1,21.3,11.2,7,-6.8
2008,2,0,26.2,9.9,5,-6.9
2008,3,1,36.1,17.7,5,-6.8
2008,4,4,38.7,21.6,6,-6.2
2008,5,12,39.8,27.7,13,-5.4
2008,6,121,36.9,28.5,117,-2.7
2008,7,227,32.8,26.4,123,-2.4
2008,8,289,31.9,26,111,-2.3
2008,9,85,32.4,26.1,109,-2.9
2008,10,12,34.1,20.9,75,-3.3
2008,11,1,30.5,13.5,38,-3.3
2008,12,0,26.7,10.7,23,-3.5
2009,1,6,24.2,10.4,24,-3.8
2009,2,0,28.5,13.9,13,-4
2009,3,2,34.8,17.6,10,-4.1
2009,4,1,40.2,22.8,6,-4
2009,5,27,42.1,28.7,30,-2.7
2009,6,11,41.5,30.9,14,-3.5
2009,7,139,34.4,27.7,134,-4.5
2009,8,122,33.8,26.5,117,-5.8
2009,9,187,32.8,25.4,126,-4.6
2009,10,116,32.7,20.6,114,-3.7
2009,11,3,29,14.1,21,-3.6
2009,12,4,25.2,10.5,14,-4.1
2010,1,5,23.7,6.8,12,-4.4
2010,2,7,27.8,11.8,12,-4.5
2010,3,0,36.5,18.3,4,-4.7
2010,4,0,42,25.2,3,-4.6
2010,5,1,42.9,28.6,3,-4.6
2010,6,6,40.9,31.2,8,-5.3
2010,7,145,35,28,138,-5.9
2010,8,206,32,27.4,119,-6.6
2010,9,122,31.9,26.4,108,-5.9
2010,10,12,33.5,21.4,49,-6.3
2010,11,2,30.5,13.8,18,-6.3
2010,12,4,24.2,8.8,13,-6.4
2011,1,3,22.2,7.5,10,-6.6
2011,2,7,26.5,13.1,12,-6.4
2011,3,2,34.4,17.7,5,-6.3
2011,4,3,38.1,22.3,5,-5.8
2011,5,12,41.8,28.1,13,-5.1
2011,6,145,37.4,29.6,140,-2
2011,7,210,33.9,27.1,132,-2.1
2011,8,349,32.1,26.4,117,-1.6
2011,9,190,32.4,25.7,125,-0.9
2011,10,1,32.9,21,79,-1.6
2011,11,0,30.6,13.7,42,-1.6
2011,12,0,24.6,9.4,26,-1.9
2012,1,41,20.8,8.6,47,-1.1
2012,2,0,25.2,13,21,-1.3
2012,3,3,32.7,17.5,14,-1.5
2012,4,4,38.7,22.8,11,-1.3
2012,5,5,42.4,28.2,10,-1.3
2012,6,10,42,32.3,13,-2.4
2012,7,260,34.8,27.1,141,-1.8
2012,8,343,31.8,25.9,106,-1
2012,9,270,32.5,25.9,121,2.7
2012,10,3,31.7,21.2,78,1.6
2012,11,0,27.6,13,42,1.3
2012,12,3,23.7,10.2,29,0.8
2013,1,13,22.4,7.4,30,-1.3
2013,2,19,28,9.9,34,-1
2013,3,14,33.9,17.1,24,-0.9
2013,4,3,38.3,22.5,9,-0.8
2013,5,1,42.9,28.5,5,-1.1
2013,6,148,37.9,28.9,144,2.6
2013,7,365,33.3,26.9,129,4.1
2013,8,315,31.5,26.3,117,4.7
2013,9,72,32.7,26.7,107,3.1
2013,10,155,31.9,20.8,111,4.2
2013,11,0,27.6,12.9,54,4.5
2013,12,8,24.3,9.6,39,4.4
2014,1,57,21.8,8.9,56,5.3
2014,2,19,24.7,11.2,44,5.9
2014,3,15,32,16.2,56,6.7
2014,4,7,38.1,22.1,25,6.7
2014,5,6,40.4,26.8,16,6.2
2014,6,36,41.3,31.3,41,5.2
2014,7,185,34.2,28.3,149,4
2014,8,214,33.4,26.8,136,2.5
2014,9,116,33.1,25.3,119,1.9
2014,10,69,32.7,21,86,1.6
2014,11,0,29.5,14.2,32,1
2014,12,10,22.9,9.3,25,0.7
2015,1,51,21.1,8,51,1.4
2015,2,2,28.1,12.7,12,1
2015,3,44,31.8,15.9,49,2.1
2015,4,8,37.8,21.6,13,2.1
2015,5,3,42.2,28.8,7,1.7
2015,6,55,38.8,30.7,55,1.7
2015,7,246,33,27.5,147,1.6
2015,8,219,32.1,27,125,0.7
2015,9,46,34,26.3,102,-2.2
2015,10,16,33.8,21.6,63,-2.9
2015,11,0,29.5,15.4,26,-3.3
2015,12,2,24.1,10,16,-3.6
2016,1,17,24.3,9.7,25,-3.9
2016,2,3,28.6,13,9,-4.2
2016,3,10,34.9,18.4,14,-3.8
2016,4,2,40.7,23.8,5,-3.8
2016,5,7,42.9,27.6,10,-3.2
2016,6,45,41.5,30.1,45,-2.9
2016,7,333,34.2,26.4,130,-2.5
2016,8,300,32.8,25.8,124,-3
2016,9,122,33.8,25.5,123,-4.1
2016,10,45,33.9,20.5,93,-4.2
2016,11,1,29.8,13.1,49,-4.4
2016,12,5,26.3,10.3,32,-4.6
2017,1,19,23.2,8.8,34,-4.6
2017,2,4,28.4,12.9,26,-4.8
2017,3,7,33.8,17.3,19,-4.8
2017,4,3,40.4,23.4,10,-4.6
2017,5,10,42.6,27.6,15,-4.3
2017,6,62,38,27.9,62,-4.3
2017,7,234,34.1,26.3,137,-4.3
2017,8,236,33.3,26.3,129,-5
2017,9,170,33.9,25.7,129,-5.5
2017,10,32,34.7,21.2,90,-6.3
2017,11,2,29.4,12.8,47,-6.7
2017,12,7,25.5,9.8,31,-6.8
2018,1,12,24.1,9.5,33,-7
2018,2,4,28.7,13.2,26,-6.8
2018,3,5,35,18.4,17,-6.6
2018,4,4,40,23.1,11,-5.7
2018,5,5,43.1,27.9,10,-5.2
2018,6,51,40.7,29.3,52,-4.9
2018,7,241,34.3,26.5,144,-3.4
2018,8,277,32.7,25.7,117,-2.3
2018,9,171,32.8,24.5,120,-1.4
2018,10,32,33.6,20.3,88,-1.6
2018,11,1,30,13.4,47,-1.4
2018,12,8,23.9,8.1,34,-1.6
2019,1,24,22.5,8.2,36,0.1
2019,2,18,25.5,10.3,34,0.8
2019,3,7,32,15.8,24,0.7
2019,4,12,39.6,22.8,22,1.3
2019,5,4,41.9,26.9,10,1
2019,6,26,40.9,29.5,30,-0.4
2019,7,301,35.1,27.3,147,0.7
2019,8,353,33,26.1,126,1.5
2019,9,189,33.1,24.8,104,2.2
2019,10,38,33,19.8,80,1.8
2019,11,2,30.2,13.6,46,2
2019,12,30,22.3,6.5,42,2.7
