Product: Historical Climate - TerraClimate(http://www.climatologylab.org/terraclimate.html) 
Location (Lat/Lon of 4-km Grid Cell Center): 29.3542 North,78.1458 East 
Data Source: NW Climate Toolbox(https://climatetoolbox.org/tool/point-data-download)
Download Date: 07/24/2020
Variable List: 
ppt: ppt (Precipitation)
tmax: tmax (Maximum Temperature)
tmin: tmin (Minimum Temperature)
aet: aet (Actual Evapotranspiration)
PDSI: pdsi (Palmer Drought Severity Index (PDSI))
********************************************************
Year,Month,ppt(mm),tmax(degC),tmin(degC),aet(mm),PDSI(unitless)
1958,1,41,21.6,9.6,46,0.2
1958,2,5,23.8,9.4,41,-0.3
1958,3,19,30.8,15.9,61,-0.6
1958,4,2,38.1,21.9,19,-0.8
1958,5,2,40.4,25.1,12,-1.1
1958,6,24,40.3,27.4,29,-1.9
1958,7,510,32.4,26.6,131,1.3
1958,8,334,32.3,25.7,102,2
1958,9,399,31,24.4,117,3.4
1958,10,125,30.3,18.2,101,4.2
1958,11,2,26.9,11.6,45,4.1
1958,12,22,22.5,8.9,39,4.1
1959,1,63,20.3,7.8,55,4.5
1959,2,12,23,8.9,45,4.3
1959,3,15,31.3,15.2,65,4.1
1959,4,2,36.2,20.6,23,3.6
1959,5,15,39.3,25.2,26,3.4
1959,6,35,39.6,27.8,40,2.6
1959,7,377,32.4,26.3,145,2.5
1959,8,244,32.1,26.1,118,2.1
1959,9,223,31.5,25,115,1.9
1959,10,74,31,19.2,92,2
1959,11,8,26.8,10.7,47,2.3
1959,12,0,23.2,8.1,30,1.7
1960,1,40,19.8,7.2,46,1.7
1960,2,0,27.6,11.8,34,1
1960,3,42,28.8,14.2,63,1.2
1960,4,2,35.1,19.2,16,0.9
1960,5,4,40.8,25.4,12,-0.4
1960,6,34,40.4,27.5,38,-1.3
1960,7,391,33.2,26,127,-0.8
1960,8,340,32,26.2,113,1.2
1960,9,127,32.8,24.4,121,-0.8
1960,10,200,30.7,17.6,112,2.4
1960,11,0,27.3,9.1,51,2.5
1960,12,10,22.8,8.1,35,2.2
1961,1,63,20.6,8.1,49,2.8
1961,2,42,21.6,8.2,57,3.5
1961,3,3,30.4,15.6,56,3.4
1961,4,3,36,19.6,27,3.1
1961,5,7,39.8,24.9,19,2.7
1961,6,62,39.2,26.9,66,2.8
1961,7,329,33.2,26.4,134,2.3
1961,8,447,31.8,25.7,112,3.9
1961,9,163,31.8,24.7,116,3
1961,10,189,30.4,18.3,101,4.8
1961,11,2,24.1,10.8,41,4.6
1961,12,20,19.9,5.6,34,4.6
1962,1,78,19.6,6.6,50,5.5
1962,2,17,24.3,10.4,45,5.5
1962,3,25,29.5,14.9,66,6
1962,4,2,36.7,20.5,48,6.6
1962,5,5,39.8,24.8,23,6
1962,6,46,40,27,53,5.1
1962,7,344,34.1,27,139,4.5
1962,8,221,33,25.8,111,3.8
1962,9,420,31.1,23.8,119,5.2
1962,10,1,30.8,17.6,65,3.9
1962,11,6,26.6,11.3,42,3.4
1962,12,18,21.3,7.6,31,3.1
1963,1,13,21.1,6.4,28,2.1
1963,2,12,26.3,10.7,33,1.5
1963,3,39,29.5,14.4,53,1.2
1963,4,4,35.1,19.8,13,0.9
1963,5,10,38.8,23.8,16,0.6
1963,6,60,39,27,62,0.6
1963,7,227,35,27.1,141,-2.1
1963,8,351,31.7,25.6,118,-1.8
1963,9,386,31.5,23.4,119,1.5
1963,10,17,32,18.9,76,0.7
1963,11,11,27,13,44,0.7
1963,12,26,22.9,7,39,0.9
1964,1,11,19,6.6,29,-0.6
1964,2,4,23.7,9.7,27,-1.3
1964,3,10,31.8,16,26,-2
1964,4,2,36.8,20.8,12,-2.2
1964,5,14,38.6,22.6,20,-2
1964,6,24,39.4,27.3,27,-2.7
1964,7,635,32,25.2,136,2.2
1964,8,336,32.7,25.8,126,2.6
1964,9,332,31.3,23.9,118,3.3
1964,10,1,31.3,18,69,2.2
1964,11,2,26.9,9.4,36,1.6
1964,12,16,22,7.9,33,1.3
1965,1,19,22.7,9.1,33,-1.6
1965,2,25,23.3,9.5,40,-1.6
1965,3,19,29.2,13.7,34,-2
1965,4,7,33.7,18.3,16,-1.9
1965,5,7,38.6,23.9,13,-2
1965,6,13,40.4,28,16,-3.1
1965,7,325,33.6,25.8,148,-3.1
1965,8,202,32.7,24.9,129,-3.6
1965,9,171,32.3,23.4,131,-3.7
1965,10,39,31.5,18.6,83,-3.6
1965,11,2,27.9,11.9,42,-3.2
1965,12,0,22.4,6.4,26,-3.4
1966,1,5,22.7,7,24,-3.9
1966,2,21,26.5,11.7,38,-3.7
1966,3,7,30.4,14.6,23,-4.2
1966,4,1,35.8,20.4,10,-4.2
1966,5,19,40.7,24.1,24,-3.6
1966,6,89,38.8,26,89,-2.4
1966,7,260,35.2,25.7,152,-2.8
1966,8,346,32.4,25.5,125,-2.5
1966,9,134,32.1,23,131,-3.1
1966,10,70,31.7,17.6,94,-2.6
1966,11,7,26.4,10.7,43,-1.9
1966,12,5,22.4,6.1,32,-2
1967,1,9,20.2,6.2,27,-2.4
1967,2,7,26.8,10.6,33,-2.5
1967,3,63,28.6,13.6,75,-1.4
1967,4,1,35.3,19,17,-1.3
1967,5,2,39.7,23.7,10,-1.6
1967,6,40,40.4,27.1,44,-1.8
1967,7,371,33.9,25.6,132,-1.4
1967,8,446,31.5,25.1,117,1.9
1967,9,194,32,23.1,119,1.5
1967,10,48,30.9,16.8,83,1.3
1967,11,5,26,10.4,39,1.4
1967,12,58,22,7.4,49,2.7
1968,1,54,19,6.8,48,3.2
1968,2,14,22.1,7.7,41,3.2
1968,3,17,30,13.9,58,3.5
1968,4,2,35.7,19.3,29,3.5
1968,5,2,39.5,23.8,15,2.9
1968,6,52,39.8,26.7,58,2.6
1968,7,399,33.4,25.2,137,2.7
1968,8,246,32.5,25.1,126,2.3
1968,9,95,34.4,23.5,115,1
1968,10,51,30.9,17.2,81,0.8
1968,11,1,28,9.8,38,0.6
1968,12,10,22.5,7.7,30,-1.3
1969,1,21,20.5,7.8,33,-1.5
1969,2,12,24.1,10.8,31,-1.7
1969,3,21,34.5,15,38,-2
1969,4,3,35.5,20.3,13,-2
1969,5,11,38.6,23.4,17,-1.8
1969,6,36,40.1,27.4,39,-2.2
1969,7,360,34,25.3,146,-2
1969,8,251,33.1,25.4,113,-1.8
1969,9,368,31.8,23.6,117,1.3
1969,10,4,32.2,18.6,69,-0.7
1969,11,0,28.9,11.3,37,-1
1969,12,0,23.8,7.2,21,-1.4
1970,1,68,20.9,7.8,51,0.8
1970,2,31,23.4,8.8,44,1.3
1970,3,40,29.2,14.5,61,1.5
1970,4,0,37.9,20.8,18,1.2
1970,5,21,40.8,25.4,30,1.5
1970,6,85,37.9,25.4,88,2.3
1970,7,214,35.1,25.8,135,1.2
1970,8,291,32.7,25.4,124,-1.4
1970,9,236,32.7,24.3,119,-1.1
1970,10,47,32.5,18.3,83,-1.1
1970,11,0,27.7,9.4,41,-1
1970,12,0,23.6,7.5,26,-1.4
1971,1,34,19.8,6.6,39,-1.2
1971,2,18,24.8,9.2,37,-1.1
1971,3,10,30.5,14.6,36,-1.5
1971,4,7,37.3,20.2,19,-1.2
1971,5,22,38.1,23.3,29,-0.6
1971,6,102,37.1,26.2,102,2
1971,7,351,32.5,25.3,124,1.9
1971,8,388,31.8,24.5,104,3
1971,9,262,32.3,22.6,121,3.1
1971,10,111,31.1,17.8,105,3.6
1971,11,6,27.3,10.6,48,3.7
1971,12,1,24.2,7.4,33,3.1
1972,1,15,21.9,8.4,32,2.4
1972,2,22,22.1,7.8,42,2.4
1972,3,8,31.4,15.2,45,1.9
1972,4,5,35.4,18.5,21,1.8
1972,5,1,41.9,24.9,10,1.2
1972,6,32,40.5,27.1,36,-1.3
1972,7,375,35.1,25.8,148,-1.1
1972,8,282,32.6,25,131,-0.9
1972,9,233,31.9,22.2,119,-0.6
1972,10,64,30.7,17.4,86,0.2
1972,11,8,26.9,11.5,43,0.8
1972,12,7,22.6,8.4,34,0.6
1973,1,53,20.1,7.8,51,1
1973,2,15,25.4,10.3,39,1
1973,3,16,29.7,14.3,52,1
1973,4,0,38.7,20.9,17,0.7
1973,5,9,41.1,24.8,19,-0.1
1973,6,72,39,26.9,74,0.5
1973,7,243,34.2,25.8,139,-0.7
1973,8,322,32,24.9,121,-0.7
1973,9,166,32.8,23.8,116,-1.1
1973,10,153,30.6,17.6,101,1.6
1973,11,1,27.4,10,42,1.7
1973,12,11,20.7,6.1,36,1.6
1974,1,8,20.4,6.9,30,0.9
1974,2,5,23,8.6,32,0.6
1974,3,9,31.7,16.2,45,-0.3
1974,4,1,38.4,20.8,16,-1
1974,5,6,39.9,24.2,15,-1.1
1974,6,34,38.5,26.2,38,-1.4
1974,7,345,33.4,25.3,137,-1.3
1974,8,171,33.1,25.2,121,-2
1974,9,61,33.4,23.2,95,-3
1974,10,64,31.6,18.7,84,-2.5
1974,11,0,26.7,9.8,35,-2.5
1974,12,19,20.6,6.5,33,-2.2
1975,1,58,18.8,6.6,54,-1.4
1975,2,14,22.8,8.6,36,-1.3
1975,3,21,29.1,14,45,-1.4
1975,4,0,36.3,19.8,13,-1.5
1975,5,3,40.9,25,11,-1.8
1975,6,82,37.6,25.7,84,-1
1975,7,365,32.5,24.6,137,-0.8
1975,8,297,31.8,25.3,111,0.4
1975,9,375,30.4,23.7,129,2.2
1975,10,111,31.5,18.9,107,2.8
1975,11,0,26.5,9.3,48,2.8
1975,12,0,23.1,7.3,30,2.2
1976,1,11,21.2,8.5,30,1.5
1976,2,28,23.7,10.4,47,1.6
1976,3,15,28.6,14.7,48,1.3
1976,4,4,35.2,18.8,19,1.1
1976,5,17,39.7,23.5,25,1.2
1976,6,61,36.8,25.7,64,1.2
1976,7,379,33.7,26.1,139,1.3
1976,8,369,30.9,24.5,122,2.2
1976,9,122,32.8,21.9,109,1.1
1976,10,18,32.4,17.2,72,-1.2
1976,11,2,28.7,11.5,41,-1.3
1976,12,2,22.5,7.7,26,-1.7
1977,1,52,20.3,7.9,51,-1.1
1977,2,2,24.7,9.2,27,-1.5
1977,3,2,32.6,15.3,21,-2.3
1977,4,14,35.7,19.7,24,-1.8
1977,5,17,37.3,22.5,23,-1.5
1977,6,58,37.2,26.3,60,-1.3
1977,7,504,31.8,25.1,142,1.4
1977,8,185,32.3,25.4,117,0.6
1977,9,250,31,23.4,128,0.8
1977,10,63,31.7,18.1,90,0.8
1977,11,0,28.5,12.4,41,0.8
1977,12,24,22.9,8.4,40,1
1978,1,7,19.9,6.7,27,-0.6
1978,2,24,22.5,9.2,41,0.2
1978,3,58,26.9,12.8,74,1
1978,4,4,36.3,19.2,22,1.1
1978,5,2,43.1,26.3,12,0.6
1978,6,84,39,26.6,86,1.3
1978,7,324,32.1,25.3,124,1.1
1978,8,330,31.6,25.4,120,1.6
1978,9,316,31.2,23.7,114,2.4
1978,10,10,31.5,18,67,1.5
1978,11,8,25.2,12,36,1.4
1978,12,11,22.8,7.4,29,1.1
1979,1,41,20.6,7.6,45,1.1
1979,2,44,21.9,8.6,52,1.8
1979,3,28,27.2,13.5,59,1.8
1979,4,5,36.8,20.6,19,1.6
1979,5,14,38.5,23.4,22,1.5
1979,6,48,39.2,26.4,52,1.2
1979,7,247,33.8,25.7,148,-0.7
1979,8,135,33.8,25.4,138,-2.3
1979,9,62,32.8,23,91,-3
1979,10,9,32,18.9,32,-4
1979,11,9,27,14,20,-4.5
1979,12,17,22.5,8.6,23,-4.4
1980,1,9,20.7,7.6,14,-5
1980,2,11,25.3,10.7,14,-5.5
1980,3,43,28.6,14.2,44,-5.1
1980,4,1,38.4,21.1,4,-5.2
1980,5,5,42.2,26.5,7,-5.3
1980,6,71,38.3,26.3,69,-4.4
1980,7,577,32.3,25.7,133,-2.2
1980,8,238,32.8,25.1,123,-2.2
1980,9,181,32.5,23.6,123,-2.4
1980,10,48,31.2,18.7,85,-2.2
1980,11,4,27.2,11.2,43,-1.9
1980,12,29,22.7,8.2,41,-1.3
1981,1,55,19.8,8.1,50,-0.6
1981,2,11,25.1,10.4,39,-0.6
1981,3,47,28.3,14.2,68,2
1981,4,1,36.8,19.8,21,1.8
1981,5,13,40,24.7,23,1.8
1981,6,96,39.6,27.2,98,2.6
1981,7,392,32.4,25.7,137,2.6
1981,8,152,32.9,25.7,130,1.3
1981,9,122,33.1,23.8,123,-1.9
1981,10,1,31.1,17.5,71,-2.5
1981,11,28,24.9,10.8,47,-1.7
1981,12,4,21.6,6.9,25,-2
1982,1,49,20.5,8.9,48,-1.5
1982,2,13,21.9,9.3,32,-1.5
1982,3,78,26.5,12.7,84,1.4
1982,4,17,34.5,18.9,32,1.9
1982,5,24,36.4,22.6,32,2.4
1982,6,48,38.6,26.3,52,1.9
1982,7,292,35.1,26.4,160,1.2
1982,8,328,32.4,25.3,118,1.3
1982,9,57,33,23,105,-1.7
1982,10,57,31.1,18.6,82,-1.6
1982,11,8,26.3,12.1,38,-1.6
1982,12,20,22.3,8.8,34,-1.5
1983,1,79,19.8,7.5,53,1
1983,2,15,22.3,8.4,37,1.1
1983,3,18,28.1,13.9,47,0.7
1983,4,14,32.4,17.3,28,1
1983,5,25,37.5,23.2,32,1.5
1983,6,56,37.3,26,59,1.3
1983,7,284,33.5,25.6,139,0.7
1983,8,262,32.4,25.7,104,-0.3
1983,9,299,32.5,24.1,103,0.8
1983,10,125,30,17.6,104,1.8
1983,11,1,26.9,10,47,2
1983,12,11,21.8,8,34,1.9
1984,1,11,19.3,7.1,32,1.2
1984,2,29,22.3,8.2,49,1.5
1984,3,5,32.2,16.2,44,0.9
1984,4,8,36.2,20,24,1
1984,5,5,42.6,26.2,14,-0.4
1984,6,64,39.4,27.4,67,0.3
1984,7,236,31.7,26.1,140,-0.9
1984,8,270,32.9,24.9,116,-1.4
1984,9,160,31,23.1,122,-1.8
1984,10,3,31.1,17,71,-2.4
1984,11,1,26.5,10.4,37,-2.5
1984,12,10,22.4,8.3,29,-2.6
1985,1,28,19.8,7.3,35,-2.6
1985,2,1,25.9,9.6,27,-3.2
1985,3,4,32.4,16.9,17,-4.1
1985,4,8,36.6,20.4,16,-3.9
1985,5,7,40.6,24.9,13,-3.8
1985,6,46,38.8,26.6,47,-3.8
1985,7,522,32.4,25.4,132,-2.1
1985,8,260,32.7,25.5,123,-1.9
1985,9,220,32.2,23.4,120,-1.7
1985,10,247,29.4,17.1,98,4
1985,11,0,26.5,11.7,46,3.9
1985,12,47,22.6,8.8,52,4.7
1986,1,24,20.4,7.7,39,4.1
1986,2,28,23.3,9.7,49,4.3
1986,3,25,28.8,14.5,64,4.6
1986,4,5,35.4,19.4,31,4.5
1986,5,19,37.6,22.4,31,4.5
1986,6,47,38.3,26.3,53,3.8
1986,7,279,32.4,25.3,137,3
1986,8,200,32.8,25.3,133,1.6
1986,9,163,32.6,23.1,129,0.8
1986,10,53,30,18.1,84,0.7
1986,11,5,27.1,12.2,43,0.9
1986,12,28,20.6,6.3,39,1.3
1987,1,42,21.1,7.8,46,1.4
1987,2,19,25.4,11.3,42,1.4
1987,3,21,30.6,16,56,1.3
1987,4,3,36.5,20.5,19,1.1
1987,5,31,36.5,22.2,39,1.8
1987,6,20,39.3,26.9,25,-1.2
1987,7,188,35.6,26.6,179,-2.4
1987,8,194,33.8,25.8,141,-3.6
1987,9,86,34,24.4,96,-3.8
1987,10,48,31.8,18.9,60,-4.1
1987,11,0,28.9,10.6,9,-5.1
1987,12,17,22.5,8.5,22,-5
1988,1,9,22.1,9.3,13,-5.5
1988,2,13,25.6,11.1,16,-5.9
1988,3,46,29.3,14.9,46,-5.5
1988,4,7,37.4,21.1,8,-5.3
1988,5,7,41.4,26,8,-5.3
1988,6,58,38.4,26.1,56,-4.7
1988,7,387,32.5,26,118,-3.9
1988,8,406,31.8,25.1,115,-2.1
1988,9,291,32.2,24.3,120,-1.3
1988,10,10,31.3,17.9,75,-1.8
1988,11,0,26.9,10.8,36,-1.9
1988,12,21,22.6,7.7,34,-1.7
1989,1,111,18.7,6.7,56,2.5
1989,2,6,22.9,9.3,40,2.3
1989,3,40,28.9,14.6,71,2.8
1989,4,0,34.8,18.6,26,2.4
1989,5,5,39.6,24.5,17,2
1989,6,32,37.1,25.8,38,1.2
1989,7,303,34.1,25.3,142,0.8
1989,8,252,32.1,24.7,118,-1.3
1989,9,220,32.5,23.3,124,-1.2
1989,10,14,31.3,17.7,75,-1.7
1989,11,15,26.3,10.9,44,-1.3
1989,12,9,21,7.5,27,-1.3
1990,1,1,23.2,9.9,26,-2.3
1990,2,47,22.7,10.2,52,-1.4
1990,3,27,26.8,13.1,46,-1.3
1990,4,2,34.9,19.1,13,-1.4
1990,5,20,39,24.9,26,-0.9
1990,6,57,38.7,27.6,59,-0.9
1990,7,401,32.6,25.5,126,0.5
1990,8,308,32.2,25.3,112,1.3
1990,9,304,31.3,24.5,104,2
1990,10,14,29.7,17.4,72,1.2
1990,11,7,26.9,11.4,41,1.1
1990,12,47,21.7,8.1,49,1.9
1991,1,1,18.4,6.4,24,0.9
1991,2,34,23.5,10.6,45,1.1
1991,3,11,29.2,15,36,0.6
1991,4,5,34.2,18.8,17,-0.1
1991,5,14,39.4,24.9,21,-0.7
1991,6,34,38.1,26.3,38,-1.2
1991,7,151,35.4,27,145,-2.5
1991,8,343,32,25.3,120,-2.9
1991,9,112,31.9,24.2,113,-3.5
1991,10,2,30.7,16.9,71,-4
1991,11,13,25.5,10.6,40,-3.5
1991,12,34,21.7,7.9,40,-2.7
1992,1,57,20.3,8.8,55,-1.9
1992,2,22,22.3,8.4,41,-1.6
1992,3,14,28.4,15.6,39,-1.8
1992,4,2,34.9,19.9,15,-1.8
1992,5,7,38.2,23.5,15,-1.8
1992,6,26,38.8,26.9,30,-2.5
1992,7,210,32.2,26.1,145,-3.2
1992,8,239,31.8,25.3,104,-3.9
1992,9,155,31.6,22.9,120,-4
1992,10,49,30.3,17.9,84,-3.7
1992,11,23,26,11.2,47,-2.5
1992,12,0,22.8,8.3,28,-2.7
1993,1,35,19.2,8,44,-2.4
1993,2,19,26,11.3,41,-2.1
1993,3,23,26.4,13.4,53,-1.9
1993,4,3,35,18.8,17,-1.7
1993,5,7,39.9,25.3,15,-1.8
1993,6,97,39,27.5,98,1
1993,7,389,32.2,26,140,1.2
1993,8,167,33.5,25.6,138,-1
1993,9,406,30.6,24.5,106,1.8
1993,10,1,30.7,18.6,71,0.7
1993,11,0,27.7,12,36,-1.1
1993,12,0,23.4,7.6,23,-1.7
1994,1,55,20.5,9.9,53,-1.1
1994,2,16,22.8,10.4,35,-1.2
1994,3,2,31.6,16.3,19,-2.3
1994,4,6,34,19.3,16,-2.1
1994,5,11,40.5,25.3,17,-2
1994,6,47,39.2,27.5,50,-2
1994,7,566,32.2,26.3,128,1.7
1994,8,314,31.5,25.9,110,2.1
1994,9,61,31.4,24,103,0.7
1994,10,2,30.4,17.6,61,-2
1994,11,1,26.7,11.9,29,-2.5
1994,12,2,22.4,9,18,-2.9
1995,1,97,18.5,7.1,54,-1.2
1995,2,31,23.6,10.1,46,-0.6
1995,3,32,27.9,14.7,58,1.7
1995,4,5,34.1,19.3,19,1.4
1995,5,1,40.3,25.8,9,0.8
1995,6,27,40.6,28.2,32,-1.4
1995,7,212,33.8,27,137,-2.2
1995,8,507,30.6,26,120,-0.6
1995,9,300,32,24.4,118,1.9
1995,10,3,31.3,19.3,69,1
1995,11,3,26.9,11.6,39,0.6
1995,12,2,21.5,9.4,24,-1.4
1996,1,35,19.9,9.1,41,-1.4
1996,2,24,24.6,11.2,40,-1.4
1996,3,11,30.6,17.2,28,-2
1996,4,2,36,20.6,12,-2.1
1996,5,7,38.9,25,12,-2.2
1996,6,105,38.4,28.2,104,-0.6
1996,7,204,33.6,26.3,135,-1.5
1996,8,310,31.2,25.1,108,-1.7
1996,9,251,31.5,24.6,110,-1.2
1996,10,96,29.8,18.6,100,0.6
1996,11,0,26.3,10.9,48,1.1
1996,12,0,22.7,6.8,31,0.7
1997,1,19,19.9,6.9,34,-0.3
1997,2,4,23.7,8.9,35,-1
1997,3,14,29.2,15.7,38,-1.4
1997,4,17,34.3,19.3,28,-0.7
1997,5,20,37,23.3,27,0.4
1997,6,95,36.5,25.9,95,1.7
1997,7,156,33.9,26.1,125,-1.2
1997,8,244,31.6,25.2,129,-2.2
1997,9,134,31.6,24.3,115,-2.6
1997,10,138,28.9,16.1,92,-1
1997,11,23,23.3,11.9,47,2.2
1997,12,56,18.3,8,45,3.6
1998,1,0,19.5,7,31,2.8
1998,2,22,23.8,10.2,47,3.1
1998,3,48,27.6,13.6,76,4.2
1998,4,7,35.9,20.3,46,5.1
1998,5,8,40.4,25.4,24,4.7
1998,6,82,39.2,27.5,87,4.9
1998,7,289,33.3,26.3,134,4
1998,8,273,32.3,25.6,126,3.4
1998,9,296,31.2,25,123,3.7
1998,10,234,29,20.1,99,6.2
1998,11,12,26.3,12.4,49,6.2
1998,12,0,23.3,7.3,31,5.3
1999,1,71,19.5,7.9,53,5.8
1999,2,6,25.5,11.6,42,5.3
1999,3,1,31.1,16.5,56,4.6
1999,4,0,37.8,20.7,20,3.9
1999,5,7,39.2,25.6,17,3.4
1999,6,72,37.8,26.6,75,3.5
1999,7,247,33.8,25.8,135,2.5
1999,8,142,32.6,26.5,122,0.8
1999,9,211,32.3,24.9,103,0.8
1999,10,96,31,19.6,98,1.4
1999,11,0,28.3,12.8,49,1.5
1999,12,5,23.6,8,31,1.2
2000,1,43,21.1,8.5,49,1.3
2000,2,46,21.9,8.6,56,2.2
2000,3,26,29,14.1,62,2.6
2000,4,2,38.1,21.7,23,2.5
2000,5,15,40.3,26.6,26,2.4
2000,6,85,37,26.7,88,3.1
2000,7,383,32.4,26.2,131,3.1
2000,8,252,32.6,26.2,130,2.6
2000,9,87,32.5,24.4,112,1.2
2000,10,3,32.7,19.2,65,-1.9
2000,11,8,27.5,13.2,37,-2.1
2000,12,0,23.9,8.4,21,-2.7
2001,1,24,19.7,8,33,-2.9
2001,2,13,25.2,11.2,28,-3.3
2001,3,6,30,15.4,15,-4
2001,4,13,35.5,20.1,18,-3.5
2001,5,33,39.7,25.6,36,-2.4
2001,6,78,36.1,26.9,78,-1.4
2001,7,230,33,26.7,133,-2
2001,8,155,33.5,26.5,137,-3.2
2001,9,70,32.7,25,97,-3.8
2001,10,14,31.8,20.1,43,-4.4
2001,11,0,27.8,12.6,14,-5
2001,12,1,21.8,10.4,9,-5.4
2002,1,39,20.9,7.8,40,-5
2002,2,27,24.2,10.2,31,-4.9
2002,3,15,31.7,14.9,18,-5.3
2002,4,3,37.1,21.9,6,-5.2
2002,5,3,41.8,25.7,5,-5.2
2002,6,37,38.7,27.7,37,-5.2
2002,7,73,35.5,26.8,71,-6.9
2002,8,167,32,27.2,121,-7.7
2002,9,360,29.3,24.4,114,-5.6
2002,10,8,30.6,19.9,70,-5.8
2002,11,0,27,13,37,-5.4
2002,12,14,22.7,10.2,30,-5.1
2003,1,62,21.3,6.9,57,-4
2003,2,49,23.7,10.2,57,-2.7
2003,3,14,29.8,14.6,44,-2.8
2003,4,2,37.3,20.8,16,-2.6
2003,5,4,38.7,24.7,12,-2.7
2003,6,79,39.1,28.5,81,-1.8
2003,7,599,32.4,26.2,126,2.7
2003,8,158,32.1,26.3,114,1.6
2003,9,159,32,23.9,106,1
2003,10,68,31.5,18.3,94,1.1
2003,11,11,26.5,11.6,46,1.4
2003,12,33,21.9,8.1,41,2
2004,1,20,20.4,8.6,35,1.5
2004,2,3,26.1,9.4,37,1
2004,3,0,34.5,16.5,30,-1.4
2004,4,1,38.5,22.2,15,-1.4
2004,5,13,40.8,24.9,21,-1.3
2004,6,68,36.3,26.8,70,-0.7
2004,7,47,34.3,27.3,49,-2.8
2004,8,193,32.5,25.6,130,-3.9
2004,9,25,33.8,23.8,49,-4.6
2004,10,205,29.5,18.1,98,-2.3
2004,11,0,27.7,11.5,37,-2.2
2004,12,3,24.3,8.9,25,-2.5
2005,1,15,20.4,7.5,27,-2.8
2005,2,50,22.7,10.8,56,-1.8
2005,3,37,31.3,15.6,56,-1.6
2005,4,2,35.7,19.9,13,-1.6
2005,5,1,37.3,24,8,-1.9
2005,6,39,39.2,28.6,42,-2.3
2005,7,290,32.5,26.1,134,-2.4
2005,8,127,34.2,25.9,133,-3.6
2005,9,295,31.9,25.3,119,-2.6
2005,10,24,30.5,18.9,76,-2.8
2005,11,1,27.1,12.1,42,-2.6
2005,12,0,21.4,7.4,23,-2.9
2006,1,9,20.7,10.7,27,-3.4
2006,2,1,28.2,13.6,25,-4.1
2006,3,34,30,14.8,44,-3.9
2006,4,1,35.9,21.8,8,-3.9
2006,5,20,40.2,26.1,24,-3.2
2006,6,65,36.8,27.2,65,-2.6
2006,7,486,33.8,26.2,139,-1.4
2006,8,112,31.5,27.2,125,-2.6
2006,9,232,32,24.3,130,-2.3
2006,10,41,30.8,20.2,84,-2.3
2006,11,7,26.7,14,44,-1.9
2006,12,9,22.1,9.1,31,-2
2007,1,2,21.8,7.7,25,-2.7
2007,2,46,24,10.6,53,-1.8
2007,3,78,30.1,14,90,1.6
2007,4,7,38.4,21.9,22,1.6
2007,5,28,38.3,25.4,35,2.1
2007,6,74,38.5,27.5,76,2.4
2007,7,156,33.5,27.1,145,0.9
2007,8,228,33.1,26.7,127,-2.4
2007,9,105,32.2,25.4,108,-2.7
2007,10,7,31.4,18.9,52,-3.5
2007,11,2,28.6,11.4,22,-4
2007,12,2,21.1,8.6,13,-4.4
2008,1,9,18.5,10.3,16,-4.8
2008,2,3,23.8,8.7,8,-5.4
2008,3,1,33.3,16.6,5,-6.2
2008,4,12,35.7,19.2,14,-5.7
2008,5,5,37.6,25.4,7,-5.5
2008,6,70,36.1,27.2,69,-4.2
2008,7,235,32.7,26.8,121,-4.4
2008,8,284,31.7,25.8,114,-4.4
2008,9,174,31.4,24.8,121,-4.4
2008,10,8,32.2,19.4,71,-4.6
2008,11,2,28.5,12.4,39,-4.4
2008,12,1,24.2,9.5,24,-4.5
2009,1,9,21.5,9.6,26,-4.8
2009,2,8,25.6,12.3,29,-5.2
2009,3,10,31.8,16.3,21,-5.5
2009,4,3,37.5,20.7,10,-5.4
2009,5,30,39.8,26.3,34,-4.2
2009,6,10,39.1,28,13,-5.3
2009,7,171,33.7,27.4,153,-6
2009,8,167,33.8,26.6,131,-6.8
2009,9,328,31.6,23.9,121,-5.2
2009,10,119,30.9,19.3,111,-3.8
2009,11,17,26.7,12.7,51,-2.5
2009,12,3,22.8,9.4,32,-2.4
2010,1,13,21.9,6.8,34,-2.6
2010,2,28,25.4,10.7,50,-1.9
2010,3,0,33.9,17.4,41,-2.3
2010,4,0,39.7,23.6,17,-2.3
2010,5,4,40.8,26.4,13,-2.3
2010,6,4,38.5,28.4,10,-3.4
2010,7,296,33.6,27,136,-3.4
2010,8,326,31.6,27,110,-2.6
2010,9,372,30.7,25,99,-0.9
2010,10,19,31.4,19.9,73,-1.3
2010,11,21,28.2,12.5,46,-0.7
2010,12,9,21.9,7.8,29,-0.8
2011,1,12,19.6,6.7,30,-1.3
2011,2,44,23.8,11.7,52,1.1
2011,3,8,31.3,16.2,34,-0.5
2011,4,5,35.2,20.1,18,0.1
2011,5,13,40.2,26.5,20,0.1
2011,6,96,36.1,27.8,96,1.6
2011,7,260,33,26.7,133,0.8
2011,8,346,32,26.3,119,1
2011,9,261,31.8,24.9,126,1.2
2011,10,5,31,19.6,72,-0.7
2011,11,3,28.8,12.9,39,-0.9
2011,12,2,23,9.1,23,-1.4
2012,1,30,18.1,7.8,37,-1.4
2012,2,2,22.3,11.3,25,-1.9
2012,3,18,29.6,16.1,31,-2.5
2012,4,8,35.5,20.4,16,-2.3
2012,5,1,40.2,25.9,7,-2.6
2012,6,5,40.1,29.9,9,-4
2012,7,214,34.5,27.3,146,-4.5
2012,8,396,31.8,25.9,113,-3.7
2012,9,460,31.8,25.1,121,-1.3
2012,10,11,29.3,19.3,73,-1.8
2012,11,3,25.8,12.2,38,-1.8
2012,12,12,21.5,9.3,30,-1.9
2013,1,60,19.7,6.6,57,-1.1
2013,2,65,24.5,7.7,65,2.5
2013,3,15,30.5,15.4,48,2
2013,4,6,35.7,20.7,21,1.9
2013,5,2,40.8,26.3,11,1.3
2013,6,104,37.2,27.6,104,2.6
2013,7,438,32.9,26.9,124,3.1
2013,8,217,31.5,26.4,117,2.4
2013,9,122,31.6,25.4,118,1.3
2013,10,138,30.7,20.1,99,2.5
2013,11,2,25.9,12.2,48,2.6
2013,12,10,22.5,9.1,34,2.4
2014,1,28,19.6,8.7,39,2.1
2014,2,48,22.2,10,56,2.9
2014,3,42,28.8,14.7,69,3.8
2014,4,5,35.1,19.8,37,4.2
2014,5,19,37.9,24.3,33,4.3
2014,6,32,39.5,29,39,3.2
2014,7,186,33.4,27.9,143,1.8
2014,8,139,33.4,26.7,134,-3.1
2014,9,145,32.3,24.4,127,-3
2014,10,109,30.8,19.6,102,-2
2014,11,1,27.2,12.8,25,-2.2
2014,12,17,21,8.6,25,-2.3
2015,1,50,19.3,8.1,49,-1.8
2015,2,11,25.3,11.2,19,-2.2
2015,3,79,28.9,14.7,81,-1
2015,4,13,35.3,19.8,17,-0.7
2015,5,3,39.9,26.4,6,-1.1
2015,6,75,36.6,28,74,0.5
2015,7,364,32,26.9,140,0.8
2015,8,220,32,27,119,-0.3
2015,9,71,33.1,25.1,113,-1.5
2015,10,12,31.7,20,65,-2.1
2015,11,2,27.1,13.9,32,-2.5
2015,12,2,22.1,9.3,20,-2.9
2016,1,3,22,9,17,-3.5
2016,2,5,26.7,11.4,17,-4.1
2016,3,40,31.8,17.1,45,-4.1
2016,4,2,37.7,22.5,7,-4.2
2016,5,15,41,26.4,18,-3.9
2016,6,33,39.3,28.9,34,-3.4
2016,7,517,33.2,27,134,-2.9
2016,8,165,32,26.5,125,-3.8
2016,9,118,33.1,25.2,123,-4.6
2016,10,8,32.3,20.1,73,-4.7
2016,11,1,27.9,13.1,40,-4.9
2016,12,1,24.8,9.9,22,-5.2
2017,1,48,20.1,9.7,49,-3.9
2017,2,4,26.3,12.2,25,-4.1
2017,3,15,31.3,16.3,25,-4.4
2017,4,10,38,22.2,17,-4.3
2017,5,22,39.8,26.5,26,-4
2017,6,115,36.4,25.6,113,-3.8
2017,7,368,32.9,26.9,132,-4.3
2017,8,205,33,26.7,123,-5
2017,9,285,32.5,25.4,121,-4.5
2017,10,2,32.8,20.4,72,-4.9
2017,11,8,26.8,12.1,40,-4.7
2017,12,2,22.9,10.2,23,-4.6
2018,1,11,22.7,9.3,29,-4.9
2018,2,2,26.3,12.6,23,-4.8
2018,3,7,32.6,17.4,18,-5.2
2018,4,3,37.5,21.9,10,-4.5
2018,5,8,40.5,26.4,13,-4.2
2018,6,59,38.4,28.3,60,-3.8
2018,7,361,33,27,129,-3.4
2018,8,297,32.6,26.6,111,-2.2
2018,9,285,31.5,24.6,109,-0.6
2018,10,7,30.1,19.5,68,2
2018,11,22,26.8,13.1,47,2.4
2018,12,14,21.4,8.2,31,1.8
2019,1,52,20,7.6,43,1.1
2019,2,39,23.2,9.2,45,1.8
2019,3,10,28.3,13.8,51,1.5
2019,4,10,36.5,20.3,27,1.7
2019,5,5,40,24.9,15,1.2
2019,6,11,39.6,27.8,17,-1.3
2019,7,312,33.9,26.5,141,-1.5
2019,8,223,33.6,26.7,130,-2
2019,9,155,33.4,25,121,-2.4
2019,10,21,31.6,18.8,72,-2.6
2019,11,17,28,12.5,48,-2
2019,12,36,20.5,6.1,40,-1.1
