Product: Historical Climate - TerraClimate(http://www.climatologylab.org/terraclimate.html) 
Location (Lat/Lon of 4-km Grid Cell Center): 37.0208 North,-95.6042 East 
Data Source: NW Climate Toolbox(https://climatetoolbox.org/tool/point-data-download)
Download Date: 07/24/2020
Variable List: 
ppt: ppt (Precipitation)
tmax: tmax (Maximum Temperature)
tmin: tmin (Minimum Temperature)
aet: aet (Actual Evapotranspiration)
PDSI: pdsi (Palmer Drought Severity Index (PDSI))
********************************************************
Year,Month,ppt(mm),tmax(degC),tmin(degC),aet(mm),PDSI(unitless)
1958,1,28,8.2,-4.9,27,-1.4
1958,2,24,5.6,-5.9,7,-1.2
1958,3,142,8.8,-0.9,58,0.9
1958,4,73,19.7,7.3,94,1
1958,5,85,26.5,14,113,0.6
1958,6,115,31,17.4,124,-0.2
1958,7,165,31.7,20.1,162,1.3
1958,8,60,32.7,18.6,62,0.7
1958,9,119,28.7,16.3,116,0.7
1958,10,6,23.4,7.6,8,-1.5
1958,11,47,18.3,2.7,46,-1.9
1958,12,17,8.1,-5.2,18,-2.2
1959,1,18,5.3,-6.7,3,-2.2
1959,2,44,9.8,-3.4,47,-2.1
1959,3,70,16.6,1.5,70,-2.3
1959,4,63,21.9,7.5,62,-2.8
1959,5,140,26.5,15.6,134,-2.5
1959,6,82,30.6,17.5,79,-2.9
1959,7,161,30.6,18.4,154,-1.6
1959,8,43,33.3,20,42,-2.4
1959,9,146,29.7,15.4,139,-2
1959,10,232,20.7,7.2,91,1.8
1959,11,27,12.9,-2.2,53,1.3
1959,12,56,11.6,-0.3,52,1.2
1960,1,32,6.4,-3.6,21,1
1960,2,51,6.2,-5.3,13,1.4
1960,3,36,8.4,-3.6,57,0.9
1960,4,73,22.6,8.6,108,0.7
1960,5,171,25.4,11.5,150,1
1960,6,67,30.3,18,98,-0.5
1960,7,100,31.8,19.2,105,0.3
1960,8,125,32.2,19.3,124,0.7
1960,9,25,31.1,15.5,27,-1.2
1960,10,106,25.1,10,101,-1
1960,11,27,17.3,2.2,28,-1.7
1960,12,63,7.8,-3.9,40,-1.4
1961,1,9,8.2,-8,10,-1.6
1961,2,33,11.3,-1.5,38,-1.7
1961,3,91,16.6,2.9,86,-1.5
1961,4,86,20,5.8,87,-1.5
1961,5,250,24,11.9,136,1.3
1961,6,110,29,16.5,138,1.6
1961,7,141,31.7,19.2,159,2.7
1961,8,127,30.9,18.2,134,3.2
1961,9,216,26.8,14.3,124,4
1961,10,86,23.4,9.1,98,3.8
1961,11,92,13.1,1.9,59,3.8
1961,12,40,6.5,-3.9,21,3.7
1962,1,24,4.3,-8.3,0,3.4
1962,2,22,12,-1.9,52,2.8
1962,3,51,14.3,-0.2,74,2.1
1962,4,56,20.1,6.4,85,1.4
1962,5,37,30,16.7,50,-2.5
1962,6,115,29.3,17.5,116,-2.4
1962,7,60,33.2,20.1,61,-2.4
1962,8,53,34.5,18.4,53,-3
1962,9,249,26.8,15,111,-1.1
1962,10,58,24,11.1,83,-1.1
1962,11,40,15.1,2.3,51,-1.2
1962,12,21,9.1,-3.1,31,-1.6
1963,1,27,3.8,-10.1,0,-1.4
1963,2,1,10.2,-5.5,35,-1.9
1963,3,66,18.8,3.1,74,-2.2
1963,4,25,23.8,10.4,30,-3.3
1963,5,74,26.5,13.9,74,-3.7
1963,6,67,32.8,19.1,66,-4.3
1963,7,68,34.9,20.8,66,-4.2
1963,8,74,34.8,19.6,71,-4.2
1963,9,43,31.1,16.1,42,-4.7
1963,10,20,29.4,11.1,20,-5.5
1963,11,43,17.9,1.5,42,-5.5
1963,12,14,4.5,-8.5,0,-5.1
1964,1,13,11.1,-4.8,26,-5.6
1964,2,35,9.7,-4.2,34,-5.5
1964,3,59,14.8,-1.4,57,-5.4
1964,4,133,23.4,10,127,-4.6
1964,5,104,26.9,14.9,100,-4.7
1964,6,147,29.9,18,140,-4.2
1964,7,17,35.5,20.6,16,-4.7
1964,8,191,32.3,18.5,180,-2.9
1964,9,64,28.1,15.5,61,-3.1
1964,10,23,22.9,6.1,22,-3.8
1964,11,115,16.7,4.3,69,-3.2
1964,12,24,8.4,-4.1,28,-3.2
1965,1,48,9.9,-3.9,46,-3
1965,2,25,10.4,-5,33,-3.1
1965,3,37,9.8,-3.6,44,-3.3
1965,4,130,24.5,9.8,124,-2.7
1965,5,106,27,15,105,-2.9
1965,6,136,29.9,17.8,132,-2.6
1965,7,64,33.4,20.2,63,-2.6
1965,8,105,33.7,17.9,101,-2.3
1965,9,154,28.7,15.8,131,-1.7
1965,10,6,24.2,7.2,12,-2.6
1965,11,5,19.2,4,8,-3.3
1965,12,74,13.1,0.9,60,-3
1966,1,13,5,-6.7,3,-2.9
1966,2,50,8.9,-4.8,34,-2.4
1966,3,23,17.9,2.4,43,-3.2
1966,4,69,20.6,5.9,73,-3.3
1966,5,83,26,11.3,83,-3.7
1966,6,91,30.4,16.8,89,-3.9
1966,7,66,35.7,22.4,65,-3.8
1966,8,108,31,17.9,104,-3.1
1966,9,71,27.1,13.5,69,-3.3
1966,10,33,22.8,6,33,-3.8
1966,11,11,17.9,3.8,11,-4.4
1966,12,40,8.6,-5.1,32,-4.1
1967,1,38,9.9,-4.6,40,-4
1967,2,19,9.7,-4.7,19,-4.3
1967,3,31,18.5,3.9,30,-4.7
1967,4,108,22.8,11.1,103,-4.2
1967,5,117,24.1,11.1,111,-3.9
1967,6,200,29.4,18.2,150,-2.8
1967,7,122,30.7,18.2,135,-1.6
1967,8,31,30.8,15.9,37,-2.3
1967,9,147,26.2,13.4,110,-1.6
1967,10,110,22.8,8,105,-1.2
1967,11,20,14.5,0.6,35,-1.5
1967,12,35,8.8,-2.1,36,-1.7
1968,1,47,6.2,-4.3,15,-1.4
1968,2,17,7.9,-4.7,31,-1.5
1968,3,92,16,2.2,88,-1.3
1968,4,81,21.7,6.8,94,-1.4
1968,5,115,23.9,11.3,112,-1.2
1968,6,100,30.2,17.9,102,-1.5
1968,7,90,32.2,19.6,89,-1.2
1968,8,122,32,19.8,118,-0.6
1968,9,59,28.8,12.9,58,-1.3
1968,10,89,23.5,8.2,86,-1.4
1968,11,129,12.6,1.3,53,-0.7
1968,12,53,7.7,-4.8,28,0.3
1969,1,43,5.8,-4.4,12,1.1
1969,2,30,10.1,-1.8,49,0.8
1969,3,79,11,-2.3,72,0.8
1969,4,93,22.1,8.5,107,1
1969,5,84,26.2,13.6,111,0.7
1969,6,206,28.9,17,152,1.5
1969,7,32,34.8,21.9,87,1.5
1969,8,70,33.3,18.9,78,1
1969,9,123,29.5,15.7,120,1
1969,10,165,20.5,7.7,86,1.8
1969,11,8,16.2,-0.2,44,1
1969,12,35,8.3,-2.3,36,0.7
1970,1,9,4.1,-8.5,0,-0.3
1970,2,8,11.4,-3,32,-1.6
1970,3,74,11.9,0.1,68,-1.4
1970,4,148,21.7,7.7,116,0.8
1970,5,93,27.3,14.3,120,-0.4
1970,6,131,29.7,17.8,134,0
1970,7,34,34.2,19.2,38,-0.9
1970,8,44,36,20.2,45,-1.7
1970,9,205,29.4,16.7,126,-0.6
1970,10,107,20.1,8.4,87,1.4
1970,11,14,13.5,0.8,44,0.8
1970,12,32,11.8,-1.7,39,-0.4
1971,1,45,6.8,-6,12,0.6
1971,2,57,7.8,-4.7,29,1
1971,3,11,15.2,0.2,67,-1
1971,4,46,22.6,7.7,69,-1.8
1971,5,99,25.1,11.6,103,-2.1
1971,6,113,31.9,19.5,113,-2.2
1971,7,135,32,18.8,131,-1.3
1971,8,29,32.5,17.6,30,-2.1
1971,9,170,28.5,16,136,-1.4
1971,10,134,24.4,11,100,-0.7
1971,11,38,15.6,2.7,52,-0.9
1971,12,99,10.5,0.9,48,1.3
1972,1,6,6.8,-5.6,11,0.7
1972,2,17,11,-3.3,41,-0.4
1972,3,27,18.1,2.8,59,-1.7
1972,4,84,23.5,8.6,90,-2
1972,5,61,25.7,12.2,64,-2.6
1972,6,50,32.4,17.2,51,-3.4
1972,7,127,31.9,19.5,123,-2.6
1972,8,90,33.5,18.8,87,-2.4
1972,9,133,28.7,17.7,127,-2
1972,10,140,20.3,9.1,88,-1.2
1972,11,120,10.1,1.2,40,1.8
1972,12,46,5.2,-4.9,7,2.1
1973,1,104,5.5,-5.4,6,3.6
1973,2,25,9,-3,41,3.1
1973,3,244,16.7,6,79,5.2
1973,4,137,19.1,7.3,109,5.7
1973,5,109,25.4,11,130,5.4
1973,6,104,30.6,17.6,131,4.8
1973,7,93,33.1,20.2,101,4.6
1973,8,43,33.4,18.5,47,3.4
1973,9,216,27,16.9,118,4.2
1973,10,113,24.8,10.8,101,4.3
1973,11,112,17,5,72,4.6
1973,12,82,8.7,-3,45,4.8
1974,1,31,5.3,-6.1,4,4.5
1974,2,48,12.6,-2.4,61,4.2
1974,3,163,18.3,4.6,98,4.7
1974,4,77,22.6,8.5,110,4.3
1974,5,141,26.9,15.1,139,4.1
1974,6,113,28.8,15.7,128,3.7
1974,7,17,36.4,20.4,26,2.6
1974,8,168,31.2,18.3,163,3.5
1974,9,151,24,11.2,107,3.7
1974,10,151,22.5,9.9,99,4.1
1974,11,126,14.4,2.5,60,4.7
1974,12,63,8.8,-2.5,42,4.6
1975,1,81,9.3,-3.5,39,4.9
1975,2,60,6.7,-4.1,26,5
1975,3,104,12.1,0.3,74,4.9
1975,4,51,21.7,7.6,100,4.1
1975,5,132,26.3,13.6,131,3.7
1975,6,135,30.1,17.9,141,3.4
1975,7,37,33.5,19.3,42,2.5
1975,8,146,33.7,19.8,143,3.1
1975,9,72,26.6,12.3,71,2.3
1975,10,45,24.4,8.1,45,1.4
1975,11,56,16.2,3.1,54,1
1975,12,39,10,-2.1,38,-1.5
1976,1,3,8.8,-6.4,4,-2.2
1976,2,19,17.5,1,19,-3.2
1976,3,88,18,3.1,85,-3.1
1976,4,129,22.3,8.5,123,-2.5
1976,5,106,23.3,10.2,101,-2.5
1976,6,103,29.5,15.8,98,-2.6
1976,7,169,32.5,19.1,161,-1.4
1976,8,63,32.5,17.5,60,-1.7
1976,9,71,28.9,14.3,68,-2.2
1976,10,87,19.4,5.1,83,-2.1
1976,11,5,12.3,-2.8,5,-2.9
1976,12,7,9.6,-5.9,7,-3.5
1977,1,21,1.4,-10.9,0,-3.3
1977,2,41,13.1,-2.7,59,-3.4
1977,3,70,18.2,3.8,67,-3.5
1977,4,64,23.5,10,61,-3.9
1977,5,180,27.6,15.6,143,-3
1977,6,165,32.1,18.9,166,-2.5
1977,7,61,34.5,21.4,63,-2.6
1977,8,187,32.3,20,178,-1.1
1977,9,175,28.9,17.4,129,1.9
1977,10,61,22.9,8.6,77,1.5
1977,11,76,15.1,4.2,59,1.4
1977,12,12,9.5,-3.6,26,0.6
1978,1,21,-0.2,-10.3,0,-0.1
1978,2,50,1.7,-7.6,0,0.6
1978,3,70,14.4,0.1,85,0.3
1978,4,87,22.8,9.5,107,0
1978,5,149,24.8,13.1,135,0.4
1978,6,142,30.4,18.4,147,0.7
1978,7,30,36.4,21.5,51,-0.5
1978,8,76,34.6,19.2,80,-0.7
1978,9,29,32.2,18,33,-1.8
1978,10,11,25.2,6.1,13,-2.8
1978,11,116,15.3,3,64,-2.2
1978,12,23,8.8,-4.6,31,-2.3
1979,1,65,-1.3,-12.1,0,-1.4
1979,2,22,3.9,-9.4,0,-1.1
1979,3,79,16,2.3,81,-1.1
1979,4,76,21,7.3,97,-0.8
1979,5,92,25.3,12,116,-0.9
1979,6,142,30,17.6,146,-0.7
1979,7,106,32.7,20.5,111,0.4
1979,8,92,32.3,18.9,92,0.8
1979,9,25,30.1,13.7,27,-1.1
1979,10,73,25.4,8.5,72,-1.5
1979,11,164,13.3,-0.3,52,1
1979,12,13,11.6,-2.5,35,-0.6
1980,1,29,7.6,-3.8,30,-0.8
1980,2,38,7.3,-6.3,13,0.3
1980,3,111,14.5,0.2,84,0.6
1980,4,83,21.3,5.9,104,0.8
1980,5,90,26.6,12.7,113,-0.2
1980,6,59,32.6,19.8,73,-1.1
1980,7,7,39.1,22.8,14,-2.2
1980,8,83,36.9,21.4,83,-2.5
1980,9,61,31.4,17.5,60,-3.1
1980,10,81,23.2,6.5,79,-3
1980,11,22,16.2,1.4,23,-3.5
1980,12,39,10.8,-1.9,38,-3.7
1981,1,7,9.1,-5.6,8,-4.2
1981,2,31,12.1,-2.7,31,-4.4
1981,3,58,17.3,3,56,-4.6
1981,4,65,25.7,11.6,62,-5.1
1981,5,149,23.8,11.5,131,-4.3
1981,6,124,31.1,19.5,121,-3.9
1981,7,73,34.4,22.1,71,-3.7
1981,8,96,31.6,18.6,92,-3.2
1981,9,40,29.6,14.9,40,-3.9
1981,10,158,21.1,8.8,95,-2.8
1981,11,90,16.5,2.9,58,-2.2
1981,12,8,7.8,-3.2,25,-2.5
1982,1,66,5.6,-8.5,2,-1.4
1982,2,18,7.8,-5.1,22,-1.4
1982,3,60,17.6,3,93,-1.7
1982,4,39,20.4,6,87,-2.1
1982,5,245,26,14.2,127,1.4
1982,6,106,27.8,15.9,127,1.8
1982,7,49,33.7,21.1,84,1.9
1982,8,70,34.6,20.8,77,1.3
1982,9,36,29.9,14.8,39,-1.4
1982,10,46,24,6.9,47,-1.9
1982,11,91,14.5,2.4,61,-1.6
1982,12,95,10.9,-0.3,44,-0.7
1983,1,32,7,-3.3,24,-0.7
1983,2,48,9.7,-1.6,38,0.3
1983,3,99,13.7,2.4,71,1.1
1983,4,151,16.7,5.2,89,2.5
1983,5,147,24.3,11.1,137,2.9
1983,6,87,29.3,16.3,122,2.9
1983,7,18,34.6,20.6,44,2.2
1983,8,43,37.6,21.9,50,1.2
1983,9,63,30.7,15.2,65,-1.9
1983,10,213,22.2,10.3,94,1.4
1983,11,71,15.7,4.2,59,1.5
1983,12,26,0.3,-9.4,0,1.6
1984,1,24,5.6,-7.9,2,1.5
1984,2,61,13.5,-1.7,57,1.6
1984,3,168,12.8,1,77,2.8
1984,4,113,18.6,6.8,99,3.4
1984,5,137,24.4,11.8,130,3.7
1984,6,76,31.2,19.2,130,3.3
1984,7,14,34.4,18.7,27,2.2
1984,8,48,35.1,19,52,1.4
1984,9,56,28.5,14.1,57,-2
1984,10,165,21.8,9.5,82,-0.9
1984,11,65,15,1.9,65,-0.7
1984,12,131,11.4,-0.3,55,2.2
1985,1,48,2.8,-8.7,0,2.6
1985,2,131,6,-5.9,6,4.5
1985,3,135,17.7,4.9,91,4.7
1985,4,119,22.6,9.8,117,4.9
1985,5,124,26.2,13.7,133,4.8
1985,6,226,29.3,17,164,5.8
1985,7,48,34.2,19.8,108,5.8
1985,8,133,32.6,19.1,137,5.8
1985,9,164,28.6,15.8,130,5.7
1985,10,126,22.1,9.7,94,5.6
1985,11,159,13.5,1.7,60,6.3
1985,12,34,5.4,-7,3,6
1986,1,0,11.8,-4.6,45,4.5
1986,2,31,11.3,-2.1,44,3.7
1986,3,48,19.3,3.7,77,2.5
1986,4,130,22.6,9.4,124,2.6
1986,5,150,25.6,13.9,133,2.6
1986,6,133,31.7,19.3,135,2.5
1986,7,89,35.3,21.9,96,2.2
1986,8,109,31.1,17.9,110,2.4
1986,9,359,29,17.9,131,4.7
1986,10,197,21.3,9.4,82,6
1986,11,87,12.1,-0.4,48,6
1986,12,28,8.6,-2.3,30,5.2
1987,1,52,6,-5,10,5.2
1987,2,116,12.2,-0.2,50,6.1
1987,3,86,17.1,3.1,87,5.4
1987,4,38,23.6,7,93,4.4
1987,5,190,28.5,15.9,148,4.5
1987,6,88,31.6,18.5,119,3.9
1987,7,100,32.7,20.5,105,3.7
1987,8,151,33.8,19.9,149,4.1
1987,9,98,28.4,14.1,96,3.6
1987,10,61,21.3,5.7,61,2.7
1987,11,136,15.7,4.3,60,3
1987,12,103,8.8,-1.7,40,3.8
1988,1,27,5.5,-6.6,4,3.5
1988,2,22,9.5,-4.8,43,3
1988,3,143,15.5,1.1,89,3.4
1988,4,129,21.6,6.6,126,3.9
1988,5,49,27.3,13.2,105,2.8
1988,6,45,33,17.8,54,1.3
1988,7,102,33.3,20.2,103,1.5
1988,8,64,34.8,20.5,64,0.9
1988,9,186,29.9,14.7,144,1.4
1988,10,32,20,6.6,49,0.8
1988,11,101,17.3,2.5,75,0.8
1988,12,48,11.8,-2.6,51,-1.1
1989,1,38,11.5,-1.8,41,-1.4
1989,2,35,4,-7.2,2,-1
1989,3,95,16.6,1.1,89,-0.8
1989,4,6,22.7,9.1,44,-2.1
1989,5,123,25.5,12.7,126,-2.1
1989,6,170,28.6,16.7,141,-1.3
1989,7,116,31.7,19.6,127,1.3
1989,8,144,31.5,19.1,142,2
1989,9,108,25.6,12.7,104,1.9
1989,10,95,24,8.8,95,1.6
1989,11,1,17.8,1.6,4,-1.3
1989,12,13,4.8,-9.5,0,-1.3
1990,1,65,13.4,-1.8,61,-1.3
1990,2,93,13.3,-1.3,64,-0.7
1990,3,194,15.7,4.5,80,1.9
1990,4,95,20.5,7.4,102,2.2
1990,5,195,23.9,12.1,128,3.3
1990,6,111,32,19.8,156,3.2
1990,7,44,33.2,20,60,2.6
1990,8,60,33.8,19.6,64,1.9
1990,9,101,31.8,16.9,101,1.5
1990,10,54,22.5,6.9,54,0.8
1990,11,56,19.9,5.1,56,-1.7
1990,12,46,7.9,-4.1,33,-1.5
1991,1,39,4.6,-6,3,-1.2
1991,2,6,15.3,-1.3,45,-2
1991,3,28,18.4,3.9,29,-3
1991,4,136,22.3,9.6,114,-2.1
1991,5,124,27.5,16.2,122,-1.9
1991,6,77,31.4,19.7,79,-2.3
1991,7,74,34.7,20.3,74,-2.2
1991,8,49,34.7,19,49,-2.6
1991,9,103,28,14.8,100,-2.5
1991,10,77,24.1,9.1,74,-2.7
1991,11,83,12.3,0.1,52,-2.3
1991,12,103,10.6,0.3,42,-1.2
1992,1,22,10.2,-2,34,-1.5
1992,2,49,14.8,1.4,55,-1.3
1992,3,34,18.1,3.7,68,-2
1992,4,104,21.4,8.1,104,-1.6
1992,5,82,24.3,12.4,87,-2
1992,6,177,27.6,16.7,135,-1.1
1992,7,144,31.8,20,157,1.7
1992,8,69,29.3,16.9,77,1.5
1992,9,131,28.1,14.5,125,1.5
1992,10,47,23.5,7.3,50,0.8
1992,11,168,12.4,2.7,51,1.8
1992,12,123,9.1,-1.9,45,3.1
1993,1,65,5.7,-4.7,11,3.6
1993,2,62,8,-3.8,34,3.8
1993,3,79,13.5,1.7,70,3.5
1993,4,77,18.4,6.4,87,3.5
1993,5,247,24,12.9,115,5.1
1993,6,110,29.3,18.3,134,5.1
1993,7,106,33.6,22.3,135,5.4
1993,8,80,34.3,20.6,87,4.7
1993,9,256,26.5,12.3,124,5.7
1993,10,24,20.3,6.1,62,4.8
1993,11,65,12.5,-0.9,51,4.4
1993,12,42,10.6,-1.8,44,3.8
1994,1,19,5.9,-5.4,10,3.2
1994,2,62,9.1,-5,38,3.4
1994,3,58,18.1,2.5,84,2.6
1994,4,207,21.5,7.7,122,4
1994,5,53,25.4,12.3,103,3.3
1994,6,52,32.6,19.9,66,2
1994,7,165,32.1,19.3,161,2.9
1994,8,107,32.1,18.2,107,2.9
1994,9,78,27.5,13.9,77,2.2
1994,10,129,23.1,9.8,90,2.4
1994,11,158,15.8,4.7,63,3.2
1994,12,21,10.1,-0.2,32,2.6
1995,1,36,8.3,-4,33,2.2
1995,2,17,12.6,-2.2,41,1.6
1995,3,52,16.1,3.1,66,1
1995,4,158,20.5,6.9,113,1.9
1995,5,217,22.6,12.3,104,3.4
1995,6,226,28.9,17.4,140,4.9
1995,7,116,33.1,20.2,155,5.9
1995,8,76,34.5,21.2,95,5.5
1995,9,80,27,14.6,84,4.6
1995,10,11,24.5,7.8,15,2.9
1995,11,5,15.8,-0.8,7,1.6
1995,12,50,8.7,-2.6,39,1.4
1996,1,23,6.4,-7,5,1.1
1996,2,4,12.4,-4.9,26,-2.5
1996,3,44,13.1,-1.7,45,-2.8
1996,4,91,21.6,5.8,89,-2.8
1996,5,56,26.8,15.6,55,-3.7
1996,6,94,30.9,18.2,91,-3.8
1996,7,66,32.9,20.5,64,-3.6
1996,8,118,32.3,19.7,113,-2.7
1996,9,200,27.1,13.6,112,-1.5
1996,10,88,22.2,8.6,91,-1.1
1996,11,140,11.2,0.5,51,2.5
1996,12,5,10.2,-3,31,1.5
1997,1,17,7,-6.5,8,1.1
1997,2,114,10.5,-0.7,44,2.4
1997,3,44,18.3,2,79,1.5
1997,4,80,18.5,5.5,87,1.5
1997,5,122,24.5,10.9,126,1.3
1997,6,168,29.6,17,142,1.8
1997,7,83,33.1,20.4,104,2
1997,8,137,31.3,18.6,137,2.7
1997,9,106,29.5,15.9,107,2.3
1997,10,82,22.4,9.3,80,2
1997,11,45,13,1.2,44,1.5
1997,12,90,7.8,-1.7,31,2.1
1998,1,72,8.9,-1.7,35,2.4
1998,2,14,12.1,0.5,31,1.8
1998,3,153,12.5,1.3,56,2.9
1998,4,95,20.5,7.1,99,3.1
1998,5,70,28.8,15.4,116,2.4
1998,6,67,31.8,18.8,78,1.3
1998,7,130,34.4,21.8,130,1.8
1998,8,36,34.7,20.2,38,0.8
1998,9,171,32.5,18.8,145,1.1
1998,10,209,23.1,10,95,2.5
1998,11,88,17.1,4.9,66,2.7
1998,12,42,10.4,-2.1,40,2.4
1999,1,56,8.3,-4.1,34,2.6
1999,2,44,15.7,1,58,2.2
1999,3,108,14.8,1.7,86,2.3
1999,4,184,21.3,9.3,109,3.9
1999,5,199,25.4,12.7,133,4.9
1999,6,232,28.8,18.2,138,6.3
1999,7,60,34.4,21.6,119,6.5
1999,8,52,35.2,19.6,61,5.1
1999,9,125,27.6,13.7,121,4.7
1999,10,38,24.3,7.6,41,3.4
1999,11,34,21.4,4.9,35,2.2
1999,12,110,11.8,-1.6,51,2.7
2000,1,21,9.3,-3.6,29,2
2000,2,50,15.1,0.4,54,1.6
2000,3,125,17.2,4.3,87,1.9
2000,4,40,21.5,7.2,88,1.1
2000,5,196,27.3,14.4,148,1.6
2000,6,219,28.3,17.1,140,2.8
2000,7,98,32.7,20.2,144,3.8
2000,8,2,37.4,21.5,19,2.1
2000,9,43,31.7,15.2,49,0.8
2000,10,121,24,11,100,1
2000,11,49,11.7,-0.6,46,0.8
2000,12,38,2.1,-8.3,0,1.1
2001,1,63,7,-5,15,1.6
2001,2,101,9.5,-3.2,44,2.7
2001,3,45,13.6,0.8,61,2
2001,4,46,24.3,10.8,91,1.2
2001,5,127,26.7,13.9,127,1
2001,6,114,30.2,17.7,116,0.6
2001,7,46,35.6,22.4,48,-1.5
2001,8,46,34.9,20.1,47,-2.1
2001,9,79,28.2,14.1,77,-2.3
2001,10,98,22.6,7.5,94,-2.1
2001,11,41,18.6,5.4,40,-2.3
2001,12,34,12,-1.6,34,-2.6
2002,1,68,10.7,-4,44,-2.2
2002,2,15,11.2,-3,23,-2.5
2002,3,38,14.6,-0.4,41,-3
2002,4,108,22.5,9.4,105,-2.6
2002,5,191,24.2,12.3,134,-1.6
2002,6,121,31,18.5,134,-1.4
2002,7,92,33.8,20.9,103,-1
2002,8,70,33.7,20.1,74,-1.2
2002,9,85,31.2,16.3,84,-1.5
2002,10,64,18.8,7.5,63,-1.5
2002,11,11,15,0.8,13,-2.2
2002,12,56,10.7,-2.2,46,-2
2003,1,5,7.5,-6.3,7,-2.3
2003,2,56,8.2,-4.5,31,-1.8
2003,3,99,16.4,1.5,83,-1.5
2003,4,73,22.6,8.8,91,-1.7
2003,5,170,25.9,13,139,-1.1
2003,6,143,28.8,16.5,140,-0.6
2003,7,44,35.3,21.1,61,-0.8
2003,8,189,35,20.9,172,1.7
2003,9,79,26.6,13.6,87,1.4
2003,10,74,23.7,8.6,76,1
2003,11,53,15.8,3.3,52,-0.3
2003,12,78,10.7,-1.2,50,0.2
2004,1,61,7.8,-4.7,28,0.6
2004,2,25,9.3,-3.8,35,-0.2
2004,3,166,18,4.7,88,1.2
2004,4,116,21.8,8.8,118,1.8
2004,5,92,27.4,14.8,126,1.5
2004,6,132,28.8,17.3,133,1.7
2004,7,157,31.1,19.1,154,2.8
2004,8,59,30.6,17.2,69,2.3
2004,9,20,30.9,15.3,25,0.9
2004,10,146,23.5,10.7,97,1.4
2004,11,136,15.6,4.7,55,2.2
2004,12,27,11.6,-2.6,40,1.6
2005,1,102,7.9,-3.3,32,2.7
2005,2,57,12.8,0,48,2.7
2005,3,43,16.4,1.8,74,1.9
2005,4,60,22.1,8.6,88,1.3
2005,5,91,26.3,12.9,97,0.6
2005,6,163,31.7,18.8,158,0.8
2005,7,71,33.9,19.8,72,-1.1
2005,8,125,33.8,20.4,121,0.5
2005,9,79,31.3,17.3,77,-0.6
2005,10,63,23.4,9.1,61,-0.9
2005,11,17,18.6,2.8,18,-1.8
2005,12,13,8.8,-4.4,13,-2.3
2006,1,24,15.3,-0.3,24,-3.2
2006,2,3,11.8,-4,4,-4
2006,3,63,17.9,3.7,61,-4.2
2006,4,151,25.9,10.9,144,-3.4
2006,5,103,27.1,14.3,99,-3.7
2006,6,80,31.9,18,77,-4.1
2006,7,58,35.7,21.3,55,-4.1
2006,8,76,35.3,21.4,72,-4.1
2006,9,42,28.2,13.2,40,-4.6
2006,10,38,22.2,7.8,36,-4.9
2006,11,47,17.7,2.9,45,-4.9
2006,12,87,12.2,-0.6,51,-4.1
2007,1,52,6.9,-4.6,17,-3.3
2007,2,30,9.4,-4.3,43,-3.2
2007,3,124,21.1,7.7,99,-2.6
2007,4,94,19.9,6.7,103,-2.1
2007,5,180,26.7,15.7,128,-1.1
2007,6,286,29.6,19,144,3.6
2007,7,85,32.4,20.5,134,4.5
2007,8,59,35.6,22.1,72,3.6
2007,9,80,30.2,16.9,83,2.8
2007,10,155,24.5,10.4,107,3.1
2007,11,11,17.4,2.1,39,2.1
2007,12,64,8.6,-3.4,38,2.1
2008,1,27,8.5,-5.2,28,1.6
2008,2,78,9.7,-4.1,45,2.1
2008,3,115,16.3,1.8,90,2.2
2008,4,163,20.6,6.9,117,3.4
2008,5,201,26.1,13.3,158,4.2
2008,6,270,30.6,18.9,176,5.7
2008,7,88,33.5,20.6,145,6.3
2008,8,107,32,19.5,113,6.1
2008,9,148,27.5,14.7,114,6
2008,10,86,22.7,7.9,88,5.4
2008,11,47,15.7,2,51,4.7
2008,12,42,9.4,-4.9,41,4
2009,1,6,8.5,-6.4,11,3
2009,2,48,14.3,-1.4,52,2.3
2009,3,113,17.5,3.3,97,2.2
2009,4,149,21,7.4,115,2.8
2009,5,140,25.2,13,133,2.9
2009,6,95,31.9,19.5,121,2.4
2009,7,125,32,18.9,128,2.7
2009,8,122,31.5,18,121,2.9
2009,9,178,27.1,14.7,109,3.4
2009,10,184,18,6.5,75,4.6
2009,11,35,18.5,5,53,3.9
2009,12,46,6.5,-4.9,15,3.8
2010,1,52,4.6,-5.8,3,4.1
2010,2,30,6.1,-4.5,14,3.9
2010,3,77,15.9,2.8,77,3.4
2010,4,50,23.9,10.3,102,2.7
2010,5,165,25.9,13.9,137,2.8
2010,6,162,32.7,21,165,3
2010,7,156,33.8,22.1,158,3.8
2010,8,59,36.2,21.3,72,2.9
2010,9,175,29.9,16.4,144,3.2
2010,10,25,25.3,8,44,2.1
2010,11,56,17.2,2.4,59,1.5
2010,12,13,9,-4,18,0.6
2011,1,18,6.6,-7.4,5,-1.7
2011,2,58,9.8,-4.7,38,-1.3
2011,3,49,16.6,3.5,63,-1.7
2011,4,109,23.8,8.8,112,-1.6
2011,5,165,25.5,12.9,141,-1.1
2011,6,66,33.9,20.2,75,-2
2011,7,39,38.2,23.4,43,-2.5
2011,8,103,36.7,21.4,102,-2.2
2011,9,54,28.6,13,54,-2.8
2011,10,62,24.6,8.1,61,-3.1
2011,11,131,16.4,3.1,71,-2.3
2011,12,81,10.8,-1.3,43,-1.5
2012,1,26,12.7,-2.9,48,-1.9
2012,2,80,12.8,-0.4,58,-1.1
2012,3,128,22.9,8.5,108,-0.7
2012,4,120,24.1,11.2,129,1.5
2012,5,61,29.5,15.8,105,-0.8
2012,6,54,33.3,19.2,62,-2
2012,7,25,38.4,22.7,30,-2.7
2012,8,88,35,19,87,-2.7
2012,9,83,30,15.3,81,-2.9
2012,10,60,22.1,7.5,59,-3.1
2012,11,33,18.9,2.2,33,-3.5
2012,12,25,12.1,-1.3,25,-3.9
2013,1,41,10.6,-3.4,40,-3.9
2013,2,69,10.6,-2.9,50,-3.4
2013,3,56,13.9,0.5,58,-3.3
2013,4,124,19.6,6.1,102,-2.5
2013,5,193,25,12.8,125,-1.4
2013,6,89,31.2,18.9,140,-1.5
2013,7,128,33,19.8,134,-0.7
2013,8,169,32.5,19.8,160,2.6
2013,9,70,31.5,16.6,73,1.7
2013,10,123,22.3,8.4,95,1.9
2013,11,38,14.6,1.1,46,1.4
2013,12,33,7.9,-5.5,22,1.2
2014,1,13,8,-7.2,13,0.7
2014,2,27,7.6,-6.1,18,0.7
2014,3,42,15.6,-0.6,65,-1.2
2014,4,58,22.3,7.2,60,-1.8
2014,5,109,27.6,13.8,107,-2.1
2014,6,193,30.2,19.4,154,-1.2
2014,7,59,31.3,18.5,73,-1
2014,8,72,34.4,20,76,-1.3
2014,9,102,29.3,15.7,101,-1.4
2014,10,123,24.5,9.8,107,-1
2014,11,32,13.4,-0.9,37,-1.3
2014,12,40,9.2,0.2,36,-1.4
2015,1,39,9.6,-4.9,37,-1.5
2015,2,28,7.7,-6.6,15,-1.3
2015,3,51,17.9,2.9,65,-1.7
2015,4,96,22.8,9.8,94,-1.8
2015,5,265,24.6,14,121,1.7
2015,6,119,31.7,19.9,146,2
2015,7,176,33.4,21.7,174,3.4
2015,8,122,32,18.6,138,4.1
2015,9,99,31,17.7,106,3.5
2015,10,47,24.2,9.6,50,2.5
2015,11,169,17.8,4.3,68,3.2
2015,12,114,13.9,0.6,53,4.1
2016,1,19,8.3,-4,27,3.3
2016,2,22,15,-0.5,51,2.4
2016,3,72,20,4.9,86,1.6
2016,4,154,23.3,9.6,133,1.5
2016,5,157,24.8,12.8,134,1.5
2016,6,73,33,20.3,105,-1.7
2016,7,135,33.9,21.9,138,1.3
2016,8,135,33,20.6,134,1.8
2016,9,170,30.7,17.2,138,1.6
2016,10,57,26.4,11.8,70,1
2016,11,28,19.8,5.4,34,-1
2016,12,25,9.1,-3.7,27,-1.5
2017,1,64,10.6,-2.5,47,-1.7
2017,2,28,17.3,1.7,35,-2.4
2017,3,104,19.1,5.1,102,-2.7
2017,4,195,22.6,10.2,121,-1
2017,5,135,26.1,12.8,141,-0.6
2017,6,137,29.8,17.3,152,-0.7
2017,7,64,34.1,21.2,81,-0.9
2017,8,167,30.7,18.2,156,1.4
2017,9,67,30.4,16.3,73,0.8
2017,10,111,23.7,9.1,105,1
2017,11,15,17.7,3.6,20,-0.6
2017,12,18,10.2,-2.7,21,-1.5
2018,1,28,8.4,-6.1,20,-2
2018,2,64,11.2,-3.1,49,-1.3
2018,3,54,17.5,2.9,61,-1.7
2018,4,57,19,4.2,59,-2.3
2018,5,104,30.1,16.9,102,-3.3
2018,6,118,33.2,20.7,114,-4.5
2018,7,57,34.4,21.1,56,-3.7
2018,8,153,32.8,20,147,-2.9
2018,9,124,29.3,17.6,115,-2.7
2018,10,182,21.6,9.1,85,-2.4
2018,11,47,12.6,-1,47,-2.5
2018,12,94,9.7,-1.8,38,-2.1
2019,1,69,8.6,-3.7,35,3
2019,2,43,10.4,-3.1,40,2.8
2019,3,94,15,1.3,79,2.7
2019,4,104,22.5,8.8,113,3
2019,5,283,25.9,13.4,122,5
2019,6,149,30.7,18.2,149,5.3
2019,7,51,33.6,20.3,103,5.5
2019,8,124,34,19.8,129,5.5
2019,9,153,33.3,19.7,148,5.1
2019,10,138,20.8,6.5,87,5.2
2019,11,92,13.2,0.4,56,5
2019,12,29,11.7,-0.2,41,4.2
