Product: Historical Climate - TerraClimate(http://www.climatologylab.org/terraclimate.html) 
Location (Lat/Lon of 4-km Grid Cell Center): 29.4792 North,77.7292 East 
Data Source: NW Climate Toolbox(https://climatetoolbox.org/tool/point-data-download)
Download Date: 07/24/2020
Variable List: 
ppt: ppt (Precipitation)
tmax: tmax (Maximum Temperature)
tmin: tmin (Minimum Temperature)
aet: aet (Actual Evapotranspiration)
PDSI: pdsi (Palmer Drought Severity Index (PDSI))
********************************************************
Year,Month,ppt(mm),tmax(degC),tmin(degC),aet(mm),PDSI(unitless)
1958,1,39,21.5,9.3,43,0.5
1958,2,4,23.8,9.2,33,0.1
1958,3,18,30.6,15.6,28,-0.3
1958,4,1,38,21.7,8,-0.1
1958,5,2,40.3,24.9,6,-0.7
1958,6,20,40.5,27.5,22,-1.5
1958,7,475,33.1,27,132,1.5
1958,8,315,32.8,26.1,103,1.9
1958,9,404,31.7,24.7,119,3.7
1958,10,108,30.6,18.2,102,4.4
1958,11,2,27,11.4,45,4.4
1958,12,21,22.5,8.6,36,4.5
1959,1,66,20,7.4,53,5
1959,2,10,22.7,8.6,40,5
1959,3,13,31,14.9,32,4.5
1959,4,1,36.1,20.4,10,4.2
1959,5,12,39.2,25.1,17,3.9
1959,6,30,40,28,32,3.1
1959,7,339,33,26.5,146,2.9
1959,8,260,32.5,26.4,118,2.5
1959,9,216,32.2,25.3,116,2.4
1959,10,63,31.5,19.3,90,2.5
1959,11,8,26.8,10.5,44,2.7
1959,12,0,23.1,7.8,23,2
1960,1,44,19.5,6.8,45,2.1
1960,2,0,27.4,11.5,13,1.2
1960,3,39,28.5,13.9,44,1.5
1960,4,1,34.8,18.9,6,1.3
1960,5,2,40.9,25.3,5,0.8
1960,6,31,40.7,27.6,32,-1
1960,7,353,33.8,26.3,129,0.4
1960,8,353,32.4,26.6,113,1.2
1960,9,106,33.5,24.8,116,-0.8
1960,10,165,31.1,17.6,114,2.2
1960,11,0,27.4,8.9,51,2.5
1960,12,12,22.8,7.8,31,2.3
1961,1,63,20.4,7.8,47,3
1961,2,39,21.5,8,52,3.9
1961,3,3,30.1,15.3,27,3.4
1961,4,2,35.7,19.4,12,3.2
1961,5,5,39.8,24.8,11,2.9
1961,6,54,39.5,27.1,56,2.9
1961,7,293,33.8,26.7,135,2.4
1961,8,457,32.2,26.1,113,4.1
1961,9,157,32.5,25.1,119,3.3
1961,10,166,30.7,18.1,103,5
1961,11,2,24.3,10.6,42,5
1961,12,19,19.9,5.4,31,5
1962,1,80,19.4,6.3,48,5.9
1962,2,15,24.2,10.2,42,6.2
1962,3,22,29.2,14.6,60,6.8
1962,4,1,36.6,20.4,14,6.4
1962,5,3,39.7,24.7,10,5.7
1962,6,37,40.2,27.1,39,4.7
1962,7,321,34.6,27.2,139,4.3
1962,8,205,33.4,26.2,112,3.3
1962,9,422,31.8,24.2,121,5
1962,10,1,31.1,17.6,66,3.8
1962,11,7,26.7,11,36,3.2
1962,12,19,21.3,7.3,26,3
1963,1,11,20.6,6,18,2
1963,2,11,26.1,10.5,15,1.3
1963,3,32,29.3,14.2,34,1.2
1963,4,2,35,19.6,5,0.9
1963,5,7,38.6,23.6,9,0.7
1963,6,52,39.5,27.3,51,0.6
1963,7,204,35.7,27.5,148,-2
1963,8,345,32.1,26,119,-1.7
1963,9,347,32.3,23.8,121,1.5
1963,10,11,32.4,18.9,76,0.8
1963,11,10,27.1,12.8,38,0.6
1963,12,25,22.8,6.7,32,0.7
1964,1,12,18.8,6.2,19,-1
1964,2,4,23.5,9.4,9,-1.6
1964,3,7,31.5,15.7,11,-2.2
1964,4,1,36.7,20.6,4,-2.2
1964,5,11,38.6,22.5,13,-1.9
1964,6,20,39.7,27.4,20,-2.6
1964,7,587,32.6,25.6,142,2.4
1964,8,363,33.1,26.1,127,3
1964,9,300,31.9,24.3,120,3.7
1964,10,0,31.5,18,70,2.5
1964,11,1,27,9.1,28,1.9
1964,12,15,22.1,7.5,25,1.4
1965,1,19,22.5,8.8,24,0.6
1965,2,22,23.2,9.3,25,-1.8
1965,3,16,29.2,13.5,18,-2.1
1965,4,5,33.5,18.2,7,-1.9
1965,5,7,38.5,23.7,8,-1.9
1965,6,9,40.7,28.1,10,-3
1965,7,289,34.1,26.1,151,-3.1
1965,8,187,33,25.1,133,-3.7
1965,9,153,33,23.8,133,-3.9
1965,10,37,31.9,18.6,83,-3.7
1965,11,2,28.1,11.7,38,-3.3
1965,12,0,22.3,6,18,-3.5
1966,1,4,22.5,6.8,13,-4
1966,2,20,26.4,11.4,25,-3.9
1966,3,7,30.2,14.3,10,-4.1
1966,4,0,35.7,20.2,3,-4
1966,5,15,40.6,23.9,16,-3.4
1966,6,86,39.1,26.2,84,-2
1966,7,216,35.7,25.9,154,-2.6
1966,8,352,32.8,25.8,128,-2.2
1966,9,136,32.6,23.2,133,-2.7
1966,10,69,32,17.5,94,-2.1
1966,11,6,26.5,10.6,40,-1.5
1966,12,5,22.3,5.8,26,-1.5
1967,1,7,19.9,5.9,20,-2
1967,2,7,26.6,10.4,16,-2.2
1967,3,63,28.4,13.3,65,-0.9
1967,4,1,35.2,18.8,4,-0.9
1967,5,1,39.6,23.6,4,-1.2
1967,6,32,40.7,27.3,33,-1.5
1967,7,341,34.5,26,134,-1.1
1967,8,449,31.9,25.5,117,2.1
1967,9,189,32.7,23.5,120,1.7
1967,10,53,31.3,16.8,85,1.7
1967,11,6,26.2,10.3,37,1.9
1967,12,60,22.1,7.2,47,3.3
1968,1,48,18.8,6.5,45,3.7
1968,2,13,21.8,7.4,36,4
1968,3,16,29.8,13.7,36,3.9
1968,4,1,35.6,19.2,11,3.8
1968,5,1,39.5,23.8,7,3.2
1968,6,43,40.2,26.9,45,2.8
1968,7,374,34.1,25.6,140,3
1968,8,249,33,25.5,128,2.4
1968,9,67,35.2,24,107,1.1
1968,10,53,31.3,17.1,77,0.9
1968,11,1,28.1,9.6,27,-1.4
1968,12,10,22.5,7.4,21,-1.5
1969,1,18,20.3,7.5,23,-1.9
1969,2,11,23.9,10.4,15,-2.2
1969,3,20,34.3,14.7,22,-2.3
1969,4,2,35.4,20.2,4,-2.2
1969,5,9,38.6,23.3,10,-1.9
1969,6,31,40.4,27.5,31,-2.3
1969,7,313,34.7,25.8,149,-2.2
1969,8,240,33.5,25.9,115,-2.2
1969,9,307,32.6,24,119,-1
1969,10,3,32.6,18.6,69,-1.6
1969,11,0,29.1,11.1,29,-1.8
1969,12,0,23.8,7,11,-2.1
1970,1,68,20.7,7.5,49,-1.1
1970,2,29,23.3,8.7,37,1.4
1970,3,40,29,14.3,47,1.7
1970,4,0,37.7,20.6,5,1.3
1970,5,15,40.8,25.4,18,1.5
1970,6,80,38.2,25.6,78,2.3
1970,7,197,35.7,26.1,140,1.2
1970,8,292,33.1,25.7,124,0.6
1970,9,233,33.4,24.7,121,0.9
1970,10,34,32.8,18.4,79,0.6
1970,11,0,27.8,9.2,36,0
1970,12,0,23.5,7.2,18,-1.3
1971,1,31,19.6,6.3,34,-1.2
1971,2,17,24.7,9,23,-1.2
1971,3,8,30.4,14.5,12,-1.7
1971,4,3,37.3,20.2,6,-1.5
1971,5,18,38.3,23.3,19,-0.9
1971,6,93,37.6,26.4,90,1.8
1971,7,308,33.2,25.7,125,1.7
1971,8,412,32.2,24.8,104,3.1
1971,9,220,33,23,122,2.9
1971,10,78,31.5,17.8,94,3.1
1971,11,6,27.5,10.5,44,3.4
1971,12,1,24.2,7.2,26,2.7
1972,1,15,21.6,8,25,2
1972,2,19,22,7.6,29,1.8
1972,3,7,31.1,14.9,14,1.2
1972,4,3,35.3,18.5,7,1.1
1972,5,0,41.9,24.8,3,0.6
1972,6,30,40.8,27.2,30,-1.6
1972,7,326,35.7,26.1,151,-1.5
1972,8,285,32.9,25.4,131,-1.3
1972,9,182,32.6,22.5,121,-1.3
1972,10,56,31.2,17.3,83,-1
1972,11,10,27.1,11.3,41,0.5
1972,12,8,22.7,8.1,29,-0.1
1973,1,54,20,7.4,50,1
1973,2,13,25.4,10.2,30,1.1
1973,3,13,29.5,13.9,22,0.8
1973,4,0,38.5,20.7,6,0.6
1973,5,7,41.1,24.7,11,0
1973,6,63,39.4,27.1,62,0.4
1973,7,229,34.8,26.1,142,-0.7
1973,8,336,32.4,25.2,121,0.3
1973,9,136,33.7,24.2,119,-0.9
1973,10,123,31.1,17.6,102,1.3
1973,11,1,27.5,9.8,43,1.7
1973,12,14,20.7,5.8,35,1.8
1974,1,8,20.2,6.6,25,1.1
1974,2,3,22.8,8.4,22,0.9
1974,3,8,31.5,15.9,17,-0.4
1974,4,0,38.3,20.7,6,-0.9
1974,5,5,39.9,24.1,8,-1
1974,6,27,38.7,26.2,28,-1.3
1974,7,306,34.1,25.7,140,-1.3
1974,8,163,33.6,25.7,122,-2.3
1974,9,49,34.2,23.7,93,-3.2
1974,10,61,31.7,18.4,80,-2.8
1974,11,0,26.8,9.6,27,-2.7
1974,12,16,20.7,6.3,25,-2.5
1975,1,52,18.6,6.3,50,-1.8
1975,2,11,22.6,8.2,18,-1.9
1975,3,19,28.9,13.7,22,-1.9
1975,4,0,36.1,19.6,3,-1.9
1975,5,2,40.8,24.8,4,-2.1
1975,6,69,37.9,25.9,68,-1.4
1975,7,345,33.1,24.9,141,-1
1975,8,294,32.3,25.6,114,-0.6
1975,9,347,31.1,24,131,2.1
1975,10,101,31.7,18.8,104,2.8
1975,11,0,26.5,8.9,47,2.9
1975,12,0,23.1,7,24,2.4
1976,1,15,21,8.2,27,1.8
1976,2,25,23.5,10.1,37,1.8
1976,3,15,28.4,14.4,21,1.4
1976,4,2,35.1,18.7,7,1.2
1976,5,13,39.6,23.5,15,1.3
1976,6,56,37,25.7,55,1.4
1976,7,358,34.3,26.4,142,1.5
1976,8,358,31.3,24.8,123,2.2
1976,9,115,33.5,22.2,111,1.3
1976,10,17,32.7,17.1,72,0.7
1976,11,2,28.7,11.2,34,-1.2
1976,12,2,22.5,7.4,16,-1.6
1977,1,54,20.1,7.6,50,-1
1977,2,1,24.5,9,9,-1.4
1977,3,1,32.4,15.1,6,-2
1977,4,9,35.5,19.5,12,-1.5
1977,5,13,37.4,22.5,15,-1.2
1977,6,59,37.6,26.4,57,-0.9
1977,7,470,32.5,25.5,146,1.8
1977,8,195,32.7,25.6,119,0.9
1977,9,243,31.7,23.7,131,1.1
1977,10,61,32.1,18.1,90,1.2
1977,11,0,28.6,12.3,38,1.3
1977,12,23,23,8.2,35,1.5
1978,1,6,19.7,6.4,21,0.7
1978,2,23,22.5,9,32,0.7
1978,3,50,26.9,12.6,53,1.3
1978,4,3,36.2,19.2,6,1.2
1978,5,1,43,26.2,4,0.7
1978,6,79,39.4,26.9,78,1.5
1978,7,303,32.7,25.6,125,1.3
1978,8,345,32,25.7,122,1.9
1978,9,288,31.9,24.1,115,2.6
1978,10,8,31.9,17.9,66,1.7
1978,11,7,25.2,11.8,31,1.6
1978,12,9,22.8,7.1,22,1.2
1979,1,44,20.4,7.4,44,1.3
1979,2,40,21.9,8.5,45,1.8
1979,3,28,27.1,13.1,33,1.7
1979,4,3,36.7,20.5,7,1.6
1979,5,10,38.4,23.2,12,1.5
1979,6,45,39.6,26.7,45,1.2
1979,7,220,34.5,26,152,-0.8
1979,8,130,34.3,25.8,136,-2.2
1979,9,63,33.3,23.1,82,-2.8
1979,10,8,32.3,18.8,17,-4
1979,11,8,26.9,13.7,13,-4.4
1979,12,14,22.5,8.3,17,-4.4
1980,1,10,20.5,7.3,12,-4.8
1980,2,9,25.1,10.5,11,-5
1980,3,38,28.5,13.9,37,-4.3
1980,4,1,38.2,21,2,-4.2
1980,5,4,42.2,26.5,5,-4.2
1980,6,62,38.8,26.6,60,-3.4
1980,7,525,33,26.1,133,-1.2
1980,8,214,33.3,25.5,125,-1.7
1980,9,140,33.3,23.9,128,-2.2
1980,10,43,31.6,18.6,85,-2
1980,11,5,27.3,11,40,-1.6
1980,12,31,22.5,7.8,39,-0.9
1981,1,58,19.7,7.9,48,1.6
1981,2,10,25,10.2,29,1.5
1981,3,43,28.1,14,50,2
1981,4,1,36.6,19.7,6,1.7
1981,5,9,40.1,24.7,12,1.5
1981,6,85,40,27.4,84,2.2
1981,7,346,33,26.1,138,2.3
1981,8,154,33.3,26,132,0.7
1981,9,104,33.9,24.1,119,-2
1981,10,1,31.4,17.4,67,-2.6
1981,11,29,25,10.6,41,-2.3
1981,12,3,21.7,6.7,12,-2.7
1982,1,49,20.3,8.6,47,-2.1
1982,2,12,21.8,9.1,16,-2.3
1982,3,73,26.4,12.5,73,-0.8
1982,4,11,34.4,18.7,13,1.6
1982,5,19,36.4,22.4,20,2
1982,6,44,38.9,26.4,43,1.5
1982,7,265,35.7,26.7,164,0.7
1982,8,321,32.8,25.6,120,0.9
1982,9,42,33.8,23.3,102,-1.7
1982,10,56,31.5,18.6,76,-1.8
1982,11,8,26.4,12,25,-2
1982,12,19,22.3,8.4,27,-2
1983,1,77,19.6,7.2,51,-0.8
1983,2,14,22.2,8.2,29,1.2
1983,3,16,27.9,13.6,23,0.7
1983,4,8,32.3,17.1,13,0.9
1983,5,21,37.5,23,23,1.4
1983,6,47,37.7,26.1,47,1.1
1983,7,268,34.1,25.8,143,-0.5
1983,8,258,32.8,26,105,-0.6
1983,9,238,33.3,24.5,104,0.5
1983,10,116,30.4,17.5,105,1.6
1983,11,1,27.1,9.8,47,2
1983,12,10,21.9,7.8,29,1.9
1984,1,8,19.1,6.8,25,1.2
1984,2,24,22.3,7.9,39,1.3
1984,3,4,32,15.9,13,-0.7
1984,4,5,36.1,19.8,10,0.2
1984,5,3,42.5,26.1,7,-0.8
1984,6,55,39.9,27.6,55,0.2
1984,7,229,32.3,26.4,142,-1.1
1984,8,284,33.3,25.3,114,-1.2
1984,9,153,31.7,23.3,124,-1.5
1984,10,3,31.4,16.9,72,-2.1
1984,11,1,26.6,10.1,28,-2.3
1984,12,9,22.4,7.9,20,-2.5
1985,1,23,19.7,7.1,27,-2.6
1985,2,1,25.7,9.4,5,-3.3
1985,3,5,32.2,16.5,8,-3.9
1985,4,6,36.5,20.2,8,-3.5
1985,5,5,40.6,24.8,6,-3.4
1985,6,39,39.3,26.8,39,-3.5
1985,7,482,33.1,25.7,134,-1.6
1985,8,262,33.1,25.8,125,-1.6
1985,9,185,33,23.7,123,-1.6
1985,10,220,29.8,17,100,3.9
1985,11,0,26.6,11.5,46,4
1985,12,45,22.7,8.5,49,4.8
1986,1,24,20.1,7.2,36,4.3
1986,2,27,23.2,9.4,43,4.6
1986,3,24,28.6,14.2,41,4.5
1986,4,3,35.3,19.2,11,4.3
1986,5,13,37.6,22.3,18,4.2
1986,6,42,38.6,26.4,43,3.5
1986,7,235,33,25.6,141,2.5
1986,8,203,33.3,25.6,135,1.1
1986,9,135,33.3,23.4,132,-2.4
1986,10,51,30.4,18,84,-2.1
1986,11,4,27.3,12,39,-1.6
1986,12,21,20.7,6.1,32,-1.1
1987,1,45,20.9,7.6,45,-0.7
1987,2,17,25.2,11,31,0.1
1987,3,20,30.4,15.6,27,-0.1
1987,4,2,36.4,20.3,7,0
1987,5,25,36.4,21.9,27,1.4
1987,6,18,39.6,27,20,-1.1
1987,7,147,36.2,26.9,141,-2.5
1987,8,179,34.3,26.1,145,-3.4
1987,9,69,34.7,24.9,75,-3.7
1987,10,53,32.1,18.8,56,-4.1
1987,11,0,28.9,10.3,4,-4.9
1987,12,16,22.5,8.1,18,-4.8
1988,1,9,21.9,9,10,-5.2
1988,2,12,25.5,10.9,13,-5.3
1988,3,43,29.1,14.5,42,-4.6
1988,4,3,37.3,20.9,4,-4.3
1988,5,5,41.5,25.9,5,-4.2
1988,6,54,38.9,26.4,52,-3.7
1988,7,335,33.2,26.3,122,-3.1
1988,8,415,32.3,25.4,119,-1.3
1988,9,327,32.9,24.5,122,2.8
1988,10,9,31.6,17.8,75,1.8
1988,11,0,27,10.6,29,1.3
1988,12,19,22.6,7.5,27,1.2
1989,1,112,18.6,6.4,55,2.9
1989,2,5,22.8,9.1,36,2.9
1989,3,37,28.8,14.4,53,3.2
1989,4,0,34.6,18.4,9,2.9
1989,5,3,39.6,24.3,8,2.3
1989,6,27,37.5,26,30,1.6
1989,7,276,34.7,25.6,145,1
1989,8,255,32.6,25,120,0.7
1989,9,186,33.3,23.6,127,-1.3
1989,10,13,31.7,17.7,75,-1.7
1989,11,14,26.5,10.7,38,-1.4
1989,12,10,21.1,7.3,21,-1.4
1990,1,1,23,9.6,10,-2.4
1990,2,41,22.6,10,44,-1.7
1990,3,23,26.8,12.9,25,-1.6
1990,4,1,34.8,19,4,-1.6
1990,5,15,39.2,24.8,16,-1.2
1990,6,49,39.1,27.8,49,-1.1
1990,7,354,33.4,25.9,131,-0.6
1990,8,323,32.6,25.7,114,1.1
1990,9,288,32,24.9,107,2
1990,10,11,30,17.3,72,1.2
1990,11,7,27.1,11.2,35,1
1990,12,44,21.8,7.9,45,1.8
1991,1,1,18.3,6.2,13,0.7
1991,2,33,23.2,10.2,38,0.9
1991,3,9,29,14.7,13,-0.5
1991,4,3,34,18.6,6,-0.9
1991,5,11,39.3,24.8,13,-0.8
1991,6,30,38.6,26.6,30,-1.3
1991,7,136,36,27.2,131,-2.5
1991,8,345,32.5,25.7,123,-2.6
1991,9,103,32.6,24.5,112,-3.2
1991,10,3,31,16.8,69,-3.6
1991,11,12,25.7,10.4,32,-3.5
1991,12,33,22,7.8,36,-2.7
1992,1,56,20.1,8.5,54,-2
1992,2,21,22.3,8.3,27,-1.8
1992,3,12,28,15.2,16,-2.1
1992,4,1,34.6,19.6,5,-2
1992,5,5,38.3,23.5,8,-2
1992,6,21,39.2,27.1,22,-2.7
1992,7,174,32.8,26.3,147,-3.4
1992,8,243,32.2,25.6,106,-4
1992,9,153,32.3,23.2,123,-4.1
1992,10,40,30.7,17.9,81,-3.7
1992,11,24,26.2,11.1,45,-2.6
1992,12,1,22.9,8.1,22,-2.7
1993,1,31,19.1,7.6,38,-2.5
1993,2,17,25.9,11.1,27,-2.4
1993,3,19,26.4,13.3,25,-2.3
1993,4,2,35,18.8,6,-2.1
1993,5,5,40,25.3,8,-2.1
1993,6,89,39.3,27.6,87,-0.8
1993,7,343,32.7,26.3,143,-0.5
1993,8,161,34,25.9,143,-1.8
1993,9,341,31.3,24.9,110,1.5
1993,10,1,31,18.6,72,-0.8
1993,11,0,27.8,11.8,26,-1.2
1993,12,0,23.4,7.3,11,-1.8
1994,1,57,20.3,9.6,51,-1.1
1994,2,13,22.8,10.3,20,-1.3
1994,3,3,31.4,16,7,-2.1
1994,4,4,33.8,19.1,7,-1.9
1994,5,9,40.5,25.2,11,-1.7
1994,6,44,39.6,27.7,43,-1.7
1994,7,513,32.8,26.7,128,1.8
1994,8,310,32,26.3,112,2.1
1994,9,64,32,24.1,106,0.8
1994,10,3,30.7,17.4,49,-1.9
1994,11,0,26.8,11.7,14,-2.6
1994,12,3,22.4,8.6,10,-3
1995,1,101,18.4,7,52,-1.2
1995,2,30,23.5,9.9,45,2.3
1995,3,32,27.8,14.6,48,2.4
1995,4,3,34,19.1,11,2.3
1995,5,0,40.4,25.7,6,1.7
1995,6,26,40.8,28.3,28,0.7
1995,7,185,34.3,27.2,141,-1.9
1995,8,533,31,26.2,121,1.9
1995,9,261,32.6,24.6,121,2.3
1995,10,4,31.5,19.1,71,1.4
1995,11,3,26.9,11.3,32,0.9
1995,12,2,21.5,9,13,-1.4
1996,1,30,19.7,8.8,34,-1.6
1996,2,22,24.5,11,25,-1.7
1996,3,11,30.3,16.8,13,-2.1
1996,4,1,35.9,20.5,4,-2.1
1996,5,5,38.7,24.6,7,-2.1
1996,6,102,38.7,28.3,98,1.5
1996,7,193,34.1,26.5,139,-0.9
1996,8,328,31.6,25.4,109,0
1996,9,232,32.2,24.8,112,0.8
1996,10,79,30.1,18.5,96,1.2
1996,11,0,26.3,10.5,45,1.5
1996,12,0,22.8,6.4,24,0.9
1997,1,18,19.7,6.5,28,-0.4
1997,2,3,23.7,8.7,12,-1.4
1997,3,14,28.9,15.3,19,-1.6
1997,4,10,34.1,19.1,14,-1
1997,5,16,36.9,23.1,18,0.4
1997,6,88,36.6,25.8,86,1.7
1997,7,152,34.6,26.5,129,-1
1997,8,260,32,25.5,131,-2
1997,9,125,32.4,24.7,117,-2.5
1997,10,135,29.2,16,93,-0.6
1997,11,22,23.4,11.7,47,2.5
1997,12,47,18.4,7.8,43,3.8
1998,1,0,19.5,6.9,29,3
1998,2,20,23.7,10,42,3.4
1998,3,42,27.5,13.5,63,4.2
1998,4,4,35.7,20.2,14,4.1
1998,5,5,40.5,25.3,11,3.6
1998,6,73,39.4,27.4,74,3.9
1998,7,254,34,26.7,137,3
1998,8,260,32.9,26.1,129,2.3
1998,9,280,31.9,25.3,125,2.8
1998,10,201,29.4,20.1,101,5.2
1998,11,13,26.3,12.1,50,5.5
1998,12,0,23.2,6.9,27,4.8
1999,1,77,19.3,7.6,51,5.6
1999,2,5,25.4,11.4,38,5.4
1999,3,2,30.8,16.1,24,4.5
1999,4,0,37.7,20.6,10,4.1
1999,5,5,39.3,25.5,11,3.6
1999,6,63,38.2,26.8,64,3.7
1999,7,213,34.5,26.2,140,2.5
1999,8,153,33,26.8,126,0.9
1999,9,174,33.3,25.4,105,0.7
1999,10,84,31.4,19.6,95,1.3
1999,11,0,28.2,12.5,48,1.6
1999,12,4,23.6,7.7,24,1.2
2000,1,45,20.8,8.1,47,1.3
2000,2,41,21.9,8.4,48,2
2000,3,23,28.9,13.8,32,1.9
2000,4,1,37.9,21.6,7,1.8
2000,5,11,40.6,26.8,14,1.7
2000,6,78,37.5,27,77,2.4
2000,7,364,33,26.4,135,2.6
2000,8,222,33,26.4,133,1.7
2000,9,72,33.2,24.7,108,-1.6
2000,10,3,33.1,19.1,53,-2.3
2000,11,7,27.5,12.9,21,-2.9
2000,12,0,23.9,8.1,7,-3.5
2001,1,25,19.5,7.6,28,-3.6
2001,2,12,25,10.9,15,-3.9
2001,3,7,29.9,15.2,9,-4.2
2001,4,8,35.5,20.1,10,-3.6
2001,5,25,39.8,25.7,26,-2.5
2001,6,78,36.5,27.1,76,-1.3
2001,7,227,33.5,26.9,137,-1.8
2001,8,167,33.8,26.7,139,-3
2001,9,67,33.4,25.2,106,-3.7
2001,10,14,32.2,20,40,-4.3
2001,11,0,27.8,12.3,11,-4.9
2001,12,1,21.8,10.1,8,-5.1
2002,1,36,20.7,7.5,37,-4.7
2002,2,22,24,9.9,24,-4.4
2002,3,12,31.5,14.6,14,-4.5
2002,4,2,37,21.8,3,-4.3
2002,5,4,41.8,25.6,5,-4.2
2002,6,37,39,27.8,36,-4.1
2002,7,57,36,27,55,-6
2002,8,172,32.5,27.6,124,-6.5
2002,9,318,30.1,24.7,118,-4.8
2002,10,8,31,19.9,70,-4.9
2002,11,0,27.2,12.8,31,-4.7
2002,12,15,22.6,9.8,25,-4.3
2003,1,61,20.9,6.5,55,-3.4
2003,2,41,23.6,10,47,-2.4
2003,3,13,29.6,14.3,18,-2.6
2003,4,1,37.1,20.6,5,-2.4
2003,5,3,38.7,24.5,5,-2.5
2003,6,81,39.4,28.6,79,-1.4
2003,7,593,32.9,26.4,128,3.4
2003,8,166,32.5,26.5,114,2
2003,9,139,32.7,24.3,110,1.3
2003,10,70,31.8,18.2,96,1.6
2003,11,12,26.5,11.3,45,2
2003,12,32,21.8,7.7,39,2.5
2004,1,25,20.2,8.4,35,2.2
2004,2,3,26.1,9.2,22,1.7
2004,3,0,34.4,16.3,9,0.7
2004,4,1,38.3,22,6,0.6
2004,5,12,40.9,24.8,15,0.6
2004,6,62,36.7,27,62,1
2004,7,48,34.9,27.6,48,-2.4
2004,8,218,32.9,25.9,130,-3.4
2004,9,18,34.4,24,63,-4.2
2004,10,192,29.7,17.9,99,-1.9
2004,11,1,27.8,11.3,45,-1.4
2004,12,3,24.2,8.5,28,-1.5
2005,1,19,20,7.1,29,-1.6
2005,2,44,22.5,10.5,51,-0.8
2005,3,38,31.1,15.3,47,2
2005,4,1,35.5,19.7,7,1.8
2005,5,1,37.3,23.9,5,1.3
2005,6,40,39.4,28.6,41,0.8
2005,7,266,33.2,26.5,137,-0.4
2005,8,136,34.6,26.2,140,-2.4
2005,9,287,32.6,25.6,121,-1.3
2005,10,17,30.9,18.9,75,-1.7
2005,11,1,27.1,11.8,35,-1.7
2005,12,0,21.3,7,13,-2.1
2006,1,11,20.4,10.2,18,-2.7
2006,2,2,28.1,13.4,6,-3.4
2006,3,32,29.9,14.6,34,-3
2006,4,0,35.8,21.7,3,-2.9
2006,5,16,40.4,26.2,17,-2.3
2006,6,67,37.1,27.2,65,-1.6
2006,7,438,34.6,26.6,140,1.7
2006,8,127,31.9,27.5,131,-1.5
2006,9,232,32.6,24.5,132,-1.2
2006,10,42,31.1,20.1,86,-1.1
2006,11,8,26.8,13.8,41,-0.8
2006,12,9,22.1,8.8,25,-0.9
2007,1,2,21.6,7.3,14,-1.8
2007,2,43,24,10.5,46,-1.1
2007,3,74,29.9,13.7,75,1.7
2007,4,4,38.4,22,7,1.5
2007,5,21,38.5,25.5,23,1.9
2007,6,77,38.9,27.6,75,2.4
2007,7,156,34.1,27.4,148,1
2007,8,227,33.6,27.1,129,-2.2
2007,9,110,32.9,25.7,113,-2.6
2007,10,5,31.7,18.8,50,-3.2
2007,11,3,28.7,11.2,17,-3.7
2007,12,3,21.1,8.3,10,-4
2008,1,11,18.1,9.8,15,-4.3
2008,2,3,23.6,8.4,6,-4.8
2008,3,1,33.2,16.4,3,-5.2
2008,4,8,35.6,19.1,9,-4.5
2008,5,5,37.6,25.3,7,-4.2
2008,6,70,36.5,27.4,67,-2.9
2008,7,210,33.4,27.2,126,-3.3
2008,8,322,32.1,26,117,-2.9
2008,9,177,32,25.1,123,-2.8
2008,10,11,32.6,19.4,72,-3.1
2008,11,3,28.5,12.1,34,-3
2008,12,1,24.1,9.2,14,-3.3
2009,1,12,21.3,9.3,18,-3.7
2009,2,8,25.4,12,12,-4.1
2009,3,11,31.7,16.1,14,-4.2
2009,4,2,37.3,20.5,4,-4.1
2009,5,22,39.8,26.3,22,-3.1
2009,6,10,39.3,28,11,-4.1
2009,7,168,34.3,27.7,154,-4.7
2009,8,183,34.3,26.9,132,-5.5
2009,9,282,32.4,24.4,125,-4.2
2009,10,81,31.3,19.3,100,-3.2
2009,11,16,26.6,12.4,48,-2.1
2009,12,3,22.8,9.1,25,-2
2010,1,14,21.8,6.6,27,-2.3
2010,2,25,25.5,10.7,37,-1.9
2010,3,0,33.9,17.3,7,-2.5
2010,4,0,39.5,23.4,5,-2.4
2010,5,3,40.9,26.4,6,-2.5
2010,6,4,38.5,28.2,6,-3.4
2010,7,292,34,27.2,139,-3.3
2010,8,361,31.9,27.3,110,-2
2010,9,364,31.3,25.2,100,2.7
2010,10,18,31.8,19.8,73,1.9
2010,11,23,28.2,12.3,44,2.2
2010,12,9,21.9,7.5,24,1.9
2011,1,9,19.4,6.4,21,1
2011,2,41,23.6,11.4,45,1.4
2011,3,7,31,15.9,11,0.7
2011,4,3,35.1,19.9,6,0.6
2011,5,9,40.3,26.4,11,0.6
2011,6,86,36.6,28.1,84,1.7
2011,7,226,33.6,27,138,0.8
2011,8,317,32.4,26.6,121,0.8
2011,9,269,32.5,25.1,127,1.3
2011,10,4,31.4,19.5,72,-0.7
2011,11,3,29,12.8,30,-1
2011,12,3,23,8.8,14,-1.4
2012,1,31,17.9,7.6,34,-1.5
2012,2,2,22.1,11,7,-2.1
2012,3,14,29.5,15.9,17,-2.4
2012,4,5,35.4,20.2,7,-2.1
2012,5,1,40.1,25.8,3,-2.4
2012,6,4,40.2,29.8,6,-3.6
2012,7,171,35.3,27.8,152,-4.3
2012,8,395,32.2,26.3,114,-3.5
2012,9,455,32.5,25.3,124,-0.7
2012,10,15,29.6,19.2,75,-1.1
2012,11,2,26,12,32,-1.2
2012,12,10,21.5,9,23,-1.3
2013,1,59,19.5,6.3,56,-0.7
2013,2,54,24.4,7.6,55,2.4
2013,3,15,30.3,15.1,20,1.8
2013,4,4,35.6,20.6,7,1.7
2013,5,1,40.8,26.2,4,1.2
2013,6,97,37.7,27.8,94,2.5
2013,7,403,33.7,27.4,128,3.1
2013,8,235,32,26.7,118,2.4
2013,9,117,32.3,25.7,117,1.4
2013,10,142,31.2,20.2,99,2.9
2013,11,3,26.1,12,49,3.2
2013,12,9,22.6,8.9,30,2.9
2014,1,26,19.4,8.4,35,2.6
2014,2,42,22.1,9.8,49,3.4
2014,3,40,28.7,14.5,54,3.9
2014,4,3,35,19.6,11,3.8
2014,5,16,37.9,24.2,20,3.8
2014,6,32,39.7,29,34,2.9
2014,7,162,34,28.2,148,1.5
2014,8,140,33.9,27.1,135,-2.7
2014,9,155,33,24.6,130,-2.5
2014,10,85,31.2,19.6,87,-1.9
2014,11,2,27.2,12.6,10,-2.3
2014,12,15,21,8.3,19,-2.4
2015,1,49,19.2,8,47,-1.9
2015,2,9,25.2,11,11,-2.3
2015,3,73,28.7,14.4,72,-0.8
2015,4,8,35.3,19.8,9,1.3
2015,5,2,39.9,26.3,4,0.8
2015,6,65,36.9,28,63,1.2
2015,7,340,32.5,27.1,142,1.2
2015,8,226,32.4,27.3,121,0.6
2015,9,74,33.7,25.4,116,-1.5
2015,10,11,32.1,20,56,-2.1
2015,11,2,27.1,13.7,16,-2.7
2015,12,1,22.1,9,9,-3.2
2016,1,6,21.8,8.7,10,-3.7
2016,2,4,26.8,11.3,7,-4.1
2016,3,36,31.6,16.8,37,-3.8
2016,4,1,37.4,22.2,3,-3.7
2016,5,12,41.1,26.4,13,-3.4
2016,6,36,39.6,28.9,35,-2.9
2016,7,454,33.8,27.3,136,-2.5
2016,8,175,32.4,26.7,125,-3.7
2016,9,106,33.8,25.5,121,-4.4
2016,10,6,32.7,20.1,69,-4.9
2016,11,1,28,12.8,19,-5.5
2016,12,2,24.9,9.7,11,-5.8
2017,1,51,19.8,9.2,49,-4.2
2017,2,4,26.2,12.1,9,-4.1
2017,3,14,31.2,16,17,-4.1
2017,4,6,37.9,22,8,-3.8
2017,5,16,39.8,26.4,17,-3.5
2017,6,108,36.4,25.7,104,-3.2
2017,7,329,33.7,27.3,137,-3.8
2017,8,201,33.4,26.9,126,-4.7
2017,9,255,33.3,25.7,125,-3.9
2017,10,2,33.2,20.3,73,-4.3
2017,11,10,26.9,11.9,35,-4.3
2017,12,3,23,10,13,-4.2
2018,1,11,22.6,9,16,-4.5
2018,2,3,26.3,12.5,6,-4.5
2018,3,6,32.6,17.3,9,-4.7
2018,4,2,37.4,21.8,4,-4
2018,5,6,40.4,26.2,8,-3.8
2018,6,56,38.7,28.4,55,-3.1
2018,7,331,33.7,27.3,131,-2.8
2018,8,280,33.1,27,114,-1.8
2018,9,280,32.4,25,110,2.5
2018,10,10,30.5,19.4,70,2.4
2018,11,19,26.8,12.8,42,2.9
2018,12,13,21.5,7.9,24,2.3
2019,1,53,19.8,7.3,42,1.2
2019,2,38,23,8.9,41,2
2019,3,8,28,13.3,20,1.5
2019,4,5,36.3,20.1,12,1.6
2019,5,3,40.2,25,7,1.1
2019,6,10,40.1,28.1,12,-1.3
2019,7,287,34.6,26.8,146,-1.5
2019,8,315,34,26.9,131,-1
2019,9,116,34.1,25.3,118,-1.7
2019,10,21,31.9,18.7,73,-1.9
2019,11,18,28.1,12.4,42,-1.4
2019,12,26,20.4,5.6,31,-0.9
