Product: Historical Climate - TerraClimate(http://www.climatologylab.org/terraclimate.html) 
Location (Lat/Lon of 4-km Grid Cell Center): 22.3958 North,87.3958 East 
Data Source: NW Climate Toolbox(https://climatetoolbox.org/tool/point-data-download)
Download Date: 07/25/2020
Variable List: 
ppt: ppt (Precipitation)
tmax: tmax (Maximum Temperature)
tmin: tmin (Minimum Temperature)
aet: aet (Actual Evapotranspiration)
PDSI: pdsi (Palmer Drought Severity Index (PDSI))
********************************************************
Year,Month,ppt(mm),tmax(degC),tmin(degC),aet(mm),PDSI(unitless)
1958,1,11,29.2,14.4,48,0.6
1958,2,29,30.1,16.5,61,0.9
1958,3,6,35.9,19.9,58,-0.3
1958,4,30,38.6,24.9,58,-0.6
1958,5,52,38.2,27.5,66,-1.5
1958,6,98,37.1,27.5,103,-2.9
1958,7,262,32.3,26.2,114,-3.3
1958,8,260,31.8,25.7,119,-3.9
1958,9,225,32.4,25.5,100,-3.8
1958,10,93,31.7,23.9,95,-3.3
1958,11,17,29.1,17.7,59,-2.9
1958,12,0,27.6,14.6,41,-2.5
1959,1,25,27.3,13.7,50,-1.6
1959,2,10,29.4,15.1,51,-1.5
1959,3,12,34.4,19.6,66,-1.6
1959,4,44,37.7,24.8,71,-1.3
1959,5,115,37.6,26.6,125,-0.7
1959,6,219,34.5,26.3,155,-0.9
1959,7,228,31.5,26,110,-1.5
1959,8,323,31.8,25.9,110,-1.1
1959,9,402,31.1,25.1,91,1.7
1959,10,261,29.9,23.5,92,4.3
1959,11,0,28.1,16,52,3.5
1959,12,1,26.5,13.4,39,3.2
1960,1,0,27,12.4,39,2.6
1960,2,0,32.2,16.5,43,1.9
1960,3,28,32.9,19,67,1.8
1960,4,2,39.3,24.9,31,0.7
1960,5,69,37.6,27.1,81,-1.7
1960,6,118,35.4,26.8,119,-2.7
1960,7,447,30.9,25.6,114,-1.5
1960,8,249,31.9,26.3,111,-0.9
1960,9,280,31.4,25.8,92,1.5
1960,10,72,31.2,22.9,93,1
1960,11,5,28.1,15.6,50,0.6
1960,12,0,27.6,13,35,-0.1
1961,1,23,27.4,13.8,46,0.8
1961,2,39,27.1,14.8,62,1.4
1961,3,6,34.6,22.1,64,0.9
1961,4,10,38.6,24.9,39,-0.7
1961,5,103,37.2,26.7,113,0.3
1961,6,250,34,25.9,129,0.6
1961,7,152,31.6,25.7,117,-1.3
1961,8,320,31.9,26.1,103,-1.2
1961,9,269,31.6,25.5,90,-0.8
1961,10,92,31,22.7,95,-0.7
1961,11,0,27.7,15.5,51,-0.9
1961,12,0,25.3,10.9,38,-0.8
1962,1,10,26.5,11.1,41,-0.6
1962,2,9,30,15.7,45,-0.7
1962,3,11,35.6,19,57,-0.7
1962,4,48,37.4,24.3,76,0.3
1962,5,56,36.7,25.9,70,-0.6
1962,6,202,34.3,26.1,114,0
1962,7,225,32.7,26.4,120,-1.1
1962,8,208,31.7,25.7,117,-1.9
1962,9,217,32.2,25.7,106,-2.1
1962,10,126,30.4,22.5,108,-1.4
1962,11,0,28.8,15.7,51,-1.6
1962,12,0,27,12.9,39,-1.4
1963,1,0,27,11.5,40,-1.5
1963,2,0,32.3,16.4,45,-1.8
1963,3,15,34.9,19.4,63,-2.1
1963,4,58,37.1,23.1,80,-1.5
1963,5,88,35.8,25,98,-1.3
1963,6,277,34.2,25.9,142,-0.7
1963,7,254,31.7,26.1,110,-0.8
1963,8,193,32.1,26,118,-1
1963,9,330,32.6,25.7,108,0.7
1963,10,150,31.1,23,104,1.7
1963,11,14,29.2,16.9,58,1.5
1963,12,0,27.5,14,42,1.4
1964,1,1,27.1,13.2,45,1.1
1964,2,10,30.6,16.8,51,0.7
1964,3,13,35.9,21.5,61,-0.5
1964,4,70,36.8,24.5,92,0.6
1964,5,90,36.7,25.8,99,0.5
1964,6,125,35.2,26.6,125,-0.7
1964,7,416,30.7,25,129,0.5
1964,8,222,31.9,26,117,0
1964,9,183,32.2,25.8,107,-0.7
1964,10,118,30.6,23.9,101,0.4
1964,11,21,28.5,17.5,64,0.6
1964,12,0,27.3,13.8,43,0.6
1965,1,2,27.6,13.8,41,-0.2
1965,2,18,30,15.7,53,0.1
1965,3,33,33.6,18.2,72,0.4
1965,4,31,36.9,24,64,-0.1
1965,5,45,37.7,26.9,61,-0.9
1965,6,239,35.4,26.7,153,-0.8
1965,7,261,31.5,25.6,119,-1
1965,8,346,31.2,25.3,118,0.8
1965,9,308,31.9,25.4,106,1.3
1965,10,85,31,22.7,98,1
1965,11,1,29.6,16.9,55,-0.4
1965,12,1,25.9,13.8,46,-0.7
1966,1,34,26.6,13.5,53,0.6
1966,2,4,31.8,17,43,-0.4
1966,3,5,35.1,19.9,53,-1
1966,4,10,38.7,24.9,32,-1.7
1966,5,29,38.6,27.2,41,-2.8
1966,6,262,34.7,26.3,151,-2.3
1966,7,149,32.5,25.9,124,-3.3
1966,8,235,31.9,25.6,123,-4.1
1966,9,174,31.7,25.1,114,-4.9
1966,10,69,30.4,21.7,95,-4.8
1966,11,28,28.9,17.8,61,-4
1966,12,2,26.1,13,41,-3.6
1967,1,27,26.6,14.1,51,-2.7
1967,2,1,31.2,16.5,44,-2.8
1967,3,48,32.3,19.6,78,-1.9
1967,4,55,36.6,22.2,82,-1.1
1967,5,43,37.3,26.3,60,-1.8
1967,6,180,35.8,26.5,161,-2.3
1967,7,249,32.2,26,122,-2.8
1967,8,289,31.6,25.6,109,-3
1967,9,271,31.4,25.3,99,-2.5
1967,10,67,31,22.2,93,-2.7
1967,11,0,28.5,14.8,49,-2.8
1967,12,1,27.6,14.2,36,-2.7
1968,1,7,26.8,13,40,-2.6
1968,2,18,29.1,15,48,-2.4
1968,3,25,34.4,20.1,65,-2.3
1968,4,13,37.1,23.9,39,-2.8
1968,5,32,37.9,26.4,45,-3.7
1968,6,427,32.7,25.1,122,-1.2
1968,7,365,31.1,25.8,120,3.8
1968,8,325,31.9,25.6,121,4.5
1968,9,147,32.9,26.1,119,2.9
1968,10,128,30.5,22.5,108,3.1
1968,11,33,28.5,17.1,63,3.4
1968,12,0,27.6,13.8,45,3.3
1969,1,9,27,12.2,48,3.1
1969,2,2,30.9,16.7,49,2.4
1969,3,32,35.1,21.3,78,2.2
1969,4,54,37.9,24.4,82,2.2
1969,5,76,37.2,25.8,88,1.7
1969,6,135,35,26.7,130,0.6
1969,7,239,31.6,26,118,-2
1969,8,381,31,25.2,121,-1.7
1969,9,355,31.7,25.6,102,-0.6
1969,10,59,30.9,22.7,92,-1.1
1969,11,26,29.2,17.2,57,-0.8
1969,12,0,26.9,13.5,40,-0.8
1970,1,9,26.5,13.5,41,-0.8
1970,2,12,30,16.2,47,-0.9
1970,3,46,33.6,21,77,0.5
1970,4,17,37.8,25,47,-0.6
1970,5,61,38,26.9,74,-1.2
1970,6,350,34.1,25.7,141,1.2
1970,7,300,31.7,25.6,127,1.7
1970,8,231,31.9,26,118,1.7
1970,9,398,31.2,25.6,105,2.9
1970,10,178,30.3,23,108,3.9
1970,11,14,28.3,16.6,64,3.5
1970,12,0,26.7,12.4,42,3.1
1971,1,30,26.1,13.7,54,3.5
1971,2,22,28.6,15.1,56,3.4
1971,3,2,34.2,18.7,63,2.6
1971,4,99,34.3,22.6,111,3.8
1971,5,97,35.4,24.9,108,3.8
1971,6,365,32.7,25.1,127,4.8
1971,7,408,30.5,25.1,117,6.5
1971,8,381,30.2,24.8,109,7.6
1971,9,222,31.9,25.4,110,6.4
1971,10,131,30.4,23,105,6.3
1971,11,23,27.6,15.9,62,6
1971,12,0,27.1,12.9,40,5.5
1972,1,1,27.2,12.8,39,4.8
1972,2,31,27,13.9,60,4.9
1972,3,1,34.1,20.2,60,4.1
1972,4,11,37.3,23.9,42,2.9
1972,5,21,38.5,27.3,37,1.1
1972,6,104,36.2,26.4,109,-3.6
1972,7,182,32.5,25.9,129,-4.8
1972,8,362,31.2,25.1,113,-5.1
1972,9,211,32.8,25.3,121,-5.2
1972,10,52,31.4,22.1,89,-5.3
1972,11,2,28.9,16.5,50,-5.3
1972,12,0,27.4,12.8,39,-5.1
1973,1,1,28,13.2,36,-5.1
1973,2,8,31.1,17,44,-5.2
1973,3,40,33.2,18.8,69,-4.7
1973,4,19,38.1,25,38,-4.9
1973,5,147,35.4,25,146,-3.3
1973,6,213,34.1,25.3,138,-3.1
1973,7,233,32,26,118,-3.5
1973,8,261,31.8,25.6,110,-3.5
1973,9,296,31.2,25.4,99,-2.7
1973,10,135,30.5,23.4,103,-1.7
1973,11,30,27.5,17.8,65,-1.1
1973,12,17,25.4,13.9,50,2.1
1974,1,1,26.1,12.3,42,1.9
1974,2,0,29.5,14.6,48,1.3
1974,3,97,33.3,20.1,110,3.1
1974,4,19,36,24.4,68,2.7
1974,5,97,36.2,25.6,113,2.7
1974,6,116,35,25.9,117,1.3
1974,7,322,30.9,25.2,116,1
1974,8,265,31.8,25.7,108,0.7
1974,9,319,31.6,25,100,1.3
1974,10,159,31.6,23.9,104,2.2
1974,11,3,29,18.2,60,1.7
1974,12,0,25.4,12,41,1.4
1975,1,7,26.6,12.8,43,1.2
1975,2,15,29.6,16,53,1
1975,3,7,34.9,20.2,59,-1.1
1975,4,10,38.1,24.5,32,-1.8
1975,5,67,37.3,25.8,77,-2.1
1975,6,189,34.8,26.2,158,-2.4
1975,7,368,30.7,25.1,128,-2
1975,8,236,31.7,25.6,122,-1.7
1975,9,203,31.4,25.2,116,-2.1
1975,10,139,31.2,24,106,-1.3
1975,11,27,27.8,16.9,69,-0.8
1975,12,0,26.1,11.9,44,-0.6
1976,1,0,27.2,13,39,-0.7
1976,2,33,30.1,17.1,61,1.1
1976,3,8,34.3,21.2,59,0.8
1976,4,39,37.7,24.1,69,0.6
1976,5,132,36.2,25.2,140,1.2
1976,6,126,34.9,25.8,125,-1.1
1976,7,334,32.1,25.5,131,-1.2
1976,8,299,31.3,25.1,115,-1
1976,9,221,32,25,105,-1.2
1976,10,31,31.9,22.9,75,-2
1976,11,13,30.1,19,59,-2.1
1976,12,0,27.1,12.9,35,-2.2
1977,1,4,26.7,12.6,35,-2.4
1977,2,30,29.9,15.6,56,-2
1977,3,1,35.4,21.8,44,-2.8
1977,4,54,35.7,23.8,72,-2.2
1977,5,147,34.7,24.2,145,-0.9
1977,6,351,33.5,25.4,151,2.3
1977,7,436,31.3,25.9,117,4.2
1977,8,227,32.1,26.1,117,3.9
1977,9,213,32.3,25.8,110,3.1
1977,10,56,30.6,22.5,93,2.1
1977,11,21,28.6,18.8,55,1.9
1977,12,11,25.9,13.2,42,2
1978,1,1,25.7,11.9,38,1.5
1978,2,14,29,15.9,49,1.2
1978,3,43,33.4,18.8,83,1.2
1978,4,41,36.7,23.2,65,1.1
1978,5,128,36.1,25.3,131,1.7
1978,6,186,33.8,25.6,139,1.1
1978,7,278,31.7,25.5,113,0.7
1978,8,273,32.1,26.2,116,-0.1
1978,9,594,31.3,25.5,105,3.2
1978,10,119,31.2,23.7,112,3.2
1978,11,14,29.8,18.5,54,2.9
1978,12,5,27,13.9,43,2.9
1979,1,31,27.6,14.3,55,3.4
1979,2,15,28.1,15.6,56,3.3
1979,3,8,34.1,19.8,65,2.8
1979,4,37,37.6,24.4,68,2.5
1979,5,30,39.1,26.9,45,1
1979,6,157,35.7,26.9,152,-2.2
1979,7,273,32.6,26.3,143,-2.8
1979,8,258,32.2,26.3,131,-3.6
1979,9,202,32.4,25.8,123,-4.1
1979,10,64,31.9,23.3,97,-4.3
1979,11,2,30.7,20,50,-4.3
1979,12,11,26.4,15.2,48,-3.8
1980,1,18,26.6,14,45,-3.3
1980,2,53,29.2,17,67,-2
1980,3,63,33.3,21,89,-0.7
1980,4,11,38.3,25.7,50,-1.1
1980,5,87,36.3,25.2,102,-1
1980,6,283,34.2,26.5,112,1.9
1980,7,305,31.5,26.1,113,2.4
1980,8,242,31.8,26.1,122,2.4
1980,9,204,32.2,26.2,112,1.6
1980,10,90,30.7,23,100,1.3
1980,11,0,29.1,16.9,58,0.8
1980,12,1,27,14.7,43,0.6
1981,1,18,25.7,14,45,0.7
1981,2,47,28.8,17,64,1.4
1981,3,68,32.2,20.2,88,2.6
1981,4,113,33.9,22.8,121,4.5
1981,5,177,34.7,24.9,156,6.1
1981,6,129,34.7,26.6,131,4.7
1981,7,359,31.1,25.9,122,4.5
1981,8,260,32.2,26.2,123,4.5
1981,9,280,31.8,25.7,114,4.2
1981,10,5,32.1,22.8,78,2.3
1981,11,0,29.5,16.5,53,1.1
1981,12,18,25.3,13.8,46,0.9
1982,1,1,27.6,14,30,-2.6
1982,2,27,28.5,17,48,-2.3
1982,3,51,31.6,19.4,72,-1.8
1982,4,57,36.2,23.7,75,-1.3
1982,5,35,38.6,26.8,46,-2.3
1982,6,178,34.8,26,146,-2.7
1982,7,149,33.1,26.7,142,-4.2
1982,8,324,31.4,25.8,115,-4.9
1982,9,157,32.7,25.7,130,-5.9
1982,10,11,32.2,22.8,74,-6.6
1982,11,23,28.3,17,54,-6.1
1982,12,0,26.4,12.7,36,-6
1983,1,11,26.2,13.1,36,-5.7
1983,2,43,28.1,16.3,58,-4.6
1983,3,39,33,21,70,-4.1
1983,4,41,36.5,23.4,58,-3.7
1983,5,148,36.4,25.2,146,-2.2
1983,6,176,36.2,26.8,159,-2.7
1983,7,206,32.6,26.4,133,-3.7
1983,8,349,31.8,26.1,116,-3.7
1983,9,235,32,26.1,110,-3.6
1983,10,142,30.7,23.4,110,-2.5
1983,11,1,29.6,17.5,61,-2.6
1983,12,4,26.2,13.1,46,-2.3
1984,1,32,26,13.3,53,-1.4
1984,2,2,28,15.5,43,-1.6
1984,3,1,35,19.7,58,-2.2
1984,4,35,37.9,24.5,57,-2.1
1984,5,84,36.6,26.7,94,-2
1984,6,447,33.1,25.4,117,2.4
1984,7,295,31.4,25.6,130,3.2
1984,8,426,31.8,25.7,121,5
1984,9,166,31.9,25.1,126,3.5
1984,10,63,31.8,23.8,92,2.6
1984,11,2,29.3,15.9,59,1.8
1984,12,1,27.1,13.5,42,1.3
1985,1,13,26.9,14.6,40,1
1985,2,9,29.7,15.9,44,-2.1
1985,3,10,35,22.1,50,-2.8
1985,4,25,38.2,25.2,44,-2.9
1985,5,64,36.4,25.2,73,-3.1
1985,6,203,35.2,26.4,144,-3.1
1985,7,248,31,25.2,118,-3.4
1985,8,255,32.2,25.9,123,-3.7
1985,9,234,31.8,25.4,110,-3.5
1985,10,113,31.7,22.9,110,-2.9
1985,11,3,29.6,16.7,59,-2.9
1985,12,0,28.2,14.3,44,-2.7
1986,1,17,27,14.1,50,-2.2
1986,2,3,30.2,16.4,43,-2.4
1986,3,4,35.3,20.1,54,-2.9
1986,4,53,37,23.7,73,-2.4
1986,5,106,36.4,24.8,114,-1.8
1986,6,217,35.5,26.6,143,-1.8
1986,7,335,31.7,25.2,123,-1.4
1986,8,178,32.7,25.6,126,-1.8
1986,9,534,31.7,24.9,109,2.6
1986,10,137,30.8,22.3,109,3
1986,11,91,28.7,18.5,81,4.8
1986,12,2,27,15.1,49,4.9
1987,1,2,27.2,13.6,51,4.5
1987,2,2,30.7,17.1,51,3.9
1987,3,14,33.9,20.4,66,3.5
1987,4,62,36.9,24.2,92,3.7
1987,5,59,37.5,25.9,76,2.8
1987,6,161,36.3,27.2,157,1.5
1987,7,343,31.8,25.9,129,1.2
1987,8,397,32.1,25.7,125,2.2
1987,9,183,32.4,25.9,120,1.1
1987,10,57,32.4,23.5,96,-1.7
1987,11,15,29.5,18.7,58,-1.7
1987,12,3,27.7,14.9,46,-1.8
1988,1,1,27.6,14.1,39,-2.2
1988,2,31,30.5,17.1,54,-1.8
1988,3,45,33.6,20.8,75,-1.4
1988,4,36,37.8,24.9,58,-1.4
1988,5,104,36.3,26.9,112,-1
1988,6,409,33.7,25.8,121,2.2
1988,7,260,31.8,26.2,119,2.8
1988,8,273,32,26.4,112,3.2
1988,9,208,32.9,26.1,111,2.4
1988,10,62,31.9,23.7,98,1.5
1988,11,58,29.7,18.3,79,2.3
1988,12,0,27.7,16.2,47,2
1989,1,1,26,12.3,42,1.5
1989,2,4,29.8,16.7,44,0.8
1989,3,3,34.4,20.2,44,-1.7
1989,4,12,38.7,25.2,32,-2.2
1989,5,136,37.6,26.8,138,-1.1
1989,6,218,34.3,25.7,142,-1.2
1989,7,276,31.9,25.9,116,-1.3
1989,8,193,32.3,26.1,112,-1.8
1989,9,261,32.1,25.9,104,-1.5
1989,10,139,31.2,24,102,-0.7
1989,11,0,29.5,17.8,58,-1
1989,12,2,26.6,13.4,47,-0.9
1990,1,0,27.5,13.9,43,-1.2
1990,2,39,29.3,17.9,56,0.6
1990,3,72,31.4,20.1,86,2
1990,4,47,35.6,24.4,85,2.4
1990,5,168,35.9,25.9,139,4
1990,6,242,34.6,26.5,126,4.1
1990,7,485,31.2,25.7,109,6.2
1990,8,198,32.4,26.4,120,5.4
1990,9,284,32.3,26.2,107,5.1
1990,10,113,30.2,22.8,104,4.9
1990,11,31,29.8,18.9,67,4.8
1990,12,1,27.2,14.5,49,4.6
1991,1,30,25.4,13.7,52,4.9
1991,2,16,31,18.1,53,4.5
1991,3,26,34.4,21.8,68,4.4
1991,4,24,36.8,24.5,64,3.9
1991,5,43,36.6,26.7,61,2.7
1991,6,265,33.8,25.7,138,2.8
1991,7,293,32.3,26.3,127,2.6
1991,8,276,32,26,113,3
1991,9,266,31.9,25.3,114,2.7
1991,10,115,31,23.2,102,2.8
1991,11,9,28.6,16.9,58,2.4
1991,12,10,25.9,13.4,46,2.6
1992,1,14,25.2,12.9,47,2.6
1992,2,45,27.4,15.8,63,3.2
1992,3,0,34.1,20.6,64,2.7
1992,4,6,38.8,24.8,39,1.7
1992,5,128,36.3,25.5,133,2.4
1992,6,242,35.2,26.1,149,2.2
1992,7,324,31.8,25.7,127,2.1
1992,8,217,32,25.8,119,1.9
1992,9,205,32,25.2,119,1.2
1992,10,57,31,22.7,93,-1.2
1992,11,1,28.8,17,53,-1.6
1992,12,0,26,12.7,41,-1.8
1993,1,14,26.2,13.6,43,-1.8
1993,2,16,30.2,17.7,48,-1.9
1993,3,43,32.6,18.8,72,-1.6
1993,4,74,35.5,23.1,89,-0.6
1993,5,91,35.5,25.2,101,0.2
1993,6,280,34.5,26.4,138,1.4
1993,7,278,32.4,26,127,1.2
1993,8,296,31.3,25.6,115,1.9
1993,9,337,31.5,25,100,2.6
1993,10,101,31.1,22.8,100,2.4
1993,11,15,28.9,17.1,57,2.2
1993,12,0,27,13.7,46,2.1
1994,1,10,26.9,13.6,47,1.9
1994,2,34,27.8,16.7,58,2.3
1994,3,11,34,20.7,65,1.9
1994,4,54,36.6,23.7,76,2.2
1994,5,78,37.4,26.4,92,1.9
1994,6,209,34.2,26.3,128,1.6
1994,7,270,31.8,25.7,114,1.2
1994,8,296,31.9,25.9,116,1.4
1994,9,156,32.7,25.3,123,-1.1
1994,10,67,31.8,22.6,92,-1.4
1994,11,7,28.3,17.6,54,-1.6
1994,12,0,26.9,13.1,44,-1.6
1995,1,19,25.5,13,48,-1.4
1995,2,30,29.8,17.3,55,-1
1995,3,16,34.2,20.3,59,-1.1
1995,4,9,38.7,24.9,34,-1.7
1995,5,93,37.7,27.2,102,-1.4
1995,6,169,35.5,27.3,143,-1.9
1995,7,287,32,25.6,117,-2.1
1995,8,238,32.3,25.7,118,-2.5
1995,9,399,31.8,25.5,108,-0.9
1995,10,108,31.6,23.2,101,1.5
1995,11,84,28.6,18.3,87,3.2
1995,12,0,26.7,13.5,50,3.4
1996,1,15,26.7,14.2,51,3.6
1996,2,10,30,16,54,3.3
1996,3,7,34.9,21.9,67,3
1996,4,44,37.6,23.9,76,3
1996,5,46,37.9,26.5,64,1.8
1996,6,248,34.6,25.2,139,1.8
1996,7,168,32.5,25.8,122,0.6
1996,8,322,31.5,25.1,112,-1.4
1996,9,162,31.8,26.2,116,-2.3
1996,10,138,31.4,22.3,113,-1.5
1996,11,1,29.8,16.5,59,-1.7
1996,12,0,27.3,12.7,49,-1.6
1997,1,31,26.4,12.7,53,-0.8
1997,2,17,28.3,15.7,53,-0.7
1997,3,45,33.9,21,76,1.1
1997,4,83,35,22.3,96,2.3
1997,5,80,37.3,25.9,103,2.1
1997,6,135,35.7,26.6,132,0.9
1997,7,362,32,25.4,113,1
1997,8,403,32.1,25.7,113,2.6
1997,9,315,31.7,25.1,113,2.8
1997,10,34,31.3,22.1,85,1.5
1997,11,8,29.5,18.3,52,0.9
1997,12,8,25,14.1,41,0.7
1998,1,33,24.9,13.3,51,1.2
1998,2,47,29.5,17.3,62,1.9
1998,3,90,32.5,19.1,102,3.5
1998,4,52,36.4,24.1,81,4
1998,5,66,37.5,26.5,91,3.5
1998,6,147,36.7,27.2,141,2.3
1998,7,265,32.3,25.7,121,1.4
1998,8,210,31.4,26.7,120,-2.6
1998,9,262,32.9,25.8,109,-2.6
1998,10,179,32.9,24.7,101,-1
1998,11,72,29.1,18.8,82,2.8
1998,12,0,27.4,13.8,55,3
1999,1,0,27.5,13.2,49,2.6
1999,2,0,31.6,17.4,50,1.9
1999,3,2,35.7,21,57,1
1999,4,4,38.8,25.9,28,-2
1999,5,145,36.5,25.9,143,-0.6
1999,6,206,35,26.3,137,-0.7
1999,7,298,32.1,25.4,115,-0.7
1999,8,361,31.2,26.1,119,1.9
1999,9,430,31.7,24.9,110,3.3
1999,10,156,31.4,23.5,106,3.9
1999,11,11,29.7,17,63,3.4
1999,12,0,27.7,14.6,48,3.1
2000,1,8,26.4,13.1,46,2.6
2000,2,27,27.7,16.6,51,2.6
2000,3,7,32.9,20.2,57,2
2000,4,52,36.5,23.8,77,2
2000,5,140,35.9,25.3,139,2.9
2000,6,191,34.7,25.4,139,2.3
2000,7,269,32.4,25.8,118,1.6
2000,8,202,32.5,25.6,125,-1.6
2000,9,244,31.7,24.9,108,-1.5
2000,10,85,31.3,23.3,98,-1.6
2000,11,6,29.5,17.7,55,-1.6
2000,12,0,27.1,13,48,-1.6
2001,1,0,28.2,12.7,44,-2
2001,2,3,31.2,16.5,41,-2.4
2001,3,50,34.3,20.6,76,-1.9
2001,4,22,37.1,24.6,44,-2.2
2001,5,140,36.3,26.6,139,-0.9
2001,6,350,33.3,25.6,110,2.4
2001,7,175,31.7,25.5,113,1.9
2001,8,225,31.7,26.9,118,1.8
2001,9,128,32.8,26.6,118,-1.5
2001,10,137,31.7,24.4,104,-0.6
2001,11,18,30.9,18.6,59,0.2
2001,12,0,27.6,13.7,49,0.8
2002,1,26,27,14.5,54,1.3
2002,2,1,30.7,16.8,47,0.7
2002,3,9,34.9,21.1,59,-0.4
2002,4,53,37,24,78,0.3
2002,5,83,36.8,26.9,94,0
2002,6,251,34.7,26.6,135,0.3
2002,7,345,31.2,26.8,123,1
2002,8,357,31.6,25.9,107,2.5
2002,9,266,31.9,26.1,103,2.3
2002,10,54,32,23.1,88,1.4
2002,11,71,30,17.5,82,2.7
2002,12,0,27.7,14.6,45,2.5
2003,1,0,27.2,11.6,43,1.9
2003,2,4,30.1,17.5,39,1.4
2003,3,36,33,20.4,69,1.5
2003,4,29,37.9,25,59,1.3
2003,5,94,37,26.8,106,1.2
2003,6,269,34.8,27.7,139,1.4
2003,7,263,31.9,26.5,109,1.2
2003,8,177,32.7,26.4,115,0.8
2003,9,187,32.1,26.6,106,-1
2003,10,257,32,23.7,97,2.6
2003,11,28,29.8,17.9,65,2.8
2003,12,8,25.6,13.9,50,2.9
2004,1,1,26.2,13.5,44,2.5
2004,2,0,30.4,15.9,46,1.8
2004,3,20,36.3,20.8,67,1.4
2004,4,71,36.8,24.8,92,2
2004,5,30,37.6,27.4,44,0.6
2004,6,204,34,27,139,-1.3
2004,7,164,31.3,26.8,119,-2.4
2004,8,307,32.2,25.9,105,-2.8
2004,9,347,32.9,25.4,108,-1.7
2004,10,235,30.7,23,109,2.9
2004,11,0,28.6,18.1,57,2.2
2004,12,0,28.5,14.3,45,1.9
2005,1,20,26.2,15.1,50,2
2005,2,0,30.4,18.4,46,1.2
2005,3,69,34.7,21.6,94,1.9
2005,4,71,37.3,24.3,94,2.5
2005,5,79,36.8,26.4,94,2
2005,6,185,36,27.7,161,1.1
2005,7,255,31.2,26.4,125,-1.5
2005,8,243,32.1,26.9,125,-2.4
2005,9,278,32.6,25.4,121,-2.2
2005,10,113,30.2,24.1,94,-1.5
2005,11,0,29.5,16.4,61,-1.8
2005,12,0,27.7,13.8,48,-1.7
2006,1,0,29.2,12.9,45,-2
2006,2,0,33.5,18,43,-2.5
2006,3,8,34.6,21.3,46,-3.1
2006,4,30,36.3,25,48,-3
2006,5,111,36.5,26.7,117,-2.3
2006,6,135,34.5,26.7,131,-3
2006,7,432,32.1,25.7,109,-1.9
2006,8,336,31.8,26,123,1.9
2006,9,444,32.6,26.2,111,3.5
2006,10,92,31.5,24.6,104,3
2006,11,10,28.5,19.7,55,2.6
2006,12,0,28.5,14.7,47,2.2
2007,1,0,28.2,12.8,42,1.6
2007,2,41,28.9,17.4,59,2
2007,3,17,34.1,19.5,60,1.7
2007,4,30,37.8,24.4,57,1.4
2007,5,116,37,26.4,120,1.9
2007,6,197,35.2,26.3,148,1.4
2007,7,485,31.3,26.4,117,2.9
2007,8,370,32.3,26.8,116,4.2
2007,9,419,31.9,26.8,104,5.3
2007,10,62,31.8,24.1,91,4.3
2007,11,7,29.8,18.1,58,3.5
2007,12,0,27.8,13.9,44,2.8
2008,1,27,26.4,15.2,52,2.8
2008,2,13,28.7,15.2,46,2.3
2008,3,5,34.7,21.3,47,1.4
2008,4,56,37.1,25,74,1.6
2008,5,96,36.2,27.3,104,1.6
2008,6,459,32.4,26.5,122,3.9
2008,7,239,30.9,25.9,113,4.1
2008,8,267,31.5,26.6,115,4.3
2008,9,282,32.3,25.9,110,4
2008,10,83,31.7,23.2,100,3.4
2008,11,0,30.2,18,57,2.6
2008,12,0,28.4,15,40,2.1
2009,1,0,29.6,14.7,38,1.4
2009,2,0,32,17.8,41,-1.8
2009,3,23,35,21.1,58,-2.1
2009,4,0,39.3,25.4,20,-2.9
2009,5,158,36.5,26.9,156,-1.3
2009,6,81,35.8,27.9,87,-2.9
2009,7,312,32.6,26,115,-2.9
2009,8,256,32.5,26.5,118,-3.1
2009,9,355,32.9,26.4,110,-1.9
2009,10,42,32,23.2,88,-2.6
2009,11,51,30.7,18.3,73,-1.6
2009,12,0,27.2,14.9,41,-1.6
2010,1,1,27.2,11.8,43,-1.8
2010,2,9,32,16.3,45,-2.1
2010,3,7,36.5,22.1,48,-2.8
2010,4,12,39.6,25.5,31,-3.4
2010,5,139,37,27,141,-2.2
2010,6,233,35,27.2,148,-2
2010,7,209,32.3,27.1,130,-2.7
2010,8,219,32.1,27.4,126,-3.6
2010,9,347,31.9,27,111,-2.6
2010,10,79,31.3,25.1,95,-2.6
2010,11,4,30.5,20,54,-2.6
2010,12,8,26.8,14.1,48,-2.2
2011,1,0,26.4,13.1,41,-2.4
2011,2,14,31.3,16.2,48,-2.4
2011,3,18,34.1,21.3,60,-2.8
2011,4,39,36.3,24.7,57,-2.4
2011,5,92,36,27,100,-2
2011,6,314,34.2,27,133,-0.9
2011,7,203,31.4,27.1,127,-1.3
2011,8,348,31.8,26.1,100,1.7
2011,9,310,31.8,26.2,94,2.1
2011,10,22,32,23.9,76,0.8
2011,11,0,29.6,18.1,50,-1.7
2011,12,0,28,13.8,41,-2.1
2012,1,34,24.7,12.8,50,-1.5
2012,2,5,28.8,16.2,40,-1.9
2012,3,0,35.2,20.6,36,-2.8
2012,4,82,35.8,23.9,97,-1.7
2012,5,43,37.7,26.8,53,-2.4
2012,6,162,35.6,27.7,154,-3
2012,7,254,31.6,26.3,120,-3.5
2012,8,217,32.2,26.1,117,-4.4
2012,9,269,31.9,25.5,102,-4.2
2012,10,75,31.1,21.9,98,-4.1
2012,11,26,29.8,16.2,62,-3.4
2012,12,9,27.6,13,48,-2.8
2013,1,6,26.8,12.1,43,-2.7
2013,2,9,29,15.8,46,-2.7
2013,3,4,34.4,20.2,51,-3
2013,4,34,36.6,24.1,56,-2.8
2013,5,104,35.2,25.8,113,-2.1
2013,6,263,35.1,26,134,-1.6
2013,7,244,32.4,26,123,-1.7
2013,8,373,31.7,25.4,115,1.5
2013,9,295,32.3,25.6,104,1.7
2013,10,142,30,23,89,2.5
2013,11,0,28.4,15.4,59,1.8
2013,12,0,25.4,13.2,43,1.6
2014,1,3,24.2,12.6,42,1.2
2014,2,32,27.5,15.6,56,1.4
2014,3,21,33.3,19.6,61,1.3
2014,4,21,38.6,24.7,51,0.9
2014,5,120,37.9,26.5,130,1.3
2014,6,191,35,26,151,0.7
2014,7,288,32.3,26.1,113,-0.3
2014,8,216,32,25.7,119,-1.3
2014,9,294,32.2,25.5,113,-0.8
2014,10,48,31.4,22.4,83,-1.4
2014,11,0,28.2,16.3,51,-1.8
2014,12,0,25.4,13.3,39,-2
2015,1,7,25.3,13.4,39,-2.1
2015,2,22,28.7,16.5,49,-1.9
2015,3,30,33.3,19.9,62,-1.7
2015,4,90,35.3,23.5,97,1.3
2015,5,59,37.5,26.3,76,0.7
2015,6,213,35.2,26.4,147,-0.2
2015,7,456,31.8,25.3,111,1.9
2015,8,299,32.2,25.9,122,2.5
2015,9,216,32.7,25.6,115,1.8
2015,10,55,31.5,22.9,85,1.1
2015,11,5,29.2,17.1,51,0.6
2015,12,1,26,13.3,36,-1.3
2016,1,5,24.4,13,38,-0.6
2016,2,34,29.8,18.5,53,0.3
2016,3,19,33.9,21.5,61,0.8
2016,4,18,37.5,24.7,47,-0.6
2016,5,132,36.5,25.6,134,0.7
2016,6,202,35.6,26.2,142,-0.7
2016,7,296,31.9,25.7,110,-0.7
2016,8,392,32.7,26,118,0.5
2016,9,219,32.5,25.7,101,1.3
2016,10,70,31.9,23.5,93,1
2016,11,32,28.3,16.8,65,0.6
2016,12,0,26.6,14.2,45,-0.2
2017,1,2,26.3,13.1,43,-0.9
2017,2,0,29.7,16.7,40,-1.5
2017,3,55,31.3,19.8,79,-1.8
2017,4,55,35.2,24.1,81,-1.9
2017,5,65,37.4,26.3,78,-2
2017,6,182,35.4,26.2,144,-1.9
2017,7,457,31.6,25.6,109,-1
2017,8,291,32.3,25.8,121,1.4
2017,9,228,32.5,25.6,109,1.4
2017,10,197,30.9,23.3,101,3.3
2017,11,23,29.4,17.7,64,2.8
2017,12,10,26.8,15.1,51,2.6
2018,1,0,25.2,12.6,43,2.1
2018,2,7,29.5,17.4,44,1.5
2018,3,7,33.9,21.1,55,1.3
2018,4,75,35.7,23.3,90,3.5
2018,5,135,35.7,25,136,4.2
2018,6,223,35.5,25.9,144,3.5
2018,7,352,32.3,25.7,117,3.2
2018,8,201,32.7,26,120,3.3
2018,9,208,33,25.4,114,2.8
2018,10,65,30.3,22,91,2.5
2018,11,3,28.5,16,51,2.3
2018,12,3,25.6,13,44,2.4
2019,1,3,26.1,12.9,42,-1.5
2019,2,70,29.9,17.1,77,1.4
2019,3,42,33.2,19.7,73,1.8
2019,4,56,36.6,23.8,83,2.3
2019,5,140,37.3,26.4,143,3.1
2019,6,122,36.4,27.8,125,1.6
2019,7,240,33.4,27.3,143,-2.1
2019,8,381,32.8,26.8,120,-2
2019,9,368,32.5,26,105,-0.7
2019,10,224,31.7,23.5,98,3
2019,11,52,29.8,18.3,74,3.7
2019,12,5,26.7,13.6,44,3.8
