Product: Historical Climate - TerraClimate(http://www.climatologylab.org/terraclimate.html) 
Location (Lat/Lon of 4-km Grid Cell Center): 22.6042 North,88.2708 East 
Data Source: NW Climate Toolbox(https://climatetoolbox.org/tool/point-data-download)
Download Date: 07/24/2020
Variable List: 
ppt: ppt (Precipitation)
tmax: tmax (Maximum Temperature)
tmin: tmin (Minimum Temperature)
aet: aet (Actual Evapotranspiration)
PDSI: pdsi (Palmer Drought Severity Index (PDSI))
********************************************************
Year,Month,ppt(mm),tmax(degC),tmin(degC),aet(mm),PDSI(unitless)
1958,1,8,28.8,13.8,43,0
1958,2,26,29.8,15.9,55,0.7
1958,3,7,34.8,19.3,52,-0.4
1958,4,43,37.7,25,60,-0.6
1958,5,70,36.9,27.2,78,-1.3
1958,6,102,36,27.4,104,-2.6
1958,7,267,32.2,26.3,113,-3.3
1958,8,275,32.1,25.9,117,-4.1
1958,9,217,32.7,25.7,99,-4
1958,10,95,32.3,24.5,95,-3.7
1958,11,12,29.4,18.4,54,-3.4
1958,12,0,27.7,14.4,39,-3.1
1959,1,31,27,13.1,49,-2
1959,2,10,29.2,14.6,47,-1.8
1959,3,17,33.4,19.1,64,-1.7
1959,4,53,36.8,24.8,73,-1.4
1959,5,136,36.4,26.4,137,-0.8
1959,6,268,33.4,26.2,145,-0.8
1959,7,245,31.5,26.2,110,-1.2
1959,8,393,31.8,25.8,109,1.2
1959,9,466,31.4,25.3,89,2.8
1959,10,339,30.4,23.9,92,5.6
1959,11,0,28.4,16.6,52,4.6
1959,12,0,26.5,13.1,37,4.1
1960,1,0,26.5,11.7,34,3.4
1960,2,0,32.1,16,38,2.5
1960,3,31,31.9,18.5,63,2.3
1960,4,1,38.5,25.1,22,1.1
1960,5,93,36.5,27,100,0.8
1960,6,104,34.4,26.8,106,-3
1960,7,508,30.9,25.7,114,-1.9
1960,8,308,32,26.3,113,-1.6
1960,9,312,31.7,26,91,-0.9
1960,10,91,31.8,23.5,101,-1.1
1960,11,8,28.3,16.2,52,-1.2
1960,12,0,27.6,12.8,33,-1.2
1961,1,22,27,13.1,42,-0.7
1961,2,30,27,14.2,54,1.2
1961,3,8,33.6,21.7,61,0.8
1961,4,15,37.7,25,36,-0.7
1961,5,107,36.1,26.4,113,0.1
1961,6,289,33.2,26,127,0.2
1961,7,134,31.5,25.8,118,-1.5
1961,8,360,32,26.1,105,-1.3
1961,9,219,31.8,25.6,92,-1.4
1961,10,106,31.6,23.3,101,-1.3
1961,11,0,28.1,16.2,51,-1.5
1961,12,0,25.4,10.6,37,-1.4
1962,1,12,26.1,10.4,39,-1.2
1962,2,9,30,15.3,41,-1.1
1962,3,3,34.5,18.4,49,-1.4
1962,4,51,36.5,24.3,70,-1.2
1962,5,94,35.6,25.7,101,-1.2
1962,6,228,33.3,26.1,109,-1.2
1962,7,231,32.6,26.4,119,-1.8
1962,8,252,31.9,25.8,118,-2.2
1962,9,220,32.6,25.9,105,-2.3
1962,10,145,31,23.1,108,-1.7
1962,11,0,29,16.3,50,-1.9
1962,12,0,27.1,12.8,37,-1.8
1963,1,1,26.7,11,35,-1.8
1963,2,0,32.1,15.9,39,-2.1
1963,3,15,33.9,18.9,53,-2.4
1963,4,69,36.1,23.1,84,-1.8
1963,5,104,34.7,24.9,110,-1.5
1963,6,334,33.4,26.1,137,-0.9
1963,7,283,31.7,26.3,111,-0.6
1963,8,198,32.4,26.2,121,-1.5
1963,9,334,32.9,25.9,111,-0.8
1963,10,164,31.7,23.6,104,1.1
1963,11,14,29.4,17.6,58,1
1963,12,0,27.4,13.8,41,0.9
1964,1,1,26.8,12.7,38,-0.2
1964,2,8,30.4,16.3,45,-0.5
1964,3,16,34.8,20.9,55,-0.9
1964,4,93,35.9,24.5,106,0.8
1964,5,92,35.6,25.7,98,-0.2
1964,6,147,34.4,26.8,141,-1.3
1964,7,444,30.9,25.5,128,-0.9
1964,8,240,32.1,26.1,122,-1.4
1964,9,170,32.5,26,107,-2
1964,10,163,31.2,24.5,98,-1.1
1964,11,31,28.8,18.2,66,-0.7
1964,12,0,27.4,13.7,41,0.1
1965,1,0,27.1,13.1,37,-0.2
1965,2,19,29.8,15.1,50,0.8
1965,3,34,32.6,17.7,68,1
1965,4,35,36,24,61,0.7
1965,5,53,36.5,26.7,65,-1.1
1965,6,317,34.3,26.6,142,-0.7
1965,7,261,31.4,25.6,118,-0.7
1965,8,439,31.4,25.4,118,1.5
1965,9,331,32.1,25.5,103,1.9
1965,10,107,31.6,23.3,104,1.6
1965,11,3,29.9,17.5,57,1
1965,12,2,26.1,14,45,0.8
1966,1,25,26.2,12.9,45,1.2
1966,2,1,31.7,16.6,39,0.6
1966,3,5,34,19.4,44,-1
1966,4,11,37.8,25,29,-1.8
1966,5,40,37.4,27,49,-2.9
1966,6,307,33.6,26.2,138,-2.3
1966,7,139,32.3,25.9,126,-3.1
1966,8,286,32.1,25.7,121,-3.6
1966,9,168,31.9,25.2,114,-4
1966,10,94,30.9,22.2,105,-3.9
1966,11,25,29.1,18.3,60,-3.4
1966,12,5,26,12.7,40,-2.9
1967,1,25,26.2,13.3,47,-2.1
1967,2,1,30.9,15.9,41,-2.2
1967,3,44,31.3,19.1,72,-1.3
1967,4,57,35.7,22.3,81,-0.8
1967,5,60,36.1,26.1,72,-1.5
1967,6,181,34.6,26.3,154,-2.2
1967,7,233,32,26,121,-3
1967,8,357,31.7,25.6,110,-3
1967,9,290,31.6,25.4,98,-2.4
1967,10,98,31.6,22.7,105,-2.5
1967,11,0,28.8,15.4,50,-2.6
1967,12,1,27.6,14.1,36,-2.5
1968,1,3,26.4,12.4,35,-2.4
1968,2,14,29.1,14.6,43,-2.3
1968,3,27,33.5,19.7,63,-2.1
1968,4,18,36,23.8,37,-2.6
1968,5,44,36.7,26.2,53,-3.5
1968,6,524,31.7,25.1,113,-0.9
1968,7,398,31.2,26,119,3.5
1968,8,430,31.9,25.7,120,4.4
1968,9,112,33.2,26.3,116,2.6
1968,10,107,31.1,23.1,106,2.2
1968,11,40,28.8,17.7,64,2.6
1968,12,0,27.5,13.6,42,2.5
1969,1,11,26.7,11.5,44,2.4
1969,2,1,30.5,16,43,1.8
1969,3,39,34.1,20.9,75,1.8
1969,4,81,36.8,24.4,97,2.1
1969,5,73,36.1,25.7,81,1.4
1969,6,162,34,26.6,134,-1.3
1969,7,235,31.5,26.1,115,-2.2
1969,8,459,31.1,25.2,120,-1.4
1969,9,389,32,25.8,103,1.5
1969,10,69,31.5,23.3,96,0.7
1969,11,24,29.6,17.9,55,0.7
1969,12,0,26.9,13.3,40,-0.2
1970,1,11,26.1,12.9,39,-0.5
1970,2,7,30,15.8,41,-0.8
1970,3,39,32.5,20.4,68,0.2
1970,4,17,36.8,25.1,37,-0.8
1970,5,56,36.8,26.8,65,-1.6
1970,6,377,33.3,26,135,-0.7
1970,7,325,31.8,25.8,125,1.5
1970,8,252,32,26,120,0.9
1970,9,470,31.5,25.8,105,2.5
1970,10,231,31,23.6,108,3.7
1970,11,21,28.6,17.2,64,3.4
1970,12,0,26.6,12.2,39,3
1971,1,33,25.8,13.1,51,3.5
1971,2,14,28.6,14.7,49,3.3
1971,3,0,33.1,18.2,53,2.4
1971,4,118,33.4,22.8,121,3.7
1971,5,104,34.3,24.8,112,3.5
1971,6,342,32.1,25.6,124,3.8
1971,7,446,30.6,25.4,118,5.1
1971,8,453,30.4,24.9,106,6.2
1971,9,226,32.2,25.6,110,5.2
1971,10,146,31,23.6,108,5.1
1971,11,34,27.9,16.5,65,5
1971,12,0,27.1,12.8,39,4.6
1972,1,1,26.9,12.2,36,4
1972,2,35,26.9,13.3,58,4.3
1972,3,1,33.2,19.8,57,3.6
1972,4,15,36.4,24,39,2.5
1972,5,28,37.4,27.2,40,0.7
1972,6,116,35,26.2,118,-3.6
1972,7,192,32.5,26,128,-4.6
1972,8,442,31.3,25.1,115,-4.6
1972,9,151,33.1,25.5,123,-5.1
1972,10,63,32,22.8,94,-5.3
1972,11,1,29.3,17.2,48,-5.2
1972,12,0,27.7,12.7,37,-5.1
1973,1,0,27.7,12.6,31,-5.1
1973,2,9,31.1,16.6,42,-5
1973,3,42,32.2,18.3,66,-4.5
1973,4,25,37.3,25.2,38,-4.8
1973,5,190,34.3,24.9,160,-2.8
1973,6,262,33.2,25.4,129,-2.5
1973,7,215,31.9,26.1,118,-2.8
1973,8,300,31.8,25.5,113,-2.4
1973,9,303,31.4,25.6,98,-1.8
1973,10,152,31,24,102,-1.1
1973,11,43,27.7,18.5,68,1.9
1973,12,22,25.4,13.7,50,2.7
1974,1,1,25.6,11.6,39,2.5
1974,2,0,29.5,14.1,46,2
1974,3,104,32.3,19.6,111,3.9
1974,4,28,35.1,24.4,72,3.4
1974,5,129,35,25.5,132,3.6
1974,6,136,33.9,25.8,130,2.3
1974,7,390,30.7,25.3,116,2
1974,8,306,31.9,25.8,112,2
1974,9,321,31.9,25.2,99,2.3
1974,10,197,32.1,24.5,104,3.1
1974,11,1,29.3,18.9,58,2.4
1974,12,0,25.5,11.9,39,2
1975,1,9,26.1,12.1,39,1.7
1975,2,15,29.5,15.5,47,1.4
1975,3,3,33.9,19.7,43,0.6
1975,4,10,37.1,24.5,28,-2
1975,5,88,36.1,25.7,94,-2.2
1975,6,183,33.7,26.1,148,-2.7
1975,7,423,30.7,25.3,123,-2.2
1975,8,259,31.8,25.6,120,-2.3
1975,9,206,31.6,25.4,116,-2.6
1975,10,174,31.8,24.6,105,-1.6
1975,11,34,28,17.4,69,-1
1975,12,0,26.1,11.7,41,-0.8
1976,1,0,26.8,12.3,35,-0.9
1976,2,36,29.8,16.5,59,1.4
1976,3,7,33.2,20.7,56,1.1
1976,4,52,36.7,24.1,73,0.9
1976,5,159,35.1,25.1,157,1.6
1976,6,157,33.8,25.6,137,-0.9
1976,7,357,32.1,25.7,126,-1.1
1976,8,312,31.4,25.1,118,-0.9
1976,9,227,32.3,25.2,104,-1
1976,10,34,32.5,23.5,75,-1.8
1976,11,11,30.5,19.7,55,-2.1
1976,12,0,27.1,12.6,34,-2.2
1977,1,5,26.3,11.9,33,-2.3
1977,2,31,29.6,14.9,52,-1.9
1977,3,1,34.4,21.4,33,-2.7
1977,4,73,34.8,23.9,86,-1.9
1977,5,155,33.6,24.1,151,-0.9
1977,6,432,32.6,25.5,141,2.4
1977,7,446,31.3,26,115,4
1977,8,242,32.2,26.1,116,3.1
1977,9,201,32.5,25.9,111,2.3
1977,10,66,31.2,23.1,97,1.4
1977,11,21,28.9,19.5,54,1.2
1977,12,17,25.9,13.1,43,1.5
1978,1,1,25.2,11.2,34,1.1
1978,2,12,28.7,15.3,44,0.8
1978,3,42,32.3,18.1,76,0.9
1978,4,52,35.8,23.3,69,0.8
1978,5,160,35,25.2,154,1.7
1978,6,241,32.9,25.7,133,1.3
1978,7,296,31.7,25.7,111,1
1978,8,335,32.3,26.3,118,1.3
1978,9,670,31.4,25.6,106,4.4
1978,10,129,31.8,24.4,113,4
1978,11,19,30.1,19.2,56,3.7
1978,12,1,27.1,13.7,41,3.4
1979,1,36,27.2,13.6,55,4
1979,2,12,28,15.1,51,3.7
1979,3,10,33.1,19.2,61,3.1
1979,4,32,36.6,24.4,53,2.5
1979,5,35,37.9,26.8,46,0.8
1979,6,202,34.8,27,153,-2.3
1979,7,311,32.6,26.5,142,-2.7
1979,8,332,32.1,26.1,126,-2.5
1979,9,211,32.7,26,121,-2.7
1979,10,81,32.4,23.9,104,-3
1979,11,4,30.9,20.6,52,-3.1
1979,12,18,26.4,14.9,50,-2.5
1980,1,14,26.3,13.4,42,-2.2
1980,2,56,28.9,16.3,66,-0.9
1980,3,72,32.3,20.5,92,2.4
1980,4,8,37.4,25.8,40,1.4
1980,5,105,35.3,25.2,116,1.2
1980,6,292,33.3,26.6,110,1.4
1980,7,327,31.6,26.4,113,1.8
1980,8,289,32.1,26.3,122,1.5
1980,9,164,32.6,26.5,114,-0.8
1980,10,115,31.3,23.6,108,-0.8
1980,11,1,29.4,17.6,61,-1.2
1980,12,0,27,14.6,44,-1.3
1981,1,21,25.4,13.4,44,-0.9
1981,2,48,28.6,16.3,62,1.1
1981,3,75,31.2,19.6,89,2.5
1981,4,152,33,22.9,137,4.8
1981,5,197,33.7,24.9,147,6.4
1981,6,145,33.7,26.5,139,5.1
1981,7,399,31.1,26.1,121,5.2
1981,8,302,32.4,26.3,123,4.7
1981,9,263,32,25.8,114,4.1
1981,10,6,32.7,23.4,80,2.3
1981,11,0,29.9,17.1,51,1.1
1981,12,27,25.4,13.6,48,1
1982,1,1,27.3,13.4,28,-2.5
1982,2,25,28.3,16.4,42,-2.4
1982,3,43,30.6,18.8,62,-2.1
1982,4,85,35.2,23.8,93,-1.3
1982,5,39,37.4,26.6,45,-2.5
1982,6,189,33.9,26.1,136,-2.9
1982,7,162,32.8,26.7,142,-4
1982,8,376,31.5,25.8,116,-4.6
1982,9,157,33,25.9,128,-5.1
1982,10,12,32.8,23.4,80,-5.9
1982,11,23,28.6,17.6,57,-5.6
1982,12,0,26.7,12.7,37,-5.6
1983,1,15,25.9,12.5,37,-5.3
1983,2,39,27.8,15.7,53,-4.3
1983,3,47,31.9,20.4,71,-3.7
1983,4,51,35.7,23.6,64,-3.4
1983,5,180,35.3,25.1,162,-1.8
1983,6,200,35.2,26.8,151,-2.2
1983,7,212,32.6,26.6,133,-3
1983,8,405,31.9,26.1,115,-2.6
1983,9,222,32.2,26.2,111,-2.7
1983,10,184,31.4,24,110,-1.6
1983,11,2,29.8,18.1,60,-1.9
1983,12,4,26.2,12.9,45,-1.7
1984,1,39,25.6,12.7,54,-0.7
1984,2,1,27.8,14.9,38,-1
1984,3,2,34.1,19.2,45,-1.6
1984,4,46,36.9,24.5,63,-1.6
1984,5,143,35.4,26.4,144,-0.9
1984,6,552,32.3,25.7,115,2.9
1984,7,308,31.5,25.9,131,3.2
1984,8,462,31.9,25.8,121,4.4
1984,9,163,32.2,25.3,126,3
1984,10,83,32.4,24.3,99,2.3
1984,11,3,29.6,16.6,62,1.6
1984,12,1,27.1,13.3,42,1
1985,1,14,26.5,13.9,39,0.8
1985,2,4,29.5,15.3,36,-2.1
1985,3,16,34.1,21.7,44,-2.6
1985,4,35,37.2,25.2,48,-2.8
1985,5,82,35.4,25.1,87,-2.9
1985,6,248,34.1,26.3,138,-2.9
1985,7,275,31,25.4,119,-3
1985,8,280,32.4,26,123,-2.9
1985,9,225,32.1,25.6,111,-3
1985,10,114,32.2,23.4,114,-2.8
1985,11,4,29.8,17.4,60,-2.9
1985,12,0,28.2,14.1,43,-2.8
1986,1,15,26.7,13.4,44,-2.4
1986,2,1,30.1,15.9,37,-2.7
1986,3,4,34.3,19.6,36,-3.3
1986,4,59,36,23.7,73,-2.8
1986,5,120,35.3,24.7,124,-2.3
1986,6,223,34.6,26.8,137,-2.5
1986,7,358,31.8,25.5,123,-2.2
1986,8,177,33,25.8,128,-3.1
1986,9,643,32.1,25.1,109,3
1986,10,156,31.3,22.8,108,3.2
1986,11,114,29,19.2,81,5.2
1986,12,1,27,14.9,49,5.1
1987,1,2,26.8,12.9,48,4.6
1987,2,3,30.6,16.5,45,4
1987,3,16,32.9,19.8,63,3.5
1987,4,85,36,24.3,104,3.9
1987,5,67,36.4,25.8,80,2.7
1987,6,215,35.2,27.1,165,1.8
1987,7,396,31.8,26,127,1.7
1987,8,528,32.4,25.9,126,3.6
1987,9,219,32.6,26,122,2.8
1987,10,68,33.1,24.1,101,1.8
1987,11,12,29.7,19.3,58,1.2
1987,12,4,27.6,14.8,44,0.8
1988,1,1,27.3,13.4,36,-2
1988,2,32,30.4,16.6,50,-1.6
1988,3,43,32.6,20.3,69,-1.4
1988,4,43,36.8,24.9,56,-1.4
1988,5,133,35.1,26.7,134,-0.8
1988,6,533,33,26.1,117,2.7
1988,7,259,31.8,26.4,120,2.7
1988,8,341,32.1,26.4,110,2.9
1988,9,187,33.2,26.3,112,2
1988,10,80,32.6,24.2,106,1.2
1988,11,86,29.9,18.9,89,2.6
1988,12,0,27.8,16,48,2.5
1989,1,1,25.7,11.7,42,2
1989,2,6,29.8,16.3,42,1.4
1989,3,2,33.3,19.6,40,0.6
1989,4,19,37.8,25.3,36,-1.8
1989,5,132,36.4,26.6,133,-1.2
1989,6,209,33.6,26,139,-1.6
1989,7,272,32,26.2,117,-2
1989,8,187,32.6,26.2,116,-3.1
1989,9,264,32.4,26.1,104,-2.7
1989,10,205,31.7,24.5,100,-1.2
1989,11,0,29.7,18.4,59,-1.6
1989,12,2,26.6,13.1,45,-1.5
1990,1,0,27.2,13.6,38,-1.8
1990,2,39,29.1,17.4,52,-1
1990,3,74,30.3,19.4,83,1.9
1990,4,41,34.5,24.4,74,1.9
1990,5,208,34.8,25.8,137,3.7
1990,6,259,33.8,26.7,123,3.6
1990,7,569,31.4,26,108,6.1
1990,8,185,32.5,26.4,121,4.4
1990,9,303,32.5,26.3,110,4.2
1990,10,131,30.8,23.4,108,4
1990,11,43,30,19.7,70,4.2
1990,12,3,27.2,14.3,49,4
1991,1,27,25.1,13.1,49,4.3
1991,2,19,30.9,17.6,51,4.1
1991,3,31,33.4,21.4,68,4.2
1991,4,30,35.8,24.6,61,3.6
1991,5,64,35.3,26.4,77,2.5
1991,6,333,33.1,25.9,132,2.7
1991,7,266,32.3,26.5,128,2.5
1991,8,321,32.2,26.1,115,2.5
1991,9,309,32.2,25.5,113,2.5
1991,10,163,31.4,23.7,102,2.9
1991,11,4,28.6,17.5,58,2.3
1991,12,15,25.9,13.1,47,2.4
1992,1,15,25,12.5,43,2.4
1992,2,47,27.3,15.4,60,3.1
1992,3,0,33.1,20.2,58,2.5
1992,4,5,37.7,24.7,28,1.3
1992,5,117,35.2,25.4,123,1.4
1992,6,288,34.3,26.2,143,1.3
1992,7,347,31.5,25.6,124,1.5
1992,8,227,32.1,25.8,121,0.7
1992,9,195,32.3,25.4,120,-1.5
1992,10,56,31.6,23.3,92,-2.1
1992,11,1,29.1,17.7,53,-2.5
1992,12,0,26.1,12.5,40,-2.8
1993,1,16,25.9,13,40,-2.6
1993,2,19,29.8,17,44,-2.5
1993,3,56,31.6,18.2,76,-1.9
1993,4,89,34.4,23,97,-0.8
1993,5,116,34.4,25,119,1.4
1993,6,313,33.3,26.2,129,1.6
1993,7,309,32.1,26,122,1.7
1993,8,334,31.5,25.7,112,1.9
1993,9,371,31.7,25.1,100,2.6
1993,10,132,31.7,23.4,102,2.6
1993,11,20,29.3,17.9,61,2.4
1993,12,0,27.1,13.7,47,2.2
1994,1,13,26.7,13,45,2
1994,2,33,27.4,15.9,54,2.3
1994,3,17,33,20.3,62,1.9
1994,4,61,35.7,23.7,80,2.1
1994,5,105,36.3,26.2,113,1.9
1994,6,248,33.2,26.3,125,1.6
1994,7,288,31.9,26,117,1.2
1994,8,320,32,26,119,1.3
1994,9,132,33,25.4,126,-1.3
1994,10,76,32.4,23.2,97,-1.6
1994,11,8,28.7,18.3,55,-1.8
1994,12,0,26.9,12.9,44,-1.9
1995,1,18,25.2,12.3,45,-1.7
1995,2,31,29.6,16.7,51,-1.2
1995,3,14,33.1,19.7,51,-1.5
1995,4,13,37.7,24.9,30,-2.1
1995,5,111,36.5,27,116,-1.8
1995,6,217,34.3,27.1,132,-2
1995,7,329,32,25.8,118,-2
1995,8,305,32.4,25.8,116,-1.6
1995,9,411,32,25.6,107,1.3
1995,10,99,32.3,23.8,99,1
1995,11,106,28.8,18.8,88,3
1995,12,0,26.6,13.2,51,3
1996,1,12,26.4,13.5,48,3.1
1996,2,11,29.9,15.6,51,2.9
1996,3,10,33.8,21.4,63,2.5
1996,4,55,36.6,24,79,2.5
1996,5,58,36.7,26.4,69,1.3
1996,6,307,33.8,25.4,131,1.5
1996,7,184,32.4,25.9,119,-1.2
1996,8,415,31.7,25.1,108,1.1
1996,9,189,32.1,26.4,115,-0.7
1996,10,192,32.1,22.8,115,1.2
1996,11,1,30.2,17.2,60,0.6
1996,12,0,27.2,12.4,47,-0.2
1997,1,30,26,12,50,0.8
1997,2,19,28.2,15.2,48,0.8
1997,3,46,32.9,20.5,72,1.2
1997,4,86,34,22.2,96,2.1
1997,5,105,36.1,25.7,116,1.9
1997,6,137,34.5,26.3,133,0.6
1997,7,424,32.1,25.7,112,0.7
1997,8,402,32.3,25.7,113,1.7
1997,9,327,32.1,25.3,112,2
1997,10,44,31.9,22.6,92,0.8
1997,11,9,29.8,19,53,-1.4
1997,12,8,25.1,13.9,41,-1.5
1998,1,42,24.4,12.6,53,-0.6
1998,2,48,29.4,16.9,59,1.5
1998,3,102,31.4,18.5,106,3.3
1998,4,51,35.4,24.1,79,3.5
1998,5,79,36.4,26.4,96,2.8
1998,6,128,35.7,27.1,126,1.4
1998,7,285,32.4,26,121,-2
1998,8,247,31.6,26.8,118,-3
1998,9,247,33.1,25.9,109,-2.9
1998,10,202,33.5,25.2,103,-1.4
1998,11,96,29.4,19.4,91,2.9
1998,12,0,27.4,13.6,56,3
1999,1,0,27.1,12.4,47,2.6
1999,2,0,31.4,16.8,47,2
1999,3,2,34.7,20.5,48,1.1
1999,4,6,37.8,25.9,26,-1.9
1999,5,153,35.3,25.7,148,-0.8
1999,6,222,34.1,26.3,131,-1.1
1999,7,342,32,25.4,114,-0.9
1999,8,415,31.4,26.2,119,1.6
1999,9,475,32,25.1,111,3
1999,10,205,32,24,106,3.9
1999,11,15,30,17.6,65,3.4
1999,12,0,27.9,14.4,47,2.9
2000,1,11,26.1,12.5,43,2.6
2000,2,29,27.4,16,48,2.7
2000,3,10,31.9,19.8,54,2.1
2000,4,76,35.6,23.9,92,2.4
2000,5,176,34.8,25.1,157,3.4
2000,6,200,33.9,25.7,136,2.6
2000,7,302,32.3,25.9,118,2
2000,8,262,32.7,25.7,124,1.4
2000,9,287,32.1,25.2,108,1.5
2000,10,122,31.9,23.9,106,1.4
2000,11,8,29.9,18.5,59,1
2000,12,0,27.1,12.9,48,0.8
2001,1,0,27.7,12,42,-1.2
2001,2,4,31.2,16.2,38,-1.6
2001,3,49,33.2,19.9,73,-1.2
2001,4,28,36.2,24.7,44,-1.6
2001,5,174,35,26.3,156,1.2
2001,6,372,32.7,25.9,108,2.2
2001,7,179,31.8,25.7,116,1.6
2001,8,250,32,26.9,120,1
2001,9,127,32.9,26.6,118,-1.8
2001,10,174,32.2,24.9,103,-0.8
2001,11,21,31.1,19.1,59,-0.7
2001,12,0,27.7,13.5,49,0.1
2002,1,26,26.6,13.7,50,1.2
2002,2,0,30.7,16.2,43,0.7
2002,3,10,33.9,20.6,52,-0.5
2002,4,77,35.9,24,92,0.7
2002,5,84,35.5,26.6,91,-0.3
2002,6,311,33.9,26.7,129,0.6
2002,7,388,31,26.8,122,1.5
2002,8,418,31.8,26,111,2.5
2002,9,275,31.9,26.1,107,2.4
2002,10,62,32.4,23.5,91,1.5
2002,11,99,30.3,18.2,90,3.1
2002,12,0,27.8,14.3,48,3
2003,1,0,26.6,10.7,41,2.6
2003,2,2,29.8,16.7,35,2
2003,3,36,32,19.8,67,2.2
2003,4,41,36.9,24.9,65,1.9
2003,5,130,35.8,26.6,135,2
2003,6,298,33.4,27.4,130,2.1
2003,7,295,31.9,26.8,112,2
2003,8,174,33,26.6,118,0.7
2003,9,167,32.4,26.8,110,-1.8
2003,10,306,32.5,24.2,101,2.5
2003,11,39,30.1,18.5,71,2.8
2003,12,11,25.7,13.7,50,3
2004,1,0,25.8,12.7,41,2.6
2004,2,0,30.3,15.5,42,1.9
2004,3,25,35.3,20.4,65,1.5
2004,4,82,35.8,24.7,97,2
2004,5,33,36.7,27.4,42,-1.4
2004,6,254,33.3,27.3,133,-1.3
2004,7,174,31.1,27,117,-2.2
2004,8,356,32.3,26.1,108,-2
2004,9,317,33.1,25.5,108,-1.4
2004,10,299,31.1,23.5,112,2.7
2004,11,0,28.8,18.6,58,2
2004,12,1,28.5,14.2,45,1.6
2005,1,22,25.7,14.3,47,1.7
2005,2,0,30.3,17.9,41,1
2005,3,72,33.7,21.1,91,1.7
2005,4,95,36.5,24.5,108,2.4
2005,5,87,35.7,26.3,97,1.7
2005,6,214,35.1,27.8,155,0.9
2005,7,279,31.3,26.6,127,-1.6
2005,8,277,32.2,26.9,124,-2
2005,9,244,32.9,25.6,121,-2.1
2005,10,158,30.6,24.4,97,-1.2
2005,11,0,29.8,17.1,61,-1.6
2005,12,0,27.7,13.5,46,-1.7
2006,1,0,28.8,12.2,40,-2
2006,2,0,33.7,17.6,37,-2.6
2006,3,3,33.8,21,28,-3.3
2006,4,41,35.4,25.1,52,-3.2
2006,5,107,35.6,26.8,111,-2.9
2006,6,122,33.7,26.8,119,-3.8
2006,7,476,32.2,25.9,111,-2.8
2006,8,344,32,26,126,-2.2
2006,9,476,32.8,26.3,115,2.4
2006,10,120,32,25,114,2.1
2006,11,14,28.7,20.2,59,1.8
2006,12,0,28.6,14.5,49,1.6
2007,1,0,27.9,12.2,40,1
2007,2,34,28.7,16.7,52,1.4
2007,3,19,33.2,19.1,58,1.1
2007,4,39,37,24.6,58,0.8
2007,5,137,36.1,26.3,135,1.3
2007,6,231,34.5,26.4,141,0.9
2007,7,568,31.4,26.5,117,2.7
2007,8,459,32.4,26.8,118,3.9
2007,9,408,32,26.8,105,4.7
2007,10,84,32.4,24.6,98,3.8
2007,11,9,30.1,18.6,59,3.1
2007,12,0,27.6,13.5,45,2.5
2008,1,31,26,14.5,51,2.7
2008,2,10,28.5,14.6,42,2.1
2008,3,3,33.7,20.9,38,1.2
2008,4,68,36.3,25.3,81,1.5
2008,5,95,35.2,27.4,101,1.2
2008,6,506,31.8,26.8,118,3.1
2008,7,269,31,26.2,112,3.2
2008,8,300,31.7,26.6,116,3
2008,9,256,32.6,26.1,108,2.6
2008,10,116,32.2,23.7,112,2.3
2008,11,0,30.3,18.4,59,1.6
2008,12,0,28.3,14.6,42,1.2
2009,1,0,29.2,14,36,0.6
2009,2,1,31.9,17.2,39,-1.6
2009,3,28,34.2,20.8,56,-1.7
2009,4,3,38.6,25.6,18,-2.6
2009,5,187,35.5,26.7,168,-1
2009,6,93,34.9,27.9,101,-2.4
2009,7,327,32.7,26.2,116,-2.7
2009,8,291,32.4,26.4,116,-2.9
2009,9,379,33.2,26.5,109,-1.7
2009,10,46,32.6,23.7,90,-2.5
2009,11,68,30.9,18.8,80,-1.3
2009,12,0,27.2,14.6,43,-1.3
2010,1,0,26.8,11.1,40,-1.6
2010,2,10,31.9,15.6,41,-1.8
2010,3,11,35.7,21.8,41,-2.5
2010,4,21,38.5,25.6,36,-3
2010,5,134,35.9,27,135,-2.3
2010,6,267,34.2,27.2,140,-2.2
2010,7,221,32.2,27.1,129,-2.7
2010,8,251,32.2,27.4,125,-3.2
2010,9,352,32.1,27,109,-2.2
2010,10,94,31.9,25.6,102,-2.3
2010,11,1,30.7,20.5,55,-2.5
2010,12,9,26.8,13.8,48,-2.2
2011,1,0,26,12.4,37,-2.4
2011,2,10,31.1,15.5,42,-2.5
2011,3,21,33.1,20.8,51,-2.7
2011,4,44,35.4,24.8,58,-2.4
2011,5,88,35,27,94,-2.4
2011,6,343,33.4,27.2,125,-1.5
2011,7,203,31.4,27.2,126,-1.8
2011,8,426,31.9,26.1,100,1.5
2011,9,300,32.2,26.3,96,1.7
2011,10,22,32.6,24.3,76,-1.1
2011,11,0,29.8,18.6,50,-1.8
2011,12,0,28.1,13.5,38,-2.3
2012,1,34,24.4,12.1,47,-1.7
2012,2,6,28.4,15.4,36,-2.1
2012,3,1,34.4,20.3,25,-3
2012,4,99,35,24.1,107,-1.7
2012,5,60,36.6,26.7,66,-2.4
2012,6,168,34.5,27.5,150,-3.1
2012,7,243,31.6,26.6,122,-3.8
2012,8,246,32.4,26.1,118,-5
2012,9,290,32.3,25.7,105,-4.2
2012,10,107,31.7,22.5,110,-4
2012,11,24,30.1,16.8,63,-3.4
2012,12,14,27.5,12.7,51,-2.6
2013,1,7,26.4,11.4,42,-2.3
2013,2,9,28.8,15.2,44,-2.3
2013,3,3,33.5,19.8,44,-2.6
2013,4,33,35.7,24.2,50,-2.6
2013,5,125,34.1,25.7,126,-1.9
2013,6,292,34.4,26.3,129,-1.5
2013,7,260,32.4,26.2,124,-1.7
2013,8,488,32,25.6,115,2
2013,9,292,32.7,25.9,106,2
2013,10,172,30.6,23.6,90,2.7
2013,11,0,28.8,16.2,60,2
2013,12,0,25.6,13.2,42,1.6
2014,1,0,23.9,12,36,1
2014,2,27,27.2,14.8,49,1.1
2014,3,12,32.3,19.1,50,0.6
2014,4,9,37.8,24.9,26,-1.7
2014,5,96,36.8,26.5,102,-1.8
2014,6,230,34.1,26.1,143,-2
2014,7,309,32.3,26.3,116,-2.1
2014,8,257,32.3,25.9,119,-2.2
2014,9,277,32.5,25.8,116,-2
2014,10,50,32,23,86,-2.6
2014,11,0,28.6,17.2,51,-2.9
2014,12,0,25.5,13.2,38,-3.1
2015,1,5,24.9,12.7,34,-3.2
2015,2,23,28.7,16.1,45,-2.9
2015,3,32,32.3,19.4,59,-2.7
2015,4,98,34.5,23.6,100,-1.2
2015,5,70,36.3,26.2,79,-1.8
2015,6,257,34,26.2,136,-1.7
2015,7,543,31.8,25.5,110,2.2
2015,8,359,32.4,26,121,2.5
2015,9,243,33,25.8,115,2
2015,10,69,32.2,23.6,91,1.3
2015,11,2,29.6,18,51,0.7
2015,12,1,26.3,13.3,37,-1.2
2016,1,6,24,12.6,35,-0.7
2016,2,28,29.7,18.1,46,0.2
2016,3,21,32.9,21.1,57,0.8
2016,4,19,36.6,24.9,39,-0.6
2016,5,135,35.4,25.5,134,0.8
2016,6,183,34.8,26.3,138,-0.9
2016,7,335,31.9,25.8,110,-1.3
2016,8,448,32.9,26,119,0.7
2016,9,216,32.8,25.8,106,1
2016,10,96,32.4,24,103,0.8
2016,11,41,28.6,17.5,68,0.8
2016,12,0,26.7,14,46,0.7
2017,1,0,26.1,12.6,41,-0.3
2017,2,0,29.6,16.2,38,-0.8
2017,3,65,30.3,19.3,82,-0.9
2017,4,78,34.4,24.2,96,-0.7
2017,5,79,36.4,26.2,90,-0.6
2017,6,220,34.3,26.1,138,-0.8
2017,7,494,31.7,25.8,110,0.6
2017,8,368,32.5,25.8,119,0.9
2017,9,234,32.8,25.9,109,0.9
2017,10,248,31.5,23.9,103,3
2017,11,24,29.7,18.4,66,2.6
2017,12,13,26.8,15,50,2.6
2018,1,1,24.7,11.9,41,2.2
2018,2,10,29.2,16.6,41,1.6
2018,3,9,32.9,20.7,51,1.7
2018,4,98,34.8,23.3,103,3.9
2018,5,124,34.6,24.9,125,5.6
2018,6,252,34.6,26,138,5.1
2018,7,317,32.4,25.9,116,5.2
2018,8,203,32.9,26,123,4.4
2018,9,153,33.3,25.6,117,3.6
2018,10,65,31,22.6,92,2.9
2018,11,3,28.9,16.7,51,2.7
2018,12,5,25.8,13,43,2.6
2019,1,2,26,12.5,37,-2.6
2019,2,57,29.7,16.4,66,-1.4
2019,3,56,32.1,19.2,75,1.6
2019,4,39,36.1,24.3,63,1.5
2019,5,76,36.5,26.6,86,0.7
2019,6,171,35.3,27.7,151,-1.4
2019,7,216,33.3,27.4,138,-2.4
2019,8,526,33,26.9,121,-1.5
2019,9,338,32.8,26.2,105,-0.8
2019,10,194,32.3,24.1,101,2.1
2019,11,96,29.9,18.8,88,3.7
2019,12,7,26.4,13.1,46,3.9
